2 -0.8776042713668416 
3 0.8677613413396247 
4 -0.8629847717214799 
5 0.8607511384761994 
6 -0.8596209546104459 
7 0.8590223917498973 
8 -0.8586943311979701 
9 0.8585094999622973 
10 -0.858403170349501 
11 0.8583409854099228 
12 -0.8583041309926681 
13 0.8582820471521851 
14 -0.8582686909543411 
15 0.85826054928458 
16 -0.8582555525622204 
17 0.8582524674446412 
18 -0.8582505524888564 
19 0.8582493582910463 
20 -0.8582486104564512 
21 0.8582481401807329 
22 -0.8582478435674588 
23 0.8582476560084891 
24 -0.8582475370059683 
25 0.8582474613133576 
26 -0.8582474130515781 
27 0.8582473822280422 
28 -0.8582473624224686 
29 0.8582473497619985 
30 -0.858247341624484 
31 0.8582473363909193 
32 -0.8582473330210189 
33 0.8582473308482963 
34 -0.8582473294449897 
35 0.858247328537414 
36 -0.8582473279497718 
37 0.8582473275690116 
38 -0.8582473273218022 
39 0.8582473271616823 
40 -0.8582473270574716 
41 0.8582473269894768 
42 -0.8582473269452199 
43 0.8582473269164519 
44 -0.8582473268987 
45 0.8582473268869376 
46 -0.8582473268424595 
47 0.8582473269516709 
48 -0.8582473269064689 
49 0.8582473269031496 
50 -0.8582473269037263 
51 0.8582473268996232 
52 -0.8582473268926522 
53 0.8582473268854377 
54 -0.8582473268791647 
55 0.8582473268742985 
56 -0.8582473268705705 
57 0.8582473268678894 
58 -0.8582473268659736 
59 0.8582473268645838 
60 -0.8582473268630683 
61 0.8582473268599214 
62 -0.85824732687482 
63 0.8582473268585394 
64 -0.8582473269295886 
65 0.8582473267850688 
66 -0.8582473267558172 
67 0.858247326778179 
68 -0.858247326804516 
69 0.858247326825423 
70 -0.8582473268388687 
71 0.8582473268478579 
72 -0.858247326852325 
73 0.8582473268558507 
74 -0.8582473268582305 
75 0.8582473268597363 
76 -0.8582473268609981 
77 0.8582473268611539 
78 -0.8582473268613199 
79 0.8582473268614983 
80 -0.8582473268617133 
81 0.8582473268619126 
82 -0.8582473268620722 
83 0.8582473268621758 
84 -0.8582473268622323 
85 0.8582473268621833 
86 -0.85824732686201 
87 0.8582473268618778 
88 -0.85824732686249 
89 0.8582473268814331 
90 -0.8582473268466081 
91 0.8582473268694494 
92 -0.8582473268510494 
93 0.8582473268401015 
94 -0.8582473251074099 
95 0.858247325526432 
96 -0.858247326916463 
97 0.858247326161326 
98 -0.8582473254038175 
99 0.8582473253864659 
100 -0.8582473256450132 
101 0.8582473259429808 
102 -0.8582473262008156 
103 0.8582473263998381 
104 -0.8582473265450601 
105 0.858247326647455 
106 -0.8582473267181332 
107 0.8582473267661338 
108 -0.8582473267983493 
109 0.8582473268195462 
110 -0.8582473268325604 
111 0.85824732684123 
112 -0.8582473268306736 
113 0.8582473267926417 
114 -0.8582473268836172 
115 0.8582473265897954 
116 -0.8582473265555041 
117 0.8582473266373141 
118 -0.8582473266934266 
119 0.8582473267593261 
120 -0.8582473268066968 
121 0.858247326834748 
122 -0.8582473268479262 
123 0.8582473268549865 
124 -0.8582473268588203 
125 0.8582473268608083 
126 -0.8582473268617921 
127 0.8582473268625541 
128 -0.8582473268619452 
129 0.8582473268622763 
130 -0.8582473268626194 
131 0.8582473268629071 
132 -0.8582473268628645 
133 0.8582473268612922 
134 -0.8582473268675637 
135 0.8582473268648461 
136 -0.8582473268630987 
137 0.8582473268623015 
138 -0.8582473268621484 
139 0.8582473268619297 
140 -0.8582473268619477 
141 0.8582473268620824 
142 -0.8582473268622108 
143 0.8582473268624486 
144 -0.8582473268626972 
145 0.8582473268627838 
146 -0.8582473268661123 
147 0.8582473268329667 
148 -0.8582473268502991 
149 0.858247326867102 
150 -0.8582473268333897 
151 0.8582473268210835 
152 -0.8582473268244998 
153 0.8582473268387354 
154 -0.8582473268572732 
155 0.8582473268920738 
156 -0.8582473269112649 
157 0.8582473269817772 
158 -0.858247327025078 
159 0.8582473270820374 
160 -0.8582473271774954 
161 0.8582473273329616 
162 -0.8582473275782806 
163 0.8582473279598783 
164 -0.8582473285503631 
165 0.8582473294626963 
166 -0.8582473308737758 
167 0.8582473330563597 
168 -0.8582473364380292 
169 0.8582473416837377 
170 -0.8582473498327684 
171 0.8582473625124506 
172 -0.8582473822768671 
173 0.8582474131359843 
174 -0.858247461430082 
175 0.8582475371615084 
176 -0.8582476562003799 
177 0.8582478438038551 
178 -0.8582481403068164 
179 0.8582486103828522 
180 -0.8582493581943073 
181 0.858250552339352 
182 -0.8582524672336794 
183 0.8582555523318036 
184 -0.8582605490334398 
185 0.8582686903246525 
186 -0.8582820461513756 
187 0.8583041301358711 
188 -0.8583409852163721 
189 0.8584031703701651 
190 -0.8585095002914697 
191 0.8586943332360697 
192 -0.8590223858594456 
193 0.859620955520852 
194 -0.8607511427794385 
195 0.8629847756866336 
196 -0.867761344069184 
197 0.8776042725985417 
