2 3 0.0013587917689759537 
3 4 0.0016041662280590484 
4 5 0.0016625471668034963 
5 6 0.001576784728740936 
6 7 0.0015410111476284428 
7 8 0.0015487012921528967 
8 9 0.0015570681114157284 
9 10 0.0015550299517290353 
10 11 0.0015517648954983675 
11 12 0.0015519570839348461 
12 13 0.0015531160008676573 
13 14 0.0015530980305482208 
14 15 0.0015525637793970275 
15 16 0.0015524932720889484 
16 17 0.001552722413910064 
17 18 0.001552774463265002 
18 19 0.0015526616132998244 
19 20 0.0015526188180338349 
20 21 0.0015526705017279404 
21 22 0.0015526979659905731 
22 23 0.001552672413182604 
23 24 0.0015526536767014475 
24 25 0.001552665014797342 
25 26 0.0015526764659440227 
26 27 0.0015526716181378335 
27 28 0.0015526645588376973 
28 29 0.0015526659890454746 
29 30 0.00155267044633698 
30 31 0.0015526700542282683 
31 32 0.0015526675083750506 
32 33 0.001552667283615006 
33 34 0.0015526685380193844 
34 35 0.0015526688600070843 
35 36 0.0015526681978009793 
36 37 0.001552667741063685 
37 38 0.0015526681395230208 
38 39 0.001552668383977975 
39 40 0.0015526682355813904 
40 41 0.001552668112155503 
41 42 0.00155266817209819 
42 43 0.0015526682376868159 
43 44 0.0015526682167725729 
44 45 0.0015526681822155648 
45 46 0.0015526681731182796 
46 47 0.0015526682041166438 
47 48 0.0015526682135574533 
48 49 0.0015526682704188203 
49 50 0.0015526681528344314 
50 51 0.0015526681436274499 
51 52 0.0015526682994974881 
52 53 0.0015526683085682726 
53 54 0.0015526675246370155 
54 55 0.0015526677146053805 
55 56 0.0015526690551421313 
56 57 0.001552668693791055 
57 58 0.001552668117490479 
58 59 0.0015526681073346682 
59 60 0.001552668210818691 
60 61 0.0015526682091904713 
61 62 0.001552668197012666 
62 63 0.001552668198493029 
63 64 0.0015526681936429128 
64 65 0.0015526681902129275 
65 66 0.0015526681974829299 
66 67 0.0015526682023138277 
67 68 0.0015526682018266317 
68 69 0.0015526681730671627 
69 70 0.0015526682476937697 
70 71 0.0015526682527182778 
71 72 0.001552668264076107 
72 73 0.001552668228340793 
73 74 0.0015526681517845056 
74 75 0.0015526681273658406 
75 76 0.0015526682310267436 
76 77 0.0015526683242097306 
77 78 0.0015526681793963993 
78 79 0.0015526679916334728 
79 80 0.001552668190709293 
80 81 0.0015526685367262976 
81 82 0.0015526682901790747 
82 83 0.0015526676811064958 
83 84 0.0015526679571964937 
84 85 0.001552669014475765 
85 86 0.001552668815692396 
86 87 0.0015526670534075169 
87 88 0.001552667022434135 
88 89 0.001552669962250417 
89 90 0.0015526706781069746 
90 91 0.0015526659743074717 
91 92 0.0015526638621553047 
92 93 0.0015526715150766667 
93 94 0.0015526769302504875 
94 95 0.0015526651205787132 
95 96 0.001552653495822838 
96 97 0.0015526723748033725 
97 98 0.001552698053579303 
98 99 0.0015526705401837063 
99 100 0.0015526188018316876 
100 101 0.0015526616049353886 
101 102 0.0015527744580368422 
102 103 0.0015527224147083658 
103 104 0.0015524932902356487 
104 105 0.001552563792588349 
105 106 0.001553098024697633 
106 107 0.0015531159941762683 
107 108 0.001551957083879525 
108 109 0.0015517648699655776 
109 110 0.0015550299006360918 
110 111 0.0015570681274211335 
111 112 0.0015487014755881459 
112 113 0.001541011116679043 
113 114 0.001576784735736792 
114 115 0.0016625473905131098 
115 116 0.0016041665931526513 
116 117 0.0013587918018479754 
117 118 0.0014574187635009533 
