2 -0.08412093570497525 
3 -0.21622043389885337 
4 -0.2754103366072106 
5 -0.25193526527708887 
6 -0.19824351107535956 
7 -0.15909061961499152 
8 -0.15775853174452248 
9 -0.19001905449585085 
10 -0.22556602798483733 
11 -0.23484537746049589 
12 -0.21458052101766334 
13 -0.18517414020928818 
14 -0.17096336974315574 
15 -0.18198465273839912 
16 -0.2069899996518813 
17 -0.2238888464823952 
18 -0.21945258666843115 
19 -0.19931848954787396 
20 -0.18127531719105766 
21 -0.18012250962871984 
22 -0.19581758749673747 
23 -0.21409254137005823 
24 -0.2194050824144792 
25 -0.20815871934927474 
26 -0.19071378875239292 
27 -0.18201012231897762 
28 -0.18902554946650094 
29 -0.205110114598629 
30 -0.21618444745144227 
31 -0.2131225725785461 
32 -0.19912598919692773 
33 -0.18644023066038312 
34 -0.18581433749927084 
35 -0.1974038968546345 
36 -0.21089745373937901 
37 -0.21473229715106634 
38 -0.20596257437529558 
39 -0.19240046284198659 
40 -0.18574642116186726 
41 -0.191557997282147 
42 -0.20455743255359266 
43 -0.21342860132177188 
44 -0.21068217411794296 
45 -0.1988969799057857 
46 -0.1883236283800901 
47 -0.18804638705082255 
48 -0.19815676582465605 
49 -0.20978554040316563 
50 -0.21291539353296152 
51 -0.2049673421540169 
52 -0.19288214157077288 
53 -0.18711994990927677 
54 -0.19262428408330645 
55 -0.20454851853887182 
56 -0.21254673034232752 
57 -0.20974720458238183 
58 -0.1985987855462269 
59 -0.18875153115473878 
60 -0.18875153156672508 
61 -0.19859878618746246 
62 -0.20974720487742526 
63 -0.21254673038957755 
64 -0.20454851817460007 
65 -0.19262428352556676 
66 -0.1871199500995842 
67 -0.19288214237613957 
68 -0.2049673427524128 
69 -0.21291539394642234 
70 -0.2097855404706055 
71 -0.19815676533780005 
72 -0.18804638697005369 
73 -0.18832362917169937 
74 -0.19889698073038786 
75 -0.2106821748178962 
76 -0.21342860193376967 
77 -0.20455743236391646 
78 -0.19155799695828427 
79 -0.18574642192420038 
80 -0.19240046393795382 
81 -0.2059625752412637 
82 -0.21473229835333735 
83 -0.21089745420211725 
84 -0.19740389635627784 
85 -0.18581433811315773 
86 -0.1864402321335823 
87 -0.1991259901125459 
88 -0.21312257417977226 
89 -0.2161844489514378 
90 -0.2051101139175592 
91 -0.18902554926570797 
92 -0.18201012419406698 
93 -0.19071378967304545 
94 -0.20815872063808094 
95 -0.21940508479732973 
96 -0.2140925399210274 
97 -0.19581758348732398 
98 -0.18012250940958296 
99 -0.18127531720447537 
100 -0.199318488580827 
101 -0.21945258650870483 
102 -0.2238888423021183 
103 -0.20698999855797667 
104 -0.1819846520016251 
105 -0.17096337645316553 
106 -0.18517413849292777 
107 -0.21458052129093544 
108 -0.23484537696422492 
109 -0.22556602734195416 
110 -0.19001905408246728 
111 -0.1577585319057055 
112 -0.15909061954949924 
113 -0.19824351093903758 
114 -0.2519352652364516 
115 -0.2754103363215356 
116 -0.216220433164422 
117 -0.08412093526112302 
