2 -0.25561683361920795 
3 -0.25781074446037083 
4 -0.25872838297877054 
5 -0.25871497836444735 
6 -0.2586845938919483 
7 -0.2586758808580768 
8 -0.25867476640768977 
9 -0.2586749818019425 
10 -0.25867510606323185 
11 -0.25867512845253793 
12 -0.25867512759123035 
13 -0.2586751255720863 
14 -0.2586751259514676 
15 -0.25867512559271916 
16 -0.25867512552645 
17 -0.25867512549335103 
18 -0.25867512548466054 
19 -0.2586751254817862 
20 -0.2586751254810172 
21 -0.2586751254809465 
22 -0.2586751254809595 
23 -0.2586751254809924 
24 -0.2586751254809636 
25 -0.25867512548094196 
26 -0.25867512548095417 
27 -0.25867512548097155 
28 -0.2586751254809601 
29 -0.2586751254809545 
30 -0.25867512548100713 
31 -0.2586751254810394 
32 -0.25867512548098726 
33 -0.2586751254810069 
34 -0.2586751254809807 
35 -0.2586751254809503 
36 -0.25867512548096633 
37 -0.25867512548095833 
38 -0.25867512548101146 
39 -0.2586751254809107 
40 -0.25867512548102084 
41 -0.25867512548090366 
42 -0.25867512548461463 
43 -0.258675125479571 
44 -0.2586751254810362 
45 -0.2586751254781261 
46 -0.2586751254797602 
47 -0.2586751254844102 
48 -0.25867512547553784 
49 -0.2586751254774197 
50 -0.25867512548046895 
51 -0.25867512548099086 
52 -0.25867512548139904 
53 -0.2586751254784567 
54 -0.25867512548509064 
55 -0.25867512548450444 
56 -0.2586751254848956 
57 -0.25867512548361904 
58 -0.2586751254813729 
59 -0.2586751254809651 
60 -0.25867512548110083 
61 -0.25867512548167615 
62 -0.258675125481742 
63 -0.258675125480826 
64 -0.25867512548112237 
65 -0.2586751254809947 
66 -0.2586751254809331 
67 -0.25867512548088173 
68 -0.2586751254809781 
69 -0.25867512548100646 
70 -0.25867512548099186 
71 -0.2586751254809964 
72 -0.25867512548097665 
73 -0.2586751254809358 
74 -0.2586751254809391 
75 -0.2586751254809571 
76 -0.2586751254809515 
77 -0.2586751254809737 
78 -0.2586751254810036 
79 -0.2586751254809456 
80 -0.2586751254809669 
81 -0.258675125480922 
82 -0.25867512548100025 
83 -0.2586751254809188 
84 -0.2586751254811241 
85 -0.2586751254810825 
86 -0.2586751254810138 
87 -0.2586751254809917 
88 -0.258675125480939 
89 -0.25867512548094973 
90 -0.25867512548092725 
91 -0.258675125480912 
92 -0.25867512548095145 
93 -0.2586751254810651 
94 -0.2586751254809417 
95 -0.25867512548080124 
96 -0.25867512548087596 
97 -0.25867512548095 
98 -0.25867512548133065 
99 -0.25867512548114957 
100 -0.2586751254811642 
101 -0.25867512548130367 
102 -0.25867512548105737 
103 -0.2586751254754509 
104 -0.25867512545463534 
105 -0.2586751254594565 
106 -0.25867512583513874 
107 -0.258675127437978 
108 -0.25867512842687257 
109 -0.2586751060390999 
110 -0.25867498165351716 
111 -0.2586747657311768 
112 -0.2586758781364731 
113 -0.25868459410098177 
114 -0.25871498222771916 
115 -0.2587283840803462 
116 -0.2578107444804106 
117 -0.25561683355924647 
