2 0.0039656656860323275 
3 -0.0010134553678816732 
4 0.00024803091526675637 
5 -2.36719286499905e-05 
6 -1.6278596746901834e-05 
7 5.859571697614956e-06 
8 -4.49480112203474e-07 
9 -3.0968605735224766e-07 
10 1.186112133872419e-07 
11 -6.801010746010614e-09 
12 -8.264090427689325e-09 
13 2.735168215809918e-09 
14 1.0983810754508693e-10 
15 -4.44359381719771e-10 
16 1.37470675311735e-10 
17 2.739969165499215e-13 
18 4.640251380714871e-10 
19 1.327347188824804e-10 
20 -1.131136810124336e-10 
21 1.1481137594255118e-10 
22 -3.027793971222836e-11 
23 1.1886673450932479e-11 
24 -8.283321262351459e-11 
25 -1.6610419098052805e-11 
26 -8.301553888756533e-12 
27 1.5483770812418443e-11 
28 -2.8554242303968627e-12 
29 2.4038172649686286e-12 
30 -2.5105666978497483e-11 
31 -1.633165249834582e-11 
32 -6.181387343059734e-12 
33 1.0220837089007466e-11 
34 2.973021227689318e-12 
35 6.098039689308651e-13 
36 1.3684809059991504e-12 
37 5.203731725850116e-12 
38 1.7571059732233508e-11 
39 1.0934958880085806e-11 
40 -3.5491858256761177e-12 
41 7.092709443003975e-12 
42 -2.8218248934726607e-11 
43 -8.15598380752847e-13 
44 3.743199629081063e-11 
45 -1.35057227035059e-10 
46 -2.2488485847307328e-10 
47 1.0880973736833522e-09 
48 -7.90656708932477e-11 
49 6.375842134563727e-10 
50 5.776575715962228e-10 
51 1.7651557128626158e-11 
52 5.153401373831498e-11 
53 -5.1910681828474585e-11 
54 2.2153631157889687e-11 
55 -2.940544435803017e-11 
56 -9.085448330701769e-12 
57 4.578442208065668e-12 
58 6.188703038670268e-12 
59 -1.919563256320059e-11 
60 -2.924332345577591e-10 
61 1.8226594662263726e-10 
62 -2.5864436894312837e-11 
63 -9.180181234029534e-13 
64 -7.3970072870696e-11 
65 2.917529294404789e-11 
66 2.681805767946531e-12 
67 -3.2144417630312107e-12 
68 -5.285412980820315e-12 
69 9.199829817337631e-12 
70 -1.554509430450135e-11 
71 2.1851290867168053e-10 
72 1.7751890178573852e-09 
73 9.45202465450247e-10 
74 3.786550498209645e-09 
75 -9.90852901283172e-10 
76 8.03898605696941e-10 
77 -5.162850684981294e-10 
78 9.841032192774613e-11 
79 -4.0703834815716047e-11 
80 -1.9202657434264862e-10 
81 -8.163964118653561e-10 
82 -1.5472270964759192e-08 
83 -1.309428906741436e-08 
84 4.603004888110041e-09 
85 1.022779194952138e-09 
86 3.635070990959735e-10 
87 1.2511432845767113e-10 
88 2.036203584893483e-10 
89 -2.0437282339288553e-11 
90 -2.930643730729274e-11 
91 1.0966216299903382e-11 
92 -1.3935842140265037e-12 
93 4.726071286707488e-13 
94 -3.0542235407438026e-13 
95 -1.3433959213326303e-12 
96 2.6672045559022495e-12 
97 1.9623414613458067e-12 
98 -1.4151983255519987e-11 
99 -2.9322511453167607e-11 
100 8.889685437345548e-11 
101 -6.539517437493311e-10 
102 -1.2561792337021694e-09 
103 -9.815679752968364e-11 
104 1.9639226468768766e-10 
105 -1.5328571032380452e-10 
106 2.4339924227327874e-09 
107 -8.010301118413787e-09 
108 -5.900731518177936e-09 
109 1.1823814509546808e-07 
110 -3.084903221642376e-07 
111 -4.5015609580001687e-07 
112 5.8603805346557625e-06 
113 -1.627929034152884e-05 
114 -2.3679705016768715e-05 
115 0.0002480305579813973 
116 -0.001013459645167705 
117 0.0039656607995531175 
