0.0 
-176.32006226418278 
-176.32501030681973 
-176.32503414340093 
-176.32998843047216 
-176.33001172468673 
-176.33496667749836 
-176.33499019493885 
-176.33994589900516 
-176.3399693128616 
-176.3449262840236 
-176.34494972981173 
-176.34990785893703 
-176.34993129730998 
-176.35489074751504 
-176.35491418873346 
-176.35987505618877 
-176.35989849846578 
-176.36486091466065 
-176.3648843583279 
-176.36984846912924 
-176.36987191435747 
-176.37483788796865 
-176.3748613349066 
-176.37982936582856 
-176.37985281467962 
-176.3848231296285 
-176.3848465806399 
-176.3898194459622 
-176.38984289941118 
-176.39481863087715 
-176.3948420871042 
-176.39982106308491 
-176.39984452252276 
-176.40482720133917 
-176.4048506645068 
-176.40983760895577 
-176.40986107651014 
-176.4148529918276 
-176.41487646461826 
-176.41987424295587 
-176.41989772210874 
-176.4249025198418 
-176.42492600681612 
-176.42993938672805 
-176.42996288375144 
-176.43498689429038 
-176.43501040395523 
-176.44004802481874 
-176.4400715545881 
-176.44512705657854 
-176.44515060674922 
-176.45022617738124 
-176.4502497736933 
-176.45528017433426 
-176.45530450159367 
-176.45965921764372 
-176.4596767891472 
-176.46312412298067 
-176.4640417378198 
-176.46421478556758 
-176.50108875718965 
-176.50567662551066 
-176.50663511292242 
-176.5079679989403 
-176.50902968552484 
-176.5098803478182 
-176.5106795810765 
-176.51133919831116 
-176.51194539904094 
-176.51247485121291 
-176.51303972828143 
-176.51345829462383 
-176.51398565505917 
-176.51437479333475 
-176.51504033025114 
-176.5153417296598 
-176.51564595611575 
-176.5159261021939 
-176.51613835509696 
-176.51633277830516 
-176.516502956693 
-176.51670142755367 
-176.516873999553 
-176.5170284498808 
-176.5171718359545 
-176.51736577909332 
-176.5176285320898 
-176.51786843011593 
-176.5180352349223 
-176.51809633947352 
-176.5182529913513 
-176.51832730634538 
-176.51838005174233 
-176.51845890847144 
-176.51859286691348 
-176.51865368115548 
-176.51870255762964 
-176.51872855227535 
-176.51875873341749 
-176.51878334670417 
-176.5188061768874 
-176.51882503218778 
-176.51884424274178 
-176.51885725803473 
-176.51886753223428 
-176.51887449756282 
-176.51889133912746 
-176.51889555713308 
-176.51890082671628 
-176.5189019225251 
-176.51892550207182 
-176.51892746629701 
-176.51892825957265 
-176.51892826203184 
-176.518928262031 
-176.5189282620308 
-176.518928262031 
-176.51892826203093 
-176.5189282620312 
-176.51892826203314 
-176.51892826203567 
-176.51892826207262 
-176.518928262093 
-176.51892826210403 
-176.51892826215158 
-176.51892826220435 
-176.51892826229766 
-176.51892826239492 
-176.51892826245896 
-176.5189282625576 
-176.5189282627423 
-176.51892826291734 
-176.51892826305084 
-176.51892826311123 
-176.5189282631453 
-176.5189282632926 
-176.51892826390738 
-176.5189282641618 
-176.51892826471192 
-176.51892826512545 
-176.51892826535763 
-176.5189282657585 
-176.51892826619496 
-176.51892826635205 
-176.51892826697832 
-176.51892826798027 
-176.5189282684973 
-176.51892826893751 
-176.5189282690265 
-176.5189282694668 
-176.51892826961108 
-176.51892826996647 
-176.51892827022152 
-176.51892827041004 
-176.51892827061565 
-176.51892827076347 
-176.5189282709633 
-176.5189282711736 
-176.5189282713672 
-176.5189282714588 
-176.5189282716556 
-176.51892827210307 
-176.5189282725559 
-176.51892827325065 
-176.51892827377546 
-176.51892827450362 
-176.51892827500882 
-176.51892827628959 
-176.51892827681453 
-176.5189282771593 
-176.5189282783332 
-176.51892828328133 
-176.518928283281 
-176.51892831211865 
-176.51892832471813 
-176.51892832537754 
-176.51892833739484 
-176.51892834085817 
-176.51892835314987 
-176.51892835655514 
-176.51892836899057 
-176.51892837241863 
-176.51892838477556 
-176.51892838820893 
-176.51892840050616 
-176.5189284039328 
-176.51892841619028 
-176.51892841961794 
-176.51892843184058 
-176.51892843526616 
-176.51892844746243 
-176.51892845088955 
-176.51892846306242 
-176.51892846648718 
-176.51892847864173 
-176.51892848206555 
-176.51892849421014 
-176.51892849763388 
-176.51892850975636 
-176.51892851317984 
-176.51892852529264 
-176.51892852871558 
-176.51892854083377 
-176.51892854425637 
-176.51892855635023 
-176.51892855977397 
-176.51892857185732 
-176.51892857528057 
-176.51892858735923 
-176.51892859078274 
-176.5189286028521 
-176.51892860627532 
-176.51892861833963 
-176.5189286217616 
-176.5189286338227 
-176.51892863725072 
-176.51892864931233 
-176.51892865270648 
-176.51892866470985 
-176.51892866826086 
-176.51892868048114 
-176.51892868355725 
-176.51892869570702 
-176.5189287003695 
-176.5189287152713 
-176.51892871884002 
-176.51892872922048 
-176.5189287313373 
-176.51892874596655 
-176.5189287459912 
-176.5189287459903 
-176.51892874599025 
-176.51892874599054 
-176.5189287459932 
-176.51892874599054 
-176.5189287459923 
-176.51892874599312 
-176.5189287459944 
-176.51892874600134 
-176.5189287460058 
-176.51892874606787 
-176.5189287461122 
-176.51892874613836 
-176.51892874614273 
-176.5189287461667 
-176.51892874617567 
-176.51892874618153 
-176.51892874618417 
-176.51892874618943 
-176.51892874619267 
-176.5189287461954 
-176.5189287461977 
-176.51892874620003 
-176.5189287462025 
-176.5189287462044 
-176.51892874620665 
-176.5189287462084 
-176.51892874621083 
-176.51892874621262 
-176.5189287462149 
-176.5189287462168 
-176.5189287462194 
-176.5189287462215 
-176.51892874622396 
-176.51892874622587 
-176.51892874622808 
-176.51892874623007 
-176.51892874623238 
-176.51892874623388 
-176.51892874623667 
-176.51892874623852 
-176.51892874624036 
-176.51892874624215 
-176.5189287462444 
-176.51892874624613 
-176.5189287462487 
-176.51892874625057 
-176.51892874625304 
-176.5189287462546 
-176.51892874625813 
-176.51892874625992 
-176.51892874626256 
-176.5189287462643 
-176.5189287462662 
-176.51892874626824 
-176.51892874627075 
-176.5189287462721 
-176.51892874627427 
-176.51892874627546 
-176.51892874627814 
-176.5189287462861 
-176.5189287462864 
-176.51892874628635 
-176.51892874628638 
-176.5189287462864 
-176.5189287462865 
-176.51892874628663 
-176.51892874628675 
-176.5189287462867 
-176.5189287462867 
-176.5189287462866 
-176.5189287462868 
-176.5189287462869 
-176.5189287462871 
-176.51892874628743 
-176.51892874628746 
-176.51892874628774 
-176.5189287462876 
-176.5189287462877 
-176.51892874628754 
-176.51892874628788 
-176.5189287462878 
-176.51892874628788 
-176.51892874628822 
-176.51892874628814 
-176.5189287462878 
-176.51892874628788 
-176.51892874628788 
-176.51892874628794 
-176.5189287462881 
-176.51892874628814 
-176.51892874628817 
-176.51892874628803 
-176.51892874628817 
-176.51892874628825 
-176.5189287462883 
-176.5189287462886 
-176.51892874628868 
-176.51892874628888 
-176.51892874628902 
-176.51892874628916 
-176.51892874628942 
-176.51892874628933 
-176.51892874628948 
-176.51892874628956 
-176.51892874628948 
-176.5189287462894 
-176.5189287462896 
-176.51892874628976 
-176.51892874628984 
-176.5189287462902 
-176.51892874629033 
-176.51892874629021 
-176.51892874629155 
-176.5189287462881 
-176.51892874628766 
-176.5189287462876 
-176.51892874628757 
-176.51892874628868 
-176.51892874628788 
-176.5189287462878 
-176.51892874629036 
-176.51892874628982 
-176.5189287462901 
-176.5189287462901 
-176.51892874629 
-176.51892874628996 
-176.5189287462898 
-176.51892874628984 
-176.51892874628984 
-176.51892874628973 
-176.51892874628987 
-176.51892874628996 
-176.51892874628987 
-176.5189287462899 
-176.51892874628976 
-176.51892874628967 
-176.51892874628965 
-176.51892874628953 
-176.5189287462893 
-176.51892874628948 
-176.51892874628962 
-176.5189287462896 
-176.51892874628984 
-176.51892874628976 
-176.51892874628973 
-176.51892874628942 
-176.51892874628922 
-176.51892874628933 
-176.51892874628936 
-176.51892874628948 
-176.5189287462893 
-176.51892874628922 
-176.51892874628902 
-176.51892874628905 
-176.51892874628888 
-176.51892874628882 
-176.5189287462887 
-176.5189287462889 
-176.51892874628876 
-176.5189287462888 
-176.5189287462886 
-176.51892874628842 
-176.5189287462883 
-176.5189287462884 
-176.51892874628857 
-176.5189287462886 
-176.51892874628876 
-176.51892874628868 
-176.51892874628857 
-176.51892874628854 
-176.51892874628845 
-176.5189287462885 
-176.51892874628837 
-176.51892874628862 
-176.51892874628868 
-176.51892874628885 
-176.51892874628885 
-176.51892874628896 
-176.518928746289 
-176.51892874628916 
-176.51892874628902 
-176.51892874628905 
-176.51892874628922 
-176.51892874628916 
-176.5189287462892 
-176.51892874628885 
-176.5189287462894 
-176.51892874628925 
-176.51892874628922 
-176.51892874628908 
-176.5189287462892 
-176.51892874628922 
-176.51892874628933 
-176.5189287462894 
-176.5189287462896 
-176.5189287462899 
-176.51892874628996 
-176.51892874629002 
-176.51892874629027 
-176.51892874629016 
-176.5189287462902 
-176.5189287462903 
-176.51892874629002 
-176.51892874629004 
-176.51892874628967 
-176.5189287462898 
-176.51892874628976 
-176.51892874628987 
-176.51892874628984 
-176.51892874628987 
-176.5189287462899 
-176.51892874628976 
-176.51892874628982 
-176.51892874628984 
-176.51892874629 
-176.51892874628993 
-176.51892874629036 
-176.51892874629016 
-176.51892874629021 
-176.51892874629027 
-176.51892874629033 
-176.5189287462908 
-176.51892874629092 
-176.5189287462909 
-176.51892874629067 
-176.51892874629104 
-176.51892874629078 
-176.51892874629075 
-176.5189287462911 
-176.51892874629087 
-176.518928746291 
-176.51892874629056 
-176.51892874629016 
-176.51892874629098 
-176.51892874629053 
-176.51892874629132 
-176.51892874629056 
-176.51892874629033 
-176.51892874629075 
-176.5189287462909 
-176.51892874629098 
-176.518928746291 
-176.51892874629127 
-176.51892874629112 
-176.51892874629087 
-176.51892874629095 
-176.51892874629075 
-176.51892874629073 
-176.51892874629084 
-176.51892874629084 
-176.5189287462909 
-176.51892874629098 
-176.51892874629092 
-176.5189287462908 
-176.51892874629092 
-176.518928746291 
-176.51892874629098 
-176.51892874629115 
-176.5189287462911 
-176.51892874629098 
-176.51892874629092 
-176.5189287462911 
-176.518928746291 
-176.5189287462913 
-176.51892874629127 
-176.51892874629115 
-176.5189287462911 
-176.5189287462909 
-176.51892874629095 
-176.5189287462913 
-176.51892874629118 
-176.51892874629095 
-176.518928746291 
-176.51892874629124 
-176.5189287462914 
-176.51892874629146 
-176.51892874629164 
-176.51892874629175 
-176.51892874629166 
-176.51892874629172 
-176.5189287462918 
-176.51892874629166 
-176.51892874629138 
-176.51892874629144 
-176.51892874629166 
-176.51892874629172 
-176.51892874629158 
-176.51892874629158 
-176.51892874629172 
-176.5189287462915 
-176.51892874629124 
-176.51892874629112 
-176.518928746291 
-176.51892874629124 
-176.51892874629127 
-176.51892874629112 
-176.51892874629104 
-176.51892874629118 
-176.51892874629124 
-176.51892874629118 
-176.51892874629124 
-176.5189287462913 
-176.5189287462913 
-176.51892874629138 
-176.51892874629144 
-176.51892874629127 
-176.5189287462913 
-176.51892874629118 
-176.51892874629112 
-176.5189287462911 
-176.5189287462913 
-176.5189287462915 
-176.5189287462916 
-176.5189287462915 
-176.51892874629164 
-176.51892874629146 
-176.5189287462916 
-176.51892874629164 
-176.5189287462918 
-176.51892874629172 
-176.51892874629172 
-176.5189287462917 
-176.51892874629192 
-176.51892874629192 
-176.51892874629164 
-176.51892874629144 
-176.51892874629164 
-176.51892874629178 
-176.51892874629175 
-176.51892874629172 
-176.51892874629206 
-176.5189287462921 
-176.51892874629195 
-176.518928746292 
-176.51892874629192 
-176.51892874629203 
-176.5189287462919 
-176.51892874629175 
-176.5189287462919 
-176.51892874629203 
-176.51892874629203 
-176.51892874629183 
-176.51892874629183 
-176.5189287462927 
-176.51892874629175 
-176.51892874629183 
-176.51892874629183 
-176.51892874629172 
-176.51892874629183 
-176.51892874629496 
-176.51892874629166 
-176.51892874629212 
-176.5189287462926 
-176.51892874629135 
-176.51892874629155 
-176.51892874629166 
-176.5189287462917 
-176.5189287462917 
-176.51892874629152 
-176.51892874629146 
-176.51892874629166 
-176.51892874629183 
-176.51892874629186 
-176.51892874629203 
-176.5189287462918 
-176.51892874629166 
-176.51892874629175 
-176.51892874629152 
-176.51892874629158 
-176.51892874629172 
-176.51892874629155 
-176.51892874629135 
-176.51892874629158 
-176.5189287462917 
-176.51892874629178 
-176.51892874629155 
-176.51892874629164 
-176.5189287462916 
-176.51892874629166 
-176.51892874629138 
-176.51892874629146 
-176.51892874629135 
-176.51892874629155 
-176.51892874629172 
-176.5189287462917 
-176.51892874629155 
-176.5189287462914 
-176.5189287462913 
-176.51892874629127 
-176.51892874629127 
-176.51892874629118 
-176.5189287462913 
-176.51892874629115 
-176.5189287462912 
-176.51892874629115 
-176.518928746291 
-176.51892874629087 
-176.51892874629075 
-176.5189287462907 
-176.51892874629064 
-176.5189287462906 
-176.5189287462906 
-176.51892874629078 
-176.51892874629087 
-176.5189287462909 
-176.51892874629073 
-176.51892874629073 
-176.51892874629078 
-176.5189287462907 
-176.51892874629078 
-176.51892874629115 
-176.51892874629104 
-176.518928746291 
-176.5189287462913 
-176.51892874629107 
-176.51892874629124 
-176.51892874629132 
-176.51892874629124 
-176.51892874629112 
-176.5189287462912 
-176.51892874629118 
-176.5189287462912 
-176.51892874629098 
-176.51892874629084 
-176.51892874629073 
-176.51892874629078 
-176.51892874629058 
-176.51892874629038 
-176.51892874629047 
-176.51892874629053 
-176.51892874629056 
-176.51892874629075 
-176.5189287462909 
-176.51892874629067 
-176.51892874629064 
-176.51892874629084 
-176.51892874629095 
-176.51892874629104 
-176.51892874629095 
-176.51892874629124 
-176.51892874629124 
-176.5189287462913 
-176.51892874629118 
-176.5189287462913 
-176.51892874629112 
-176.51892874629118 
-176.51892874629144 
-176.51892874629132 
-176.5189287462911 
-176.51892874629124 
-176.5189287462913 
-176.51892874629146 
-176.51892874629146 
-176.51892874629164 
-176.51892874629166 
-176.51892874629186 
-176.51892874629178 
-176.5189287462915 
-176.5189287462919 
-176.51892874629118 
-176.5189287462913 
-176.51892874629095 
-176.51892874629107 
-176.51892874629092 
-176.51892874629118 
