2 0.003061544005408804 
3 -0.0025275360837590222 
4 0.0006302042820645799 
5 0.00014687688537218436 
6 -0.00011985167845387578 
7 -1.1084129407544248e-05 
8 2.362716029913256e-05 
9 2.108010924833164e-06 
10 -6.62048932434579e-06 
11 -4.0676479023188145e-07 
12 2.214429306920048e-06 
13 5.263781381674306e-08 
14 -8.389791230880909e-07 
15 2.8626278364815235e-08 
16 3.3686952588451246e-07 
17 -3.24715097194301e-08 
18 -1.427765492436262e-07 
19 2.4005216976937346e-08 
20 6.190579099425043e-08 
21 -1.5307784363911246e-08 
22 -2.720290404106297e-08 
23 9.003627598698507e-09 
24 1.1829367288844774e-08 
25 -5.193130123956556e-09 
26 -5.087375707810623e-09 
27 2.958464016828488e-09 
28 1.819227486005986e-09 
29 -1.7580848233101702e-09 
30 -7.514480045567346e-10 
31 1.9733189194185327e-09 
32 -2.7102423786773355e-11 
33 -1.1622726112339051e-09 
34 4.551361893601467e-09 
35 -1.5313851463089771e-09 
36 1.725966929991732e-09 
37 3.227266959015512e-10 
38 -5.784287585397693e-10 
39 4.697502476993237e-11 
40 6.558281299384416e-11 
41 -2.0589613347610222e-11 
42 -6.729012299081498e-12 
43 1.3733254433768646e-12 
44 -3.027425893018549e-12 
45 -4.293212292511449e-12 
46 -1.500135971328736e-12 
47 -4.11757889530294e-12 
48 -5.9430879458081935e-12 
49 -2.3031556318646325e-12 
50 -6.468340481314817e-13 
51 5.451854907469001e-12 
52 3.6063003293268754e-12 
53 4.211926182302197e-12 
54 -4.129732741265695e-12 
55 -3.9743744517356805e-12 
56 -1.4317534342212626e-12 
57 -6.473874347776642e-12 
58 -1.3218293089822455e-11 
59 1.2991253946256562e-12 
60 7.96749583450078e-14 
61 -5.533594416018411e-12 
62 -3.762207550271235e-12 
63 -4.790785430886263e-12 
64 -1.8014756353323648e-13 
65 -4.509078654677641e-12 
66 -5.964052231474689e-12 
67 -2.184636860527807e-12 
68 4.493481632866075e-12 
69 -1.1479948416838377e-12 
70 -1.5989230464324042e-11 
71 -3.9893607093011077e-10 
72 3.124031067669569e-12 
73 -2.8303859252443696e-10 
74 -1.7695420184115597e-10 
75 7.126314995752406e-11 
76 3.72108741714955e-11 
77 -3.22949364470597e-11 
78 1.4405865645281364e-11 
79 -1.3607168868796107e-11 
80 -8.082150809371489e-11 
81 3.0401792194822974e-11 
82 -3.230525111450051e-11 
83 2.8064208720114132e-11 
84 -1.66712602144676e-11 
85 -6.5447378131523e-12 
86 1.0194573795709559e-13 
87 8.830068512521186e-12 
88 1.911225007073246e-12 
89 -6.361881849064721e-12 
90 -4.625762268873233e-13 
91 3.0446870542886854e-12 
92 -9.839799466762958e-14 
93 -1.6037160579282072e-12 
94 6.135137597875363e-13 
95 9.475525796720589e-13 
96 -1.0668979577879736e-12 
97 -8.763889611305786e-13 
98 1.8519864224272268e-12 
99 8.671516663397735e-13 
100 -3.678807258822303e-12 
101 -9.519286400805353e-13 
102 5.844380535080519e-12 
103 3.7031488986372036e-13 
104 -1.3116507879828987e-11 
105 5.160316618457728e-13 
106 2.374161978124789e-11 
107 -3.145511628943609e-12 
108 -4.534522294736639e-11 
109 1.2964797222820714e-11 
110 8.431364662726785e-11 
111 -3.726266149478712e-11 
112 -1.566362162325783e-10 
113 9.632765293279682e-11 
114 2.8573719779156903e-10 
115 -2.2952761739858385e-10 
116 -5.216715091588969e-10 
117 5.270866282498787e-10 
118 9.402240227704417e-10 
119 -1.182422165795376e-09 
120 -1.6864894609955041e-09 
121 2.6083001591903354e-09 
122 2.98429449517872e-09 
123 -5.732223456261526e-09 
124 -5.2092570155914775e-09 
125 1.2583750653475948e-08 
126 8.951283377411815e-09 
127 -2.7895696148877247e-08 
128 -1.446158007878624e-08 
129 6.212202377179679e-08 
130 2.2942811677961437e-08 
131 -1.4310275094638205e-07 
132 -3.200842149317373e-08 
133 3.373344036552288e-07 
134 2.8375297995628307e-08 
135 -8.392103387766525e-07 
136 5.272905812399683e-08 
137 2.2134814145543405e-06 
138 -4.073585716145879e-07 
139 -6.623545948639272e-06 
140 2.130208605150008e-06 
141 2.363424099026845e-05 
142 -1.1106696463527507e-05 
143 -0.00011984361615243638 
144 0.00014688100760672582 
145 0.0006302009491358355 
146 -0.002527536707604529 
147 0.0030615446661727305 
