2 0.7903949181020177 
3 0.7557978992767175 
4 0.7315666825787968 
5 0.7131870356629629 
6 0.6985620950204214 
7 0.6865541479774085 
8 0.6764797911211659 
9 0.6678979194467091 
10 0.6605082038549087 
11 0.6540976090970045 
12 0.648510083030994 
13 0.6436283609926694 
14 0.6393625224995882 
15 0.6356425158325314 
16 0.6324131145376015 
17 0.6296304272065707 
18 0.6272594288589758 
19 0.6252721854571138 
20 0.6236465619534316 
21 0.6223652769467626 
22 0.6214152129287054 
23 0.6207869210529443 
24 0.6204742795805956 
25 0.6204742793830049 
26 0.6207869204653621 
27 0.6214152119681906 
28 0.6223652756465495 
29 0.6236465603692096 
30 0.6252721836736219 
31 0.6272594269921156 
32 0.6296304253923855 
33 0.6324131128959275 
34 0.6356425144009071 
35 0.6393625211833115 
36 0.6436283596799084 
37 0.6485100821207254 
38 0.6540976086353563 
39 0.6605082038288879 
40 0.6678979197556334 
41 0.676479791488018 
42 0.6865541477104148 
43 0.6985620949478955 
44 0.7131870356182788 
45 0.7315666825467304 
46 0.7557978992577525 
47 0.7903949180938424 
