2 0.08428911378522508 
3 0.1450732696268104 
4 0.0891598287680569 
5 0.07846337821871134 
6 0.0859923333960879 
7 0.09294251133683068 
8 0.09236851565100472 
9 0.09047165786509495 
10 0.09044892060750503 
11 0.09065489551958329 
12 0.09086967950365367 
13 0.09085796820053982 
14 0.0908054027433335 
15 0.09079483120625119 
16 0.09080209718548732 
17 0.09081167640682614 
18 0.09081101409944677 
19 0.09080910080320811 
20 0.09080866472440682 
21 0.09080895244147572 
22 0.09080928947683689 
23 0.09080927754422488 
24 0.09080921731181546 
25 0.09080919365174979 
26 0.0908092044432804 
27 0.09080921764869443 
28 0.09080921819936275 
29 0.09080921678924299 
30 0.09080921462926243 
31 0.09080921475832682 
32 0.09080921600099749 
33 0.09080921541301579 
34 0.0908092151494646 
35 0.09080921522385976 
36 0.09080921524031592 
37 0.09080921556078358 
38 0.09080921546205692 
39 0.09080921614671468 
40 0.09080921583359694 
41 0.09080921837227983 
42 0.09080921749790478 
43 0.09080921520792 
44 0.09080921461029162 
45 0.09080921533635065 
46 0.09080921556770741 
47 0.09080921535953856 
48 0.09080921524087525 
49 0.09080921523479171 
50 0.09080921517318073 
51 0.09080921507158513 
52 0.09080921522325114 
53 0.09080921523611642 
54 0.0908092152134467 
55 0.09080921523176236 
56 0.09080921523400404 
57 0.09080921524166272 
58 0.09080921524008038 
59 0.09080921523831387 
60 0.09080921524090746 
61 0.09080921523489792 
62 0.09080921521303965 
63 0.09080921526538761 
64 0.09080921521805668 
65 0.09080921520098793 
66 0.09080921514091514 
67 0.09080921550468794 
68 0.09080921607563489 
69 0.09080921430313693 
70 0.09080921533050193 
71 0.09080921543993252 
72 0.09080921522692655 
73 0.0908092150953767 
74 0.09080921515731931 
75 0.09080921527585702 
76 0.0908092152472365 
77 0.09080921523734213 
78 0.09080921526737332 
79 0.09080921523390849 
80 0.09080921489488622 
81 0.09080921514003515 
82 0.09080921443324495 
83 0.09080921485213599 
84 0.0908092152460877 
85 0.09080921535796042 
86 0.0908092152953293 
87 0.09080921525437041 
88 0.09080921480240806 
89 0.09080921432460579 
90 0.0908092151652349 
91 0.0908092172202347 
92 0.09080921755196296 
93 0.09080920511531905 
94 0.09080919363528919 
95 0.09080921664894301 
96 0.09080927791049637 
97 0.09080928985161296 
98 0.09080895278463577 
99 0.09080866468548675 
100 0.09080909888169471 
101 0.0908110105248761 
102 0.09081167568499693 
103 0.09080209644009905 
104 0.09079483114846312 
105 0.09080540275287009 
106 0.09085796807474786 
107 0.09086967954899344 
108 0.09065489558469064 
109 0.09044892074014803 
110 0.09047165800700542 
111 0.09236851595706677 
112 0.09294251129790926 
113 0.08599233305259482 
114 0.07846337719879151 
115 0.08915982951152537 
116 0.14507326709758725 
117 0.08428911329766692 
