2 -0.30500641271972523 
3 -0.2527507285008742 
4 0.6037412442561915 
5 -0.6185143997852568 
6 0.30604581834122435 
7 0.14382446733898127 
8 -0.49425463181960794 
9 0.5665349427875727 
10 -0.3326431855687767 
11 -0.06868071427527613 
12 0.4206439688362159 
13 -0.5367001058994142 
14 0.3603370312546034 
15 0.005272916561153739 
16 -0.3608447256908545 
17 0.5147609932503624 
18 -0.3871781561192673 
19 0.051948095830559496 
20 0.30730479009699513 
21 -0.49551545545614334 
22 0.4123125207662843 
23 -0.1054523373738284 
24 -0.25656372316980547 
25 0.4765955217839467 
26 -0.4354878230858583 
27 0.15670296455579763 
28 0.2067553094709245 
29 -0.4568008410298889 
30 0.45680083994102266 
31 -0.20675530688188384 
32 -0.15670296694852512 
33 0.4354878236981296 
34 -0.47659552010799006 
35 0.25656372016406426 
36 0.10545233975678334 
37 -0.41231252088194476 
38 0.495515452957827 
39 -0.3073047864050161 
40 -0.05194809830772434 
41 0.3871781555700775 
42 -0.5147609895555717 
43 0.3608447210130323 
44 -0.005272913995901473 
45 -0.3603370296630245 
46 0.536700100454945 
47 -0.4206439629096213 
48 0.06868071214006466 
49 0.3326431818680264 
50 -0.5665349345132048 
51 0.49425462317033425 
52 -0.1438244688828386 
53 -0.3060458228463022 
54 0.6185143936291454 
55 -0.6037412395093725 
56 0.2527507121758427 
57 0.30500642060352984 
