2 -0.3566112273213873 
3 -0.3816349327722164 
4 -0.3380447228159981 
5 -0.2906447025420813 
6 -0.3495966116587177 
7 -0.39096493656004716 
8 -0.3426945541924853 
9 -0.30651792557880786 
10 -0.34690889445482853 
11 -0.38056726449789235 
12 -0.34690367588915566 
13 -0.3157631943565554 
14 -0.3444350218005357 
15 -0.37381577400434113 
16 -0.34995669874924823 
17 -0.3220581126534246 
18 -0.34174011465690646 
19 -0.36874296420850083 
20 -0.35305785149610996 
21 -0.32665306475334965 
22 -0.3387521936170391 
23 -0.3648984459728805 
24 -0.35615014648552457 
25 -0.3301079932135427 
26 -0.3357903301366125 
27 -0.3618381676497821 
28 -0.35905065491678545 
29 -0.33298579188892086 
30 -0.3329857920107424 
31 -0.359050654967031 
32 -0.36183816743060876 
33 -0.3357903300672702 
34 -0.3301079934013663 
35 -0.35615014635056963 
36 -0.3648984455558592 
37 -0.3387521936039353 
38 -0.3266530649962078 
39 -0.3530578511312741 
40 -0.368742963520534 
41 -0.3417401146803774 
42 -0.32205811294296255 
43 -0.3499566980171208 
44 -0.3738157728073821 
45 -0.34443502179426067 
46 -0.3157631946948166 
47 -0.34690367417610046 
48 -0.3805672618979247 
49 -0.34690889440630623 
50 -0.30651792521720067 
51 -0.34269455251239034 
52 -0.39096492678856465 
53 -0.34959659631435674 
54 -0.2906447325743855 
55 -0.33804472601660274 
56 -0.3816349305058528 
57 -0.3566112240058241 
