2 0.18765663290110582 
3 -0.4822051022996277 
4 0.3039685933798329 
5 -0.024533070168457224 
6 -0.3289658802379535 
7 0.4658714811758629 
8 -0.3355576515663198 
9 -0.0003731254028301739 
10 0.33330699667793184 
11 -0.4658461816062604 
12 0.3213383720733702 
13 0.015391480897040666 
14 -0.3384416706672389 
15 0.45904003330397525 
16 -0.3049122908720829 
17 -0.029179025961337035 
18 0.342597660927276 
19 -0.4516385731063519 
20 0.29071801213765286 
21 0.04080320734288953 
22 -0.3469350184284009 
23 0.44650053568783593 
24 -0.2802190515652675 
25 -0.05120839872145158 
26 0.35301453559269086 
27 -0.445128590758596 
28 0.2729393096425496 
29 0.06189013039467488 
30 -0.3619578664876144 
31 0.44782106085223383 
32 -0.2676553505686279 
33 -0.0738237288381977 
34 0.37426621818234507 
35 -0.4542704537985348 
36 0.26360434781510556 
37 0.08722456187498187 
38 -0.3902469494712735 
39 0.46456956265779015 
40 -0.2611047159077045 
41 -0.10201606499612827 
42 0.4108544825663642 
43 -0.4801482356840795 
44 0.2615074131381486 
45 0.11862513961831903 
46 -0.4387473880829991 
47 0.5046343259846238 
48 -0.2670550336015783 
49 -0.13870210559414725 
50 0.4801890135023901 
51 -0.5457913739198064 
52 0.2825326349379087 
53 0.16605023953334497 
54 -0.551342518761392 
55 0.6257474328591665 
56 -0.32654611323294713 
57 -0.23181480838740515 
