2 0.13174305833201 
3 0.12395983150609462 
4 0.10565442263101008 
5 0.10845710055133301 
6 0.11085644122593721 
7 0.11020928436443082 
8 0.10995014070672206 
9 0.11004719580970061 
10 0.11007273766979705 
11 0.11006194886581272 
12 0.11005891833625411 
13 0.11005964919933668 
14 0.1100605360981541 
15 0.11006035295798243 
16 0.11006013895841071 
17 0.11006025628039812 
18 0.11006025517901409 
19 0.11006023023463969 
20 0.11006024616918823 
21 0.11006024204000864 
22 0.11006023982949928 
23 0.11006024283628812 
24 0.11006024154484916 
25 0.11006024140845286 
26 0.11006024190754327 
27 0.11006024163220465 
28 0.11006024165315181 
29 0.1100602417146375 
30 0.11006024160393779 
31 0.1100602415016876 
32 0.1100602417710877 
33 0.11006024403618224 
34 0.11006024461933453 
35 0.11006024090526524 
36 0.11006024128978496 
37 0.11006024178351358 
38 0.11006024173710217 
39 0.11006024167129981 
40 0.11006024168712285 
41 0.1100602416895047 
42 0.11006024166020703 
43 0.1100602417473122 
44 0.11006024144209837 
45 0.110060241709909 
46 0.11006024175701914 
47 0.110060241680636 
48 0.11006024167642384 
49 0.1100602416833098 
50 0.11006024169637849 
51 0.11006024168728472 
52 0.11006024168158247 
53 0.11006024170703836 
54 0.11006024158404572 
55 0.11006024116439683 
56 0.11006024127923644 
57 0.11006024187652197 
58 0.11006024178159442 
59 0.11006024169927274 
60 0.11006024166047154 
61 0.11006024168390811 
62 0.11006024168882247 
63 0.1100602416836499 
64 0.11006024169138949 
65 0.11006024168694403 
66 0.11006024166560584 
67 0.11006024168573976 
68 0.1100602416943065 
69 0.11006024168382358 
70 0.1100602416914979 
71 0.11006024168359721 
72 0.11006024168913622 
73 0.11006024163566945 
74 0.1100602415958984 
75 0.11006024152882826 
76 0.11006024169808863 
77 0.11006024173225899 
78 0.11006024167788864 
79 0.11006024168152832 
80 0.11006024168739484 
81 0.11006024168591504 
82 0.1100602416940618 
83 0.1100602417054665 
84 0.11006024167523969 
85 0.11006024175055962 
86 0.11006024170135971 
87 0.11006024169470498 
88 0.1100602416833258 
89 0.11006024172435705 
90 0.11006024162703755 
91 0.11006024186889765 
92 0.11006024135501799 
93 0.11006024187636397 
94 0.11006024238358593 
95 0.11006023970046853 
96 0.11006024371399992 
97 0.11006024379376475 
98 0.11006023103853589 
99 0.11006025681589318 
100 0.11006024429175476 
101 0.11006019052382639 
102 0.11006033695235529 
103 0.11006018020693166 
104 0.11006008909211629 
105 0.1100609308232607 
106 0.11005896517688357 
107 0.11005953622278955 
108 0.11006819240362797 
109 0.11005145579270754 
110 0.11003571582720298 
111 0.11010167592096594 
112 0.11013702552636122 
113 0.10996533137984126 
114 0.10919772120002283 
115 0.1096742822667205 
116 0.1165965816286524 
117 0.09428866879284103 
