2 0.0043129898117900975 
3 -8.6111656837292e-07 
4 -6.707053695724723e-05 
5 5.410409201462267e-07 
6 1.335082978472773e-06 
7 -4.9469397279281905e-08 
8 -2.932286454849521e-08 
9 1.9511183018316075e-09 
10 -9.020503150828039e-09 
11 -1.5978598066087806e-09 
12 1.1971294707259517e-10 
13 1.984512438613518e-12 
14 -3.4733404441227794e-13 
15 -7.915925923548361e-14 
16 -3.091975031645413e-14 
17 4.0795144720363725e-13 
18 -6.689093732961944e-14 
19 -3.296807273119507e-13 
20 2.3175905639047083e-13 
21 5.573874695114452e-13 
22 1.2779222175771604e-12 
23 2.4252266863212647e-12 
24 -2.270603601781127e-13 
25 1.0062963694487168e-14 
26 1.114790409209469e-15 
27 3.749118949112536e-15 
28 -1.4941798058610556e-14 
29 5.315816742072145e-13 
30 5.31132129565944e-15 
31 2.2779113865098954e-13 
32 -2.0803637625889747e-13 
33 -1.1937939875739104e-14 
34 -1.5209829606941132e-14 
35 1.1997223943884468e-13 
36 2.8223534619981756e-12 
37 -9.127865130943047e-12 
38 -1.931866213846875e-10 
39 2.535819387761364e-09 
40 4.889732279200467e-09 
41 -1.6104135267708892e-09 
42 2.7783252603522227e-14 
43 -7.614304291068273e-16 
44 -3.950870481322436e-15 
45 -1.2610307901881046e-15 
46 -2.0651254351807857e-15 
47 -1.705120000038169e-15 
48 3.749118949112537e-15 
49 -9.719127922209905e-15 
50 3.102033549988235e-15 
51 5.330369711342823e-15 
52 -3.2942608743727347e-15 
53 2.6769927557889647e-15 
54 -1.2324581666720404e-15 
55 -1.036621332133421e-14 
56 -6.2616563216633944e-15 
57 -1.7457351737370939e-13 
58 6.534114428048659e-14 
59 -1.193508479389338e-13 
60 -2.0310465080535282e-14 
61 6.474004582476884e-14 
62 1.1422169851792414e-14 
63 1.0688034658036044e-15 
64 -5.18000592051439e-15 
65 -2.4901662293800554e-15 
66 -6.418665567531743e-15 
67 6.78154975545975e-15 
68 7.547849740668518e-16 
69 -9.644266183810279e-16 
70 -9.279638828005618e-16 
71 -9.24810018460477e-15 
72 -3.78433702762866e-15 
73 -1.20854249137822e-14 
74 1.2258127116719755e-15 
75 7.174696291266888e-14 
76 -7.077841227145503e-14 
77 -4.2848919899943155e-14 
78 -2.0422975535515998e-14 
79 5.78727312547666e-16 
80 -3.3133092900235265e-15 
81 2.647088208109262e-16 
82 1.7618758083337651e-15 
83 5.912419751410466e-15 
84 6.683831126800911e-14 
85 1.0219972940355366e-14 
86 -3.1680666559894744e-14 
87 -2.890012108318863e-14 
88 1.8835079318245618e-14 
89 1.803098467325245e-14 
90 1.1147904092079265e-15 
91 -3.735473753172807e-13 
92 -3.5797133879643704e-13 
93 -8.28936550788893e-14 
94 -1.4085158282311025e-15 
95 4.677050100851615e-16 
96 7.738333897176336e-16 
97 3.259042795856606e-15 
98 -7.523012838391619e-14 
99 5.912419751410467e-15 
100 -1.182136863883768e-13 
101 -1.1937117960805858e-12 
102 7.333078588760316e-12 
103 9.223444230273637e-11 
104 -9.290686296020417e-10 
105 1.1667814394557608e-09 
106 -2.6928537989520046e-09 
107 1.8554218662599085e-09 
108 -1.2471285423862944e-09 
109 -4.086824861550795e-09 
110 2.0080396059343396e-09 
111 -2.7097550605016584e-08 
112 -3.2606871187144006e-08 
113 1.331067645986461e-06 
114 5.452983466040021e-07 
115 -6.707218714510785e-05 
116 -8.60348809878544e-07 
117 0.0043129900013479505 
