2 3 0.00017964984974001876 
3 4 9.26859044592372e-05 
4 5 8.915665223124984e-05 
5 6 8.595137439524308e-05 
6 7 8.580296628297031e-05 
7 8 8.586145839102788e-05 
8 9 8.586106089742691e-05 
9 10 8.585629491422451e-05 
10 11 8.585622437177017e-05 
11 12 8.585646329683609e-05 
12 13 8.585637379982379e-05 
13 14 8.58564328705728e-05 
14 15 8.585645062596733e-05 
15 16 8.58564553288206e-05 
16 17 8.585645434905136e-05 
17 18 8.585644695140567e-05 
18 19 8.585646515120737e-05 
19 20 8.585646007665929e-05 
20 21 8.58564983760548e-05 
21 22 8.585647021527004e-05 
22 23 8.585645549623592e-05 
23 24 8.585645115812185e-05 
24 25 8.585644810230677e-05 
25 26 8.585648553240471e-05 
26 27 8.585646878146167e-05 
27 28 8.585649053978857e-05 
28 29 8.585648282554471e-05 
29 30 8.585646195856136e-05 
30 31 8.585644801499827e-05 
31 32 8.585652933405672e-05 
32 33 8.585646425284229e-05 
33 34 8.58564581879899e-05 
34 35 8.58564773354603e-05 
35 36 8.585647091923763e-05 
36 37 8.585632281659793e-05 
37 38 8.585637512468946e-05 
38 39 8.585649528489079e-05 
39 40 8.585645196578072e-05 
40 41 8.585645879613442e-05 
41 42 8.585645315623714e-05 
42 43 8.585646091078291e-05 
43 44 8.585647516017034e-05 
44 45 8.585653974029103e-05 
45 46 8.585646011420219e-05 
46 47 8.585645878324655e-05 
47 48 8.585643255287592e-05 
48 49 8.585659877459004e-05 
49 50 8.585668714500448e-05 
50 51 8.585641412704788e-05 
51 52 8.58564770374781e-05 
52 53 8.585645107630581e-05 
53 54 8.585645263572888e-05 
54 55 8.585646598596242e-05 
55 56 8.585641729446027e-05 
56 57 8.585641244668748e-05 
57 58 8.58564515910701e-05 
58 59 8.585645319138995e-05 
59 60 8.585645896059108e-05 
60 61 8.585645457595846e-05 
61 62 8.585645457583928e-05 
62 63 8.585645360270582e-05 
63 64 8.585644054987475e-05 
64 65 8.585643873665826e-05 
65 66 8.585645119186607e-05 
66 67 8.585642963952353e-05 
67 68 8.585643510959843e-05 
68 69 8.585655608554613e-05 
69 70 8.585618460309201e-05 
70 71 8.585590574135415e-05 
71 72 8.585642907586089e-05 
72 73 8.585647168575648e-05 
73 74 8.585641591150314e-05 
74 75 8.585630935223644e-05 
75 76 8.585646784650902e-05 
76 77 8.585645866091163e-05 
77 78 8.585636160400944e-05 
78 79 8.58564453340113e-05 
79 80 8.58564442772186e-05 
80 81 8.58564399034935e-05 
81 82 8.585645206101346e-05 
82 83 8.585645554418545e-05 
83 84 8.585646228079796e-05 
84 85 8.5856454084094e-05 
85 86 8.585645287071121e-05 
86 87 8.585645346880564e-05 
87 88 8.585645605097715e-05 
88 89 8.585653984951524e-05 
89 90 8.58564665039691e-05 
90 91 8.585647388506679e-05 
91 92 8.585645651652266e-05 
92 93 8.585648128267318e-05 
93 94 8.585648482042701e-05 
94 95 8.58562734326116e-05 
95 96 8.585662865431433e-05 
96 97 8.585645748548558e-05 
97 98 8.585647523207029e-05 
98 99 8.585641743135379e-05 
99 100 8.585648570882686e-05 
100 101 8.585644974884116e-05 
101 102 8.585644454583629e-05 
102 103 8.585645785086231e-05 
103 104 8.585645986646367e-05 
104 105 8.585645740115524e-05 
105 106 8.585646279766515e-05 
106 107 8.585640186874928e-05 
107 108 8.585646186962965e-05 
108 109 8.585641009151845e-05 
109 110 8.585643981355865e-05 
110 111 8.58564583858016e-05 
111 112 8.585644724183332e-05 
112 113 8.585654665561276e-05 
113 114 8.585638893105758e-05 
114 115 8.5856443498541e-05 
115 116 8.585645371955822e-05 
116 117 8.585645562386875e-05 
117 118 8.585644081360911e-05 
118 119 8.585644819152866e-05 
119 120 8.585640997841036e-05 
120 121 8.58564542880125e-05 
121 122 8.585645152662649e-05 
122 123 8.585645140112947e-05 
123 124 8.585644120744733e-05 
124 125 8.58563152888117e-05 
125 126 8.585630296287785e-05 
126 127 8.585653186906333e-05 
127 128 8.58564527586322e-05 
128 129 8.585644804343766e-05 
129 130 8.58564495859542e-05 
130 131 8.585643758304472e-05 
131 132 8.585646160076938e-05 
132 133 8.585648662310939e-05 
133 134 8.585645328849926e-05 
134 135 8.585648532224539e-05 
135 136 8.58564344544334e-05 
136 137 8.585640432302622e-05 
137 138 8.58564757869165e-05 
138 139 8.585644569272696e-05 
139 140 8.585646662663504e-05 
140 141 8.585661868579033e-05 
141 142 8.585631708297155e-05 
142 143 8.5856636290867e-05 
143 144 8.585645503476651e-05 
144 145 8.585645630924473e-05 
145 146 8.585645898668235e-05 
146 147 8.585645693763496e-05 
147 148 8.58564574019379e-05 
148 149 8.585646076203351e-05 
149 150 8.58565154433439e-05 
150 151 8.585655307745547e-05 
151 152 8.585644878063692e-05 
152 153 8.5856485279949e-05 
153 154 8.585645097730818e-05 
154 155 8.585648041112554e-05 
155 156 8.585645483076357e-05 
156 157 8.5856445443191e-05 
157 158 8.58564483889391e-05 
158 159 8.585613102701954e-05 
159 160 8.585649655939224e-05 
160 161 8.585645843886688e-05 
161 162 8.585646770134891e-05 
162 163 8.585645174124702e-05 
163 164 8.5856430632547e-05 
164 165 8.585645338678642e-05 
165 166 8.585645154203128e-05 
166 167 8.58564602278665e-05 
167 168 8.585644302663588e-05 
168 169 8.585632864982633e-05 
169 170 8.58565825071298e-05 
170 171 8.585617919588461e-05 
171 172 8.585623224208449e-05 
172 173 8.585644426821831e-05 
173 174 8.585646407932899e-05 
174 175 8.585645220573206e-05 
175 176 8.585643231983126e-05 
176 177 8.585648069497429e-05 
177 178 8.58564546296276e-05 
178 179 8.585644045178706e-05 
179 180 8.585644060272462e-05 
180 181 8.585651244235489e-05 
181 182 8.585643277532514e-05 
182 183 8.585642137972748e-05 
183 184 8.585646859769933e-05 
184 185 8.585644793038309e-05 
185 186 8.585645355428735e-05 
186 187 8.585646722311377e-05 
187 188 8.585647006695987e-05 
188 189 8.585623139682824e-05 
189 190 8.585629224459927e-05 
190 191 8.586103134237921e-05 
191 192 8.586136210631268e-05 
192 193 8.580318765972575e-05 
193 194 8.595161484815929e-05 
194 195 8.915670916736036e-05 
195 196 9.268601921414242e-05 
196 197 0.00017964989555485162 
197 198 0.00022625206602243896 
