2 -0.4055886985881488 
3 -0.41277708941291963 
4 -0.4155168238373318 
5 -0.416094461497874 
6 -0.4162300209364779 
7 -0.4162544049532425 
8 -0.41625515466871826 
9 -0.4162534972179822 
10 -0.4162524649178135 
11 -0.4162520279259821 
12 -0.41625188007650377 
13 -0.4162518386622896 
14 -0.41625183014695943 
15 -0.41625182980907993 
16 -0.4162518306599163 
17 -0.4162518314068024 
18 -0.41625183121067 
19 -0.41625182985351566 
20 -0.41625183061159177 
21 -0.41625183244481867 
22 -0.4162518295953818 
23 -0.41625183165682733 
24 -0.4162518322151946 
25 -0.41625183207401406 
26 -0.41625183190009624 
27 -0.41625183181678843 
28 -0.41625183189160886 
29 -0.41625183150708484 
30 -0.416251834180929 
31 -0.41625183199386023 
32 -0.41625183170250346 
33 -0.41625183170954766 
34 -0.4162518318489649 
35 -0.41625183157598405 
36 -0.41625183201645904 
37 -0.4162518324512376 
38 -0.41625183176177055 
39 -0.41625183181558995 
40 -0.416251832093402 
41 -0.41625183182050113 
42 -0.41625183188973824 
43 -0.41625183185231307 
44 -0.41625183187368225 
45 -0.41625183196733595 
46 -0.4162518321045029 
47 -0.4162518317322153 
48 -0.41625183193334453 
49 -0.4162518306752216 
50 -0.4162518308470935 
51 -0.41625183123319226 
52 -0.4162518292304432 
53 -0.41625183439527924 
54 -0.4162518318839938 
55 -0.416251831766829 
56 -0.41625183201739724 
57 -0.4162518315881003 
58 -0.4162518312488684 
59 -0.4162518314647693 
60 -0.4162518317082262 
61 -0.4162518311117842 
62 -0.41625183278295314 
63 -0.4162518318851128 
64 -0.4162518320455855 
65 -0.4162518320074842 
66 -0.4162518321123793 
67 -0.41625183200898963 
68 -0.41625183139600286 
69 -0.4162518320741614 
70 -0.4162518321174863 
71 -0.4162518320308545 
72 -0.41625183197562604 
73 -0.41625183193779736 
74 -0.41625183190859616 
75 -0.41625183192364396 
76 -0.4162518318621053 
77 -0.41625183209781486 
78 -0.4162518304260963 
79 -0.41625183463152987 
80 -0.4162518336460176 
81 -0.41625183296053125 
82 -0.4162518324150253 
83 -0.4162518323157811 
84 -0.4162518319792394 
85 -0.41625183190082365 
86 -0.4162518256257018 
87 -0.41625182692488366 
88 -0.4162518289638362 
89 -0.4162518304279294 
90 -0.4162518320214649 
91 -0.4162518307612725 
92 -0.4162518335447349 
93 -0.416251833445289 
94 -0.41625183157302037 
95 -0.41625183153595996 
96 -0.41625183446469616 
97 -0.4162518339507405 
98 -0.416251831632471 
99 -0.41625183157014395 
100 -0.41625183172732494 
101 -0.41625183177233005 
102 -0.41625183226122686 
103 -0.41625183220889533 
104 -0.4162518268929766 
105 -0.41625183111637176 
106 -0.41625183180583675 
107 -0.41625183038482605 
108 -0.4162518309673211 
109 -0.4162518314558989 
110 -0.4162518314839073 
111 -0.4162518318442739 
112 -0.41625183180825803 
113 -0.4162518318178141 
114 -0.41625183186554027 
115 -0.416251831511204 
116 -0.4162518317762153 
117 -0.416251831906193 
118 -0.4162518314744781 
119 -0.4162518320988675 
120 -0.4162518323857148 
121 -0.4162518323473887 
122 -0.4162518319788428 
123 -0.41625183890902057 
124 -0.41625183602014665 
125 -0.4162518350004837 
126 -0.4162518339611772 
127 -0.41625183305702346 
128 -0.4162518324997135 
129 -0.4162518322199554 
130 -0.41625183213551176 
131 -0.41625183155631995 
132 -0.41625183210106526 
133 -0.4162518318674827 
134 -0.4162518320014479 
135 -0.41625183203169247 
136 -0.4162518317890296 
137 -0.41625183196975046 
138 -0.41625183203387006 
139 -0.4162518320067328 
140 -0.4162518319938147 
141 -0.4162518319156375 
142 -0.4162518319869476 
143 -0.41625183195517557 
144 -0.4162518319320454 
145 -0.4162518319288518 
146 -0.41625183190668547 
147 -0.41625183205401184 
148 -0.41625183185104697 
149 -0.41625183187668735 
150 -0.41625183188346476 
151 -0.41625183184358105 
152 -0.41625183233525054 
153 -0.4162518321076202 
154 -0.41625183317950315 
155 -0.4162518322930635 
156 -0.41625182947391254 
157 -0.416251829909866 
158 -0.41625183061507864 
159 -0.41625183087037 
160 -0.41625183166741697 
161 -0.4162518317877895 
162 -0.4162518315582563 
163 -0.4162518355340066 
164 -0.4162518265637786 
165 -0.41625184113255187 
166 -0.41625181276772577 
167 -0.4162518269097874 
168 -0.41625183034375746 
169 -0.41625183148457495 
170 -0.4162518317758121 
171 -0.41625183186254494 
172 -0.41625183194686877 
173 -0.41625183193389564 
174 -0.41625183192194587 
175 -0.41625183206758415 
176 -0.4162518310048946 
177 -0.41625183169023244 
178 -0.41625183224985207 
179 -0.4162518320901418 
180 -0.4162518319144624 
181 -0.4162518318138919 
182 -0.4162518310958925 
183 -0.41625183082395123 
184 -0.4162518301018109 
185 -0.41625183029302576 
186 -0.4162518391386392 
187 -0.4162518804323185 
188 -0.4162520283621341 
189 -0.4162524630234027 
190 -0.4162534959437996 
191 -0.41625515307347083 
192 -0.41625440468092456 
193 -0.4162300212578243 
194 -0.41609446253886007 
195 -0.4155168239324626 
196 -0.4127770893787246 
197 -0.4055886984770081 
