2 3 0.05434953060146599 
3 4 0.1144711794797397 
4 5 0.19721683911103555 
5 6 0.2928787896321663 
6 7 0.3888175888603338 
7 8 0.47242175486873156 
8 9 0.5353246689135465 
9 10 0.5742388539465015 
10 11 0.5902412351537827 
11 12 0.5874456440898912 
12 13 0.5718362983638028 
13 14 0.5502482122864489 
14 15 0.5293648831918212 
15 16 0.5148180101922314 
16 17 0.5104968592674374 
17 18 0.5180517428279123 
18 19 0.5366747825461274 
19 20 0.5633902473040274 
20 21 0.5938793157407544 
21 22 0.6235058211749541 
22 23 0.6481731191071024 
23 24 0.6649111650337262 
24 25 0.6722672210898908 
25 26 0.6704980146250921 
26 27 0.6614834201925447 
27 28 0.6483369431017797 
28 29 0.6347935821081286 
29 30 0.6244023561987063 
30 31 0.6197761116152974 
31 32 0.6222075153864274 
32 33 0.6315894911995391 
33 34 0.6465981110438521 
34 35 0.6649326235084163 
35 36 0.6837616870832375 
36 37 0.6999787756984687 
37 38 0.7111554226664378 
38 39 0.7158038273321573 
39 40 0.7137638456804789 
40 41 0.7062615679676613 
41 42 0.695445586118042 
42 43 0.6838338151211963 
43 44 0.6739127515087026 
44 45 0.6678752062225701 
45 46 0.6672540150252707 
46 47 0.6725106630117935 
47 48 0.6828467413244182 
48 49 0.6964165867218712 
49 50 0.7107411053378674 
50 51 0.7232245246567451 
51 52 0.7317079016080879 
52 53 0.73480367787672 
53 54 0.7321944650215306 
54 55 0.7246408593420154 
55 56 0.713674224031374 
56 57 0.7013798440628306 
57 58 0.6902351992524605 
58 59 0.6825583769800159 
59 60 0.6799605326056906 
60 61 0.6828630114796985 
61 62 0.6905423327946772 
62 63 0.7015411602467951 
63 64 0.7138033225134762 
64 65 0.7249581271395663 
65 66 0.7326869416131964 
66 67 0.7352653841383721 
67 68 0.7320222653233674 
68 69 0.7233681536404127 
69 70 0.7107466304620477 
70 71 0.6963590788801605 
71 72 0.6828795056816985 
72 73 0.6727617272326828 
73 74 0.6675808376027268 
74 75 0.6679579436565158 
75 76 0.6736375582934775 
76 77 0.683469508484976 
77 78 0.6953373916979487 
78 79 0.7064464852700412 
79 80 0.7140124401834185 
80 81 0.7159501609215803 
81 82 0.7112368184152036 
82 83 0.7000523433868826 
83 84 0.6838322551883538 
84 85 0.6650804402560551 
85 86 0.6468236087843874 
86 87 0.6318705258935041 
87 88 0.6224668024155998 
88 89 0.6199866438199437 
89 90 0.6246590331564869 
90 91 0.6351778452718845 
91 92 0.6487634189689843 
92 93 0.6617991815225748 
93 94 0.6706521489542833 
94 95 0.6723154037235175 
95 96 0.6649144384823774 
96 97 0.6481431783791414 
97 98 0.6234569642604842 
98 99 0.5938590524149308 
99 100 0.5634299656755594 
100 101 0.5367475373772478 
101 102 0.5181225422427514 
102 103 0.5105861171944193 
103 104 0.5149753175003058 
104 105 0.529592102222172 
105 106 0.5504831664874158 
106 107 0.5720128091522277 
107 108 0.587540956541138 
108 109 0.5902655780813112 
109 110 0.5742030940533135 
110 111 0.5352341420212193 
111 112 0.47228940038738415 
112 113 0.38866879647469416 
113 114 0.29274215252646824 
114 115 0.1971127309852279 
115 116 0.11440704455168157 
116 117 0.05431990110988963 
117 118 0.019164448933071673 
