2 -0.5241638624497988 
3 -0.5406011592985271 
4 -0.48981488415243524 
5 -0.4698388658765093 
6 -0.49486945757295725 
7 -0.5202303288024872 
8 -0.5113151879154213 
9 -0.4881822372080194 
10 -0.4868627375500553 
11 -0.5054901305050441 
12 -0.5134237296815833 
13 -0.5005031248825903 
14 -0.48905113139415807 
15 -0.49622159081205863 
16 -0.5088870852788603 
17 -0.5070937606033517 
18 -0.4951415116178868 
19 -0.4924818361235024 
20 -0.5023659987450654 
21 -0.5083475848677486 
22 -0.501458051112855 
23 -0.4934821292887965 
24 -0.496987456256357 
25 -0.5056525892062022 
26 -0.5055172471813719 
27 -0.49737458077225216 
28 -0.4945676894128118 
29 -0.5012171703088291 
30 -0.5062672524236931 
31 -0.5018076308992709 
32 -0.4954061988098484 
33 -0.49733528184011333 
34 -0.5041341718478384 
35 -0.5047549198747967 
36 -0.4984721585554221 
37 -0.4956012295774345 
38 -0.500604005142739 
39 -0.5051820672537233 
40 -0.5020162830593247 
41 -0.4964391193504202 
42 -0.49748534160370067 
43 -0.5032783067206764 
44 -0.5043649662846423 
45 -0.49911732570461886 
46 -0.4961493969383082 
47 -0.5002027004785601 
48 -0.5045807049110521 
49 -0.5021998646143018 
50 -0.4970305928356459 
51 -0.49749323169402987 
52 -0.502756685291038 
53 -0.5042176680676658 
54 -0.49954642898592455 
55 -0.4963937724557878 
56 -0.4998794862779475 
57 -0.504283049335914 
58 -0.5024252305267042 
59 -0.49735471684044386 
60 -0.49735471698938477 
61 -0.5024252307362019 
62 -0.5042830492825814 
63 -0.4998794860250979 
64 -0.49639377238252036 
65 -0.4995464292078594 
66 -0.5042176682341755 
67 -0.502756685146957 
68 -0.49749323143920865 
69 -0.49703059287139306 
70 -0.5021998648870809 
71 -0.5045807049996833 
72 -0.5002027002103122 
73 -0.4961493967052945 
74 -0.49911732587739294 
75 -0.5043649665933766 
76 -0.5032783066920309 
77 -0.49748534123283034 
78 -0.4964391192205642 
79 -0.5020162833999846 
80 -0.5051820675694918 
81 -0.5006040049370113 
82 -0.4956012291597768 
83 -0.4984721586219177 
84 -0.504754920390615 
85 -0.5041341720873748 
86 -0.4973352814680574 
87 -0.4954061984940075 
88 -0.5018076312820824 
89 -0.5062672530865211 
90 -0.5012171704276707 
91 -0.49456768904473564 
92 -0.49737458082109964 
93 -0.5055172478916024 
94 -0.5056525898496139 
95 -0.49698745632520613 
96 -0.49348212932949714 
97 -0.5014580516298519 
98 -0.5083475854627955 
99 -0.5023659988850457 
100 -0.4924818359878764 
101 -0.49514151140840035 
102 -0.5070937600678449 
103 -0.5088870850360319 
104 -0.4962215911043416 
105 -0.4890511318132047 
106 -0.500503124384901 
107 -0.51342372944432 
108 -0.5054901306646553 
109 -0.48686273820869364 
110 -0.4881822376208592 
111 -0.5113151874744607 
112 -0.5202303285352587 
113 -0.4948694572589861 
114 -0.4698388660596656 
115 -0.4898148840986276 
116 -0.5406011591891035 
117 -0.5241638624198148 
