2 0.00410183113152682 
3 -0.0009491621273892097 
4 0.00022940908672128065 
5 -2.8071633877571915e-05 
6 -1.1860604058561685e-05 
7 5.1256460965116986e-06 
8 -7.726063292751035e-07 
9 -1.1803927719912743e-07 
10 9.340141270699892e-08 
11 -1.859816124962574e-08 
12 1.3778082885406843e-08 
13 -1.1340703266824718e-09 
14 3.7422667057666867e-10 
15 -2.78901094425472e-10 
16 1.70989086310213e-10 
17 6.006473834051844e-11 
18 -4.536993153158071e-10 
19 -8.384443950006427e-10 
20 1.6603490445767372e-10 
21 -2.771351370756972e-10 
22 2.0711877901678094e-10 
23 -1.4364734535201392e-10 
24 1.0962575167424161e-10 
25 -5.855615853015024e-10 
26 -1.0847403218903182e-08 
27 2.1107019825611727e-09 
28 -2.2352171114879803e-12 
29 -1.6208792382908817e-10 
30 1.0605751218010037e-10 
31 -4.685130067422803e-10 
32 5.218147911582219e-11 
33 -1.0465917031910794e-10 
34 9.849087014094076e-11 
35 -1.153310556385613e-10 
36 7.888198306817141e-11 
37 -8.854550881802673e-11 
38 1.1276724601460098e-10 
39 -1.247799809808915e-10 
40 1.5858333135433654e-10 
41 -7.115202129307665e-10 
42 -2.3550763266470686e-08 
43 5.938862170134719e-10 
44 -7.07107057530962e-11 
45 4.8456600317196605e-11 
46 8.603298631766519e-11 
47 -1.0209659792656314e-10 
48 1.0149329905401399e-10 
49 -9.900254151792966e-11 
50 9.037848965240308e-11 
51 -1.4558135198342395e-10 
52 1.7556969198003051e-10 
53 1.4367823489480484e-09 
54 4.0910088800735685e-10 
55 -6.469989807985227e-11 
56 1.3808915969703222e-10 
57 -1.3151428936072877e-10 
58 9.874223961866088e-11 
59 -9.902815267978978e-11 
60 -7.456350478296182e-11 
61 -1.5503905640136278e-10 
62 9.824899972702268e-11 
63 -9.651729804086187e-11 
64 9.547997120301596e-11 
65 -9.628277172554653e-11 
66 9.290498839929064e-11 
67 -1.439925443723441e-10 
68 -1.1505884116891205e-10 
69 -1.113643544557915e-10 
70 8.165489365047358e-11 
71 -9.584768355063999e-11 
72 8.962471511974686e-11 
73 -1.3060513201208682e-10 
74 2.506534017632894e-10 
75 2.084019385131891e-09 
76 7.89409859797115e-10 
77 2.971110118068122e-10 
78 2.0676541889821275e-11 
79 -9.487372979333483e-11 
80 1.167578170503908e-10 
81 2.0820757320861106e-10 
82 -1.0577368688713792e-10 
83 -3.386540267717823e-10 
84 -5.673707874778371e-10 
85 -3.564084754215987e-11 
86 9.496034983281448e-11 
87 -1.354482544433421e-10 
88 9.929754788167359e-11 
89 -1.1271197172436626e-10 
90 1.6646990060066445e-10 
91 6.943829127581977e-10 
92 -6.570743327544894e-11 
93 -1.1248266564482728e-10 
94 9.634071043119278e-11 
95 -9.570244386975641e-11 
96 9.253076118079195e-11 
97 -9.845538009149318e-11 
98 1.006886955351317e-10 
99 -1.1374732848596582e-10 
100 1.112880575988526e-10 
101 -1.1151114823493651e-10 
102 -6.03836563299702e-10 
103 1.0839877008174107e-11 
104 1.1905531246266922e-10 
105 -1.0268384049589047e-10 
106 1.5126869796125204e-10 
107 -7.342459836381387e-11 
108 2.291989436917232e-09 
109 7.975933557938746e-10 
110 2.0034732248839003e-10 
111 -2.0960895231251626e-10 
112 7.902361199727671e-10 
113 1.09199586994367e-08 
114 2.1749213100476742e-10 
115 1.2296848057733397e-09 
116 -1.800950022788101e-10 
117 1.3364588380087514e-10 
118 2.7112902845315072e-09 
119 1.9511532189061438e-10 
120 1.7463516356635708e-10 
121 -1.56715245897227e-10 
122 9.642624883494233e-11 
123 -9.697971362950415e-11 
124 9.659426394307938e-11 
125 -9.638424552609122e-11 
126 9.929759150619468e-11 
127 -7.51238778388313e-11 
128 9.351298653966522e-11 
129 -9.761404627063246e-11 
130 9.657033724932148e-11 
131 -9.637960962390268e-11 
132 9.772950147328979e-11 
133 -7.578173679301415e-11 
134 9.230633404174046e-12 
135 -5.531551502285419e-10 
136 3.119146667621166e-09 
137 -3.2689977357192547e-10 
138 1.641664827599172e-10 
139 -9.58810918130767e-11 
140 9.943734973737457e-11 
141 -6.517041136669992e-11 
142 9.618126184030254e-11 
143 -1.7116006337883037e-10 
144 1.5586010475202226e-10 
145 -6.017175343818862e-11 
146 1.2265700721140595e-09 
147 3.8663352433102297e-11 
148 1.421171119808691e-10 
149 -1.1190574323046941e-10 
150 8.960217700856523e-11 
151 -1.0920989845213148e-11 
152 -8.916300532710746e-11 
153 -1.4735215973316568e-09 
154 5.172493030559899e-10 
155 -2.2610705343777715e-09 
156 -1.7371259945122652e-08 
157 3.3380828989718925e-09 
158 -4.579932716300946e-09 
159 5.916727121364677e-10 
160 1.7041472202310228e-11 
161 -8.5390021356543e-11 
162 1.1222806343918247e-10 
163 -1.2074472360848787e-10 
164 1.559018975553404e-10 
165 -7.550342101605945e-10 
166 -8.025302817985298e-09 
167 5.441561043021122e-10 
168 6.590797896534952e-10 
169 -2.3886465033516627e-10 
170 1.1526769142050044e-10 
171 -1.20057649597473e-10 
172 -3.9317894494631317e-10 
173 -2.2055612210143295e-11 
174 9.29028670623858e-11 
175 -1.1218458108640904e-10 
176 -1.343226395624593e-10 
177 -6.659163462944888e-11 
178 5.2941244252990025e-11 
179 -1.1899409554490514e-10 
180 9.78837997651588e-10 
181 -1.3642442721944498e-09 
182 1.0621902168204583e-10 
183 -3.069191941664871e-11 
184 5.182716085124003e-10 
185 -5.933902446295034e-10 
186 1.931683324100861e-09 
187 -1.4257312469633242e-09 
188 -1.9026929919150133e-08 
189 9.336913472267339e-08 
190 -1.1778578763342054e-07 
191 -7.727850899581172e-07 
192 5.125857883749557e-06 
193 -1.1860226046118957e-05 
194 -2.8072086060493633e-05 
195 0.00022940886465734988 
196 -0.0009491615037191691 
197 0.004101831181662137 
