2 -0.9800079688045863 
3 0.9788888413148666 
4 -0.978317060074566 
5 0.9783621002327323 
6 -0.978427320990504 
7 0.9784340925260611 
8 -0.9784265368511766 
9 0.9784247670947586 
10 -0.9784260795842389 
11 0.9784265509719028 
12 -0.9784262800818548 
13 0.9784261465321853 
14 -0.9784262113531497 
15 0.9784262533144168 
16 -0.9784262381373419 
17 0.9784262246422288 
18 -0.9784262281314755 
19 0.9784262326063298 
20 -0.9784262316671101 
21 0.9784262307974892 
22 -0.9784262301334254 
23 0.9784262307353151 
24 -0.9784262312789863 
25 0.9784262313887193 
26 -0.9784262312634454 
27 0.9784262308203873 
28 -0.9784262307984039 
29 0.9784262308247119 
30 -0.9784262307987679 
31 0.9784262308533132 
32 -0.9784262308693428 
33 0.9784262308611485 
34 -0.9784262308642938 
35 0.9784262308664621 
36 -0.9784262308660906 
37 0.9784262308657159 
38 -0.9784262308656899 
39 0.9784262308657472 
40 -0.978426230865713 
41 0.978426230865753 
42 -0.9784262308657851 
43 0.9784262308657485 
44 -0.9784262308656275 
45 0.9784262308657842 
46 -0.9784262308660931 
47 0.9784262308657156 
48 -0.9784262308648688 
49 0.9784262308655096 
50 -0.9784262308675676 
51 0.9784262308671612 
52 -0.9784262308636571 
53 0.9784262308612005 
54 -0.9784262308637292 
55 0.9784262308796923 
56 -0.9784262308769203 
57 0.9784262307620684 
58 -0.9784262305395257 
59 0.9784262320023457 
60 -0.9784262310087416 
61 0.9784262306603544 
62 -0.9784262306086117 
63 0.978426232268512 
64 -0.9784262299604106 
65 0.9784262316748891 
66 -0.9784262321113131 
67 0.9784262337719885 
68 -0.9784262311459576 
69 0.9784262300550227 
70 -0.9784262302631301 
71 0.978426228525348 
72 -0.9784262322421922 
73 0.9784262316698351 
74 -0.9784262305963851 
75 0.9784262311051495 
76 -0.9784262309882213 
77 0.9784262313056664 
78 -0.9784262318667378 
79 0.9784262320386196 
80 -0.9784262325534161 
81 0.9784262325634843 
82 -0.9784262316021035 
83 0.978426230969331 
84 -0.9784262309100639 
85 0.9784262306289797 
86 -0.9784262307453524 
87 0.9784262308803577 
88 -0.9784262306880347 
89 0.9784262308589958 
90 -0.9784262308730176 
91 0.9784262308942637 
92 -0.9784262308722589 
93 0.9784262308168455 
94 -0.9784262308326398 
95 0.978426230999893 
96 -0.9784262309977575 
97 0.978426230498633 
98 -0.9784262303785538 
99 0.9784262318600643 
100 -0.9784262326015283 
101 0.9784262281550572 
102 -0.9784262246433642 
103 0.9784262380656346 
104 -0.9784262530106267 
105 0.978426211194959 
106 -0.9784261477088951 
107 0.9784262808278894 
108 -0.9784265507822368 
109 0.9784260792750656 
110 -0.9784247670769052 
111 0.9784265369117626 
112 -0.9784340925512621 
113 0.9784273209703511 
114 -0.9783621002222309 
115 0.9783170600777203 
116 -0.9788888413221857 
117 0.9800079688064157 
