2 0.0013057095960719322 
3 -0.00016037841392971706 
4 2.6883721863290988e-05 
5 -3.978216682862956e-06 
6 1.9619501552295246e-08 
7 6.189851544904846e-08 
8 -1.4217102056273878e-08 
9 1.8703692040285633e-09 
10 1.5124249951752869e-09 
11 2.029417857925688e-08 
12 -1.1970697848698833e-09 
13 3.6406175565354298e-09 
14 1.662212813735373e-08 
15 1.7201158029584286e-09 
16 -4.2052616913401865e-11 
17 -3.424316890947007e-10 
18 -5.360693337051282e-10 
19 -1.66556614609817e-10 
20 -1.5409682463762563e-10 
21 -1.5264083092875847e-09 
22 -3.107456449446721e-10 
23 1.8743607704364803e-10 
24 1.9574182760583992e-11 
25 1.3791860893303942e-09 
26 -1.124090705156803e-09 
27 -9.41946176319719e-09 
28 3.3117851769480136e-09 
29 -3.9100995400237343e-10 
30 1.8062382892577924e-11 
31 2.3335066242213213e-11 
32 -1.1937498969690884e-11 
33 -2.6064749688290965e-11 
34 -2.7715907969974894e-10 
35 2.630711320656137e-11 
36 1.2933010402582612e-10 
37 -6.308227825492824e-10 
38 -5.1324626983744375e-11 
39 1.4981318334373194e-10 
40 3.5028568017663568e-09 
41 4.202041225628801e-09 
42 -3.3941298291829e-10 
43 2.6950006879677946e-10 
44 5.577694329797661e-10 
45 -3.075723103416783e-10 
46 -2.946611301948913e-10 
47 6.402523671055016e-11 
48 1.0395778402710985e-09 
49 -2.990138450544214e-10 
50 -3.755497320847923e-10 
51 1.395486074773128e-10 
52 1.6847272652189963e-10 
53 1.0317493961757011e-09 
54 -3.7931048635483356e-11 
55 1.2939943372801636e-10 
56 -1.1636088628132793e-10 
57 5.7865087441792807e-11 
58 1.514574797633315e-12 
59 5.168935985710057e-10 
60 -4.2393774282170947e-10 
61 6.388009444917331e-09 
62 1.211335676707089e-08 
63 1.1111024196994736e-07 
64 -9.392805208244479e-09 
65 5.514779140405552e-10 
66 -8.625140811557485e-11 
67 1.3266260223211899e-11 
68 -8.843104538236234e-12 
69 -2.2876440639542312e-11 
70 -2.970770777430741e-10 
71 -3.992184932887063e-09 
72 2.479863430695511e-10 
73 -5.382359809058218e-10 
74 -1.4115285501576536e-10 
75 2.03975247252864e-11 
76 -5.470299614637748e-12 
77 7.005148323963715e-12 
78 4.769625090463077e-11 
79 -3.1881498732387355e-10 
80 -6.576679474135832e-09 
81 -2.0334388948912933e-10 
82 3.614637798123004e-10 
83 -2.552700158016433e-11 
84 1.1121287277764669e-09 
85 4.063529326905866e-10 
86 1.7255691105006666e-10 
87 1.944218394403258e-11 
88 8.41544214694138e-10 
89 4.578408057791312e-09 
90 4.4430369586131086e-08 
91 -2.567153724928659e-09 
92 6.290841977182831e-10 
93 1.1967384499809612e-08 
94 -3.98691174598533e-10 
95 -1.7998128811537402e-09 
96 6.151472690590159e-11 
97 -3.94735102668182e-10 
98 2.0095700043819032e-10 
99 7.627822827361571e-11 
100 -3.034289990589347e-11 
101 2.227692032405888e-10 
102 -1.893277143452056e-09 
103 3.7423134352361276e-09 
104 1.0456058593077009e-07 
105 1.0678436422640324e-08 
106 5.077704812244693e-10 
107 -6.80345785406092e-11 
108 3.8658199197277554e-11 
109 -1.9443718435875294e-10 
110 -9.231247798894697e-12 
111 3.735903481618298e-12 
112 3.5500930962240854e-11 
113 3.762651847062482e-12 
114 -3.449429301074131e-09 
115 -3.306707520375512e-09 
116 -3.080218645014571e-09 
117 6.493715812906316e-10 
118 1.179710570903708e-10 
119 1.903181016918856e-11 
120 -6.045619746345698e-11 
121 -1.0274515268257817e-09 
122 -5.550396821239864e-11 
123 -6.034539327148604e-11 
124 -4.428352700281945e-10 
125 -1.0776429493448026e-08 
126 3.102688821482652e-09 
127 1.7181594390915702e-09 
128 -5.080773741525753e-10 
129 -8.539362355758717e-09 
130 -8.519310598171018e-12 
131 -5.338544771957881e-10 
132 -1.3553118657808406e-11 
133 1.85206558162762e-10 
134 1.6199451530161057e-09 
135 3.626667034598023e-11 
136 -5.597416083482439e-10 
137 9.741240905439672e-11 
138 -4.2303391610575406e-11 
139 -4.45661239801065e-12 
140 -3.3550232288443464e-11 
141 -3.3007214935134615e-10 
142 3.741645253692137e-11 
143 -9.873250063119723e-11 
144 -7.042102273018242e-10 
145 -9.151617283431356e-09 
146 9.265629380299736e-10 
147 2.0266027952951274e-09 
148 -1.5371071466223952e-10 
149 -2.7107509462615223e-10 
150 -1.2818467181858877e-11 
151 9.208939501942378e-12 
152 2.8802430610779474e-14 
153 4.1935359271137787e-10 
154 8.853487798883839e-10 
155 -3.0505202916513492e-09 
156 -1.8867268947608256e-12 
157 -6.692821044821905e-10 
158 8.039634107537965e-12 
159 1.626682041876316e-11 
160 -3.1247587240944503e-10 
161 7.55500387113572e-12 
162 1.0372422014111449e-10 
163 1.2760761117548338e-10 
164 -3.995059846596889e-11 
165 -5.845463290151592e-10 
166 1.944896795367892e-11 
167 2.1961830973927058e-11 
168 -4.3042205167139363e-10 
169 -6.064192762720773e-09 
170 1.7125979832226652e-09 
171 -7.405599485233093e-10 
172 4.2215202245076484e-11 
173 4.429204535650949e-11 
174 -1.4624840913272701e-10 
175 -3.6153289673613664e-11 
176 -1.9540740120602195e-11 
177 -2.0961422596951987e-11 
178 8.438029259826763e-10 
179 -4.854093362255688e-10 
180 2.7339413311270178e-11 
181 -4.315803819215778e-10 
182 3.3670779626844866e-10 
183 -5.238491010631578e-09 
184 -2.494098345839518e-08 
185 1.207425036923791e-08 
186 1.7681679355487333e-08 
187 -9.424869940927072e-10 
188 -7.164034593920667e-10 
189 -1.2807702807256032e-08 
190 2.4753702279970395e-09 
191 -1.4067373665277384e-08 
192 6.200870971905307e-08 
193 1.915447810385708e-08 
194 -3.977993131485337e-06 
195 2.689741333642388e-05 
196 -0.00016037969876653228 
197 0.0013057097129370399 
