2 -0.9988781016702996 
3 0.9987467954598777 
4 -0.9987426092633209 
5 0.9987442938284896 
6 -0.9987444994244035 
7 0.9987444770758965 
8 -0.9987444737238931 
9 0.9987444733215771 
10 -0.9987444737957858 
11 0.9987444742756353 
12 -0.9987444742051725 
13 0.9987444741761107 
14 -0.9987444741714466 
15 0.9987444741717901 
16 -0.9987444741718688 
17 0.9987444741718621 
18 -0.9987444741718279 
19 0.9987444741720108 
20 -0.9987444741718787 
21 0.998744474171857 
22 -0.9987444741718625 
23 0.9987444741718816 
24 -0.9987444741718465 
25 0.9987444741718587 
26 -0.9987444741718704 
27 0.9987444741718565 
28 -0.9987444741718591 
29 0.9987444741718797 
30 -0.9987444741720508 
31 0.9987444741726682 
32 -0.9987444741721242 
33 0.9987444741718576 
34 -0.9987444741718555 
35 0.9987444741718685 
36 -0.9987444741718816 
37 0.9987444741716351 
38 -0.9987444741741343 
39 0.9987444741795156 
40 -0.9987444741712156 
41 0.9987444742379343 
42 -0.9987444741800615 
43 0.9987444741263083 
44 -0.998744474137254 
45 0.998744474168988 
46 -0.9987444741671844 
47 0.9987444741576921 
48 -0.998744474190619 
49 0.9987444741801822 
50 -0.9987444741788247 
51 0.9987444741714278 
52 -0.9987444741717184 
53 0.9987444741718674 
54 -0.99874447417186 
55 0.9987444741718545 
56 -0.9987444741727373 
57 0.998744474167604 
58 -0.998744474170386 
59 0.9987444741641589 
60 -0.9987444741706053 
61 0.9987444741721576 
62 -0.9987444741719065 
63 0.9987444741718432 
64 -0.9987444741720333 
65 0.9987444741718866 
66 -0.9987444741710632 
67 0.998744474171777 
68 -0.9987444741718357 
69 0.9987444741717385 
70 -0.9987444741718721 
71 0.9987444741718603 
72 -0.9987444741718979 
73 0.9987444741718557 
74 -0.9987444741720466 
75 0.9987444741373107 
76 -0.9987444741620307 
77 0.9987444741841612 
78 -0.9987444742390182 
79 0.998744474136556 
80 -0.9987444739956909 
81 0.9987444738153636 
82 -0.9987444740536136 
83 0.9987444744308769 
84 -0.9987444740730608 
85 0.998744474267903 
86 -0.9987444741754047 
87 0.9987444741758389 
88 -0.9987444741997339 
89 0.9987444741741972 
90 -0.9987444741697398 
91 0.9987444741715719 
92 -0.9987444741725631 
93 0.9987444741735139 
94 -0.9987444741836632 
95 0.9987444741775742 
96 -0.9987444741933587 
97 0.9987444741260867 
98 -0.9987444742189644 
99 0.9987444741101598 
100 -0.998744474122241 
101 0.9987444742783708 
102 -0.9987444741926084 
103 0.9987444742137281 
104 -0.9987444741521803 
105 0.9987444741647498 
106 -0.998744474188325 
107 0.998744474176048 
108 -0.9987444741722974 
109 0.9987444741784088 
110 -0.9987444741230175 
111 0.9987444737319267 
112 -0.9987444766782101 
113 0.9987444993404141 
114 -0.9987442937818755 
115 0.9987426090935628 
116 -0.99874679533421 
117 0.9988781016071424 
