2 3 0.0027578723099401306 
3 4 0.002896322830402434 
4 5 0.0029226574661631254 
5 6 0.002925425751208947 
6 7 0.0029254856794259346 
7 8 0.0029254170067267707 
8 9 0.0029253960112471415 
9 10 0.0029253921397708665 
10 11 0.0029253916568350476 
11 12 0.0029253916105302317 
12 13 0.002925391632861439 
13 14 0.002925391654719351 
14 15 0.002925391640726782 
15 16 0.002925391657536158 
16 17 0.0029253916339160102 
17 18 0.0029253916597690175 
18 19 0.002925391657942678 
19 20 0.0029253916486940246 
20 21 0.0029253915560433323 
21 22 0.00292539191706981 
22 23 0.002925394608125153 
23 24 0.002925393368635585 
24 25 0.0029253925869885543 
25 26 0.0029253928076004012 
26 27 0.002925391903033577 
27 28 0.002925391708313939 
28 29 0.002925391643242227 
29 30 0.002925391665903289 
30 31 0.0029253916621869696 
31 32 0.002925391561893933 
32 33 0.0029253913379515403 
33 34 0.002925391546657387 
34 35 0.0029253916310865045 
35 36 0.0029253916517502977 
36 37 0.0029253916587758883 
37 38 0.002925391663110345 
38 39 0.0029253915465008557 
39 40 0.002925391423529573 
40 41 0.0029253915674179133 
41 42 0.0029253917190479356 
42 43 0.002925391685721688 
43 44 0.0029253916811608637 
44 45 0.0029253917264466557 
45 46 0.002925391681472147 
46 47 0.002925391632881495 
47 48 0.0029253916671211034 
48 49 0.002925391767323069 
49 50 0.0029253914856453697 
50 51 0.002925391744277922 
51 52 0.0029253916382291877 
52 53 0.002925391481169529 
53 54 0.0029253916588984656 
54 55 0.0029253918576256266 
55 56 0.0029253917410040414 
56 57 0.0029253916823455796 
57 58 0.0029253916637729466 
58 59 0.0029253916624421873 
59 60 0.002925391684005014 
60 61 0.002925391635350415 
61 62 0.002925391779272896 
62 63 0.002925391694924029 
63 64 0.0029253916657607077 
64 65 0.0029253916571180976 
65 66 0.002925391653469774 
66 67 0.002925391651985248 
67 68 0.002925391657368288 
68 69 0.002925391656197379 
69 70 0.0029253916946903745 
70 71 0.0029253917206530033 
71 72 0.002925391636059112 
72 73 0.0029253926248497025 
73 74 0.002925392648614895 
74 75 0.0029253899152685346 
75 76 0.002925390273148551 
76 77 0.002925391240457128 
77 78 0.0029253915631746587 
78 79 0.002925391629713777 
79 80 0.0029253918251605357 
80 81 0.0029253915719146045 
81 82 0.0029253906837763684 
82 83 0.002925391361793436 
83 84 0.0029253914495644536 
84 85 0.0029253916085576147 
85 86 0.0029253916494144977 
86 87 0.0029253916538683556 
87 88 0.0029253916529705924 
88 89 0.002925391654055748 
89 90 0.002925391645522866 
90 91 0.0029253916607112625 
91 92 0.002925391706024033 
92 93 0.0029253916097818195 
93 94 0.0029253915063395725 
94 95 0.0029253915949870755 
95 96 0.002925391642525258 
96 97 0.0029253916538130695 
97 98 0.0029253916485328505 
98 99 0.0029253916511629255 
99 100 0.0029253916136401763 
100 101 0.002925391649601801 
101 102 0.0029253917829550765 
102 103 0.0029253921566657964 
103 104 0.002925391617626288 
104 105 0.0029253910757431408 
105 106 0.002925391207013267 
106 107 0.0029253915253122267 
107 108 0.0029253916672460512 
108 109 0.0029253917182129833 
109 110 0.002925391635300121 
110 111 0.002925391674384006 
111 112 0.002925391658005383 
112 113 0.0029253916545567134 
113 114 0.002925391660024077 
114 115 0.00292539165166228 
115 116 0.0029253916422547974 
116 117 0.002925391647968686 
117 118 0.0029253916553410374 
118 119 0.002925391667506418 
119 120 0.002925391661836595 
120 121 0.002925391656344616 
121 122 0.0029253916601432997 
122 123 0.0029253916709768403 
123 124 0.002925391683438075 
124 125 0.0029253916787336147 
125 126 0.0029253916873595662 
126 127 0.0029253915932110556 
127 128 0.002925391539110937 
128 129 0.0029253916870388566 
129 130 0.0029253917458100277 
130 131 0.0029253917489037175 
131 132 0.002925391999306234 
132 133 0.0029253915241767288 
133 134 0.002925391204111841 
134 135 0.0029253912288779256 
135 136 0.0029253915613424767 
136 137 0.0029253917032280425 
137 138 0.0029253914246357357 
138 139 0.0029253915046707343 
139 140 0.002925391619292337 
140 141 0.002925391557931993 
141 142 0.002925391456311148 
142 143 0.002925391647830731 
143 144 0.002925391703442286 
144 145 0.002925391679851603 
145 146 0.002925391671518238 
146 147 0.002925391319923877 
147 148 0.0029253911304761068 
148 149 0.002925391664139979 
149 150 0.0029253925544215475 
150 151 0.002925392703154591 
151 152 0.002925391883908266 
152 153 0.002925391328687309 
153 154 0.0029253912559059764 
154 155 0.0029253915818608844 
155 156 0.0029253916318448866 
156 157 0.00292539166624789 
157 158 0.0029253917628155037 
158 159 0.0029253916969577483 
159 160 0.00292539173919148 
160 161 0.002925391822248499 
161 162 0.002925391757674836 
162 163 0.002925391686001421 
163 164 0.0029253921225245536 
164 165 0.002925392255120529 
165 166 0.0029253918363303802 
166 167 0.002925391730507271 
167 168 0.0029253917496758833 
168 169 0.0029253917161430843 
169 170 0.002925391669019669 
170 171 0.0029253916595809682 
171 172 0.00292539165842823 
172 173 0.0029253916554503228 
173 174 0.0029253916580847784 
174 175 0.002925391652387146 
175 176 0.002925391675492134 
176 177 0.0029253917241653885 
177 178 0.0029253916728084373 
178 179 0.002925391659590523 
179 180 0.002925391656936173 
180 181 0.0029253916891810628 
181 182 0.0029253917451373046 
182 183 0.0029253914754093576 
183 184 0.002925389627469482 
184 185 0.0029253910699856304 
185 186 0.002925391527622914 
186 187 0.0029253916239359605 
187 188 0.0029253916506388686 
188 189 0.0029253916062570457 
189 190 0.002925392075185797 
190 191 0.0029253960178601437 
191 192 0.0029254169719425136 
192 193 0.0029254855676392696 
193 194 0.002925425604033867 
194 195 0.0029226573163192056 
195 196 0.002896322765011395 
196 197 0.0027578722537487457 
197 198 0.002322294998699881 
