2 3 0.0006314277398162405 
3 4 4.113613805890213e-05 
4 5 1.865478079632496e-05 
5 6 2.247510866919047e-06 
6 7 6.905186478937711e-07 
7 8 1.330320683635133e-07 
8 9 3.479074191403467e-08 
9 10 8.532036277985031e-09 
10 11 2.2132050221453494e-09 
11 12 6.00070780802709e-10 
12 13 1.6194397809161684e-10 
13 14 4.583421202606147e-11 
14 15 1.287490947982921e-11 
15 16 3.7300505619673516e-12 
16 17 1.078415708878937e-12 
17 18 3.171777330640257e-13 
18 19 9.36021187287806e-14 
19 20 2.8324997623087474e-14 
20 21 8.16073262093155e-15 
21 22 2.461393334081071e-15 
22 23 7.456013714354377e-16 
23 24 2.2676807687723715e-16 
24 25 6.920280653548999e-17 
25 26 2.4321613595740833e-16 
26 27 6.486345358007567e-18 
27 28 1.9876160673420826e-18 
28 29 6.068474645431807e-19 
29 30 1.8466572355612637e-19 
30 31 5.550617736934869e-20 
31 32 1.6466496849465357e-20 
32 33 4.1940744404865505e-21 
33 34 -4.4408817190775165e-16 
34 35 2.220448069431304e-16 
35 36 -4.440892098500627e-16 
36 37 0.0 
37 38 0.0 
38 39 0.0 
39 40 4.440892098500625e-16 
40 41 -4.440892098500627e-16 
41 42 0.0 
42 43 4.440892098500625e-16 
43 44 0.0 
44 45 -4.440892098500627e-16 
45 46 0.0 
46 47 0.0 
47 48 0.0 
48 49 -4.440892098500627e-16 
49 50 -4.440892098500627e-16 
50 51 -4.440892098500627e-16 
51 52 4.440892098500625e-16 
52 53 0.0 
53 54 -4.440892098500627e-16 
54 55 -4.440892098500627e-16 
55 56 0.0 
56 57 -4.440892098500627e-16 
57 58 -4.440892098500627e-16 
58 59 0.0 
59 60 4.440892098500625e-16 
60 61 -4.440892098500627e-16 
61 62 0.0 
62 63 -4.440892098500627e-16 
63 64 0.0 
64 65 0.0 
65 66 0.0 
66 67 -4.440892098500627e-16 
67 68 0.0 
68 69 0.0 
69 70 -4.440892098500627e-16 
70 71 0.0 
71 72 -4.440892098500627e-16 
72 73 -4.440892098500627e-16 
73 74 -4.440892098500627e-16 
74 75 0.0 
75 76 0.0 
76 77 0.0 
77 78 0.0 
78 79 -4.440892098500627e-16 
79 80 0.0 
80 81 4.440899095857244e-16 
81 82 7.663606882845794e-21 
82 83 9.138183474370439e-20 
83 84 6.695948278459987e-19 
84 85 6.133988576627747e-18 
85 86 3.090947426975935e-17 
86 87 2.154679234394986e-16 
87 88 7.936448210711999e-16 
88 89 4.019276787217734e-15 
89 90 1.3409865691727467e-14 
90 91 9.850341290929404e-14 
91 92 3.185252026485865e-13 
92 93 3.7472815167965723e-13 
93 94 3.765872802204947e-13 
94 95 3.7121584509853914e-13 
95 96 3.706175350437817e-13 
96 97 3.7110095554635773e-13 
97 98 3.724167719850402e-13 
98 99 3.7744298595631443e-13 
99 100 3.959452073158319e-13 
100 101 4.579901791809126e-13 
101 102 6.7741456050098e-13 
102 103 1.4306775364249523e-12 
103 104 4.072080915946062e-12 
104 105 1.3207073713824616e-11 
105 106 4.615564085533563e-11 
106 107 1.6226290269142236e-10 
107 108 6.00394597592737e-10 
108 109 2.2135987267987343e-09 
109 110 8.532418764823942e-09 
110 111 3.4791018972505224e-08 
111 112 1.3303232426508071e-07 
112 113 6.905190550441859e-07 
113 114 2.247510737230846e-06 
114 115 1.8654781713188143e-05 
115 116 4.1136137207263245e-05 
116 117 0.0006314277453271685 
117 118 0.0006230515887823805 
