2 3 0.08603986315011863 
3 4 0.09407838141731306 
4 5 0.09655439960553851 
5 6 0.09729237232043864 
6 7 0.0975080223235474 
7 8 0.09757024229447353 
8 9 0.09758804046724781 
9 10 0.0975931009927126 
10 11 0.09759453352056427 
11 12 0.09759493769845838 
12 13 0.09759505144329567 
13 14 0.09759508338953274 
14 15 0.097595092348559 
15 16 0.09759509485647269 
16 17 0.09759509555679356 
17 18 0.09759509575256986 
18 19 0.09759509580643572 
19 20 0.09759509582108843 
20 21 0.09759509582583623 
21 22 0.09759509582741294 
22 23 0.09759509582792497 
23 24 0.0975950958280944 
24 25 0.09759509582985644 
25 26 0.09759509582344161 
26 27 0.09759509582182171 
27 28 0.09759509582454537 
28 29 0.09759509582409381 
29 30 0.09759509580078685 
30 31 0.09759509584582568 
31 32 0.0975950958420079 
32 33 0.0975950958344753 
33 34 0.09759509583052313 
34 35 0.09759509582892921 
35 36 0.09759509582961944 
36 37 0.09759509594858423 
37 38 0.09759509531704937 
38 39 0.09759509629855141 
39 40 0.09759509555530843 
40 41 0.0975950955394061 
41 42 0.0975950956173092 
42 43 0.09759509550273646 
43 44 0.09759509483591713 
44 45 0.09759509234024089 
45 46 0.09759508338695101 
46 47 0.09759505144259732 
47 48 0.0975949376982755 
48 49 0.09759453352052289 
49 50 0.09759310099270625 
50 51 0.09758804046725869 
51 52 0.09757024229450448 
52 53 0.09750802232359364 
53 54 0.09729237232048843 
54 55 0.09655439960559158 
55 56 0.09407838141735947 
56 57 0.0860398631501391 
57 58 0.06157775210974785 
