2 -0.33751520267605106 
3 -0.3433764612721534 
4 -0.34639492201379796 
5 -0.3462918478325486 
6 -0.34594633099005995 
7 -0.3457669248141298 
8 -0.345728727258437 
9 -0.3457436517806322 
10 -0.3457587252756029 
11 -0.3457632422996116 
12 -0.34576229603866393 
13 -0.3457608598475353 
14 -0.3457604033777791 
15 -0.34576052986522304 
16 -0.34576069994270275 
17 -0.34576074473019774 
18 -0.3457607195155401 
19 -0.3457606952323813 
20 -0.3457606909040698 
21 -0.34576069586741226 
22 -0.3457606994882746 
23 -0.34576069970649187 
24 -0.34576069871079035 
25 -0.34576069822752115 
26 -0.3457606983797394 
27 -0.34576069879565635 
28 -0.3457606970379576 
29 -0.34576069940576404 
30 -0.34576070130775644 
31 -0.34576070568919853 
32 -0.34576070293870376 
33 -0.345760699851658 
34 -0.34576069809864085 
35 -0.3457606980808205 
36 -0.3457606982040649 
37 -0.3457606982800334 
38 -0.34576069830891454 
39 -0.345760698338686 
40 -0.3457606984319009 
41 -0.34576069846499624 
42 -0.3457606984515011 
43 -0.34576069844078117 
44 -0.3457606984451195 
45 -0.3457606984140641 
46 -0.3457606984348787 
47 -0.34576069840656937 
48 -0.3457606984016537 
49 -0.3457606983895706 
50 -0.345760698565565 
51 -0.3457606984919622 
52 -0.3457606980985711 
53 -0.3457606979865326 
54 -0.34576069889542094 
55 -0.34576069948984733 
56 -0.34576069844340845 
57 -0.34576069168555745 
58 -0.3457606923911211 
59 -0.34576069741849846 
60 -0.3457607028834351 
61 -0.34576070146305027 
62 -0.34576070035064144 
63 -0.3457606992514103 
64 -0.3457606986435202 
65 -0.345760699264917 
66 -0.34576069814053007 
67 -0.3457606982310882 
68 -0.34576069837217105 
69 -0.3457606983830442 
70 -0.34576069839663626 
71 -0.34576069840625046 
72 -0.3457606984145534 
73 -0.34576069842091384 
74 -0.34576069842536933 
75 -0.34576069842822127 
76 -0.345760698429738 
77 -0.3457606984306521 
78 -0.34576069843109025 
79 -0.34576069843136015 
80 -0.34576069843133883 
81 -0.34576069843068546 
82 -0.34576069842994944 
83 -0.34576069843092144 
84 -0.3457606984352217 
85 -0.34576069842989626 
86 -0.34576069851091584 
87 -0.3457606981450272 
88 -0.34576069821730854 
89 -0.345760698480187 
90 -0.3457606984492073 
91 -0.3457606984414078 
92 -0.34576069837133905 
93 -0.3457606981906245 
94 -0.34576069816383503 
95 -0.34576069873647647 
96 -0.34576069974274853 
97 -0.3457606995094456 
98 -0.3457606958711861 
99 -0.3457606908791775 
100 -0.34576069509526713 
101 -0.34576071902914535 
102 -0.3457607434328739 
103 -0.345760697243562 
104 -0.3457605255932964 
105 -0.34576039975346384 
106 -0.345760865044385 
107 -0.3457623131388316 
108 -0.3457632636260861 
109 -0.34575873099764554 
110 -0.3457436501608327 
111 -0.3457287244085421 
112 -0.3457669244390729 
113 -0.3459463316230445 
114 -0.34629184821878956 
115 -0.34639492202930344 
116 -0.34337646117613824 
117 -0.33751520264656376 
