0.0 
79.76539085936922 
76.40756714495073 
75.89404852942488 
72.58820265941209 
72.15894368686715 
68.76667327003848 
68.33946106903325 
64.94511649313374 
64.51814323045568 
61.12355702804426 
60.69660417855052 
57.30199734257471 
56.87504603111803 
53.48043764077823 
53.05348643183554 
49.658877937910084 
49.23192673491363 
45.83731823498032 
45.41036703236917 
42.015758532046895 
41.58880732969654 
38.1941988291107 
37.767247626357154 
34.37263912617981 
33.94568792312332 
30.551079423251394 
30.124128220385007 
26.729519720319203 
26.302568518558882 
22.90796001737687 
22.48100881483293 
19.086400314442756 
18.65944911184552 
15.264840611509207 
14.8378894088416 
11.443280908575922 
11.01632970598901 
7.6217212056422206 
7.194770003057894 
3.8001615027084914 
3.3732103001273996 
-0.02139820022527055 
-0.4483494028108195 
-3.84295790315899 
-4.269909105745022 
-7.664517606092703 
-8.091468808678789 
-11.48607730902642 
-11.913028511604283 
-15.307637011960239 
-15.734588214550486 
-19.12919671489392 
-19.55614791747801 
-22.95075641782766 
-23.37770762033646 
-26.772316120762238 
-27.19926732336011 
-30.593875823695882 
-31.02082702627037 
-34.41543552662974 
-34.8423867287569 
-38.23699522956901 
-38.66394643210918 
-42.058554932503306 
-42.485506135084044 
-45.880114635437074 
-46.30706583811969 
-49.701674338369685 
-50.12862554171126 
-53.52323404129627 
-53.95018524395393 
-57.344793744229 
-57.77174494688906 
-61.16635344716202 
-61.593304649753364 
-64.98791315009564 
-65.41486435262975 
-68.80947285302992 
-69.23642405547652 
-72.63103255596344 
-73.05798376020313 
-76.45259225887932 
-76.87954346239128 
-80.27415196180343 
-80.70110317314148 
-84.09571166464087 
-84.52266286850005 
-87.91727136755934 
-88.34422257027266 
-91.73883107049161 
-92.165782273261 
-95.56039077342339 
-95.98734194328863 
-99.38195047673335 
-99.80890167698779 
-103.20351017969492 
-103.63046138194557 
-107.02506988263234 
-107.45202108387858 
-110.84662958558245 
-111.27358078796107 
-114.66818928851515 
-115.09514049146092 
-118.48974899059579 
-118.9167001947396 
-122.31130876308774 
-122.73825921555887 
-126.13287074740032 
-126.55984627639069 
-129.95389221247697 
-130.38432939017414 
-133.78357771831384 
-133.9944447551517 
-140.39860116810777 
-140.92504923003438 
-143.84372203270655 
-143.8842071066227 
-143.95748100329595 
-143.9604293813845 
-143.99695553980015 
-143.99764041277186 
-144.0188696539213 
-144.0195027152568 
-144.03271970443834 
-144.03329710137544 
-144.04187788510106 
-144.04240822939016 
-144.04812026240577 
-144.04861406425974 
-144.05247116718368 
-144.05293767288467 
-144.05556155554495 
-144.05600812342217 
-144.05779827995704 
-144.0582305071999 
-144.05945172872217 
-144.05987376156057 
-144.06070500878812 
-144.06111986309264 
-144.06168348884208 
-144.06209332971872 
-144.06247350192288 
-144.06287986529878 
-144.06313463838578 
-144.06353860516825 
-144.0637080249275 
-144.06411035024277 
-144.0642219910333 
-144.06462319911046 
-144.06469598705158 
-144.06509644032886 
-144.06514331012968 
-144.06554325767203 
-144.06557300439263 
-144.06597261650992 
-144.06599118527745 
-144.066390577661 
-144.0664019596475 
-144.06680121029038 
-144.0668080640037 
-144.06720722499875 
-144.06721130808162 
-144.06761041392784 
-144.06761288397152 
-144.06801195748355 
-144.06801357736867 
-144.068412634125 
-144.06841389655798 
-144.06881294868447 
-144.06881412383032 
-144.06921317749263 
-144.0692143462364 
-144.0696133995049 
-144.06961456819587 
-144.07001362140605 
-144.07001479009713 
-144.070413843306 
-144.07041501199708 
-144.0708140652068 
-144.07081523389783 
-144.0712142871076 
-144.0712154557988 
-144.07161450900824 
-144.0716156776992 
-144.07201473090893 
-144.07201589959996 
-144.0724149528098 
-144.07241612150094 
-144.07281517471063 
-144.07281634340157 
-144.07321539661112 
-144.07321656530215 
-144.07361561851198 
-144.07361678720315 
-144.0740158404129 
-144.07401700910393 
-144.07441606231427 
-144.0744172310054 
-144.07481628421536 
-144.0748174529064 
-144.07521650611577 
-144.07521767480674 
-144.07561672800782 
-144.07561789669901 
-144.07601694991033 
-144.07601811860135 
-144.0764171718164 
-144.0764183405074 
-144.07681739372003 
-144.07681856241103 
-144.07721761561837 
-144.0772187843095 
-144.07761783751963 
-144.07761900621088 
-144.07801805942452 
-144.07801922811555 
-144.078418281392 
-144.07841945008173 
-144.0788185044468 
-144.07881967311707 
-144.07921874402203 
-144.07921991241957 
-144.07961920690227 
-144.07962037197362 
-144.0800223678025 
-144.08002350239613 
-144.08045234700555 
-144.08045289589685 
-144.08304334757426 
-144.08304335453707 
-144.08304335452638 
-158.45754826373414 
-158.5306093264073 
-158.57081691108985 
-158.58782606759618 
-158.5966351093522 
-158.60572620529032 
-158.61382130229148 
-158.61975559437238 
-158.62510032292394 
-158.6291210711788 
-158.63281054447683 
-158.635631683784 
-158.6382551929057 
-158.64028341998178 
-158.6421880927447 
-158.6436722929052 
-158.64507577470428 
-158.6461755531121 
-158.64722065075168 
-158.64804283449845 
-158.6488268232483 
-158.64944352261747 
-158.650031385042 
-158.65049457816096 
-158.65093678456927 
-158.65128562589146 
-158.65161897445122 
-158.65188211734105 
-158.65213370794257 
-158.65233236421406 
-158.6525223257394 
-158.65267231257323 
-158.652815709613 
-158.65292889296612 
-158.65303705647855 
-158.6531223801427 
-158.65320386421914 
-158.65326809032055 
-158.6533293702786 
-158.65337762205868 
-158.65342360948947 
-158.65345977452634 
-158.65349419723324 
-158.6535212299457 
-158.65354691707793 
-158.65356705557738 
-158.65358615942176 
-158.65360110695778 
-158.65361524997044 
-158.65362628540234 
-158.65363670225761 
-158.6536448103399 
-158.65365244459386 
-158.6536583711334 
-158.65366393629463 
-158.65366824451192 
-158.6536722786371 
-158.65367538876083 
-158.65367828740855 
-158.6536805266256 
-158.65368260608804 
-159.57420548693116 
-160.2553349659169 
-160.8636335093357 
-161.04097830150033 
-161.16805806417617 
-161.20570750002358 
-161.24551677914607 
-161.25762287390907 
-161.27450473828017 
-161.2797141866814 
-161.2883235539924 
-161.29098559384917 
-161.29595527502684 
-161.29746940248899 
-161.30062048214543 
-161.30154694708378 
-161.30370167982002 
-161.30430176146953 
-161.30586692048863 
-161.30627659748384 
-161.30746797322718 
-161.30776349631773 
-161.30870225598082 
-161.30892822529827 
-161.30968519370137 
-161.3098678413256 
-161.3104856317867 
-161.31063960916416 
-161.3111449510641 
-161.31127728477972 
-161.31168838362944 
-161.31180147806842 
-161.31213229289048 
-161.31222657820135 
-161.31248899784086 
-161.3125648799273 
-161.31276954965344 
-161.31282829544773 
-161.31298474637921 
-161.31302848119802 
-161.31314508975905 
-161.31317639086402 
-161.31326043265508 
-161.3132818999188 
-161.31333970756052 
-161.31335367794284 
-161.31339080691347 
-161.3133992282022 
-161.31342058832476 
-161.31342499765938 
-161.3134350162259 
-161.31343660039195 
-161.31343968045255 
-161.31343968173954 
-161.31343968214188 
-161.31343968214154 
-161.3134396821419 
-161.31343968214347 
-161.3134396821438 
-161.31343968214586 
-161.31343968214563 
-161.31343968214625 
-161.31343968214745 
-161.31343968217087 
-161.31343968217314 
-161.31343968220122 
-161.31343968222453 
-161.31343968226022 
-161.31343968228722 
-161.3134396823347 
-161.31343968236715 
-161.31343968243047 
-161.3134396824723 
-161.31343968255547 
-161.31343968261083 
-161.31343968271736 
-161.31343968279336 
-161.31343968292484 
-161.31343968303028 
-161.31343968318757 
-161.31343968332962 
-161.3134396837086 
-161.31343968389328 
-161.31343968430494 
-161.31343968475673 
-161.3134396852059 
-161.31343968572506 
-161.3134396862204 
-161.31343968680218 
-161.31343968735914 
-161.31343968799516 
-161.3134396886372 
-161.31343968931068 
-161.31343969015464 
-161.313439691036 
-161.31343969203866 
-161.31343969298595 
-161.31343969408468 
-161.31343969507967 
-161.31343969617038 
-161.31343969724375 
-161.31343969876255 
-161.31343969973014 
-161.31343970242065 
-161.31343970374652 
-161.3134397064804 
-161.31343970812233 
-161.31343971108768 
-161.31343971150832 
-161.31343971439688 
-161.31343971474686 
-161.3134662595709 
-161.3134992892494 
-161.3135217011692 
-161.31354642761025 
-161.31356344508814 
-161.31358184003065 
-161.31359285496396 
-161.31360656406466 
-161.31361483413176 
-161.3136250765571 
-161.31363129833002 
-161.3136389800582 
-161.3136436767032 
-161.31364946694165 
-161.31365302236273 
-161.31365700464957 
-161.3136597134006 
-161.31366272551944 
-161.31366479881362 
-161.31366708817242 
-161.31366868208895 
-161.31367042997712 
-161.31367166045052 
-161.31367300172516 
-161.3136739553224 
-161.31367499029355 
-161.31367573215832 
-161.31367653568722 
-161.31367711518297 
-161.31367774332935 
-161.31367819806715 
-161.31367869292527 
-161.31367905156847 
-161.31367944471336 
-161.3136797291531 
-161.31368004432633 
-161.31368027122127 
-161.31368052625717 
-161.3136807082296 
-161.31368091644183 
-161.3136810630232 
-161.31368124098097 
-161.31368134050294 
-161.31368148713761 
-161.31368156669387 
-161.3136816869168 
-161.3136817500115 
-161.31368184724877 
-161.31368189638673 
-161.3136819727508 
-161.31368201028826 
-161.313682058965 
-161.3136820853055 
-161.31368211706524 
-161.31368213361569 
-161.31368214939724 
-161.3136821597286 
-161.31368216298844 
-161.31368216323332 
-161.31368216331776 
-161.3136821633128 
-161.31368216331754 
-161.31368216331325 
-161.31368216331495 
-161.31368216331546 
-161.31368216331563 
-161.3136821633157 
-161.3136821633157 
-161.3136821633158 
-161.31368216331586 
-161.31368216331603 
-161.31368216331614 
-161.31368216331626 
-161.31368216331632 
-161.31368216331632 
-161.31368216331654 
-161.3136821633168 
-161.31368216331705 
-161.31368216331722 
-161.31368216331728 
-161.3136821633175 
-161.31368216331785 
-161.31368216331808 
-161.31368216331842 
-161.31368216331887 
-161.31368216331938 
-161.31368216331987 
-161.31368216332024 
-161.31368216332098 
-161.3136821633216 
-161.3136821633222 
-161.3136821633228 
-161.31368216334548 
-161.31368216336776 
-161.31368216339118 
-161.31368216341403 
-161.3136821634379 
-161.31368216346115 
-161.31368216348577 
-161.31368216350958 
-161.3136821635346 
-161.31368216355887 
-161.31368216358467 
-161.31368216360949 
-161.313682163636 
-161.31368216366107 
-161.31368216368796 
-161.3136821637133 
-161.31368216374395 
-161.31368216376987 
-161.3136821638011 
-161.31368216382705 
-161.31368216385928 
-161.31368216388566 
-161.31368216391937 
-161.3136821639458 
-161.31368216398138 
-161.31368216401776 
-161.31368216405613 
-161.31368216409587 
-161.31368216413634 
-161.3136821642407 
-161.313682164241 
-161.31368216424116 
-161.31368216424121 
-161.31368216424133 
-161.31368216424138 
-161.31368216424144 
-161.31368216424144 
-161.31368216424156 
-161.31368216424156 
-161.3136821642416 
-161.31368216424178 
-161.31368216424184 
-161.31368216424178 
-161.31368216424184 
-161.31368216424207 
-161.31368216424195 
-161.3136821642423 
-161.31368216424224 
-161.31368216424238 
-161.31368216424246 
-161.31368216424258 
-161.3136821642424 
-161.31368216424246 
-161.31368216424258 
-161.31368216424252 
-161.3136821642426 
-161.31368216424286 
-161.3136821642427 
-161.3136821642427 
-161.3136821642428 
-161.3136821642427 
-161.31368216424258 
-161.3136821642427 
-161.3136821642428 
-161.3136821642428 
-161.31368216424292 
-161.3136821642431 
-161.31368216424298 
-161.31368216424298 
-161.31368216424303 
-161.31368216424337 
-161.31368216424352 
-161.31368216424355 
-161.31368216424366 
-161.31368216424366 
-161.31368216424374 
-161.31368216424377 
-161.31368216424394 
-161.313682164244 
-161.313682164244 
-161.3136821642448 
-161.3136821642431 
-161.31368216424295 
-161.31368216424133 
-161.31368216424121 
-161.31368216424133 
-161.31368216424303 
-161.31368216424326 
-161.31368216424497 
-161.31368216424428 
-161.3136821642441 
-161.31368216424406 
-161.3136821642439 
-161.31368216424374 
-161.31368216424366 
-161.31368216424366 
-161.31368216424366 
-161.31368216424366 
-161.31368216424343 
-161.3136821642431 
-161.31368216424303 
-161.31368216424298 
-161.31368216424298 
-161.31368216424286 
-161.3136821642427 
-161.3136821642428 
-161.3136821642427 
-161.3136821642424 
-161.31368216424235 
-161.31368216424218 
-161.31368216424218 
-161.313682164242 
-161.31368216424184 
-161.3136821642416 
-161.31368216424144 
-161.31368216424138 
-161.31368216424144 
-161.31368216424127 
-161.31368216424121 
-161.31368216424093 
-161.31368216424082 
-161.31368216424053 
-161.3136821642407 
-161.3136821642406 
-161.31368216424053 
-161.3136821642403 
-161.31368216424013 
-161.31368216424005 
-161.31368216423996 
-161.3136821642397 
-161.31368216423968 
-161.31368216423974 
-161.31368216423957 
-161.3136821642394 
-161.31368216423922 
-161.31368216423905 
-161.31368216423877 
-161.31368216423866 
-161.3136821642386 
-161.31368216423843 
-161.3136821642384 
-161.31368216423854 
-161.31368216423837 
-161.31368216423832 
-161.3136821642382 
-161.313682164238 
-161.31368216423797 
-161.31368216423775 
-161.31368216423752 
-161.31368216423752 
-161.31368216423755 
-161.31368216423763 
-161.31368216423746 
-161.31368216423718 
-161.31368216423718 
-161.31368216423712 
-161.31368216423706 
-161.31368216423684 
-161.31368216423678 
-161.31368216423655 
-161.3136821642365 
-161.3136821642365 
-161.31368216423633 
-161.3136821642362 
-161.31368216423604 
-161.31368216423593 
-161.31368216423587 
-161.31368216423547 
-161.31368216423542 
-161.31368216423536 
-161.31368216423536 
-161.31368216423525 
-161.31368216423513 
-161.31368216423496 
-161.3136821642349 
-161.3136821642348 
-161.31368216423445 
-161.31368216423456 
-161.31368216423445 
-161.31368216423428 
-161.31368216423422 
-161.313682164234 
-161.31368216423394 
-161.31368216423382 
-161.31368216423377 
-161.3136821642337 
-161.3136821642334 
-161.3136821642333 
-161.31368216423326 
-161.31368216423303 
-161.31368216423274 
-161.31368216423266 
-161.31368216423257 
-161.3136821642324 
-161.31368216423235 
-161.31368216423226 
-161.31368216423206 
-161.31368216423155 
-161.3136821642298 
-161.31368216423417 
-161.3136821642294 
-161.31368216423417 
-161.31368216422985 
-161.3136821642315 
-161.31368216423218 
-161.3136821642323 
-161.31368216423223 
-161.3136821642323 
-161.3136821642324 
-161.31368216423257 
-161.3136821642328 
-161.31368216423311 
-161.31368216423317 
-161.3136821642333 
-161.31368216423337 
-161.31368216423354 
-161.31368216423377 
-161.31368216423382 
-161.31368216423388 
-161.313682164234 
-161.31368216423405 
-161.3136821642341 
-161.3136821642344 
-161.3136821642344 
-161.3136821642344 
-161.31368216423462 
-161.31368216423468 
-161.31368216423468 
-161.31368216423485 
-161.3136821642349 
-161.31368216423496 
-161.31368216423525 
-161.31368216423513 
-161.31368216423516 
-161.31368216423525 
-161.31368216423547 
-161.31368216423564 
-161.3136821642356 
-161.31368216423553 
-161.3136821642357 
-161.31368216423581 
-161.31368216423593 
-161.31368216423616 
-161.31368216423604 
-161.31368216423638 
-161.31368216423644 
-161.3136821642365 
-161.31368216423655 
-161.31368216423667 
-161.31368216423667 
-161.31368216423672 
-161.31368216423672 
-161.3136821642369 
-161.313682164237 
-161.31368216423724 
-161.31368216423712 
-161.3136821642373 
-161.3136821642374 
-161.31368216423763 
-161.31368216423758 
-161.31368216423758 
-161.31368216423758 
-161.31368216423758 
-161.31368216423752 
-161.31368216423763 
-161.31368216423786 
-161.31368216423803 
-161.313682164238 
-161.31368216423812 
-161.31368216423837 
-161.31368216423832 
-161.31368216423843 
-161.31368216423837 
-161.31368216423832 
-161.31368216423854 
-161.31368216423866 
-161.31368216423877 
-161.31368216423883 
-161.31368216423874 
-161.31368216423866 
-161.31368216423883 
-161.313682164239 
-161.31368216423905 
-161.3136821642391 
-161.3136821642393 
-161.3136821642395 
-161.31368216423968 
-161.3136821642399 
-161.31368216424002 
-161.31368216424025 
-161.31368216424042 
-161.31368216424053 
-161.31368216424065 
-161.31368216424065 
-161.31368216424087 
-161.313682164241 
-161.31368216424104 
-161.31368216424121 
-161.31368216424121 
-161.31368216424138 
-161.3136821642415 
-161.3136821642415 
-161.31368216424173 
-161.31368216424195 
-161.31368216424195 
-161.31368216424184 
-161.31368216424178 
-161.3136821642419 
-161.31368216424195 
-161.31368216424212 
-161.31368216424238 
-161.31368216424252 
-161.3136821642432 
-161.31368216424133 
-161.31368216424104 
-161.3136821642394 
-161.3136821642391 
-161.31368216423934 
-161.31368216424093 
-161.31368216424121 
-161.31368216424298 
-161.31368216424224 
-161.31368216424218 
-161.31368216424207 
-161.31368216424184 
-161.3136821642419 
-161.31368216424178 
-161.31368216424173 
-161.31368216424184 
-161.31368216424178 
-161.3136821642416 
-161.31368216424144 
-161.31368216424138 
-161.31368216424133 
-161.31368216424116 
-161.31368216424127 
-161.313682164241 
-161.31368216424104 
-161.31368216424087 
-161.31368216424067 
-161.3136821642406 
-161.31368216424042 
-161.31368216424025 
-161.3136821642402 
-161.31368216424008 
-161.31368216424002 
-161.31368216423974 
-161.31368216423957 
-161.3136821642394 
-161.31368216423917 
-161.3136821642391 
-161.31368216423905 
-161.31368216423886 
-161.31368216423866 
-161.3136821642387 
-161.31368216423866 
-161.3136821642386 
-161.3136821642384 
-161.31368216423843 
-161.3136821642382 
-161.31368216423826 
-161.31368216423826 
-161.31368216423814 
-161.3136821642382 
-161.31368216423792 
-161.31368216423786 
-161.31368216423792 
-161.31368216423763 
-161.31368216423752 
-161.31368216423746 
-161.3136821642374 
-161.3136821642373 
-161.31368216423735 
-161.3136821642373 
-161.31368216423735 
-161.31368216423706 
-161.313682164237 
-161.31368216423695 
-161.31368216423684 
-161.31368216423678 
-161.3136821642366 
-161.3136821642365 
-161.31368216423635 
-161.31368216423633 
-161.31368216423627 
-161.31368216423633 
-161.3136821642361 
-161.31368216423604 
-161.31368216423587 
-161.31368216423564 
-161.31368216423564 
-161.31368216423547 
-161.31368216423547 
-161.3136821642353 
-161.31368216423508 
-161.31368216423513 
-161.31368216423513 
-161.31368216423496 
-161.31368216423468 
-161.3136821642345 
-161.31368216423448 
-161.31368216423456 
-161.3136821642344 
-161.31368216423428 
-161.31368216423422 
-161.31368216423405 
-161.313682164234 
-161.31368216423394 
-161.31368216423377 
-161.31368216423363 
-161.31368216423377 
-161.31368216423348 
-161.31368216423343 
-161.31368216423337 
-161.31368216423326 
-161.3136821642331 
-161.31368216423297 
-161.31368216423274 
-161.31368216423252 
-161.3136821642324 
-161.3136821642323 
-161.31368216423235 
-161.31368216423198 
-161.31368216423172 
-161.3136821642316 
-161.3136821642316 
-161.31368216423152 
-161.31368216423155 
-161.31368216423132 
-161.31368216423093 
-161.3136821642292 
-161.31368216423348 
-161.31368216422882 
