-108.07724504998458 
-108.08164745880183 
-108.08700291402904 
-108.08960155796181 
-108.09098436860282 
-108.09528624385622 
-108.09535671462979 
-108.09535671463026 
-108.09535671462987 
-108.09535671462986 
-108.09535671462976 
-108.09535673277095 
-108.0953869681417 
-108.0954278500376 
-108.09549151484502 
-108.09549151484508 
-108.09698532846029 
-108.11209876389029 
-108.17176730365952 
-108.20886111371843 
-108.212494951434 
-108.26503085103647 
-108.26522672376923 
-108.26522672376919 
-108.2652267237691 
-108.26522672376917 
-108.26522672376919 
-108.2652267390009 
-108.26534338946209 
-108.26546632101632 
-108.26566944935335 
-108.26585296869534 
-108.26599349500141 
-108.26612790050822 
-108.2661319596225 
-108.26613314362062 
-108.26613314417992 
-108.26613314417993 
-108.2661331441801 
-108.26613314418037 
-108.26613314417985 
-108.26613314417989 
-108.26613314418006 
-108.26613314417995 
-108.26613314417988 
-108.26613314418012 
-108.26613314683756 
-108.26613314683766 
-108.26613478269027 
-108.26613631435217 
-108.26613841656165 
-108.26613975061683 
-108.26613975129028 
-108.26613975129035 
-108.26613975129024 
-108.26613975129052 
-108.2661397512903 
-108.26613975129037 
-108.26613975129034 
-108.2661397512904 
-108.26613975129032 
-108.26613975129075 
-108.26613975697924 
-108.26613976631329 
-108.26613977495991 
-108.26613978283447 
-108.26613978283446 
-108.26613978283437 
-108.26613978283434 
-108.2661397828345 
-108.26613978283443 
-108.26613978283447 
-108.26613978283436 
-108.2661397828345 
-108.26613978283432 
-108.26613978283446 
-108.26613978283439 
-108.26613978283437 
-108.26613978283441 
-108.26613978283454 
-108.26613978284882 
-108.26613978286103 
-108.2661397828609 
-108.26613978286112 
-108.26613978286099 
-108.26613978286095 
-108.26613978286125 
-108.26613978286096 
-108.26613978286088 
-108.2661397828611 
-108.26613978286102 
-108.26613978286085 
-108.26613978286099 
-108.26613978286093 
-108.26613978286083 
-108.26613978286095 
-108.26613978286117 
-108.26613978286063 
-108.26613978286042 
-108.26613978286032 
-108.26613978286022 
-108.26613978286015 
-108.26613978286018 
-108.26613978286021 
-108.26613978286011 
-108.26613978286073 
-108.26613978286044 
-108.26613978286025 
-108.26613978286012 
-108.26613978286036 
-108.26613978286044 
-108.26613978286055 
-108.26613978286095 
-108.26613978286078 
-108.26613978286062 
-108.26613978286065 
-108.2661397828607 
-108.2661397828607 
-108.26613978286089 
-108.26613978286092 
-108.26613978286082 
