2 7.542309470184337e-05 
3 -7.476304132029837e-06 
4 6.767378375884015e-07 
5 -3.416772915756213e-08 
6 -8.058646092799997e-10 
7 1.1505099268741799e-10 
8 -1.3257373934178134e-11 
9 9.84661498363706e-12 
10 -9.879149964082696e-12 
11 9.869408660380782e-12 
12 -9.544310951541386e-12 
13 9.888799922671973e-12 
14 -9.583814780117141e-12 
15 7.159918980668627e-12 
16 -1.3635309715504623e-11 
17 9.934996618661665e-12 
18 -9.871960183136945e-12 
19 9.876788323474618e-12 
20 -9.871175160074283e-12 
21 9.872563012282233e-12 
22 -9.79600278591305e-12 
23 1.0276993212594503e-11 
24 -1.1269326061393559e-11 
25 9.841320142822471e-12 
26 -9.876030715616322e-12 
27 9.87381016742335e-12 
28 -9.884359690494422e-12 
29 9.879440392599844e-12 
30 -9.910553348697534e-12 
31 9.896136792025593e-12 
32 -9.880122880487564e-12 
33 9.783608827621047e-12 
34 -9.931457900706743e-12 
35 9.86327973489642e-12 
36 -9.871163727370546e-12 
37 9.874019630057311e-12 
38 -9.908077575235068e-12 
39 9.88602999140131e-12 
40 -9.899379967666203e-12 
41 9.865094020056079e-12 
42 -9.880023225316772e-12 
43 9.892878291509002e-12 
44 -9.873331136372906e-12 
45 9.942568664144358e-12 
46 -9.061944998658297e-12 
47 9.50586527438391e-12 
48 -9.865292322066454e-12 
49 9.887449154545784e-12 
50 -9.878579711862064e-12 
51 9.857869093742118e-12 
52 -1.0002748280953658e-11 
53 9.196323535999957e-12 
54 -6.900647000708865e-12 
55 9.846112463141134e-12 
56 -9.880544825535313e-12 
57 9.90344697483764e-12 
58 -9.041097196781935e-12 
59 9.553607995027542e-12 
60 -9.825174726197469e-12 
61 9.917305413328022e-12 
62 -9.94190825751003e-12 
63 1.0962485556835716e-11 
64 -1.028818462064966e-11 
65 9.908669278036237e-12 
66 -9.878111801213829e-12 
67 9.876843409955848e-12 
68 -9.886539181238516e-12 
69 9.879085251069392e-12 
70 -9.873187531680751e-12 
71 9.876621530093573e-12 
72 -9.874219169987045e-12 
73 9.87921629377831e-12 
74 -9.877913900536698e-12 
75 9.877598806532868e-12 
76 -9.867501919007797e-12 
77 9.83994326313821e-12 
78 -9.836074265586709e-12 
79 9.886103060939323e-12 
80 -9.881313540351849e-12 
81 9.877523290658983e-12 
82 -9.868832457339493e-12 
83 9.892293418898125e-12 
84 -9.877073718231855e-12 
85 9.864644646084913e-12 
86 -9.869361658998427e-12 
87 9.880218134836415e-12 
88 -9.88272859395357e-12 
89 9.877575148845429e-12 
90 -9.841419999186268e-12 
91 9.090220352633193e-12 
92 -9.685704695963793e-12 
93 1.0080433502398269e-11 
94 -9.211421419909436e-12 
95 9.871345712790407e-12 
96 -9.89075014418324e-12 
97 9.82142966630006e-12 
98 -9.872315798698373e-12 
99 9.879548607362037e-12 
100 -9.860251875603995e-12 
101 9.871034778675363e-12 
102 -9.88386654590885e-12 
103 9.877847982003362e-12 
104 -9.848044452165721e-12 
105 9.76430608408091e-12 
106 -1.0248062936782987e-11 
107 9.878547834317484e-12 
108 -9.91731564932296e-12 
109 9.830057806896043e-12 
110 -9.879388151691461e-12 
111 9.872835480811752e-12 
112 -9.925059274956827e-12 
113 9.894187172016332e-12 
114 -9.85682547003397e-12 
115 9.890941407949784e-12 
116 -9.870739531811881e-12 
117 9.878216763319406e-12 
118 -9.874329854206875e-12 
119 9.876539771840098e-12 
120 -9.858878854029802e-12 
121 9.874152851083266e-12 
122 -9.8895969098981e-12 
123 9.849623290629583e-12 
124 -9.94318951785643e-12 
125 9.904442904364662e-12 
126 -9.881539241553937e-12 
127 9.885089180150951e-12 
128 -9.872672769185612e-12 
129 9.870066859872701e-12 
130 -9.87001976028955e-12 
131 9.879276149018212e-12 
132 -9.850241944159784e-12 
133 9.905749527914623e-12 
134 -9.118948825634887e-12 
135 9.63016007030327e-12 
136 -9.87805883518939e-12 
137 1.0007631448712759e-11 
138 -9.806806826236737e-12 
139 9.220001844188854e-12 
140 -1.0349253603307615e-11 
141 9.884143871695458e-12 
142 -9.879994363487447e-12 
143 9.873943530478432e-12 
144 -9.890003365996622e-12 
145 9.871782594437675e-12 
146 -9.876427354205477e-12 
147 9.892094803414026e-12 
148 -9.956678912779206e-12 
149 9.75262291147228e-12 
150 -9.83668123500179e-12 
151 9.894306345386326e-12 
152 -1.0119253947103023e-11 
153 9.80227080267282e-12 
154 -9.868436818306604e-12 
155 9.861522356956499e-12 
156 -9.903428520707513e-12 
157 9.822089901182187e-12 
158 -9.879779746576687e-12 
159 9.880275656862951e-12 
160 -9.894782480673523e-12 
161 9.852272029567653e-12 
162 -9.869290722280098e-12 
163 9.869253915338308e-12 
164 -9.874580102307553e-12 
165 9.873817719250558e-12 
166 -9.872880037887567e-12 
167 9.870725645530702e-12 
168 -9.881350109358694e-12 
169 9.849689076181499e-12 
170 -9.790623707752712e-12 
171 7.606173944679224e-12 
172 -8.073889139137915e-12 
173 9.882720020510356e-12 
174 -9.928432515379735e-12 
175 9.758957277360674e-12 
176 -9.865117661870061e-12 
177 9.87819484660454e-12 
178 -9.786864889334804e-12 
179 9.832852700809886e-12 
180 -9.871638964549276e-12 
181 9.883356238537565e-12 
182 -9.870452990844809e-12 
183 9.875624911251957e-12 
184 -9.877556436471268e-12 
185 9.85153354633619e-12 
186 -9.829019699879314e-12 
187 9.864367609927196e-12 
188 -9.795002210176477e-12 
189 1.0167795980339329e-11 
190 -9.910951477618126e-12 
191 5.784320735227479e-12 
192 9.430119713860189e-11 
193 -7.849355957520839e-10 
194 -3.419631549040415e-08 
195 6.767435325783398e-07 
196 -7.47661508641257e-06 
197 7.542314138650309e-05 
