2 3 0.45381858820199383 
3 4 0.4284307561239764 
4 5 0.4656297098141964 
5 6 0.5278532642477959 
6 7 0.5419553852361513 
7 8 0.5446692831576427 
8 9 0.5793303054580012 
9 10 0.6089199341261885 
10 11 0.6096341366296502 
11 12 0.6172825849274822 
12 13 0.6466434969939665 
13 14 0.6587855814243321 
14 15 0.6575839964085366 
15 16 0.6699124746349685 
16 17 0.6909555236562104 
17 18 0.6944737840385058 
18 19 0.6948869224821236 
19 20 0.7095511563145103 
20 21 0.7222617914388519 
21 22 0.7222178264186438 
22 23 0.7254529600116532 
23 24 0.7395593362478009 
24 25 0.7456840680755831 
25 26 0.7448628973884025 
26 27 0.7509353630030481 
27 28 0.7620943196044045 
28 29 0.7640661377977719 
29 30 0.7639796505825688 
30 31 0.7718241491701039 
31 32 0.7790302994531598 
32 33 0.7789652534491123 
33 34 0.7803881731662784 
34 35 0.7883000463334238 
35 36 0.7919563801024417 
36 37 0.7912742435527308 
37 38 0.7943086860300179 
38 39 0.8007614229339818 
39 40 0.8019976390349115 
40 41 0.8015348277435622 
41 42 0.8056100691454211 
42 43 0.8098964268248722 
43 44 0.8098234130245993 
44 45 0.8099970456406056 
45 46 0.8141680180379125 
46 47 0.8164447900055222 
47 48 0.8157959206226126 
48 49 0.8166461652429302 
49 50 0.8201004678234257 
50 51 0.8209553235471015 
51 52 0.8200825959007082 
52 53 0.8213457041428002 
53 54 0.8237419934883883 
54 55 0.8237095717224274 
55 56 0.8227015020338342 
56 57 0.8240265142842444 
57 58 0.8254539647630494 
58 59 0.8247648237150604 
59 60 0.8235879217152404 
60 61 0.8247648212724122 
61 62 0.8254539639120361 
62 63 0.824026513879935 
63 64 0.8227014987715232 
64 65 0.8237095668415798 
65 66 0.8237419909999739 
66 67 0.8213457013974981 
67 68 0.8200825901531775 
68 69 0.8209553174891745 
69 70 0.8201004643587428 
70 71 0.8166461605793479 
71 72 0.8157959131439204 
72 73 0.8164447839617227 
73 74 0.8141680143161985 
74 75 0.8099970397504743 
75 76 0.8098234054712545 
76 77 0.8098964223299955 
77 78 0.8056100665208921 
78 79 0.8015348226035036 
79 80 0.801997634086033 
80 81 0.8007614224235738 
81 82 0.7943086855782523 
82 83 0.7912742413570483 
83 84 0.7919563800172721 
84 85 0.7883000504945171 
85 86 0.7803881741045683 
86 87 0.7789652534979942 
87 88 0.7790303025703725 
88 89 0.7718241519406511 
89 90 0.7639796487521913 
90 91 0.7640661368921281 
91 92 0.762094322982824 
92 93 0.7509353671281213 
93 94 0.7448628993202617 
94 95 0.7456840711889594 
95 96 0.7395593427901711 
96 97 0.7254529646477638 
97 98 0.7222178324663738 
98 99 0.7222617985291923 
99 100 0.7095511681614951 
100 101 0.694886931480171 
101 102 0.6944737970960349 
102 103 0.6909555387561939 
103 104 0.6699124983824257 
104 105 0.6575840132156661 
105 106 0.6587856053394066 
106 107 0.646643528068996 
107 108 0.6172826117369574 
108 109 0.6096341567528806 
109 110 0.6089199632004512 
110 111 0.5793303449692366 
111 112 0.5446693030408923 
112 113 0.5419554012652363 
113 114 0.5278532729380756 
114 115 0.46562971409975934 
115 116 0.4284307478935057 
116 117 0.45381856867173564 
117 118 0.34310924439347706 
