-181.8535128022554 
-181.8535128022559 
-181.8535128022932 
-181.8535128023311 
-181.85351280236893 
-181.85351280240715 
-181.85351280244518 
-181.85351280248287 
-181.85351280252158 
-181.85351280255898 
-181.8535128025974 
-181.85351280263538 
-181.85351280267332 
-181.8535128027111 
-181.8535128027492 
-181.85351280278744 
-181.8535128028255 
-181.85351280286386 
-181.8535128029018 
-181.85351280293986 
-181.85351280297792 
-181.85351280301617 
-181.85351280305406 
-181.8535128030918 
-181.85351280312878 
-181.85351280316647 
-181.85351280320475 
-181.85351280324267 
-181.8535128032805 
-181.8535128033183 
-181.85351280335718 
-181.853512803395 
-181.85351280343298 
-181.853512803471 
-181.85351280350903 
-181.85351280354652 
-181.8535128035846 
-181.85351280362246 
-181.85351280366015 
-181.8535128036982 
-181.85351280373644 
-181.85351280377478 
-181.85351280381295 
-181.85351280385098 
-181.85351280388898 
-181.8535128039288 
-181.85351280397614 
-181.8535128040505 
-181.8535128041593 
-181.85351280428918 
-181.85351280450578 
-181.85351280500197 
-181.85351280546408 
-181.85351280692055 
-181.85351280801925 
-181.85351280860957 
-181.85351280862895 
-181.85351280862892 
-181.85351280862878 
-181.8535128086294 
-181.85351280862892 
-181.85351280862875 
-181.85351280862898 
-181.85351280863085 
-181.85351280862918 
-181.85351280862946 
-181.85351280862986 
-181.85351280863213 
-181.85351280863364 
-181.85351280863694 
-181.85351280864305 
-181.85351280864626 
-181.8535128086481 
-181.85351280864938 
-181.85351280865018 
-181.85351280865063 
-181.8535128086505 
-181.85351280865044 
-181.85351280865098 
-181.8535128086514 
-181.85351280865166 
-181.85351280865143 
-181.85351280865174 
-181.85351280865194 
-181.85351280865197 
-181.85351280865206 
-181.8535128086519 
-181.85351280865186 
-181.85351280865203 
-181.85351280865208 
-181.85351280865237 
-181.8535128086523 
-181.8535128086525 
-181.8535128086541 
-181.85351280865396 
-181.85351280865422 
-181.85351280865396 
-181.85351280865416 
-181.85351280865413 
-181.8535128086542 
-181.85351280865396 
-181.85351280865396 
-181.85351280865422 
-181.8535128086539 
-181.85351280865405 
-181.85351280865422 
-181.85351280865427 
-181.85351280865459 
-181.8535128086546 
-181.85351280865433 
-181.85351280865473 
-181.8535128086547 
-181.85351280865473 
-181.85351280865493 
-181.85351280865498 
-181.8535128086553 
-181.85351280869364 
-181.85351280873138 
-181.85351280876915 
-181.85351280880727 
-181.8535128088449 
-181.85351280888278 
-181.8535128089204 
-181.8535128089585 
-181.85351280899621 
-181.85351280903464 
-181.85351280907273 
-181.85351280911058 
-181.85351280914853 
-181.85351280918653 
-181.85351280922478 
-181.85351280926213 
-181.85351280930007 
-181.85351280933827 
-181.85351280937613 
-181.8535128094138 
-181.85351280945153 
-181.8535128094893 
-181.85351280952756 
-181.85351280956542 
-181.85351280960347 
-181.85351280964153 
-181.85351280967973 
-181.85351280971776 
-181.85351280975593 
-181.85351280979359 
-181.85351280983156 
-181.85351280986944 
-181.85351280990758 
-181.85351280994553 
-181.85351280998356 
-181.85351281002139 
-181.8535128100596 
-181.85351281009784 
-181.85351281013553 
-181.85351281017398 
-181.85351281021167 
-181.85351281025007 
-181.85351281028812 
-181.85351281032592 
-181.8535128103637 
-181.85351281040366 
-181.8535128104511 
-181.8535128105252 
-181.8535128106339 
-181.85351281076345 
-181.85351281097937 
-181.85351281147598 
-181.853512811938 
-181.85351281339422 
-181.85351281449286 
-181.85351281508278 
-181.8535128151029 
-181.85351281510302 
-181.85351281510302 
-181.85351281510287 
-181.85351281510296 
-181.8535128151032 
-181.85351281510287 
-181.8535128151028 
-181.85351281510327 
-181.8535128151036 
-181.85351281510353 
-181.853512815106 
-181.85351281510762 
-181.85351281511095 
-181.85351281511674 
-181.8535128151202 
-181.8535128151222 
-181.85351281512374 
-181.85351281512445 
-181.85351281512507 
-181.85351281512524 
-181.85351281512536 
-181.85351281512547 
-181.8535128151256 
-181.8535128151255 
-181.8535128151258 
-181.8535128151258 
-181.8535128151256 
-181.8535128151258 
-181.85351281512598 
-181.8535128151263 
-181.85351281512624 
-181.85351281512635 
-181.85351281512644 
-181.85351281512638 
-181.85351281512627 
-181.85351281512658 
-181.85351281512652 
-181.85351281512683 
-181.85351281512658 
-181.8535128151266 
-181.85351281512666 
-181.85351281512678 
-181.85351281512692 
-181.85351281512692 
-181.85351281512715 
-181.8535128151273 
-181.8535128151273 
-181.85351281512723 
-181.8535128151273 
-181.8535128151272 
-181.85351281512746 
-181.8535128151275 
-181.85351281512763 
-181.8535128151278 
-181.853512815128 
-181.85351281512789 
-181.853512815128 
-181.85351281512817 
-181.85351281512834 
-181.85351281512837 
-181.85351281512857 
-181.85351281512862 
-181.85351281512877 
-181.8535128151285 
-181.85351281512834 
-181.85351281512825 
-181.85351281512848 
-181.8535128151286 
-181.85351281512857 
-181.85351281512843 
-181.85351281512854 
-181.85351281512865 
-181.8535128151286 
-181.85351281512865 
-181.8535128151287 
-181.85351281512882 
-181.85351281512877 
-181.85351281512897 
-181.85351281512902 
-181.85351281512882 
-181.8535128151289 
-181.8535128151289 
-181.85351281512897 
-181.85351281512922 
-181.85351281512905 
-181.85351281512928 
-181.85351281512897 
-181.85351281512908 
-181.85351281512914 
-181.85351281512925 
-181.85351281512925 
-181.85351281512922 
-181.8535128151292 
-181.8535128151291 
-181.85351281512948 
-181.85351281512942 
-181.85351281512953 
-181.8535128151294 
-181.85351281512916 
-181.8535128151295 
-181.85351281512948 
-181.85351281512933 
-181.85351281512942 
-181.85351281512962 
-181.85351281512973 
-181.8535128151298 
-181.85351281513022 
-181.8535128151302 
-181.8535128151301 
-181.8535128151303 
-181.85351281513056 
-181.85351281513059 
-181.85351281513027 
-181.85351281513084 
-181.85351281513064 
-181.85351281513084 
-181.85351281513312 
-181.85351281512993 
-181.85351281513107 
-181.8535128151305 
-181.85351281513036 
-181.8535128151328 
-181.85351281513067 
-181.8535128151304 
-181.85351281513007 
-181.85351281512985 
-181.8535128151297 
-181.85351281512982 
-181.85351281512953 
-181.85351281512928 
-181.85351281512905 
-181.8535128151291 
-181.85351281512885 
-181.85351281512877 
-181.85351281512888 
-181.85351281512905 
-181.85351281512862 
-181.85351281512882 
-181.85351281512885 
-181.853512815129 
-181.853512815129 
-181.85351281512877 
-181.85351281512882 
-181.85351281512874 
-181.85351281512868 
-181.85351281512874 
-181.8535128151287 
-181.85351281512888 
-181.85351281512868 
-181.85351281512902 
-181.8535128151287 
-181.8535128151287 
-181.8535128151285 
-181.85351281512848 
-181.85351281512854 
-181.85351281512848 
-181.85351281512862 
-181.85351281512888 
-181.853512815129 
-181.85351281512865 
-181.85351281512862 
-181.8535128151288 
-181.85351281512865 
-181.85351281512885 
-181.85351281512885 
-181.85351281512897 
-181.85351281512897 
-181.85351281512894 
-181.85351281512888 
-181.85351281512885 
-181.853512815129 
-181.85351281512894 
-181.85351281512925 
-181.85351281512905 
-181.8535128151291 
-181.8535128151289 
-181.85351281512914 
-181.8535128151291 
-181.85351281512908 
-181.85351281512914 
-181.85351281512933 
-181.85351281512936 
-181.85351281512936 
-181.85351281512936 
-181.8535128151295 
-181.85351281512945 
-181.85351281512968 
-181.85351281512976 
-181.85351281512996 
-181.85351281513007 
-181.8535128151299 
-181.85351281512987 
-181.85351281512987 
-181.85351281512985 
-181.8535128151298 
-181.85351281512996 
-181.8535128151302 
-181.85351281513013 
-181.85351281513022 
-181.8535128151304 
-181.85351281513024 
-181.85351281513013 
-181.8535128151302 
-181.85351281513013 
-181.8535128151299 
-181.85351281513005 
-181.85351281512985 
-181.85351281512962 
-181.85351281512968 
-181.85351281512976 
-181.85351281512928 
-181.8535128151292 
-181.8535128151291 
-181.8535128151291 
-181.85351281512905 
-181.85351281512888 
-181.85351281512894 
-181.85351281512877 
-181.85351281512894 
-181.85351281512908 
-181.85351281512882 
-181.85351281512888 
-181.85351281512888 
-181.85351281512882 
-181.8535128151287 
-181.85351281512868 
-181.85351281512888 
-181.85351281512868 
-181.8535128151285 
-181.85351281513096 
-181.85351281512794 
-181.8535128151278 
-181.8535128151277 
-181.85351281512757 
