2 -0.6790811275695078 
3 -0.6852789692762601 
4 -0.6257561126191717 
5 -0.6085305373315167 
6 -0.6246342177040791 
7 -0.6415475625843718 
8 -0.6406393433198957 
9 -0.6346768261195277 
10 -0.6349615265537963 
11 -0.6357376840578535 
12 -0.6316561622181649 
13 -0.6295626392475416 
14 -0.6347265882797317 
15 -0.6398470905956076 
16 -0.6371345836636093 
17 -0.631284507136751 
18 -0.6310418759389979 
19 -0.6351862020186192 
20 -0.6364274269072564 
21 -0.634154101277212 
22 -0.6336677028494431 
23 -0.6355840454921768 
24 -0.6353823805852852 
25 -0.6326979228600051 
26 -0.6323838863823453 
27 -0.6355100274493075 
28 -0.637055459759893 
29 -0.6345688064218298 
30 -0.6322701692555669 
31 -0.6335993245010608 
32 -0.6356974456586573 
33 -0.6350560647655703 
34 -0.6335278768726367 
35 -0.6342368664543558 
36 -0.6356421736580787 
37 -0.634695965159999 
38 -0.6328381028904122 
39 -0.6335305228045918 
40 -0.6358425580517313 
41 -0.6358998437693101 
42 -0.6336706556024706 
43 -0.6329287128739294 
44 -0.634623605627028 
45 -0.6355492265044391 
46 -0.6343058813100215 
47 -0.6335505307198439 
48 -0.6347698898225146 
49 -0.6355016700453231 
50 -0.6340837515723037 
51 -0.6329723811539235 
52 -0.634342869935064 
53 -0.6359804895311072 
54 -0.6350847177230748 
55 -0.6332193350579792 
56 -0.6335086250899855 
57 -0.6351821793520545 
58 -0.6352131897898685 
59 -0.6338276930842386 
60 -0.6338276924296172 
61 -0.6352131892513118 
62 -0.635182178058691 
63 -0.6335086243254056 
64 -0.6332193348761871 
65 -0.6350847185381067 
66 -0.6359804899746069 
67 -0.634342870983021 
68 -0.6329723808055376 
69 -0.6340837508450317 
70 -0.6355016701147099 
71 -0.634769890505744 
72 -0.6335505314380734 
73 -0.6343058816428289 
74 -0.6355492268976763 
75 -0.6346236062846504 
76 -0.632928714006685 
77 -0.6336706566311592 
78 -0.6358998443099865 
79 -0.6358425575887159 
80 -0.6335305213636115 
81 -0.6328381011502617 
82 -0.6346959646531987 
83 -0.635642174080213 
84 -0.6342368675119248 
85 -0.6335278768647323 
86 -0.635056063082639 
87 -0.6356974432905216 
88 -0.6335993231055772 
89 -0.6322701698924368 
90 -0.6345688084347549 
91 -0.6370554618277553 
92 -0.6355100280564695 
93 -0.632383885281384 
94 -0.632697921427972 
95 -0.6353823806107326 
96 -0.6355840473384091 
97 -0.6336677051558247 
98 -0.6341541023027604 
99 -0.6364274263049168 
100 -0.6351862010887316 
101 -0.631041876069302 
102 -0.6312845084667307 
103 -0.6371345852869027 
104 -0.6398470918268571 
105 -0.6347265897945592 
106 -0.6295626402765802 
107 -0.6316561637271008 
108 -0.635737686640493 
109 -0.6349615306212131 
110 -0.6346768304478887 
111 -0.6406393475112283 
112 -0.6415475676923121 
113 -0.6246342211892923 
114 -0.6085305376574328 
115 -0.6257561122907797 
116 -0.6852789696066441 
117 -0.6790811280481731 
