2 -0.8379409883266776 
3 0.819285400224982 
4 -0.80852651012374 
5 0.8017475330730902 
6 -0.7972336357119175 
7 0.7941117995939506 
8 -0.791892023091999 
9 0.7902798493031029 
10 -0.7890891894306381 
11 0.7881978108304823 
12 -0.787522940209006 
13 0.7870071281431206 
14 -0.7866096850758837 
15 0.7863012994078012 
16 -0.7860605503957359 
17 0.7858715903609278 
18 -0.785722568762113 
19 0.7856045414356708 
20 -0.7855107026338206 
21 0.785435834570604 
22 -0.7853759156455861 
23 0.7853278204149354 
24 -0.7852891155074945 
25 0.7852578904555898 
26 -0.785232642595965 
27 0.7852121855560463 
28 -0.7851955787071944 
29 0.7851820735960272 
30 -0.7851710726379996 
31 0.78516209750362 
32 -0.7851547643680361 
33 0.7851487645244979 
34 -0.7851438491384075 
35 0.7851398172288346 
36 -0.7851365061616264 
37 0.7851337840978105 
38 -0.7851315439743891 
39 0.7851296987087272 
40 -0.7851281773625999 
41 0.7851269220670755 
42 -0.7851258855524489 
43 0.7851250291608847 
44 -0.7851243212434477 
45 0.7851237358655714 
46 -0.7851232517592966 
47 0.7851228514743394 
48 -0.7851225206895907 
49 0.7851222476542223 
50 -0.7851220227338369 
51 0.7851218380414158 
52 -0.7851216871383455 
53 0.7851215647921921 
54 -0.7851214667814939 
55 0.7851213897394002 
56 -0.7851213310293249 
57 0.7851212886486044 
58 -0.7851212611553096 
59 0.7851212476159951 
60 -0.7851212475718021 
61 0.7851212610218457 
62 -0.7851212884233164 
63 0.7851213307080862 
64 -0.7851213893163134 
65 0.7851214662491702 
66 -0.7851215641415894 
67 0.7851216863596521 
68 -0.7851218371229597 
69 0.7851220216638742 
70 -0.7851222464209945 
71 0.7851225192813817 
72 -0.785122849880821 
73 0.7851232499732271 
74 -0.7851237338840656 
75 0.7851243190701565 
76 -0.785125026808663 
77 0.7851258830483367 
78 -0.7851269194504542 
79 0.7851281746929676 
80 -0.7851296960689953 
81 0.7851315414723727 
82 -0.7851337818653604 
83 0.7851365043503513 
84 -0.7851398159999259 
85 0.7851438486462133 
86 -0.7851487648827726 
87 0.7851547656099928 
88 -0.785162099543843 
89 0.7851710752427515 
90 -0.7851820763636334 
91 0.7851955810946804 
92 -0.7852121869935487 
93 0.7852326428824421 
94 -0.7852578899890683 
95 0.7852891152849993 
96 -0.7853278210192719 
97 0.7853759159152045 
98 -0.7854358355773811 
99 0.7855107026343615 
100 -0.7856045414645819 
101 0.7857225687167202 
102 -0.785871590354884 
103 0.7860605504467756 
104 -0.7863012994056681 
105 0.786609685082879 
106 -0.7870071281427936 
107 0.7875229402086613 
108 -0.7881978108301199 
109 0.7890891894303487 
110 -0.7902798493029118 
111 0.791892023091869 
112 -0.7941117995938609 
113 0.7972336357119069 
114 -0.8017475330731489 
115 0.808526510123826 
116 -0.8192854002250126 
117 0.8379409883267055 
