2 -0.8423998975142946 
3 0.8211014760662194 
4 -0.80735665630969 
5 0.8000467277482988 
6 -0.7960278828807968 
7 0.7938460349767303 
8 -0.7926713617178139 
9 0.7920342431275664 
10 -0.7916851396691965 
11 0.7914904711449487 
12 -0.7913793279343078 
13 0.7913141111987693 
14 -0.7912747186892002 
15 0.7912502548272369 
16 -0.7912346863334049 
17 0.7912245792035417 
18 -0.7912179168278899 
19 0.7912134764291135 
20 -0.7912104942409194 
21 0.7912084810904185 
22 -0.7912071174841491 
23 0.7912061917582873 
24 -0.791205562309641 
25 0.7912051338005652 
26 -0.791204841785995 
27 0.7912046425958293 
28 -0.7912045065923976 
29 0.7912044136401266 
30 -0.7912043500475903 
31 0.7912043064974345 
32 -0.7912042766434755 
33 0.7912042561592237 
34 -0.7912042420919103 
35 0.7912042324240326 
36 -0.7912042257754889 
37 0.7912042212010042 
38 -0.791204218052669 
39 0.7912042158854905 
40 -0.7912042143938214 
41 0.791204213367311 
42 -0.7912042126612997 
43 0.7912042121761219 
44 -0.791204211843056 
45 0.7912042116147162 
46 -0.7912042114584322 
47 0.7912042113517174 
48 -0.79120421127904 
49 0.7912042112297438 
50 -0.7912042111964285 
51 0.7912042111740392 
52 -0.7912042111590991 
53 0.791204211149138 
54 -0.7912042111426513 
55 0.7912042111384764 
56 -0.7912042111358178 
57 0.7912042111341946 
58 -0.7912042111331382 
59 0.7912042111324854 
60 -0.7912042111322217 
61 0.7912042111320651 
62 -0.7912042111321042 
63 0.7912042111321704 
64 -0.7912042111322741 
65 0.7912042111323476 
66 -0.7912042111324554 
67 0.7912042111325689 
68 -0.791204211132663 
69 0.791204211132746 
70 -0.791204211132798 
71 0.7912042111328321 
72 -0.7912042111328949 
73 0.7912042111329639 
74 -0.7912042111330826 
75 0.7912042111331927 
76 -0.7912042111332709 
77 0.7912042111333436 
78 -0.7912042111333663 
79 0.7912042111333599 
80 -0.7912042111333413 
81 0.7912042111332708 
82 -0.7912042111333043 
83 0.7912042111333363 
84 -0.7912042111333762 
85 0.7912042111334089 
86 -0.7912042111334266 
87 0.7912042111334285 
88 -0.7912042111334402 
89 0.7912042111334334 
90 -0.7912042111334986 
91 0.7912042111334595 
92 -0.7912042111334284 
93 0.7912042111334066 
94 -0.7912042111333278 
95 0.791204211133362 
96 -0.7912042111333394 
97 0.7912042111332529 
98 -0.7912042111332341 
99 0.7912042111331463 
100 -0.7912042111331418 
101 0.7912042111331574 
102 -0.7912042111331895 
103 0.7912042111331972 
104 -0.7912042111332059 
105 0.7912042111331922 
106 -0.7912042111331944 
107 0.7912042111332126 
108 -0.7912042111332088 
109 0.7912042111331824 
110 -0.791204211133183 
111 0.7912042111332065 
112 -0.7912042111332227 
113 0.7912042111332598 
114 -0.7912042111332751 
115 0.7912042111333447 
116 -0.7912042111333203 
117 0.7912042111333645 
118 -0.7912042111333519 
119 0.7912042111332949 
120 -0.7912042111332669 
121 0.7912042111332677 
122 -0.7912042111332837 
123 0.791204211133319 
124 -0.7912042111333142 
125 0.7912042111333115 
126 -0.7912042111333163 
127 0.7912042111332921 
128 -0.7912042111333175 
129 0.7912042111333274 
130 -0.7912042111333445 
131 0.7912042111333462 
132 -0.7912042111334011 
133 0.7912042111334846 
134 -0.7912042111335986 
135 0.7912042111337795 
136 -0.7912042111340255 
137 0.7912042111343878 
138 -0.791204211134903 
139 0.7912042111355897 
140 -0.7912042111365274 
141 0.7912042111378518 
142 -0.7912042111398397 
143 0.7912042111426703 
144 -0.7912042111468229 
145 0.7912042111528215 
146 -0.7912042111615553 
147 0.7912042111742088 
148 -0.7912042111924436 
149 0.7912042112187242 
150 -0.7912042112567462 
151 0.7912042113116081 
152 -0.7912042113908259 
153 0.7912042115052833 
154 -0.7912042116707163 
155 0.7912042119098234 
156 -0.7912042122554718 
157 0.7912042127552538 
158 -0.7912042134780131 
159 0.7912042145236498 
160 -0.7912042160370308 
161 0.7912042182284366 
162 -0.7912042214034345 
163 0.7912042260067237 
164 -0.7912042326857706 
165 0.7912042423848733 
166 -0.791204256482858 
167 0.7912042769954178 
168 -0.7912043068728855 
169 0.7912043504384344 
170 -0.7912044140338681 
171 0.7912045069706184 
172 -0.7912046429344292 
173 0.7912048420522166 
174 -0.7912051339534631 
175 0.7912055622995534 
176 -0.7912061915280759 
177 0.7912071169715591 
178 -0.7912084802321571 
179 0.791210492979457 
180 -0.7912134747215971 
181 0.7912179146562457 
182 -0.791224576586268 
183 0.791234683343649 
184 -0.7912502515869609 
185 0.7912747153837674 
186 -0.7913141081323182 
187 0.7913793256719559 
188 -0.7914904692277911 
189 0.7916851370745531 
190 -0.7920342406463443 
191 0.792671359774227 
192 -0.7938460335871422 
193 0.7960278829984718 
194 -0.8000467289309406 
195 0.8073566564185469 
196 -0.8211014774891785 
197 0.8423998981267798 
