2 3 0.0013835628745239627 
3 4 0.0014393680956136102 
4 5 0.0014479409666941663 
5 6 0.0014483206061083364 
6 7 0.001448239034030862 
7 8 0.0014482119105078983 
8 9 0.001448207948021453 
9 10 0.0014482077180879922 
10 11 0.0014482077752978907 
11 12 0.0014482077533432894 
12 13 0.0014482077549442252 
13 14 0.001448207757107039 
14 15 0.0014482077600914143 
15 16 0.0014482078011174458 
16 17 0.001448207745142041 
17 18 0.0014482076147071964 
18 19 0.0014482078972356583 
19 20 0.0014482078597592308 
20 21 0.0014482080062945572 
21 22 0.0014482065116204795 
22 23 0.0014482076359391834 
23 24 0.0014482077413880406 
24 25 0.0014482077547253078 
25 26 0.001448207757270161 
26 27 0.0014482077439015562 
27 28 0.0014482077437505095 
28 29 0.0014482077676724488 
29 30 0.0014482077726875923 
30 31 0.0014482077567482868 
31 32 0.00144820776832687 
32 33 0.001448207797386682 
33 34 0.0014482075289902233 
34 35 0.0014482071218809391 
35 36 0.0014482075741455527 
36 37 0.0014482080071212633 
37 38 0.0014482081845589032 
38 39 0.001448207804727947 
39 40 0.0014482077498204236 
40 41 0.0014482077559855012 
41 42 0.0014482077742418245 
42 43 0.0014482077769636924 
43 44 0.0014482076807216706 
44 45 0.0014482074581886036 
45 46 0.0014482077492240487 
46 47 0.0014482077484074683 
47 48 0.0014482077524010366 
48 49 0.0014482077701195926 
49 50 0.0014482076833682808 
50 51 0.0014482075749343015 
51 52 0.0014482077801614606 
52 53 0.0014482077680923646 
53 54 0.001448207751006675 
54 55 0.0014482077337380564 
55 56 0.0014482077745530811 
56 57 0.0014482077615613712 
57 58 0.0014482077495433419 
58 59 0.0014482077521162495 
59 60 0.0014482077665991736 
60 61 0.0014482077606045186 
61 62 0.0014482077401153216 
62 63 0.0014482071928384075 
63 64 0.0014482076709547106 
64 65 0.0014482077478299002 
65 66 0.001448207833906523 
66 67 0.0014482078743887268 
67 68 0.0014482071295985465 
68 69 0.001448207663033615 
69 70 0.0014482077476044599 
70 71 0.0014482077641878204 
71 72 0.0014482078342373391 
72 73 0.001448207740649451 
73 74 0.0014482077921861025 
74 75 0.00144820785507306 
75 76 0.0014482077681505865 
76 77 0.0014482077544379565 
77 78 0.001448207755726299 
78 79 0.0014482077562917536 
79 80 0.0014482077586803397 
80 81 0.0014482077389866908 
81 82 0.0014482077004128772 
82 83 0.0014482077492942193 
83 84 0.0014482077282718696 
84 85 0.0014482077532146326 
85 86 0.001448207755370897 
86 87 0.0014482077547322242 
87 88 0.0014482077763237297 
88 89 0.0014482077600656879 
89 90 0.0014482077592311768 
90 91 0.0014482077566808872 
91 92 0.0014482077438407895 
92 93 0.001448207694290146 
93 94 0.0014482075730757645 
94 95 0.0014482077326371907 
95 96 0.0014482077498576857 
96 97 0.001448207755859189 
97 98 0.0014482077541566995 
98 99 0.0014482077550494925 
99 100 0.0014482077645882915 
100 101 0.0014482077842571516 
101 102 0.0014482077164028797 
102 103 0.0014482077704700965 
103 104 0.001448207742784164 
104 105 0.001448207609031229 
105 106 0.0014482071659376475 
106 107 0.0014482076231370142 
107 108 0.0014482076826094197 
108 109 0.0014482078503559328 
109 110 0.0014482082307310054 
110 111 0.0014482078329567704 
111 112 0.0014482077657483865 
112 113 0.0014482077604014683 
113 114 0.0014482077062466874 
114 115 0.0014482076874032259 
115 116 0.0014482077572565905 
116 117 0.001448207715458104 
117 118 0.0014482076156737689 
118 119 0.0014482077390580298 
119 120 0.001448207826257194 
120 121 0.0014482077928828544 
121 122 0.0014482077585497586 
122 123 0.0014482077592314346 
123 124 0.0014482077718118852 
124 125 0.0014482076923132998 
125 126 0.0014482076384799171 
126 127 0.001448207741172841 
127 128 0.001448207756777191 
128 129 0.0014482077524376462 
129 130 0.0014482077300815846 
130 131 0.001448207752759742 
131 132 0.0014482077515023417 
132 133 0.0014482077554041814 
133 134 0.0014482077581226336 
134 135 0.0014482077550358923 
135 136 0.0014482077728823616 
136 137 0.0014482078053917927 
137 138 0.0014482077606338176 
138 139 0.0014482077544817433 
139 140 0.0014482077904994773 
140 141 0.0014482075190824675 
141 142 0.0014482070663271451 
142 143 0.0014482077480223608 
143 144 0.001448207551455129 
144 145 0.001448207713993873 
145 146 0.001448207748285477 
146 147 0.0014482077535678999 
147 148 0.0014482077632568954 
148 149 0.0014482077562177611 
149 150 0.001448207755571743 
150 151 0.0014482077565122027 
151 152 0.001448207755071474 
152 153 0.0014482077316424163 
153 154 0.001448207829070005 
154 155 0.001448208110055067 
155 156 0.0014482077956326552 
156 157 0.0014482077691583997 
157 158 0.0014482077479978964 
158 159 0.0014482077632586843 
159 160 0.001448207771422478 
160 161 0.0014482077705568277 
161 162 0.0014482077579757663 
162 163 0.0014482077561570794 
163 164 0.0014482077565327672 
164 165 0.0014482077572779458 
165 166 0.0014482077591068607 
166 167 0.0014482077649083883 
167 168 0.0014482077857747829 
168 169 0.001448207450377139 
169 170 0.0014482071789622608 
170 171 0.0014482076473621686 
171 172 0.001448207747834346 
172 173 0.0014482077603134886 
173 174 0.0014482077886225412 
174 175 0.0014482077848866964 
175 176 0.0014482077453708026 
176 177 0.0014482077588374167 
177 178 0.0014482078265811256 
178 179 0.0014482077594599413 
179 180 0.0014482077787255389 
180 181 0.0014482077599769693 
181 182 0.0014482077227347756 
182 183 0.001448207744361016 
183 184 0.0014482078178528867 
184 185 0.0014482077614127768 
185 186 0.0014482077491445784 
186 187 0.0014482077561801757 
187 188 0.0014482077516553388 
188 189 0.0014482077340723092 
189 190 0.0014482079147793907 
190 191 0.001448208267586934 
191 192 0.001448211949370154 
192 193 0.0014482390423595276 
193 194 0.0014483205977725419 
194 195 0.0014479409439101952 
195 196 0.0014393680760715793 
196 197 0.0013835628513645289 
197 198 0.0012303314948832074 
