2 -0.12150775297560919 
3 -0.42258392944760365 
4 0.6120608814483061 
5 -0.4011682727317637 
6 -0.05535506653329733 
7 0.4350175512782476 
8 -0.5103416986754055 
9 0.241778716205506 
10 0.17000506874422272 
11 -0.449790349509647 
12 0.419873663150082 
13 -0.10934502341600003 
14 -0.2605886856446806 
15 0.4457561225241365 
16 -0.32603424783966056 
17 -0.0087784772715073 
18 0.3277286566447738 
19 -0.4199789034852775 
20 0.22664767263240218 
21 0.11377585753576708 
22 -0.37077621292600843 
23 0.37345090012886945 
24 -0.12389102750228792 
25 -0.20368615506134158 
26 0.38925356523922666 
27 -0.3089279160267457 
28 0.021563407625694784 
29 0.2757682447884251 
30 -0.3834983285218782 
31 0.23026013566286768 
32 0.07597570322129993 
33 -0.32745896753585335 
34 0.3549570374034819 
35 -0.14194631757094944 
36 -0.16428466136743528 
37 0.35694462156245643 
38 -0.3061534916989119 
39 0.0488398867237805 
40 0.2391871359686681 
41 -0.3634800272523942 
42 0.24050115228244826 
43 0.04406137816440182 
44 -0.2970941689962881 
45 0.34749115048417134 
46 -0.16208408948952366 
47 -0.1318101416286173 
48 0.3352816798845052 
49 -0.3105148115599858 
50 0.07546689303949887 
51 0.20973417839746625 
52 -0.3520698043776482 
53 0.25506050378462647 
54 0.014476039499786104 
55 -0.27368186311430104 
56 0.34688514709634966 
57 -0.18446409667174718 
58 -0.10275015896143706 
59 0.3202401028396792 
60 -0.3202400896034838 
61 0.102750128460769 
62 0.18446412309164006 
63 -0.3468851510578651 
64 0.27368184193535 
65 -0.014476008982766016 
66 -0.2550605230542556 
67 0.35206979899753327 
68 -0.20973415285595237 
69 -0.0754669196486647 
70 0.31051482139059533 
71 -0.3352816669840839 
72 0.13181011613478477 
73 0.16208410859041972 
74 -0.3474911508143688 
75 0.2970941514743367 
76 -0.04406135683000484 
77 -0.24050116253843526 
78 0.36348002045747163 
79 -0.23918711821420569 
80 -0.048839901123484415 
81 0.306153493557316 
82 -0.3569446111186752 
83 0.1642846478433558 
84 0.14194632366578175 
85 -0.3549570329024263 
86 0.3274589576674455 
87 -0.07597569646164512 
88 -0.2302601347649915 
89 0.38349832220659325 
90 -0.2757682406593582 
91 -0.021563405395916727 
92 0.30892790928398334 
93 -0.38925356075024936 
94 0.20368615980444224 
95 0.12389101458720816 
96 -0.3734508852206764 
97 0.3707762084671677 
98 -0.11377587085554923 
99 -0.22664765105791868 
100 0.4199788874608927 
101 -0.3277286615255222 
102 0.00877850391338703 
103 0.32603421723932974 
104 -0.44575611045384245 
105 0.2605887055915638 
106 0.10934498427565092 
107 -0.4198736272104348 
108 0.4497903508060924 
109 -0.17000510173508426 
110 -0.2417786739156636 
111 0.510341680330102 
112 -0.4350175574307455 
113 0.055355082067267594 
114 0.401168262830899 
115 -0.6120608807571615 
116 0.4225839349340736 
117 0.1215077492272995 
