-252.65156614581272 
-252.66997656550305 
-252.68234999545916 
-252.68914243722426 
-252.6912686385267 
-252.72849759281357 
-252.73975396151337 
-252.74279324360302 
-252.75103764563954 
-252.77316367324735 
-252.78389625490033 
-252.78561965099706 
-252.81289543269162 
-252.824293800367 
-252.8313898159037 
-252.83468764280033 
-252.86527986097522 
-252.87657613488935 
-252.87935630114012 
-252.88933316247645 
-252.90303312957707 
-252.91288690788426 
-252.91427370175975 
-252.927592349288 
-252.93638022664615 
-252.9437434214926 
-252.9437646605916 
-252.9437646605912 
-252.94376466059103 
-252.94376466059097 
-252.94376466059248 
-252.9437646730959 
-252.94379743158322 
-252.9438491184409 
-252.94389443757726 
-252.94396396770736 
-252.9441035021278 
-252.94424197871083 
-252.9443720967969 
-252.94452294869285 
-252.94479171558743 
-252.94498072383496 
-252.94520949195558 
-252.94549646385258 
-252.94582650886593 
-252.94613132041783 
-252.9464064909263 
-252.94696597929251 
-252.9473421780201 
-252.9476982230841 
-252.9479567602909 
-252.94841289723487 
-252.94869773535888 
-252.94897590261075 
-252.94923866546395 
-252.94923866546404 
-252.95223035433483 
-252.9704050109194 
-252.98243757804175 
-252.9947558283951 
-252.99722709711483 
-253.03078692909173 
-253.04425128828058 
-253.04951638801583 
-253.0570057529895 
-253.07734936211867 
-253.09105299348496 
-253.09331413993533 
-253.1178601976706 
-253.12981896404443 
-253.13907276787182 
-253.14212459012765 
-253.1702472880949 
-253.1828179147646 
-253.18631497429357 
-253.19531662807893 
-253.20860861079893 
-253.2198086397585 
-253.22126964264456 
-253.23369789498253 
-253.24264825307895 
-253.25082993631543 
-253.2508507599042 
-253.2508507599031 
-253.25085075990265 
-253.25085075990324 
-253.2508507599037 
-253.25085077274312 
-253.2508868787931 
-253.2509418543596 
-253.25098959391215 
-253.25106528993854 
-253.25122660833918 
-253.25137995184875 
-253.25151852252648 
-253.2517059295419 
-253.25200424325274 
-253.25221792347185 
-253.25247895983367 
-253.25288525376249 
-253.25329775942976 
-253.25366219701772 
-253.25405215390666 
-253.25482660996548 
-253.25534906305808 
-253.25584446038005 
-253.25636507090402 
-253.25716325719034 
-253.2577173320111 
-253.25838461195661 
-253.2594900338218 
-253.2604207011268 
-253.26155097229898 
-253.2632952077092 
-253.26346599886313 
-253.263626129584 
-253.26377413930388 
-253.26385006614098 
-253.2639110798131 
-253.2639768917871 
-253.26404847903194 
-253.26408948878085 
-253.2641304155189 
-253.2641703070436 
-253.2642035025582 
-253.26422598479675 
-253.26424772873335 
-253.26427176219522 
-253.26428443411788 
-253.26429392993222 
-253.2643021999586 
-253.2643111807645 
-253.26431548263088 
-253.26431811260153 
-253.26432015788254 
-253.26432118723613 
-253.2643211878148 
-253.26432118781523 
-253.26432118781548 
-253.26432118781506 
-253.26432118781452 
-253.2643211878152 
-253.26432118781517 
-253.26432118781517 
-253.26432118781477 
-253.2643211878148 
-253.2643211916815 
-253.26432120076484 
-253.26432121774994 
-253.26432124167835 
-253.2643212803223 
-253.26432133601725 
-253.26432139907294 
-253.26432148513234 
-253.2643216204935 
-253.26432178984186 
-253.26432197119152 
-253.26432218467602 
-253.26432249432582 
-253.26432280531606 
-253.26432313604698 
-253.26432350469972 
-253.26432395204748 
-253.2643243480113 
-253.26432472525426 
-253.2643251251781 
-253.26432549685143 
-253.26432549685123 
-253.26434791932593 
-253.26437627420748 
-253.26440572811666 
-253.26444424935943 
-253.26448037907738 
-253.26450870533577 
-253.26454089572266 
-253.26457332259326 
-253.26460819509742 
-253.26463536470823 
-253.2646655713459 
-253.26469208111126 
-253.2647145713411 
-253.26473252589247 
-253.2647492044001 
-253.2647660871587 
-253.26477584316953 
-253.26478407771384 
-253.26479080965626 
-253.26479824506345 
-253.2648019396374 
-253.26480420239608 
-253.2648059632483 
-253.26480687550998 
-253.26480687605834 
-253.26480687605888 
-253.26480687605962 
-253.26480687605908 
-253.26480687605783 
-253.26480687605823 
-253.26480687605897 
-253.26480687605851 
-253.26480687605817 
-253.26480687605817 
-253.26480687993728 
-253.2648068889162 
-253.264806905283 
-253.26480692949607 
-253.26480696981974 
-253.26480702559712 
-253.26480709140708 
-253.26480717930878 
-253.26480731023153 
-253.26480748394263 
-253.26480767299486 
-253.26480789535964 
-253.26480819427127 
-253.2648085144174 
-253.2648088945193 
-253.26480932128882 
-253.26480981307364 
-253.26481031570768 
-253.26481083480073 
-253.26481141825377 
-253.26481217035072 
-253.26481287535313 
-253.26481360482012 
-253.26481462445682 
-253.26481466392022 
-253.26481468785516 
-253.2648147017509 
-253.2648147124137 
-253.2648147194618 
-253.26481472527945 
-253.2648147297728 
-253.26481473358746 
-253.26481473632862 
-253.26481473861855 
-253.26481474028583 
-253.26481474162983 
-253.26481474254962 
-253.2648147432625 
-253.26481474374148 
-253.26481474405236 
-253.26481474425904 
-253.26481474438623 
-253.26481474444384 
-253.264814744464 
-253.26481474446334 
-253.2648147444633 
-253.2648147444636 
-253.2648147444634 
-253.264814744464 
-253.26481474446354 
-253.26481474446294 
-253.26481474446393 
-253.26481474446388 
-253.26481474446328 
-253.26481474446337 
-253.26481474446317 
-253.2648147444633 
-253.26481474446342 
-253.26481474446527 
-253.26481474446737 
-253.2648147444698 
-253.26481474447345 
-253.26481474447905 
-253.2648147444852 
-253.26481474449272 
-253.26481474450284 
-253.26481474451657 
-253.26481474453055 
-253.2648147445462 
-253.26481474456517 
-253.26481474458913 
-253.26481474461127 
-253.2648147446347 
-253.26481474466286 
-253.26481474469264 
-253.26481474471805 
-253.2648147447401 
-253.26481474473465 
-253.26481474809927 
-253.26481475193447 
-253.26481475611646 
-253.2648147606083 
-253.26481476458608 
-253.26481476841462 
-253.26481477183572 
-253.26481477500877 
-253.26481477783474 
-253.2648147804995 
-253.26481478257938 
-253.2648147843676 
-253.26481478573908 
-253.26481478689166 
-253.26481478771177 
-253.2648147883356 
-253.26481478877187 
-253.26481478906825 
-253.264814789266 
-253.26481478939013 
-253.26481478944723 
-253.26481478946624 
-253.26481478946639 
-253.26481478946604 
-253.26481478946636 
-253.2648147894662 
-253.26481478946687 
-253.26481478946786 
-253.26481478946664 
-253.26481478946775 
-253.26481478946715 
-253.26481478946656 
-253.26481478946712 
-253.26481478946718 
-253.2648147894674 
-253.2648147894673 
-253.26481478946903 
-253.26481478947034 
-253.26481478947312 
-253.2648147894766 
-253.26481478948202 
-253.26481478948858 
-253.26481478949617 
-253.26481478950643 
-253.26481478951953 
-253.2648147895339 
-253.26481478954875 
-253.26481478956762 
-253.26481478959042 
-253.26481478961276 
-253.2648147896352 
-253.2648147896619 
-253.2648147896898 
-253.264814789715 
-253.2648147897394 
-253.2648147897717 
-253.26481478979838 
-253.2648147898193 
-253.26481478981944 
-253.26481478981998 
-253.26481478981455 
-253.26481478980472 
-253.26481478979593 
-253.26481478978812 
-253.2648147897773 
-253.2648147897643 
-253.26481478975415 
-253.26481478974515 
-253.2648147897351 
-253.2648147897256 
-253.2648147897185 
-253.26481478971232 
-253.26481478970737 
-253.2648147897027 
-253.2648147896997 
-253.2648147896966 
-253.26481478969447 
-253.2648147896925 
-253.26481478969185 
-253.26481478969185 
-253.264814789692 
-253.2648147896921 
-253.2648147896922 
-253.2648147896933 
-253.264814789692 
-253.26481478969288 
-253.2648147896921 
-253.26481478969237 
-253.26481478969228 
-253.26481478969197 
-253.2648147896917 
-253.26481478969245 
-253.26481478969424 
-253.26481478969646 
-253.26481478969905 
-253.2648147897028 
-253.26481478970763 
-253.26481478971309 
-253.2648147897192 
-253.26481478972659 
-253.26481478973557 
-253.26481478974608 
-253.26481478975438 
-253.26481478976424 
-253.26481478977672 
-253.26481478978738 
-253.264814789795 
-253.26481478980386 
-253.2648147898138 
-253.2648147898203 
-253.26481478982132 
-253.26481478982566 
-253.26481478982834 
-253.2648147898256 
-253.26481478982095 
-253.26481478981887 
-253.26481478981262 
-253.26481478980233 
-253.2648147897932 
-253.26481478978548 
-253.26481478977442 
-253.26481478976197 
-253.26481478975134 
-253.2648147897423 
-253.26481478973193 
-253.2648147897224 
-253.2648147897154 
-253.26481478970928 
-253.26481478970447 
-253.2648147897 
-253.26481478969674 
-253.26481478969436 
-253.26481478969248 
-253.26481478969052 
-253.2648147896901 
-253.26481478969023 
-253.26481478969018 
-253.2648147896901 
-253.26481478968975 
-253.2648147896893 
-253.26481478968898 
