2 -0.25598887270431014 
3 -0.2579373334633267 
4 -0.258705220323219 
5 -0.2586997459302297 
6 -0.2586790257161616 
7 -0.25867291543846094 
8 -0.25867197862656144 
9 -0.2586720224440081 
10 -0.2586720815359677 
11 -0.25867211773796905 
12 -0.2586721180616319 
13 -0.25867212849113436 
14 -0.25867210820733727 
15 -0.2586721027438773 
16 -0.25867212242308846 
17 -0.2586721153260266 
18 -0.2586721126176756 
19 -0.25867211816295055 
20 -0.25867211677954793 
21 -0.2586721120315331 
22 -0.2586721078286324 
23 -0.2586721113464546 
24 -0.25867211299951665 
25 -0.2586721135038974 
26 -0.2586721141851336 
27 -0.25867211538553186 
28 -0.25867211282949315 
29 -0.2586721133062434 
30 -0.2586721134113102 
31 -0.2586721137503066 
32 -0.258672113582176 
33 -0.2586721130950043 
34 -0.25867211334435425 
35 -0.2586721133867843 
36 -0.25867211361525877 
37 -0.25867211371877663 
38 -0.25867211338004675 
39 -0.2586721135133693 
40 -0.2586721135949033 
41 -0.258672113626878 
42 -0.2586721136171335 
43 -0.2586721126149742 
44 -0.25867211180136807 
45 -0.2586721153752056 
46 -0.25867211400448586 
47 -0.25867211368419446 
48 -0.2586721125452794 
49 -0.2586721114091153 
50 -0.2586721148795291 
51 -0.25867211413320607 
52 -0.2586721164761415 
53 -0.2586721076654988 
54 -0.2586720984100396 
55 -0.25867209557832355 
56 -0.25867211223862996 
57 -0.2586721121231477 
58 -0.2586721123717821 
59 -0.25867211802118156 
60 -0.2586721168993118 
61 -0.25867211724108524 
62 -0.2586721140171731 
63 -0.2586721138986549 
64 -0.2586721138521585 
65 -0.2586721136180137 
66 -0.25867211356886444 
67 -0.25867211364650516 
68 -0.25867211369233284 
69 -0.2586721137253014 
70 -0.25867211373737276 
71 -0.2586721137140272 
72 -0.2586721137305905 
73 -0.2586721137405784 
74 -0.25867211373481375 
75 -0.25867211372532484 
76 -0.2586721137279004 
77 -0.2586721137350665 
78 -0.25867211329186784 
79 -0.25867211181787414 
80 -0.2586721146922411 
81 -0.2586721139295893 
82 -0.2586721136832385 
83 -0.25867211414975055 
84 -0.25867211282853814 
85 -0.25867211453430033 
86 -0.25867211323543937 
87 -0.2586721133752931 
88 -0.25867211397824097 
89 -0.25867211353354025 
90 -0.25867211323384676 
91 -0.25867211366826975 
92 -0.2586721135354326 
93 -0.2586721136578049 
94 -0.2586721137269001 
95 -0.25867211393072176 
96 -0.2586721147302481 
97 -0.25867210882053554 
98 -0.25867211552541974 
99 -0.2586721231194046 
100 -0.2586721160792049 
101 -0.25867211411400964 
102 -0.25867211376060456 
103 -0.2586721148481351 
104 -0.25867211160345377 
105 -0.2586721184229961 
106 -0.25867211512894056 
107 -0.25867211107776833 
108 -0.25867211259689205 
109 -0.2586720987094586 
110 -0.2586720350797586 
111 -0.2586719737828241 
112 -0.25867291452641183 
113 -0.2586790255484407 
114 -0.2586997457314616 
115 -0.25870522075177815 
116 -0.2579373338722498 
117 -0.255988872689851 
