-313.465955224955 
-313.6248840627565 
-313.65995459173485 
-313.6635930714339 
-313.66627388492566 
-313.7847923164933 
-313.809969690434 
-313.81235775892895 
-313.8184510082941 
-313.91291609699783 
-313.93211947345895 
-313.93383161471894 
-313.94319328642075 
-314.022183219956 
-314.0373855578533 
-314.03871214679594 
-314.051085152119 
-314.1198515872812 
-314.1322942425789 
-314.1334366923162 
-314.14830400050243 
-314.2092555045414 
-314.21978408605065 
-314.2208567249943 
-314.23784300832267 
-314.2914555548805 
-314.30053062071966 
-314.30159143386174 
-314.3210818197227 
-314.3697115036911 
-314.37762494720084 
-314.37872297738454 
-314.40056462188534 
-314.4497880957915 
-314.45712150408605 
-314.4582536320723 
-314.4790135423623 
-314.5299352736731 
-314.53757857935295 
-314.5386296404856 
-314.55722835903146 
-314.60120259751864 
-314.60959447777816 
-314.610703049995 
-314.63128442812115 
-314.6835196115792 
-314.6974407626213 
-314.6986653195608 
-314.7112269517465 
-314.7237781517915 
-314.7365586312735 
-314.7377331803136 
-314.74647580429075 
-314.7517138747247 
-314.7591431214042 
-314.76085636919197 
-314.7608647212328 
-314.7608647212326 
-314.76086472123086 
-314.76086472123285 
-314.7608647212327 
-314.7608647230854 
-314.760885066999 
-314.76093679497984 
-314.76098911680845 
-314.76105807566404 
-314.7611184306961 
-314.76127992084133 
-314.7614918208693 
-314.7616502214084 
-314.76178190733634 
-314.7621073760944 
-314.76291218374894 
-314.7633825436427 
-314.7637537822345 
-314.76444931081056 
-314.7655370579831 
-314.7664644551425 
-314.76705673526607 
-314.767977523869 
-314.76970573595065 
-314.7713407020786 
-314.77224720995974 
-314.7735771818873 
-314.7759522860137 
-314.77789378649675 
-314.77901352455746 
-314.7808111329316 
-314.7836156770178 
-314.78572991486624 
-314.7870409155981 
-314.78926465008084 
-314.7925735501178 
-314.7952049005148 
-314.79682929230796 
-314.7995906217062 
-314.80382065725803 
-314.8070022871066 
-314.80908194647554 
-314.8125728693397 
-314.8180463403471 
-314.82158324440917 
-314.8242598257164 
-314.82849067145895 
-314.8350907853092 
-314.83877932579986 
-314.8421265790438 
-314.846671110072 
-314.8536564677722 
-314.8570615286784 
-314.86068772482264 
-314.86468643705047 
-314.87034306370356 
-314.8725922953427 
-314.8746321144846 
-314.87463211448465 
-314.89845315580203 
-314.9431244062482 
-314.9502660141291 
-314.95162148961384 
-314.9764715373928 
-315.01824905940003 
-315.02461240485 
-315.02596538909035 
-315.0519697001832 
-315.0911480452104 
-315.09692972223286 
-315.0983217942371 
-315.1256113556557 
-315.16279003853117 
-315.16812575617195 
-315.1695827264652 
-315.1980452558185 
-315.2340047910077 
-315.23901868179325 
-315.2405346559054 
-315.2695857112959 
-315.3044942294606 
-315.30929563602444 
-315.31084088939815 
-315.34026790302187 
-315.3735292963021 
-315.3781476335301 
-315.37973926203483 
-315.4103612806307 
-315.4426903068799 
-315.4471235684923 
-315.4487991992323 
-315.48047893943203 
-315.5151948075975 
-315.519666708066 
-315.52132655975055 
-315.54982742077163 
-315.58769904623716 
-315.5927313619797 
-315.59408564667865 
-315.6188404188443 
-315.6532892782519 
-315.659203363073 
-315.6605289214866 
-315.6869198291916 
-315.7293688222929 
-315.73956392061837 
-315.74067970291594 
-315.7570403360388 
-315.7680805417649 
-315.7779791923022 
-315.77903321976356 
-315.7898451720727 
-315.79486815522483 
-315.80114226033857 
-315.80276915764483 
-315.80277833666383 
-315.8027783366641 
-315.80277833666406 
-315.8027783366656 
-315.80277833666474 
-315.80277833849425 
-315.80279830470647 
-315.80284493417213 
-315.80289155533285 
-315.802968519485 
-315.80303068011347 
-315.80316582454157 
-315.8033308189191 
-315.8034891427247 
-315.80361947435034 
-315.80386165750815 
-315.80447442944694 
-315.8048565945876 
-315.8051774521866 
-315.80562861190515 
-315.8064031409173 
-315.807120996477 
-315.8075875465337 
-315.80813891375783 
-315.8092450800308 
-315.8102865302569 
-315.8109335331447 
-315.81162828070825 
-315.81294580395 
-315.8141514922232 
-315.8148949116676 
-315.8157100346243 
-315.8170920018772 
-315.81832964700146 
-315.81910622870475 
-315.8199890935125 
-315.82142166796234 
-315.822791230837 
-315.82361677374763 
-315.8245737885913 
-315.826138309814 
-315.82764898160326 
-315.8285411068971 
-315.8296056246059 
-315.8313359895461 
-315.83297219755417 
-315.83393352300055 
-315.83513921311 
-315.8370645238178 
-315.83886041169865 
-315.8399113522276 
-315.84131336742865 
-315.84353022706114 
-315.8456004248639 
-315.8468090130714 
-315.8485433251875 
-315.8513433988369 
-315.8539357620679 
-315.8555570541845 
-315.8582579592278 
-315.86318532473564 
-315.87340481424167 
-315.8748228132261 
-315.8759301638706 
-315.8771488604389 
-315.8781168982053 
-315.8787233850137 
-315.87925524548336 
-315.8798617711345 
-315.88027514203384 
-315.88063081560335 
-315.88089290925666 
-315.88123075656125 
-315.8814585944908 
-315.8816903751426 
-315.88188776906287 
-315.8820918176469 
-315.8822490099436 
-315.8824258377133 
-315.8826094124795 
-315.88276515851703 
-315.8829080917563 
-315.883075633981 
-315.88325094083683 
-315.88339929627386 
-315.8835459959415 
-315.8837195394782 
-315.88388971842215 
-315.88404032909665 
-315.8841891873692 
-315.88436365746117 
-315.8845205138085 
-315.8846760932242 
-315.88482594485544 
-315.88499172535677 
-315.8851325982162 
-315.88528185439066 
-315.88542280289215 
-315.8855639748817 
-315.8856792781934 
-315.885787919821 
-315.8858851767273 
-315.88598071519687 
-315.8860523585952 
-315.8861192102294 
-315.88616484075516 
-315.88620244096336 
-315.8862296635018 
-315.8862485904856 
-315.886260742791 
-315.88626945585526 
-315.8862748793946 
-315.886278680014 
-315.88627992586424 
-315.8862799259435 
-315.8862799259443 
-315.8862799259432 
-315.8862799259432 
-315.8862799259432 
-315.8862799259434 
-315.8862799259434 
-315.886279925943 
-315.8862799259434 
-315.88627992594314 
-315.88627993069866 
-315.88627994673396 
-315.8862799752744 
-315.8862800176443 
-315.8862800811353 
-315.88628017277824 
-315.8862803285076 
-315.886280504801 
-315.8862807622776 
-315.8862811360259 
-315.8862816479618 
-315.8862822457803 
-315.8862830949015 
-315.8862841530324 
-315.88628535403166 
-315.88628681597254 
-315.8862889025439 
-315.88629125765635 
-315.8862936453168 
-315.88629648647446 
-315.8862997846796 
-315.88630330713335 
-315.88630701007736 
-315.88631112082925 
-315.88631576923376 
-315.8863204287803 
-315.88632540934117 
-315.8863310732547 
-315.8863376964427 
-315.88634380983723 
-315.8863499309874 
-315.88635745058366 
-315.8863658819849 
-315.8863729774698 
-315.8863799310051 
-315.8863879708574 
-315.8863967137368 
-315.8864037307333 
-315.8864107395356 
-315.886417825001 
-315.8864259008361 
-315.8864325374924 
-315.88643905823267 
-315.8864452497993 
-315.8864515715066 
-315.88645741491365 
-315.88646291929894 
-315.88646802797825 
-315.88647239781676 
-315.88647609210807 
-315.8864791266376 
-315.8864791266378 
-315.88661424370565 
-315.8867950221438 
-315.8870375257992 
-315.8872721791592 
-315.8875555827271 
-315.8878320524719 
-315.8881419471816 
-315.88843463066434 
-315.8887846309117 
-315.8891059893231 
-315.8894525824824 
-315.8897725317836 
-315.890164124391 
-315.89051358894045 
-315.89088405015866 
-315.89122172881895 
-315.8916435950326 
-315.89200803396744 
-315.8923884076726 
-315.89273146963654 
-315.89315559057707 
-315.8935173379463 
-315.8938949437533 
-315.89422876188416 
-315.894633449253 
-315.8949769434624 
-315.89534127839823 
-315.8956525826912 
-315.89604093039867 
-315.896355101704 
-315.8966933455846 
-315.8969696450717 
-315.89732602278843 
-315.89761220079345 
-315.8979056511404 
-315.89814308536575 
-315.89838376540246 
-315.8986184462225 
-315.8988415116533 
-315.89901042130555 
-315.89917187418746 
-315.8993199081783 
-315.89946565332093 
-315.89956048968617 
-315.8996596291657 
-315.89972589235634 
-315.89978081356173 
-315.8998144191091 
-315.8998411742537 
-315.89985697644227 
-315.8998683468638 
-315.89987461427944 
-315.8998790917187 
-315.89988047248517 
-315.8998804725794 
-315.89988047257884 
-315.89988047258106 
-315.8998804725796 
-315.8998804725795 
-315.8998804725829 
-315.8998804725804 
-315.89988047257907 
-315.8998804725788 
-315.8998804725799 
-315.8998804774052 
-315.8998804933846 
-315.899880521549 
-315.8998805635904 
-315.8998806269988 
-315.8998807253524 
-315.8998808832997 
-315.89988107688856 
-315.8998813607644 
-315.89988181051365 
-315.89988235589857 
-315.8998830587462 
-315.89988410277704 
-315.8998853371262 
-315.89988673948847 
-315.8998885043216 
-315.89989108819327 
-315.8998939634291 
-315.8998969786071 
-315.8999006571735 
-315.8999051850356 
-315.8999107569379 
-315.89991622981717 
-315.8999225464328 
-315.89993001039375 
-315.89993903705533 
-315.89994757043075 
-315.89995727972035 
-315.8999688659016 
-315.8999819236303 
-315.8999938395664 
-315.9000074838443 
-315.90002321129157 
-315.90004070004727 
-315.9000564888188 
-315.9000743020527 
-315.90009429174154 
-315.9001167084029 
-315.9001370858981 
-315.90015984029407 
-315.9001852230223 
-315.90021320782125 
-315.9002383811477 
-315.90026659451166 
-315.9002970070763 
-315.90032979903026 
-315.90035897293143 
-315.9003918273849 
-315.90042741659954 
-315.9004655624775 
-315.9004998189852 
-315.90054229475396 
-315.90060005696813 
-315.90070352182846 
-315.9007161732339 
-315.9007242690084 
-315.9007313455746 
-315.9007387458905 
-315.90074390278227 
-315.90074747642774 
-315.9007512535741 
-315.90075438354154 
-315.9007567062964 
-315.90075858166904 
-315.90076053881705 
-315.9007620699493 
-315.90076322126646 
-315.9007643232051 
-315.9007654861499 
-315.90076639242386 
-315.90076714730276 
-315.9007678989025 
-315.9007686915455 
-315.90076929239615 
-315.9007698150737 
-315.9007703205611 
-315.90077083939985 
-315.9007711834388 
-315.9007714524285 
-315.90077173069125 
-315.9007719881943 
-315.9007721513927 
-315.90077227488 
-315.90077240326434 
-315.9007725247323 
-315.9007726042414 
-315.9007726692875 
-315.90077273071284 
-315.9007727956654 
-315.90077283603836 
-315.90077286836134 
-315.9007728938943 
-315.90077291763794 
-315.900772931792 
-315.90077294145146 
-315.9007729480481 
-315.90077295264024 
-315.9007729554833 
-315.9007729571094 
-315.90077295811636 
-315.9007729587645 
-315.9007729591424 
-315.9007729593234 
-315.9007729593711 
-315.90077295937107 
-315.9007729593708 
-315.90077295937124 
-315.90077295937095 
-315.90077295937175 
-315.9007729593726 
-315.90077295936874 
-315.9007729593722 
-315.9007729593737 
-315.9007729593718 
-315.90077295937135 
-315.90077295937084 
-315.90077295937067 
-315.90077295937107 
-315.900772959375 
-315.9007729593809 
-315.90077295938954 
-315.90077295940085 
-315.9007729594151 
-315.90077295944053 
-315.9007729594722 
-315.9007729595089 
-315.90077295955695 
-315.9007729596361 
-315.9007729597307 
-315.90077295984304 
-315.90077296000186 
-315.90077296021786 
-315.9007729604463 
-315.9007729607824 
-315.90077296119523 
-315.90077296168045 
-315.9007729621962 
-315.90077296284124 
-315.90077296364194 
-315.9007729645226 
-315.9007729655151 
-315.9007729666476 
-315.90077296821937 
-315.9007729699382 
-315.90077297203595 
-315.9007729748164 
-315.9007729793685 
-315.90077298457305 
-315.9007729919816 
-315.90077300118566 
-315.9007730170966 
-315.9007730329192 
-315.9007730544871 
-315.9007730787857 
-315.90077311621417 
-315.90077315203945 
-315.9007732023282 
-315.9007732614015 
-315.9007733520359 
-315.900773442312 
-315.9007735739929 
-315.90077372498706 
-315.9007739389328 
-315.9007741308181 
-315.90077435390504 
-315.9007745389395 
-315.9007747104079 
-315.90077478664625 
-315.9007758801089 
-315.9007771019167 
-315.9007783903714 
-315.9007804029317 
-315.9007827104064 
-315.90078470291905 
-315.9007864898963 
-315.9007890953279 
-315.90079187161234 
-315.9007943615066 
-315.90079673220237 
-315.90079996756367 
-315.9008039643189 
-315.9008070700165 
-315.90080993800734 
-315.90081337315183 
-315.9008170434367 
-315.90081953722824 
-315.90082158723095 
-315.90082382226814 
-315.9008255563415 
-315.90082679474136 
-315.9008278396385 
-315.90082894051164 
-315.90082996770894 
-315.90083073289605 
-315.9008314332161 
-315.90083212674955 
-315.90083292154344 
-315.90083340853727 
-315.90083380609565 
-315.9008341646947 
-315.9008344726319 
-315.90083464210113 
-315.90083477057044 
-315.9008348819164 
-315.90083496013415 
-315.9008350094473 
-315.90083505021687 
-315.9008350832205 
-315.90083511435176 
-315.90083513570073 
-315.9008351512567 
-315.9008351613022 
-315.90083516900586 
-315.9008351735779 
-315.9008351761374 
-315.90083517756545 
-315.9008351783798 
-315.9008351788459 
-315.9008351790403 
-315.9008351790892 
-315.9008351790885 
-315.9008351790885 
-315.90083517908926 
-315.9008351790894 
-315.90083517909045 
-315.90083517909113 
-315.90083517908846 
-315.90083517908937 
-315.9008351790901 
-315.90083517908886 
-315.90083517908903 
-315.9008351790886 
-315.90083517908874 
-315.9008351790893 
-315.90083517909426 
-315.9008351791002 
-315.9008351791084 
-315.9008351791203 
-315.900835179136 
-315.90083517916474 
-315.9008351791997 
-315.90083517924154 
-315.9008351793017 
-315.90083517939735 
-315.9008351795062 
-315.9008351796574 
-315.9008351798467 
-315.90083518011045 
-315.9008351803778 
-315.9008351807703 
-315.9008351811953 
-315.90083518180995 
-315.900835182463 
-315.90083518330704 
-315.9008351844976 
-315.90083518608003 
-315.9008351880174 
-315.9008351911388 
-315.9008351956901 
-315.9008352034358 
-315.900835212608 
-315.9008352278217 
-315.9008352502074 
-315.9008352832195 
-315.90083532339906 
-315.90083537292935 
-315.90083546244176 
-315.9008355633677 
-315.9008357186041 
-315.9008359532986 
-315.9008363959243 
-315.90083708427363 
-315.9008382462829 
-315.90084041001205 
-315.9008448676759 
-315.9008533661958 
-315.90086961472906 
-315.90090378033216 
-315.90107624369983 
-315.9017762202954 
-315.9030264420212 
-315.9041671356571 
-315.9055391231165 
-315.9065953845124 
-315.90790514337897 
-315.9091844144669 
-315.91022221835686 
-315.91099711469485 
-315.9118105525244 
-315.9124517443619 
-315.9130406814999 
-315.9134836962818 
-315.9139070580379 
-315.91423274252736 
-315.9144847694232 
-315.914682731871 
-315.914850703717 
-315.91497921063956 
-315.9150863829677 
-315.91517448706816 
-315.91525055152687 
-315.9153153477805 
-315.9153687985076 
-315.91541363770455 
-315.91545242803267 
-315.9154831941633 
-315.91550710316506 
-315.9155260929673 
-315.9155406877342 
-315.91555055548486 
-315.9155581200485 
-315.9155637272843 
-315.91556761716834 
-315.91557039684557 
-315.9155725950342 
-315.91557415745666 
-315.9155752346093 
-315.9155760704147 
-315.9155766767051 
-315.9155771064711 
-315.91557739058123 
-315.9155775900645 
-315.91557772074543 
-315.91557780588664 
-315.91557785582245 
-315.9155778848539 
-315.915577903049 
-315.91557791342507 
-315.9155779191923 
-315.9155779224023 
-315.9155779239431 
-315.91557792483206 
-315.9155779253093 
-315.91557792549645 
-315.9155779255501 
-315.91557792555335 
-315.91557792555204 
-315.9155779255525 
-315.9155779255533 
-315.9155779255525 
-315.9155779255534 
-315.9155779255539 
-315.91557792555255 
-315.91557792555363 
-315.91557792555295 
-315.9155779255523 
-315.9155779255528 
-315.9155779255521 
-315.9155779255524 
-315.9155779255528 
-315.91557792555585 
-315.91557792556074 
-315.9155779255673 
-315.915577925575 
-315.91557792558433 
-315.91557792559945 
-315.91557792562 
-315.9155779256426 
-315.91557792566715 
-315.9155779257021 
-315.915577925749 
-315.91557792579886 
-315.915577925859 
-315.91557792593676 
-315.9155779260376 
-315.91557792615566 
-315.9155779263106 
-315.91557792649684 
-315.9155779267519 
-315.91557792705777 
-315.9155779274298 
-315.9155779278166 
-315.91557792832293 
-315.9155779288854 
-315.9155779296247 
-315.9155779304719 
-315.9155779314743 
-315.9155779328828 
-315.9155779348471 
-315.91557793765327 
-315.91557794161577 
-315.9155779469111 
-315.91557795364616 
-315.9155779609187 
-315.91557796954805 
-315.9155779776749 
-315.91557798674995 
-315.915577994523 
-315.91557800388676 
-315.9155780135919 
-315.9155780260637 
-315.91557804214534 
-315.9155780652234 
-315.91557809868004 
-315.91557814437783 
-315.91557820567476 
-315.91557828756066 
-315.9155783946175 
-315.9155785493581 
-315.91557881089324 
-315.91557925599477 
-315.91557998784737 
-315.9155811075266 
-315.9155828497821 
-315.91558530557535 
-315.9155895222156 
-315.91560365762683 
-315.9156488080561 
-315.91570895377413 
-315.9157855836685 
-315.91586522519486 
-315.91594207182663 
-315.91600630868453 
-315.91606443225 
-315.9161075773823 
-315.91614232062796 
-315.91616761047993 
-315.9161865565474 
-315.91620221342043 
-315.9162160002916 
-315.9162264128254 
-315.9162352360241 
-315.91624307716484 
-315.9162498624652 
-315.91625485873516 
-315.9162592242292 
-315.9162624100641 
-315.9162649761198 
-315.9162667150493 
-315.91626793515655 
-315.91626883164076 
-315.9162694716802 
-315.9162698928622 
-315.9162701953255 
-315.9162704382195 
-315.9162706159118 
-315.9162707336516 
-315.9162708239827 
-315.9162708873532 
-315.916270931794 
-315.91627096028026 
-315.916270978313 
-315.91627098901216 
-315.91627099567154 
-315.91627099953195 
-315.91627100164413 
-315.9162710026982 
-315.91627100330635 
-315.91627100363064 
-315.9162710037662 
-315.91627100380737 
-315.91627100380776 
-315.916271003808 
-315.9162710038074 
-315.91627100380856 
-315.9162710038079 
-315.9162710038082 
-315.91627100380975 
-315.9162710038064 
-315.9162710038084 
-315.9162710038075 
-315.9162710038085 
-315.9162710038081 
-315.9162710038071 
-315.91627100380725 
-315.91627100380725 
-315.91627100381044 
-315.9162710038151 
-315.9162710038213 
-315.91627100382834 
-315.9162710038381 
-315.91627100385347 
-315.9162710038738 
-315.9162710038965 
-315.91627100392196 
-315.91627100395675 
-315.91627100400416 
-315.9162710040544 
-315.91627100411426 
-315.9162710041871 
-315.9162710042853 
-315.9162710043953 
-315.9162710045309 
-315.91627100468935 
-315.916271004891 
-315.9162710051309 
-315.9162710054087 
-315.91627100573015 
-315.9162710061316 
-315.91627100662345 
-315.91627100735406 
-315.91627100828214 
-315.9162710095379 
-315.9162710113286 
-315.91627101358296 
-315.91627101645724 
-315.9162710195324 
-315.91627102304153 
-315.91627102691507 
-315.91627103085034 
-315.91627103555845 
-315.91627104060467 
-315.91627104722903 
-315.91627105529426 
-315.91627106768664 
-315.916271080862 
-315.91627109708406 
-315.91627111601304 
-315.9162711327875 
-315.9162711531401 
-315.91627117442556 
-315.916271199492 
-315.9162712227702 
-315.916271252392 
-315.9162712867355 
-315.9162713290303 
-315.9162713815481 
-315.91627143869596 
-315.9162714959286 
-315.9162715530319 
-315.91627160586347 
-315.9162716512353 
-315.91627169394104 
-315.9162717318308 
-315.9162717634619 
-315.91627179448153 
-315.9162718211694 
-315.91627184579846 
-315.9162718673624 
-315.9162718885538 
-315.91627190452834 
-315.9162719184595 
-315.9162719295494 
-315.91627193804396 
-315.91627194450274 
-315.9162719495184 
-315.9162719536491 
-315.9162719568355 
-315.9162719596585 
-315.91627196156827 
-315.9162719634969 
-315.9162719649263 
-315.9162719659809 
-315.916271966706 
-315.9162719672467 
-315.91627196762136 
-315.91627196782287 
-315.9162719679446 
-315.91627196799476 
-315.9162719680203 
-315.9162719680232 
-315.9162719680003 
-315.9162719679684 
-315.91627196792564 
-315.91627196788784 
-315.91627196785066 
-315.91627196781377 
-315.91627196777523 
-315.9162719677449 
-315.91627196772225 
-315.9162719677015 
-315.91627196768167 
-315.9162719676674 
-315.91627196765836 
-315.91627196765114 
-315.9162719676442 
-315.91627196763943 
-315.9162719676369 
-315.9162719676365 
-315.91627196763636 
-315.9162719676362 
-315.9162719676359 
-315.9162719676367 
-315.9162719676363 
-315.91627196763653 
-315.91627196763653 
-315.91627196763835 
-315.91627196763613 
-315.91627196763596 
-315.916271967636 
-315.91627196763636 
-315.91627196763596 
-315.9162719676386 
-315.9162719676434 
-315.9162719676498 
-315.916271967657 
-315.9162719676672 
-315.9162719676812 
-315.916271967701 
-315.91627196772333 
-315.916271967747 
-315.916271967781 
-315.9162719678246 
-315.9162719678694 
-315.91627196791825 
-315.9162719679746 
-315.916271968045 
-315.91627196811527 
-315.91627196819377 
-315.916271968274 
-315.91627196835947 
-315.91627196846156 
-315.9162719685663 
-315.91627196866773 
-315.9162719687627 
-315.9162719688746 
-315.91627196900583 
-315.9162719691208 
-315.9162719692167 
-315.9162719693257 
-315.91627196948775 
-315.91627196961946 
-315.91627196972985 
-315.9162719698341 
-315.91627197001753 
-315.9162719701498 
-315.9162719702952 
-315.9162719703833 
-315.9162719705484 
-315.91627197076326 
-315.91627197097347 
-315.91627197112655 
-315.9162719714383 
-315.91627197191514 
-315.9162719724788 
-315.91627197312795 
-315.916271974038 
-315.9162719752838 
-315.9162719766549 
-315.9162719783044 
-315.91627198036076 
-315.916271982912 
-315.9162719857993 
-315.9162719897902 
-315.91627199390484 
-315.91627199893026 
-315.9162720039182 
-315.9162720093755 
-315.9162720145394 
-315.9162720195282 
-315.91627202389947 
-315.91627202782814 
-315.9162720313878 
-315.91627203456864 
-315.9162720373289 
-315.9162720400379 
-315.9162720422336 
-315.9162720441282 
-315.9162720457555 
-315.91627204707606 
-315.91627204808105 
-315.91627204884225 
-315.91627204950834 
-315.9162720499671 
-315.9162720503249 
-315.9162720505278 
-315.91627205072933 
-315.916272050866 
-315.91627205094005 
-315.91627205093954 
-315.9162720509351 
-315.9162720509202 
-315.9162720508715 
-315.91627205080584 
-315.91627205073036 
-315.9162720506643 
-315.91627205059757 
-315.91627205053027 
-315.91627205046746 
-315.9162720504022 
-315.91627205034763 
-315.91627205029994 
-315.91627205025617 
-315.9162720502133 
-315.91627205018034 
-315.91627205015646 
-315.91627205013464 
-315.91627205011486 
-315.9162720500995 
-315.91627205008973 
-315.91627205008217 
-315.9162720500759 
-315.9162720500718 
-315.91627205006927 
-315.916272050069 
-315.9162720500691 
-315.91627205007 
-315.91627205007023 
-315.9162720500696 
-315.91627205006887 
-315.9162720500695 
-315.91627205007023 
-315.9162720500711 
-315.91627205006927 
-315.91627205007 
-315.9162720500691 
-315.9162720500692 
-315.91627205006995 
-315.91627205007273 
-315.91627205007677 
-315.9162720500833 
-315.9162720500909 
-315.91627205010013 
-315.91627205011565 
-315.916272050135 
-315.91627205015635 
-315.9162720501799 
-315.91627205021297 
-315.91627205025634 
-315.9162720503009 
-315.91627205034985 
-315.9162720504069 
-315.91627205047666 
-315.91627205054493 
-315.9162720506223 
-315.91627205070176 
-315.91627205078646 
-315.9162720508874 
-315.9162720509905 
-315.916272051092 
-315.916272051184 
-315.9162720512941 
-315.91627205142595 
-315.9162720515405 
-315.91627205163235 
-315.916272051733 
-315.9162720518951 
-315.9162720520188 
-315.91627205211677 
-315.9162720522053 
-315.9162720523692 
-315.9162720524946 
-315.9162720526125 
-315.91627205267076 
-315.91627205279366 
-315.9162720529635 
-315.9162720530922 
-315.9162720531156 
-315.9162720532319 
-315.91627205346174 
-315.9162720535883 
-315.9162720536653 
-315.9162720538177 
-315.9162720540985 
-315.9162720543195 
-315.9162720545369 
-315.91627205478886 
-315.91627205518876 
-315.91627205561423 
-315.9162720559701 
-315.9162720563172 
-315.91627205679555 
-315.9162720572305 
-315.91627205759903 
-315.91627205784096 
-315.9162720581888 
-315.916272058497 
-315.9162720587638 
-315.91627205887994 
-315.9162720590637 
-315.9162720593025 
-315.9162720594268 
-315.9162720594501 
-315.9162720594876 
-315.91627205956513 
-315.91627205954507 
-315.9162720595091 
-315.91627205940716 
-315.9162720593713 
-315.9162720593133 
-315.91627205922845 
-315.91627205909816 
-315.91627205902097 
-315.916272058948 
-315.9162720588492 
-315.9162720587298 
-315.9162720586274 
-315.9162720585408 
-315.91627205844355 
-315.91627205834243 
-315.9162720582435 
-315.91627205816 
-315.9162720580823 
-315.9162720580053 
-315.9162720579365 
-315.91627205786705 
-315.9162720578103 
-315.91627205776246 
-315.9162720577176 
-315.9162720576738 
-315.91627205764087 
-315.9162720576171 
-315.91627205759556 
-315.91627205757607 
-315.916272057561 
-315.9162720575515 
-315.9162720575443 
-315.9162720575375 
-315.91627205753343 
-315.91627205753105 
-315.91627205753053 
-315.9162720575306 
-315.91627205753053 
-315.91627205753116 
-315.9162720575316 
-315.91627205753156 
-315.91627205753196 
-315.91627205753167 
-315.9162720575312 
-315.91627205753105 
-315.9162720575309 
-315.91627205753053 
-315.91627205753014 
-315.9162720575306 
-315.91627205753366 
-315.91627205753764 
-315.91627205754406 
-315.91627205755174 
-315.91627205756174 
-315.9162720575762 
-315.9162720575954 
-315.9162720576169 
-315.91627205764036 
-315.91627205767315 
-315.91627205771715 
-315.9162720577619 
-315.91627205781026 
-315.91627205786665 
-315.9162720579361 
-315.9162720580045 
-315.9162720580818 
-315.9162720581612 
-315.91627205824636 
-315.91627205834726 
-315.91627205845197 
-315.9162720585536 
-315.9162720586457 
-315.91627205875585 
-315.9162720588872 
-315.91627205900045 
-315.9162720590921 
-315.9162720591937 
-315.91627205935123 
-315.91627205947503 
-315.9162720595721 
-315.9162720596601 
-315.9162720598223 
-315.9162720599408 
-315.91627206005614 
-315.91627206010617 
-315.91627206022025 
-315.91627206037657 
-315.91627206047644 
-315.91627206046724 
-315.9162720605487 
-315.9162720607221 
-315.91627206078266 
-315.9162720607861 
-315.9162720608177 
-315.91627206097615 
-315.91627206103254 
-315.91627206101987 
-315.91627206101333 
-315.9162720611214 
-315.9162720612103 
-315.91627206118557 
-315.916272061138 
-315.9162720612025 
-315.91627206127004 
-315.91627206126986 
-315.91627206116584 
-315.9162720611767 
-315.91627206122615 
-315.91627206120677 
-315.9162720610632 
-315.91627206101225 
-315.9162720610433 
-315.91627206096626 
-315.91627206082705 
-315.91627206072883 
-315.91627206069074 
-315.9162720605895 
-315.91627206047707 
-315.91627206032285 
-315.91627206024225 
-315.9162720601509 
-315.9162720600321 
-315.9162720598758 
-315.91627205977807 
-315.91627205968865 
-315.91627205957496 
-315.916272059445 
-315.91627205933486 
-315.9162720592433 
-315.9162720591417 
-315.9162720590379 
-315.916272058937 
-315.9162720588516 
-315.9162720587718 
-315.91627205869423 
-315.91627205862545 
-315.9162720585559 
-315.9162720584999 
-315.91627205845083 
-315.91627205840604 
-315.91627205836267 
-315.91627205832935 
-315.9162720583062 
-315.9162720582843 
-315.91627205826524 
-315.91627205824994 
-315.91627205824045 
-315.9162720582327 
-315.9162720582262 
-315.91627205822243 
-315.9162720582195 
-315.9162720582184 
-315.9162720582186 
-315.91627205821925 
-315.91627205821976 
-315.9162720582218 
-315.9162720582202 
-315.91627205821993 
