2 -0.25848207399809175 
3 -0.3249027173262354 
4 -0.2666042126638266 
5 -0.18372968525047592 
6 -0.2597325272976375 
7 -0.3339278309076535 
8 -0.27097366781496135 
9 -0.20992759190915494 
10 -0.2586788716880839 
11 -0.3111229174998716 
12 -0.2783129601755707 
13 -0.23056980557956494 
14 -0.2505862393691194 
15 -0.2962006348878373 
16 -0.2865168071159504 
17 -0.24254536250031541 
18 -0.24453082440531215 
19 -0.2866838073488074 
20 -0.290662873759602 
21 -0.25131311817179797 
22 -0.242542837650469 
23 -0.2782912299198579 
24 -0.29137561798677225 
25 -0.25986608383803034 
26 -0.24284342746789833 
27 -0.2699986234148088 
28 -0.2905849182220467 
29 -0.26775293354161417 
30 -0.24427728305114038 
31 -0.2629279856968869 
32 -0.2884909945831122 
33 -0.2740583496459638 
34 -0.2472637963050347 
35 -0.25738236436206696 
36 -0.28471552204034917 
37 -0.27905089027503566 
38 -0.25173478401217214 
39 -0.25297220789372915 
40 -0.2798414975466522 
41 -0.282857101396881 
42 -0.2568874811603928 
43 -0.24995524004049685 
44 -0.27453097501352053 
45 -0.28501367603852357 
46 -0.2623773057175448 
47 -0.24870219162006907 
48 -0.26890839260114413 
49 -0.2854443427440413 
50 -0.2680799389177399 
51 -0.24904085493955086 
52 -0.2632819395924908 
53 -0.2844008888537627 
54 -0.2735026369490908 
55 -0.25080034371936283 
56 -0.2581860491320007 
57 -0.2819398258859139 
58 -0.2782059560977673 
59 -0.25393367357841207 
60 -0.25393292945787205 
61 -0.27820583519981634 
62 -0.28194067170288667 
63 -0.25818540648529725 
64 -0.25079998704935286 
65 -0.2735035385798117 
66 -0.2844004534836375 
67 -0.26328140655122656 
68 -0.2490417241489409 
69 -0.2680797632382623 
70 -0.28544367637410434 
71 -0.2689091711531941 
72 -0.2487022135946067 
73 -0.2623765244220445 
74 -0.2850143463577507 
75 -0.27453119039788854 
76 -0.24995434960427346 
77 -0.2568879437690499 
78 -0.28285758455393356 
79 -0.2798406592836754 
80 -0.2529724020993628 
81 -0.25173542250277897 
82 -0.2790502091687791 
83 -0.28471552732809735 
84 -0.2573830580254981 
85 -0.24726322818340374 
86 -0.27405816636936214 
87 -0.28849175336949695 
88 -0.26292758356558366 
89 -0.24427686344041002 
90 -0.26775365923711814 
91 -0.2905847845892654 
92 -0.26999807921592095 
93 -0.24284399830034015 
94 -0.2598661806111921 
95 -0.29137508001834644 
96 -0.27829162774863997 
97 -0.24254306429904465 
98 -0.25131262745801003 
99 -0.2906631236245344 
100 -0.28668410516410425 
101 -0.24453038119669762 
102 -0.2425454659783979 
103 -0.2865171756781573 
104 -0.2962002819975969 
105 -0.25058617418635115 
106 -0.23057019913621538 
107 -0.2783127975611146 
108 -0.31112273799901025 
109 -0.2586791365607818 
110 -0.20992758712051185 
111 -0.27097354124681705 
112 -0.3339279577025235 
113 -0.25973252012952924 
114 -0.18372960128548466 
115 -0.26660430565800997 
116 -0.3249027243014415 
117 -0.2584819680783886 
