2 -0.9720043456336458 
3 0.9711288198076774 
4 -0.9706622170755307 
5 0.9706683171471067 
6 -0.9706971255850733 
7 0.9707043501625214 
8 -0.970703849660483 
9 0.9707030693428913 
10 -0.9707029580360371 
11 0.9707030140018561 
12 -0.9707030355816402 
13 0.970703033283692 
14 -0.9707030303471351 
15 0.9707030301665144 
16 -0.9707030305872467 
17 0.970703030619554 
18 -0.9707030307568456 
19 0.9707030310657718 
20 -0.9707030306060893 
21 0.9707030305740371 
22 -0.9707030305703059 
23 0.9707030304548492 
24 -0.9707030306189482 
25 0.9707030305963242 
26 -0.9707030305002722 
27 0.9707030304027418 
28 -0.9707030303707148 
29 0.970703030544626 
30 -0.9707030305824013 
31 0.9707030304704655 
32 -0.9707030303831072 
33 0.9707030305186081 
34 -0.9707030305744085 
35 0.9707030305677942 
36 -0.9707030305423043 
37 0.9707030302183862 
38 -0.9707030307524636 
39 0.9707030306226664 
40 -0.9707030305641697 
41 0.970703030567881 
42 -0.9707030305734315 
43 0.9707030305627342 
44 -0.9707030305640079 
45 0.9707030305625126 
46 -0.9707030305703825 
47 0.9707030305690711 
48 -0.9707030305538193 
49 0.9707030305519109 
50 -0.9707030305751977 
51 0.9707030305713767 
52 -0.9707030305672162 
53 0.9707030305570064 
54 -0.9707030305466051 
55 0.9707030305520806 
56 -0.9707030305648441 
57 0.9707030305654741 
58 -0.9707030305621235 
59 0.9707030305616559 
60 -0.9707030305464569 
61 0.9707030305169613 
62 -0.9707030305560977 
63 0.9707030305675307 
64 -0.9707030305714314 
65 0.9707030305706138 
66 -0.970703030537103 
67 0.9707030305207255 
68 -0.9707030305817959 
69 0.970703030717161 
70 -0.9707030305698163 
71 0.9707030316269921 
72 -0.9707030308931296 
73 0.9707030300994647 
74 -0.9707030300372499 
75 0.9707030261021578 
76 -0.970703041927322 
77 0.9707030360696336 
78 -0.9707030311600205 
79 0.9707030298252363 
80 -0.9707030357720929 
81 0.9707030584829128 
82 -0.9707030395204579 
83 0.9707030316303611 
84 -0.9707030303271926 
85 0.970703030512929 
86 -0.9707030305922989 
87 0.9707030307364852 
88 -0.9707030304156196 
89 0.9707030304652876 
90 -0.9707030305519221 
91 0.9707030305706762 
92 -0.9707030305766332 
93 0.9707030304573475 
94 -0.970703030441189 
95 0.9707030305054264 
96 -0.9707030305695272 
97 0.9707030305783981 
98 -0.9707030305953254 
99 0.9707030306344778 
100 -0.9707030305850592 
101 0.9707030305591321 
102 -0.9707030305512492 
103 0.9707030305396831 
104 -0.970703030345937 
105 0.9707030308745503 
106 -0.9707030307280481 
107 0.9707030307528439 
108 -0.9707030307067777 
109 0.9707030306262227 
110 -0.9707030305609268 
111 0.9707030306276815 
112 -0.9707030290946299 
113 0.9707030290943295 
114 -0.9707030303012311 
115 0.9707030305607166 
116 -0.970703030556615 
117 0.9707030305073482 
118 -0.9707030304638803 
119 0.9707030308129815 
120 -0.9707030306195329 
121 0.9707030295790734 
122 -0.9707030300213488 
123 0.9707030303816956 
124 -0.9707030306493576 
125 0.970703030569215 
126 -0.9707030301927105 
127 0.9707030305057536 
128 -0.9707030305912211 
129 0.9707030305595923 
130 -0.9707030305584143 
131 0.9707030305542578 
132 -0.9707030305487411 
133 0.970703030447357 
134 -0.9707030307540546 
135 0.9707030306536981 
136 -0.9707030305721843 
137 0.9707030305597446 
138 -0.9707030305638249 
139 0.9707030307143487 
140 -0.970703030613364 
141 0.9707030305932782 
142 -0.9707030305979291 
143 0.9707030298703606 
144 -0.970703030831602 
145 0.9707030307120615 
146 -0.9707030307570458 
147 0.970703030719089 
148 -0.9707030305738129 
149 0.9707030306041363 
150 -0.9707030312191246 
151 0.9707030300819548 
152 -0.9707030303159333 
153 0.970703030532752 
154 -0.9707030307611196 
155 0.9707030306161663 
156 -0.9707030305239628 
157 0.970703030472666 
158 -0.9707030302804249 
159 0.9707030314365023 
160 -0.9707030308727727 
161 0.9707030302892315 
162 -0.9707030301392106 
163 0.9707030306537183 
164 -0.9707030311490941 
165 0.9707030346565676 
166 -0.9707030283366974 
167 0.9707030286389697 
168 -0.9707030307347818 
169 0.9707030304582648 
170 -0.9707030310678859 
171 0.9707030350032313 
172 -0.9707030316440299 
173 0.9707030267926836 
174 -0.9707030300746886 
175 0.9707030309588068 
176 -0.9707030304998001 
177 0.9707030308949125 
178 -0.9707030283904774 
179 0.9707030299591016 
180 -0.9707030305258645 
181 0.9707030300952849 
182 -0.9707030298725233 
183 0.9707030300768594 
184 -0.9707030321926715 
185 0.9707030465278812 
186 -0.9707030824892185 
187 0.9707030465269525 
188 -0.9707030142035504 
189 0.9707029580623778 
190 -0.9707030692714993 
191 0.9707038491366486 
192 -0.9707043507940545 
193 0.9706971257113325 
194 -0.9706683172245747 
195 0.9706622171361906 
196 -0.9711288196773141 
197 0.9720043455674013 
