2 3 6.212272889180525e-06 
3 4 6.212644480596748e-06 
4 5 6.212647585762036e-06 
5 6 6.212647516376287e-06 
6 7 6.212647514285121e-06 
7 8 6.2126475149521275e-06 
8 9 6.212647515657651e-06 
9 10 6.212647514651835e-06 
10 11 6.212647514621246e-06 
11 12 6.212647514744556e-06 
12 13 6.21264751528414e-06 
13 14 6.2126475130462526e-06 
14 15 6.212647349032289e-06 
15 16 6.212651341622356e-06 
16 17 6.212535875521721e-06 
17 18 6.211001987716543e-06 
18 19 6.210457009382325e-06 
19 20 6.212770097940983e-06 
20 21 6.212649207168513e-06 
21 22 6.212647517614328e-06 
22 23 6.212647516105511e-06 
23 24 6.212647515164903e-06 
24 25 6.212647514408223e-06 
25 26 6.212647515446464e-06 
26 27 6.2126475143372206e-06 
27 28 6.2126475154842506e-06 
28 29 6.2126475155829045e-06 
29 30 6.2126475023849224e-06 
30 31 6.212644745144817e-06 
31 32 6.21264718654734e-06 
32 33 6.212647264273687e-06 
33 34 6.2126475120066145e-06 
34 35 6.2126475149500514e-06 
35 36 6.212647524268069e-06 
36 37 6.212647529322828e-06 
37 38 6.212647515133627e-06 
38 39 6.212647514916528e-06 
39 40 6.212647515231461e-06 
40 41 6.212647512648694e-06 
41 42 6.212647513934294e-06 
42 43 6.212647514986009e-06 
43 44 6.212647515190312e-06 
44 45 6.21264751513938e-06 
45 46 6.212647514635691e-06 
46 47 6.212647455304556e-06 
47 48 6.212639958370783e-06 
48 49 6.212648783048474e-06 
49 50 6.212647769936813e-06 
50 51 6.212647512889871e-06 
51 52 6.212647514595545e-06 
52 53 6.212647514984238e-06 
53 54 6.212647515501208e-06 
54 55 6.212647515897855e-06 
55 56 6.212647514963316e-06 
56 57 6.212647515562204e-06 
57 58 6.212647515551687e-06 
58 59 6.212647515461087e-06 
59 60 6.212647515468224e-06 
60 61 6.212647514521222e-06 
61 62 6.21264751530231e-06 
62 63 6.212647515514599e-06 
63 64 6.212647515544844e-06 
64 65 6.2126475148169665e-06 
65 66 6.212647515279777e-06 
66 67 6.212647515091348e-06 
67 68 6.212647515298735e-06 
68 69 6.212647515502791e-06 
69 70 6.212647515257167e-06 
70 71 6.2126475153602e-06 
71 72 6.212647514698103e-06 
72 73 6.212647514743376e-06 
73 74 6.212647515110754e-06 
74 75 6.212647515095575e-06 
75 76 6.21264751513109e-06 
76 77 6.212647513921193e-06 
77 78 6.21264751491281e-06 
78 79 6.212647515606116e-06 
79 80 6.212647515012469e-06 
80 81 6.212647514683111e-06 
81 82 6.212647515149657e-06 
82 83 6.212647502607052e-06 
83 84 6.212647399233621e-06 
84 85 6.212648141359114e-06 
85 86 6.21265333422371e-06 
86 87 6.212541813398305e-06 
87 88 6.212617319380168e-06 
88 89 6.212636492687977e-06 
89 90 6.2126512299529415e-06 
90 91 6.2126465212824195e-06 
91 92 6.21264751022388e-06 
92 93 6.212647515105115e-06 
93 94 6.212647613961731e-06 
94 95 6.212647520003502e-06 
95 96 6.212647515194332e-06 
96 97 6.21264751583142e-06 
97 98 6.212647568402747e-06 
98 99 6.212647523248411e-06 
99 100 6.212647515069491e-06 
100 101 6.2126475150929e-06 
101 102 6.21264751456427e-06 
102 103 6.212647514918006e-06 
103 104 6.2126475152348426e-06 
104 105 6.212647513466805e-06 
105 106 6.2126474919551474e-06 
106 107 6.212650340726221e-06 
107 108 6.212505573016669e-06 
108 109 6.212549672445032e-06 
109 110 6.212641706746384e-06 
110 111 6.212647444915818e-06 
111 112 6.212647513606027e-06 
112 113 6.212647429799818e-06 
113 114 6.212644897084562e-06 
114 115 6.212580437806039e-06 
115 116 6.211239011338614e-06 
116 117 6.211946831041321e-06 
117 118 6.161713105809244e-06 
