2 -0.05006246181806475 
3 -0.050062733921324896 
4 -0.050062735701719596 
5 -0.050062735604153086 
6 -0.050062735603222164 
7 -0.05006273560329788 
8 -0.05006273560325225 
9 -0.05006273560324054 
10 -0.050062735603249975 
11 -0.050062735603208564 
12 -0.05006273560325769 
13 -0.050062735603221886 
14 -0.050062735603114916 
15 -0.05006273560175146 
16 -0.05006273592061299 
17 -0.05006272869777278 
18 -0.05006261009722261 
19 -0.05006278671019909 
20 -0.05006273630628488 
21 -0.050062735608548736 
22 -0.05006273560360791 
23 -0.050062735603223496 
24 -0.0500627356032346 
25 -0.050062735603252084 
26 -0.05006273560322111 
27 -0.05006273560314689 
28 -0.050062735603197184 
29 -0.05006273560328295 
30 -0.0500627355923578 
31 -0.050062735461943175 
32 -0.05006273547809176 
33 -0.05006273560185692 
34 -0.05006273560321822 
35 -0.050062735603167874 
36 -0.05006273561081381 
37 -0.05006273560329755 
38 -0.0500627356032638 
39 -0.05006273560315999 
40 -0.050062735603270236 
41 -0.05006273560347291 
42 -0.05006273560324059 
43 -0.05006273560323454 
44 -0.05006273560323654 
45 -0.050062735603220554 
46 -0.050062735603474406 
47 -0.05006273581433085 
48 -0.050062735244821244 
49 -0.05006273567692149 
50 -0.05006273560445218 
51 -0.05006273560302277 
52 -0.05006273560325125 
53 -0.05006273560322183 
54 -0.05006273560324909 
55 -0.05006273560325175 
56 -0.05006273560321223 
57 -0.05006273560322344 
58 -0.05006273560324864 
59 -0.050062735603273345 
60 -0.050062735603222164 
61 -0.05006273560325769 
62 -0.050062735603244646 
63 -0.05006273560324048 
64 -0.05006273560322594 
65 -0.05006273560323199 
66 -0.050062735603230935 
67 -0.050062735603211894 
68 -0.050062735603245645 
69 -0.05006273560324098 
70 -0.05006273560336161 
71 -0.05006273560322605 
72 -0.05006273560321245 
73 -0.05006273560324259 
74 -0.05006273560323965 
75 -0.05006273560325064 
76 -0.05006273560327584 
77 -0.050062735603251085 
78 -0.0500627356032326 
79 -0.05006273560322083 
80 -0.05006273560326857 
81 -0.05006273560323343 
82 -0.050062735603218556 
83 -0.05006273560315022 
84 -0.050062735596127075 
85 -0.05006272845918111 
86 -0.05006273250624623 
87 -0.050062726636602925 
88 -0.050062739150010124 
89 -0.05006273800803196 
90 -0.05006273259588906 
91 -0.050062735589983864 
92 -0.05006273560318408 
93 -0.05006273560241553 
94 -0.0500627356115414 
95 -0.050062735603284336 
96 -0.05006273560323621 
97 -0.05006273560239738 
98 -0.050062735613360665 
99 -0.050062735603214115 
100 -0.05006273560324803 
101 -0.050062735603224606 
102 -0.05006273560321811 
103 -0.05006273560322311 
104 -0.050062735603252084 
105 -0.05006273560322211 
106 -0.050062735591155996 
107 -0.050062729935544885 
108 -0.05006273651913723 
109 -0.050062733658100156 
110 -0.05006273557547114 
111 -0.05006273560295904 
112 -0.050062735603092656 
113 -0.05006273560253571 
114 -0.05006273576551141 
115 -0.0500627666939002 
116 -0.05006272044297999 
117 -0.050062388655624825 
