2 0.23044673855691256 
3 -0.3183656097661367 
4 0.35694125009610106 
5 -0.3134110179608527 
6 0.20558505251533474 
7 -0.06385066405263329 
8 -0.07999120437398732 
9 0.1995515154643711 
10 -0.27128231282636256 
11 0.27943834144351976 
12 -0.22420003353048995 
13 0.12163616412838071 
14 0.0035419783940184245 
15 -0.12410164005931118 
16 0.21400439469545 
17 -0.2534852153084176 
18 0.23463896578747795 
19 -0.16340026860145296 
20 0.057174951250600146 
21 0.05963207298582582 
22 -0.1608135441814177 
23 0.2238942274480955 
24 -0.23512848132405087 
25 0.19273566974514858 
26 -0.10731790013190533 
27 -0.0009551656048602925 
28 0.10737904813412927 
29 -0.1881315322451042 
30 0.22518335643364512 
31 -0.2104592955775363 
32 0.14799839156312755 
33 -0.05274020722864992 
34 -0.0534175321166777 
35 0.14649111922709074 
36 -0.20544037058877926 
37 0.21700575683804302 
38 -0.17896714029220337 
39 0.100490585264665 
40 0.00025376334333814205 
41 -0.10024779039678144 
42 0.1767617219394552 
43 -0.21248660454540036 
44 0.19946210832384137 
45 -0.14092548251116988 
46 0.05056198447120794 
47 0.050826580561590964 
48 -0.14019508081149226 
49 0.19728316440908697 
50 -0.20906871542120853 
51 0.17295448266287516 
52 -0.09745856712624025 
53 -2.76609286801021e-05 
54 0.09733333275393827 
55 -0.17230072307337307 
56 0.20773812477724418 
57 -0.19554384282702703 
58 0.1386077028989156 
59 -0.05000870274728868 
60 -0.050008697343860264 
61 0.13860769855292504 
62 -0.19554384113860965 
63 0.20773812545922288 
64 -0.17230072557076004 
65 0.09733333679501066 
66 -2.7666040612738408e-05 
67 -0.09745856203506446 
68 0.17295447920000845 
69 -0.20906871385448964 
70 0.1972831647775311 
71 -0.14019508389365623 
72 0.050826584534670136 
73 0.050561979632713985 
74 -0.14092547817838091 
75 0.19946210501304512 
76 -0.21248660306185357 
77 0.17676172308497373 
78 -0.1002477942660872 
79 0.0002537682395591795 
80 0.10049057985178239 
81 -0.17896713500551387 
82 0.21700575417000695 
83 -0.20544037113233674 
84 0.14649112307211642 
85 -0.05341753904950952 
86 -0.05274019981786799 
87 0.1479983854666885 
88 -0.21045929324468265 
89 0.22518335527402927 
90 -0.18813153545740433 
91 0.10737905470996165 
92 -0.000955173735686614 
93 -0.10731789198607578 
94 0.1927356635421768 
95 -0.23512847896222108 
96 0.2238942297551001 
97 -0.16081355069099035 
98 0.059632082639659675 
99 0.057174940219581125 
100 -0.16340025928303445 
101 0.23463896071759108 
102 -0.253485215873239 
103 0.2140044013835537 
104 -0.12410165226552676 
105 0.003541993605073505 
106 0.1216361497152505 
107 -0.22420002300926364 
108 0.27943833719604627 
109 -0.27128231737677677 
110 0.19955152879167093 
111 -0.07999122234886111 
112 -0.0638506407612901 
113 0.2055850102405103 
114 -0.3134110333476218 
115 0.3569412576216679 
116 -0.3183656156676222 
117 0.23044674884612754 
