0.0 
168.97690849102625 
166.6727462620215 
165.1028784180809 
162.82948855151025 
162.40559106204785 
158.95203363382012 
158.5199364135123 
155.0745885906443 
154.64226880957912 
151.19714353929933 
150.76482543939343 
147.31969848782492 
146.8873805721237 
143.44225343634767 
143.0099362126418 
139.56480838485382 
139.13249064532542 
135.68736333337375 
135.2550484776563 
131.80991828183704 
131.3776000609055 
127.93247323036505 
127.5001553124364 
124.05502817888785 
123.62271025946879 
120.17758312741049 
119.74526527482338 
116.30013807593194 
115.86782015537453 
112.42269302445476 
111.99037510612654 
108.54524797297762 
108.11292998337743 
104.6678029215017 
104.23548500615247 
100.79035787002448 
100.35803992546683 
96.91291281854794 
96.48059489823993 
93.03546776707087 
92.60314984913443 
89.15802271559375 
88.72570454329612 
85.280577664122 
84.84825734088712 
81.40313261268808 
80.97081469693984 
77.52568756121106 
77.09337018483821 
73.64824250972283 
73.21592458745629 
69.77079745824574 
69.33847940355552 
65.89335240677133 
65.46103448744874 
62.015907355294104 
61.58358942653769 
58.13846230381711 
57.70614438449804 
54.26101725233988 
53.82869933263901 
50.3835722008627 
49.951254273304066 
46.5061271493857 
46.073809229888205 
42.62868209790856 
42.1963641787359 
38.75123704643138 
38.31891912458348 
34.87379199495428 
34.4414739900104 
30.996346943479296 
30.564029024917676 
27.118901892002143 
26.686583972877948 
23.241456840524943 
22.809138921107202 
19.364011789047776 
18.931693869606452 
15.486566737570588 
15.054248964756297 
11.60912168609077 
11.176803765715146 
7.73167663461361 
7.299358715209822 
3.8542315831364435 
3.42191366371907 
-0.02321346834072177 
-0.4555313879070567 
-3.900658519817892 
-4.332976439219546 
-7.778103571295068 
-8.210421490700455 
-11.655548622772246 
-12.087866542410946 
-15.532993674249406 
-15.96531159363465 
-19.410438725726568 
-19.84275664097402 
-23.28788377720385 
-23.720201696395787 
-27.165328828680963 
-27.597646748303692 
-31.04277388015813 
-31.475091799564794 
-34.920218931635304 
-35.35253683869323 
-38.79766398311277 
-39.229981891713386 
-42.67510903459008 
-43.10742698364215 
-46.552554086066536 
-46.98487200610462 
-50.42999913754372 
-50.86231705625282 
-54.307444189020785 
-54.73976214864478 
-58.1848892404971 
-58.61720715970828 
-62.06233429197421 
-62.494652211481686 
-65.9397793434513 
-66.37209728627916 
-69.81722439492789 
-70.24954231435815 
-73.69466944640494 
-74.12698730611318 
-77.57211449788313 
-78.00443242221887 
-81.44955954936005 
-81.88187746877817 
-85.32700460083699 
-85.75932252082426 
-89.20444965231404 
-89.63676757157465 
-93.08189470379106 
-93.5142126375681 
-96.95933975526785 
-97.39165767129285 
-100.83678480674493 
-101.26910272330618 
-104.71422985822187 
-105.1465477773808 
-108.59167490969888 
-109.02399300825208 
-112.46911996117387 
-112.90143788076445 
-116.34656501265081 
-116.77888289246779 
-120.22401006412866 
-120.6563274156703 
-124.10145511561757 
-124.53377303414459 
-127.97890016709457 
-128.41121751276452 
-131.85634521858086 
-132.28866314214682 
-135.7337902700577 
-136.16610818962374 
-139.61123532153468 
-140.04355324149742 
-143.48868037301162 
-143.92099837551982 
-147.36612542448333 
-147.79844336396602 
-151.24357047595979 
-151.6758883952983 
-155.12101552743658 
-155.55333357687275 
-158.99846057891105 
-159.43077864477803 
-162.87590563038452 
-163.30822354093803 
-166.75335068186146 
-167.185668601998 
-170.63079573333593 
-171.06311283718244 
-174.50824078472894 
-174.94055870954716 
-178.3856858338461 
-178.81800374709908 
-182.26313085510722 
-182.69544875201993 
-186.14057634766564 
-186.57289867269438 
-190.01806693230915 
-190.4506212288596 
-193.89741096737316 
-194.3379176161 
-197.83109749031885 
-198.4715487163798 
-202.84053719599495 
-206.34836315394423 
-212.61983016722297 
-214.26995525896365 
-214.99373230757817 
-215.04600213818787 
-215.06592035848058 
-215.0661185528613 
-215.0814893267736 
-215.0814903093584 
-215.0903730106324 
-215.09037406103894 
-215.09601576912482 
-215.09601606443277 
-215.0997582843027 
-215.0997584611402 
-215.10231086114405 
-215.10231105225833 
-215.10408378865873 
-215.1040839968552 
-215.10532948102102 
-215.10532969243675 
-215.10621075106258 
-215.1062109561709 
-215.1068366274151 
-215.10683682224408 
-215.107281697586 
-215.1072818815663 
-215.10759825362967 
-215.1075984278848 
-215.10782324684567 
-215.1078234130723 
-215.10798129163365 
-215.10798145118267 
-215.10809108084425 
-215.10809123545633 
-215.10816735458263 
-215.10816750561355 
-215.10822034249426 
-215.10822049096106 
-215.1082571562643 
-215.10825730291862 
-215.10828274080498 
-215.1082828861841 
-215.1083005303853 
-215.108300674862 
-215.10831291226486 
-215.10831305612697 
-215.1083215401349 
-215.10832168354955 
-215.1083275648691 
-215.10832770799254 
-215.1083317831508 
-215.10833192606475 
-215.1083347486197 
-215.10833489138935 
-215.10833684506858 
-215.10833698773496 
-215.10833833888435 
-215.10833848148025 
-215.10833941476193 
-215.10833955730934 
-215.1083402008507 
-215.10834034336432 
-215.10834078605953 
-215.10834092854935 
-215.1083412320948 
-215.1083413745682 
-215.10834158180194 
-215.10834172426453 
-215.10834186495703 
-215.1083420074115 
-215.10834210227617 
-215.1083422447241 
-215.10834230622004 
-215.1083424486652 
-215.10834248724635 
-215.10834262968936 
-215.10834265405654 
-215.10834279649407 
-215.1083428120439 
-215.10834295448157 
-215.10834296457017 
-215.10834310700898 
-215.10834311371914 
-215.10834325615747 
-215.10834326078066 
-215.10834340321875 
-215.10834340655424 
-215.10834354899285 
-215.10834355153492 
-215.1083436939728 
-215.10834369602702 
-215.10834383846475 
-215.10834384021925 
-215.10834398265735 
-215.10834398422816 
-215.1083441266663 
-215.10834412812477 
-215.1083442705633 
-215.10834427195365 
-215.10834441439192 
-215.10834441574167 
-215.1083445581798 
-215.10834455950595 
-215.1083447019441 
-215.10834470325813 
-215.10834484569614 
-215.1083448470053 
-215.1083449894435 
-215.10834499075082 
-215.10834513318852 
-215.10834513449598 
-215.10834527693382 
-215.10834527824133 
-215.10834542067906 
-215.1083454219866 
-215.1083455644245 
-215.10834556573212 
-215.10834570816704 
-215.10834570947492 
-215.10834585191256 
-215.10834585322013 
-215.10834599565788 
-215.1083459969655 
-215.10834613940352 
-215.10834614071112 
-215.10834628314876 
-215.1083462844563 
-215.1083464268963 
-215.108346428204 
-215.10834657064186 
-215.10834657194945 
-215.1083467143873 
-215.1083467156948 
-215.1083468581326 
-215.10834685944016 
-215.10834700187783 
-215.10834700318532 
-215.10834714562296 
-215.1083471469306 
-215.10834728936837 
-215.10834729067594 
-215.10834743311403 
-215.10834743442157 
-215.10834757685933 
-215.10834757816687 
-215.10834772060755 
-215.108347721915 
-215.10834786435274 
-215.10834786566048 
-215.10834800808667 
-215.1083480093943 
-215.10834815183196 
-215.1083481531393 
-215.10834829562037 
-215.10834829692803 
-215.10834843937155 
-215.10834844067892 
-215.10834858311657 
-215.10834858442414 
-215.1083487268616 
-215.10834872816915 
-215.1083488706076 
-215.1083488719152 
-215.10834901435277 
-215.10834901566028 
-215.1083491580993 
-215.1083491594069 
-215.1083493018446 
-215.1083493031522 
-215.10834944558988 
-215.10834944689742 
-215.1083495893338 
-215.1083495906415 
-215.1083497330795 
-215.10834973438722 
-215.10834987682492 
-215.10834987813243 
-215.10835002057624 
-215.1083500218838 
-215.10835016426014 
-215.10835016556845 
-215.10835030800305 
-215.1083503093108 
-215.10835045173167 
-215.10835045303932 
-215.1083505954771 
-215.10835059678453 
-215.10835073922505 
-215.10835074053242 
-215.10835088300658 
-215.10835088431904 
-215.10835102302443 
-215.1083510244919 
-215.10835103611686 
-215.10835103977425 
-215.14258888566908 
-215.14258888967373 
-215.1425888896738 
-237.90450019048947 
-237.93535499250618 
-237.9462024167528 
-237.95372978927412 
-237.95744385824526 
-237.96373322715587 
-237.96861467515347 
-237.97245894307184 
-237.97552303468888 
-237.97799274685644 
-237.97999929601278 
-237.98164147691512 
-237.98299194526817 
-237.9841078034387 
-237.98503234216153 
-237.98580069964103 
-237.9864401158198 
-237.9869732305484 
-237.98741791430126 
-237.98778915722352 
-237.98809908636977 
-237.9883579601196 
-237.9885740526427 
-237.98875449211656 
-237.98890503686584 
-237.98903066569045 
-237.98913540962081 
-237.9892222722257 
-237.98929384824126 
-237.98935285504422 
-237.98940146970887 
-237.9894415409929 
-237.98947454997605 
-237.98950175377655 
-237.98952415974125 
-237.98954262247798 
-237.98955782671214 
-237.9895703537424 
-237.98958067341505 
-237.98958916529264 
-237.98959616068996 
-237.98960192337358 
-237.98960666680483 
-237.98961057332568 
-237.98961378857496 
-237.9896164360759 
-237.98961861464653 
-237.98962040807785 
-237.98962188332723 
-237.98962309756476 
-237.98962409595978 
-237.98962491725337 
-237.98962559209716 
-237.98962614685792 
-237.98962660240548 
-237.9896269764795 
-237.98962728328638 
-237.98962753486194 
-237.98962774084674 
-237.98962790940874 
-237.98962804709328 
-237.98962815944682 
-237.98962825091667 
-237.98962832527286 
-237.9896283855429 
-237.98962843429098 
-237.9896284727924 
-237.98962850256248 
-237.98962852555883 
-237.9896285433255 
-237.98962855703886 
-237.9896285676245 
-237.98962857578817 
-237.9896285820844 
-237.98962858693517 
-237.98962859067237 
-237.98962859354725 
-237.98962859576042 
-237.98962859746004 
-237.9896285987656 
-237.98962859976632 
-237.98962860053268 
-237.98962860111828 
-237.9896286015648 
-237.9896286019042 
-237.9896286021611 
-237.98962860235488 
-237.98962860250012 
-237.9896286026078 
-237.9896286026869 
-237.98962860274406 
-240.67710989415386 
-240.81324888460452 
-240.9088974823734 
-240.92431077585292 
-240.94862718030305 
-240.9529062230406 
-240.962400697181 
-240.96413746632186 
-240.96867337419712 
-240.96952638335603 
-240.97194003968963 
-240.97240739562665 
-240.97377545399564 
-240.9740507313534 
-240.97485848730258 
-240.97503017502044 
-240.97552189497267 
-240.97563492484727 
-240.97594264054277 
-240.97602143357096 
-240.97621986459654 
-240.9762782881093 
-240.9764109849671 
-240.97645713973048 
-240.97654996493995 
-240.97658865901647 
-240.9766571521486 
-240.97669127267918 
-240.97674484646947 
-240.97677613156452 
-240.9768205072855 
-240.97684999946168 
-240.97688893891612 
-240.97689170958856 
-240.9769270320343 
-240.97692875371845 
-240.97696170025347 
-240.9769627848441 
-240.9769665369199 
-240.97696726799742 
-240.97696983263302 
-240.9769703315577 
-240.97697209885234 
-240.97697244345784 
-240.9769736715205 
-240.9769739124704 
-240.97697477356704 
-240.97697494429866 
-240.9769755544009 
-240.9769756772514 
-240.97697611499214 
-240.97697620502635 
-240.97697652404227 
-240.97697659149534 
-240.97697682852348 
-240.97697688038332 
-240.97697706068337 
-240.97697710174052 
-240.97697724267434 
-240.97697727620871 
-240.97697738973434 
-240.97697741799124 
-240.97697751227759 
-240.97697753677426 
-240.97697761742936 
-240.97697763918706 
-240.9769777099506 
-240.97697772962513 
-240.97697779297118 
-240.9769778109674 
-240.97697786844844 
-240.97697788499192 
-240.97697793752064 
-240.97697795272038 
-240.97697800111612 
-240.97697801061997 
-240.97697805472217 
-240.97697806313545 
-240.97697810303526 
-240.9769781104609 
-240.9769781343757 
-240.9769781406965 
-240.97697816074188 
-240.97697816598816 
-240.97697818236657 
-240.97697818661493 
-240.97697819968874 
-240.97697820305257 
-240.97697821327176 
-240.97697821587985 
-240.97697822372808 
-240.97697822571146 
-240.9769782316397 
-240.97697823311566 
-240.97697823751218 
-240.9769782385801 
-240.97697824175856 
-240.97697824249835 
-240.97697824469452 
-240.97697824516865 
-240.9769782465497 
-240.97697824680657 
-240.97697824775332 
-240.9769782478807 
-240.9769782479114 
-240.97697824791155 
-240.97697824790333 
-240.97697824790424 
-240.97697824790433 
-240.97697824790438 
-240.9769782479042 
-240.97697824790413 
-240.97697824790404 
-240.97697824790404 
-240.97697824790404 
-240.9769782479042 
-240.97697824790416 
-240.97697824790416 
-240.97697824790413 
-240.97697824790404 
-240.976978247904 
-240.9769782479039 
-240.97697824790387 
-240.976978247904 
-240.9769782479039 
-240.97697824790404 
-240.97697824790401 
-240.97697824790396 
-240.976978247904 
-240.97697824790384 
-240.97697824790365 
-240.9769782479036 
-240.97697824790373 
-240.97697824790382 
-240.9769782479037 
-240.9769782479037 
-240.9769782479037 
-240.97697824790373 
-240.97697824790353 
-240.9769782479037 
-240.97697824790365 
-240.97697824790367 
-240.97697824790367 
-240.97697824790353 
-240.97697824790345 
-240.9769782479036 
-240.97697824790336 
-240.97697824790325 
-240.9769782479033 
-240.97697824790325 
-240.97697824790328 
-240.9769782479032 
-240.97697824790328 
-240.9769782479033 
-240.9769782479033 
-240.97697824790316 
-240.97697824790328 
-240.97697824790322 
-240.9769782479032 
-240.97697824790308 
-240.97697824790305 
-240.97697824790308 
-240.976978247903 
-240.97697824790296 
-240.97697824790285 
-240.97697824790302 
-240.97697824790293 
-240.97697824790302 
-240.9769782479029 
-240.97697824790293 
-240.97697824790285 
-240.976978247903 
-240.976978247903 
-240.9769782479028 
-240.97697824790282 
-240.97697824790936 
-240.97697824790916 
-240.9769782479155 
-240.97697824791524 
-240.97697825061866 
-240.9769782533272 
-240.97697825603186 
-240.97697825874266 
-240.97697826144864 
-240.97697826416052 
-240.97697826686746 
-240.9769782695809 
-240.97697827228976 
-240.97697827500815 
-240.97697828072728 
-240.97697828644493 
-240.97697829216412 
-240.9769782978816 
-240.976978303601 
-240.9769783093187 
-240.97697831503757 
-240.97697832075534 
-240.9769783264739 
-240.97697833219144 
-240.9769783379097 
-240.9769783436273 
-240.97697834934496 
-240.97697835506222 
-240.9769783607785 
-240.97697836649564 
-240.9769783722091 
-240.97697837792475 
-240.97697838363376 
-240.97697838934664 
-240.97697839207763 
-240.97697839208035 
-240.97951058603138 
-240.98133258837368 
-240.98266863914412 
-240.9836625052863 
-240.98441112651938 
-240.98498055829128 
-240.98541797645785 
-240.9857569191168 
-240.98602206568677 
-240.98623144477364 
-240.98639861102987 
-240.98653362178038 
-240.9866441408132 
-240.98673591085955 
-240.98681336147095 
-240.98687977145607 
-240.98693772846147 
-240.9869891706463 
-240.9870355993746 
-240.98707814692332 
-240.98711769179616 
-240.9871548933145 
-240.98719026248003 
-240.98722417070255 
-240.98725691025683 
-240.98728896585567 
-240.98729240947486 
-240.98729521488914 
-240.987297506921 
-240.98729938353443 
-240.98730092434064 
-240.98730219209483 
-240.98730323815536 
-240.98730410323563 
-240.98730482087547 
-240.98730541777462 
-240.9873059160449 
-240.98730633336083 
-240.9873066844179 
-240.98730698095292 
-240.9873072328727 
-240.98730744801938 
-240.9873076330074 
-240.98730779308715 
-240.987307932716 
-240.98730805544864 
-240.98730816427178 
-240.9873082615682 
-240.98730834934346 
-240.98730842918746 
-240.98730850244183 
-240.9873085701442 
-240.98730863313702 
-240.98730869217576 
-240.98730874778389 
-240.98730880037485 
-240.98730885029266 
-240.9873088977751 
-240.98730894301676 
-240.98730898613906 
-240.98730902724225 
-240.98730906637869 
-240.9873091035956 
-240.9873091389228 
-240.9873091726523 
-240.9873091954207 
-240.987309216432 
-240.98730923568695 
-240.98730925321107 
-240.9873092690458 
-240.98730928325736 
-240.9873092959268 
-240.9873093071517 
-240.9873093170394 
-240.98730932570214 
-240.987309333251 
-240.98730933979624 
-240.98730934544113 
-240.98730935028487 
-240.98730935441318 
-240.98730935790655 
-240.98730936083567 
-240.98730936326177 
-240.98730936523876 
-240.98730936681375 
-240.98730936802667 
-240.9873093689084 
-240.98730936932787 
-240.9873093694948 
-240.98730936951702 
-240.98730936951713 
-240.9873093695089 
-240.98730936950994 
-240.98730936951014 
-240.98730936950986 
-240.98730936951003 
-240.9873093695098 
-240.98730936950986 
-240.98730936950986 
-240.98730936951014 
-240.98730936950997 
-240.9873093695101 
-240.9873093695103 
-240.98730936951054 
-240.9873093695107 
-240.9873093695109 
-240.98730936951105 
-240.98730936951128 
-240.98730936951122 
-240.98730936951122 
-240.98730936951134 
-240.9873093695114 
-240.9873093695114 
-240.98730936951134 
-240.98730936951156 
-240.9873093695115 
-240.9873093695115 
-240.98730936951145 
-240.9873093695115 
-240.98730936951162 
-240.98730936951182 
-240.98730936951182 
-240.98730936951173 
-240.98730936951185 
-240.98730936951202 
-240.98730936951208 
-240.9873093695124 
-240.98730936951247 
-240.98730936951245 
-240.98730936951247 
-240.98730936951281 
-240.98730936951293 
-240.987309369513 
-240.98730936951293 
-240.98730936951299 
-240.98730936951327 
-240.98730936951338 
-240.98730936951338 
-240.98730936951327 
-240.98730936951335 
-240.98730936951344 
-240.98730936951344 
-240.98730936951344 
-240.98730936951344 
-240.98730936951358 
-240.98730936951353 
-240.98730936951327 
-240.98730936951333 
-240.98730936951344 
-240.98730936951338 
-240.98730936951353 
-240.98730936951375 
-240.9873093695137 
-240.98730936951372 
-240.98730936951395 
-240.98730936951418 
-240.98730936952032 
-240.98730936952703 
-240.98730936953393 
-240.98730936953862 
-240.98730937224235 
-240.98730937494688 
-240.98730937765234 
-240.98730938035862 
-240.98730938306565 
-240.98730938577364 
-240.987309388482 
-240.9873093911923 
-240.9873093939055 
-240.98730939962533 
-240.98730940534512 
-240.98730941106498 
-240.98730941678468 
-240.98730942250432 
-240.98730942822385 
-240.9873094339436 
-240.98730943966342 
-240.9873094453829 
-240.98730945110213 
-240.98730945682132 
-240.98730946254102 
-240.9873094682637 
-240.98730946826393 
-240.98730946826365 
-240.9873094682637 
-240.98730946826376 
-240.9873094682645 
-240.9873094682645 
-240.9873094682645 
-240.9873094682648 
-240.98730946826507 
-240.98730946826518 
-240.9873094682653 
-240.98730946826535 
-240.9873094682658 
-240.9873094682657 
-240.98730946826598 
-240.9873094682662 
-240.98730946826623 
-240.98730946826615 
-240.98730946826646 
-240.9873094682665 
-240.98730946826657 
-240.98730946826652 
-240.98730946826672 
-240.98730946826666 
-240.98730946826655 
-240.98730946826652 
-240.98730946826657 
-240.98730946826643 
-240.98730946826615 
-240.98730946826637 
-240.9873094682664 
-240.98730946826655 
-240.9873094682666 
-240.98730946826677 
-240.98730946826686 
-240.98730946826706 
-240.987309468267 
-240.98730946826697 
-240.98730946826728 
-240.98730946826703 
-240.9873094682671 
-240.98730946826723 
-240.98730946826723 
-240.9873094682674 
-240.98730946826768 
-240.98730946826768 
-240.98730946826768 
-240.98730946826788 
-240.987309468268 
-240.987309468268 
-240.98730946826797 
-240.9873094682682 
-240.98730946826825 
-240.98730946826785 
-240.9873094682681 
-240.98730946826814 
-240.9873094682677 
-240.98730946826768 
-240.98730946826774 
-240.98730946826768 
-240.9873094682678 
-240.9873094682679 
-240.98730946826817 
-240.98730946826828 
-240.98730946826848 
-240.9873094682687 
-240.98730946826868 
-240.98730946826905 
-240.98730946826905 
-240.98730946826913 
-240.98730946826907 
-240.98730946826922 
-240.98730946826927 
-240.987309468269 
-240.98730946826922 
-240.98730946826942 
-240.98730946826947 
-240.98730946826964 
-240.98730946826979 
-240.98730946827 
-240.98730946827013 
-240.9873094682702 
-240.98730946827033 
-240.98730946827027 
-240.98730946827035 
-240.98730946827047 
-240.98730946827058 
-240.98730946827052 
-240.9873094682708 
-240.98730946827104 
-240.98730946827092 
-240.98730946827115 
-240.9873094682712 
-240.9873094682715 
-240.98730946827163 
-240.9873094682717 
-240.98730946827183 
-240.98730946827197 
-240.987309468272 
-240.98730946827217 
-240.98730946827226 
-240.98730946827243 
-240.98730946827246 
-240.98730946827152 
-240.98730946827965 
-240.9873094682714 
-240.98730946827257 
-240.98730946827263 
-240.9873094682724 
-240.98730946827226 
-240.9873094682722 
-240.98730946827223 
-240.98730946827206 
-240.98730946827195 
-240.9873094682719 
-240.98730946827183 
-240.98730946827155 
-240.9873094682716 
-240.98730946827158 
-240.98730946827143 
-240.98730946827126 
-240.9873094682712 
-240.98730946827112 
-240.9873094682709 
-240.98730946827078 
-240.98730946827064 
-240.9873094682707 
-240.9873094682707 
-240.9873094682707 
-240.98730946827052 
-240.9873094682703 
-240.9873094682703 
-240.98730946827018 
-240.98730946827007 
-240.98730946826996 
-240.98730946826984 
-240.98730946827007 
-240.9873094682699 
-240.98730946826979 
-240.98730946826976 
-240.9873094682698 
-240.98730946826976 
-240.98730946826942 
-240.98730946826927 
-240.98730946826902 
-240.98730946826882 
-240.9873094682687 
-240.98730946826853 
-240.98730946826834 
-240.9873094682682 
-240.98730946826828 
-240.9873094682682 
-240.98730946826805 
-240.98730946826853 
-240.98730946826842 
-240.9873094682681 
-240.98730946826842 
-240.98730946826842 
-240.98730946826822 
-240.98730946826836 
-240.9873094682683 
-240.98730946826834 
-240.98730946826805 
-240.98730946826814 
-240.98730946826788 
-240.98730946826763 
-240.98730946826763 
-240.9873094682675 
-240.98730946826745 
-240.98730946826728 
-240.9873094682673 
-240.98730946826728 
-240.98730946826734 
-240.9873094682674 
-240.98730946826743 
-240.98730946826726 
-240.98730946826703 
-240.98730946826709 
-240.98730946826683 
-240.9873094682669 
-240.98730946826672 
-240.98730946826666 
-240.9873094682668 
-240.98730946826683 
-240.98730946826683 
-240.98730946826694 
-240.9873094682669 
-240.98730946826672 
-240.9873094682666 
-240.9873094682666 
-240.98730946826666 
-240.98730946826626 
-240.9873094682662 
-240.98730946826603 
-240.98730946826603 
-240.9873094682658 
-240.98730946826578 
-240.98730946826555 
-240.98730946826547 
-240.98730946826547 
-240.9873094682654 
-240.98730946826547 
-240.987309468265 
-240.987309468265 
-240.9873094682649 
-240.98730946826495 
-240.98730946826484 
-240.98730946826478 
-240.9873094682648 
-240.98730946826478 
-240.98730946826478 
-240.98730946826495 
-240.9873094682649 
-240.98730946826473 
-240.98730946826473 
-240.9873094682646 
-240.9873094682646 
-240.98730946826473 
-240.98730946826453 
-240.98730946826453 
-240.98730946826467 
-240.9873094682646 
-240.98730946826447 
-240.98730946826436 
-240.98730946826421 
-240.98730946826413 
-240.9873094682642 
-240.98730946826424 
-240.98730946826421 
-240.98730946826447 
-240.98730946826436 
-240.9873094682643 
-240.98730946826416 
-240.9873094682641 
-240.9873094682641 
-240.98730946826421 
-240.98730946826407 
-240.9873094682639 
-240.98730946826367 
-240.98730946826376 
-240.98730946826365 
-240.98730946826365 
-240.9873094682638 
-240.98730946826356 
-240.98730946826348 
-240.98730946826365 
-240.98730946826373 
-240.98730946826356 
-240.98730946826342 
-240.98730946826353 
-240.98730946826348 
-240.9873094682633 
-240.9873094682634 
-240.98730946826325 
-240.98730946826325 
-240.98730946826325 
-240.9873094682629 
-240.9873094682629 
-240.98730946826285 
-240.98730946826285 
-240.98730946826265 
-240.9873094682624 
-240.98730946826228 
-240.9873094682622 
-240.98730946826214 
-240.98730946826223 
-240.9873094682617 
-240.98730946826157 
-240.98730946826137 
-240.9873094682614 
-240.98730946826137 
-240.98730946826126 
-240.98730946826112 
-240.98730946826097 
-240.98730946826097 
-240.98730946826106 
-240.98730946826126 
-240.98730946826117 
-240.98730946826117 
-240.98730946826126 
-240.9873094682612 
-240.98730946826123 
-240.98730946826117 
-240.9873094682612 
-240.9873094682611 
-240.98730946826103 
-240.9873094682607 
-240.98730946826046 
-240.9873094682603 
-240.98730946826035 
-240.98730946826018 
-240.98730946826024 
-240.98730946825998 
-240.98730946825992 
-240.98730946825984 
-240.98730946826007 
-240.98730946825987 
-240.98730946825987 
-240.98730946825978 
-240.98730946825887 
-240.98730946826686 
-240.98730946825893 
-240.98730946825992 
-240.98730946826007 
-240.98730946826024 
-240.9873094682603 
-240.9873094682603 
-240.98730946826052 
-240.98730946826046 
-240.98730946826075 
-240.98730946826086 
-240.9873094682609 
-240.98730946826103 
-240.98730946826083 
-240.98730946826097 
-240.9873094682612 
-240.98730946826115 
-240.98730946826137 
-240.98730946826137 
-240.98730946826134 
-240.9873094682613 
-240.98730946826132 
-240.98730946826151 
-240.98730946826143 
-240.98730946826151 
-240.9873094682614 
-240.98730946826151 
-240.98730946826154 
-240.9873094682616 
-240.9873094682616 
-240.9873094682615 
-240.98730946826143 
-240.9873094682616 
-240.98730946826163 
-240.98730946826174 
-240.987309468262 
-240.9873094682621 
-240.9873094682621 
-240.98730946826205 
-240.98730946826214 
-240.9873094682621 
-240.98730946826223 
-240.98730946826234 
-240.98730946826237 
-240.9873094682624 
-240.98730946826245 
-240.9873094682624 
-240.98730946826248 
-240.98730946826268 
-240.98730946826265 
-240.9873094682626 
-240.98730946826274 
-240.9873094682628 
-240.98730946826285 
-240.98730946826308 
-240.98730946826308 
-240.98730946826325 
-240.98730946826333 
-240.98730946826345 
-240.9873094682636 
-240.98730946826336 
-240.9873094682636 
-240.9873094682635 
-240.98730946826376 
-240.98730946826376 
-240.98730946826387 
-240.98730946826402 
-240.98730946826413 
-240.9873094682641 
-240.98730946826433 
-240.98730946826436 
-240.9873094682645 
-240.9873094682645 
-240.9873094682646 
-240.98730946826473 
-240.98730946826478 
-240.9873094682647 
-240.98730946826495 
-240.98730946826484 
-240.98730946826498 
-240.98730946826515 
-240.987309468265 
-240.98730946826507 
-240.987309468265 
-240.98730946826524 
-240.98730946826544 
-240.98730946826524 
-240.98730946826566 
-240.98730946826566 
-240.98730946826598 
-240.98730946826595 
-240.987309468266 
-240.98730946826592 
-240.98730946826583 
-240.98730946826578 
-240.98730946826586 
-240.9873094682661 
-240.9873094682661 
-240.98730946826626 
-240.98730946826643 
-240.9873094682668 
-240.98730946826677 
-240.9873094682669 
-240.987309468267 
-240.98730946826717 
-240.98730946826714 
-240.98730946826723 
-240.98730946826728 
-240.98730946826728 
-240.98730946826717 
-240.9873094682674 
-240.9873094682674 
-240.9873094682674 
-240.98730946826745 
-240.9873094682675 
-240.98730946826757 
-240.98730946826774 
-240.98730946826774 
-240.98730946826788 
-240.9873094682678 
-240.98730946826808 
-240.98730946826814 
-240.9873094682682 
-240.9873094682682 
-240.9873094682682 
-240.98730946826814 
-240.98730946826836 
-240.9873094682685 
-240.98730946826865 
-240.98730946826888 
-240.98730946826893 
-240.987309468269 
-240.98730946826916 
-240.98730946826916 
-240.98730946826893 
-240.98730946826893 
-240.98730946826907 
-240.9873094682695 
-240.98730946826947 
-240.98730946826956 
-240.98730946826967 
-240.98730946826976 
-240.9873094682699 
-240.9873094682699 
-240.98730946826996 
-240.98730946827035 
-240.98730946827033 
-240.98730946827035 
-240.98730946827075 
-240.98730946827067 
-240.98730946827092 
-240.9873094682711 
-240.98730946827112 
-240.9873094682712 
-240.98730946827138 
-240.98730946827155 
-240.9873094682716 
-240.9873094682717 
-240.98730946827172 
-240.98730946827203 
-240.98730946827206 
-240.98730946827217 
-240.98730946827237 
-240.98730946827246 
-240.9873094682724 
-240.9873094682724 
-240.98730946827246 
-240.98730946827257 
-240.98730946827268 
-240.98730946827268 
-240.98730946827268 
-240.98730946827274 
-240.9873094682728 
-240.98730946827274 
-240.98730946827274 
-240.98730946827268 
-240.98730946827266 
-240.9873094682729 
-240.98730946827297 
-240.98730946827303 
-240.98730946827322 
-240.9873094682734 
-240.98730946827342 
-240.98730946827354 
-240.98730946827354 
-240.98730946827354 
-240.98730946827365 
-240.98730946827365 
-240.98730946827374 
-240.9873094682737 
-240.98730946827405 
-240.9873094682741 
-240.98730946827416 
-240.98730946827422 
-240.98730946827428 
-240.98730946827317 
-240.9873094682811 
-240.98730946827305 
-240.98730946827416 
-240.98730946827413 
-240.98730946827405 
-240.98730946827408 
-240.98730946827393 
-240.98730946827365 
-240.98730946827365 
-240.98730946827362 
-240.98730946827354 
-240.9873094682735 
-240.98730946827342 
-240.98730946827334 
-240.9873094682733 
-240.9873094682733 
-240.98730946827317 
-240.98730946827297 
-240.9873094682729 
-240.98730946827303 
-240.98730946827285 
-240.98730946827303 
-240.98730946827283 
-240.98730946827274 
-240.9873094682728 
-240.98730946827277 
-240.9873094682727 
-240.98730946827268 
-240.9873094682727 
-240.98730946827257 
-240.98730946827234 
-240.9873094682722 
-240.98730946827231 
-240.98730946827246 
-240.98730946827223 
-240.98730946827203 
-240.98730946827195 
-240.98730946827195 
-240.98730946827172 
-240.98730946827172 
-240.9873094682717 
-240.98730946827172 
-240.98730946827146 
-240.98730946827135 
-240.98730946827138 
-240.98730946827132 
-240.9873094682711 
-240.98730946827092 
-240.98730946827092 
-240.9873094682707 
-240.98730946827052 
-240.9873094682705 
-240.98730946827018 
-240.98730946827013 
-240.98730946826996 
-240.98730946826993 
-240.98730946826967 
-240.9873094682696 
-240.98730946826944 
-240.98730946826927 
-240.98730946826916 
-240.98730946826893 
-240.98730946826893 
-240.9873094682692 
-240.98730946826922 
-240.9873094682691 
-240.98730946826907 
-240.98730946826893 
-240.9873094682688 
-240.98730946826882 
-240.98730946826845 
-240.98730946826825 
-240.9873094682683 
-240.9873094682682 
-240.9873094682683 
-240.98730946826802 
-240.9873094682679 
-240.98730946826763 
-240.9873094682677 
-240.98730946826748 
-240.98730946826754 
-240.9873094682674 
-240.98730946826734 
-240.9873094682671 
-240.98730946826714 
-240.9873094682669 
-240.98730946826683 
-240.9873094682666 
-240.98730946826672 
-240.98730946826672 
-240.9873094682665 
-240.98730946826637 
-240.98730946826632 
-240.98730946826612 
-240.98730946826618 
-240.98730946826603 
-240.98730946826575 
-240.98730946826555 
-240.9873094682654 
-240.98730946826518 
-240.9873094682652 
-240.987309468265 
-240.9873094682649 
-240.987309468265 
-240.987309468265 
-240.98730946826507 
-240.987309468265 
-240.98730946826504 
-240.9873094682649 
-240.9873094682646 
-240.9873094682645 
-240.98730946826453 
-240.98730946826433 
-240.98730946826404 
-240.98730946826421 
-240.98730946826402 
-240.98730946826421 
-240.98730946826393 
-240.98730946826387 
-240.98730946826407 
-240.98730946826387 
-240.9873094682639 
-240.98730946826382 
-240.98730946826356 
-240.98730946826345 
-240.9873094682633 
-240.9873094682633 
-240.9873094682633 
-240.987309468263 
-240.98730946826296 
-240.9873094682629 
-240.98730946826268 
-240.98730946826257 
-240.9873094682627 
-240.98730946826268 
-240.98730946826254 
-240.9873094682624 
-240.9873094682625 
-240.9873094682623 
-240.98730946826217 
-240.98730946826217 
-240.9873094682622 
-240.98730946826186 
-240.9873094682617 
-240.9873094682616 
-240.98730946826154 
-240.98730946826146 
-240.9873094682615 
-240.98730946826146 
-240.9873094682613 
-240.98730946826117 
-240.98730946826117 
-240.9873094682612 
-240.98730946826095 
-240.98730946826083 
-240.98730946826075 
-240.98730946826072 
-240.9873094682607 
-240.98730946826063 
-240.98730946826063 
-240.98730946826055 
-240.98730946826066 
-240.98730946826055 
-240.98730946826035 
-240.9873094682604 
-240.98730946826032 
-240.98730946826032 
-240.98730946826052 
-240.98730946826043 
-240.9873094682603 
-240.98730946826024 
-240.9873094682601 
-240.98730946826 
-240.98730946826 
-240.98730946826007 
-240.98730946825984 
-240.98730946825978 
-240.98730946825967 
-240.9873094682597 
-240.98730946825972 
-240.9873094682596 
-240.98730946825955 
-240.98730946825955 
-240.98730946825947 
-240.98730946825964 
-240.98730946825958 
-240.98730946825955 
-240.9873094682594 
-240.98730946825907 
-240.987309468259 
-240.987309468259 
-240.98730946825881 
-240.98730946825873 
-240.9873094682586 
-240.98730946825847 
-240.98730946825737 
-240.9873094682652 
-240.98730946825734 
-240.9873094682585 
-240.98730946825856 
-240.9873094682586 
-240.98730946825853 
-240.98730946825867 
-240.98730946825867 
-240.98730946825887 
-240.98730946825904 
-240.98730946825913 
-240.98730946825913 
-240.9873094682592 
-240.98730946825944 
-240.98730946825955 
-240.98730946825955 
-240.98730946825958 
-240.98730946825967 
-240.98730946825984 
-240.98730946825995 
-240.98730946825995 
-240.9873094682598 
-240.98730946825995 
-240.98730946825978 
-240.9873094682598 
-240.98730946826004 
-240.98730946825995 
-240.98730946826046 
-240.98730946826046 
-240.98730946826055 
-240.9873094682607 
-240.98730946826075 
-240.98730946826063 
-240.9873094682608 
-240.98730946826097 
-240.9873094682609 
-240.987309468261 
-240.98730946826078 
-240.98730946826092 
-240.98730946826097 
-240.9873094682612 
-240.98730946826123 
-240.98730946826126 
-240.98730946826154 
-240.9873094682615 
-240.98730946826154 
-240.98730946826151 
-240.9873094682616 
-240.98730946826183 
-240.9873094682617 
-240.987309468262 
-240.98730946826205 
-240.9873094682621 
-240.98730946826205 
-240.9873094682623 
-240.9873094682625 
-240.9873094682625 
-240.9873094682625 
-240.98730946826274 
-240.9873094682629 
-240.9873094682628 
-240.98730946826274 
-240.9873094682629 
-240.98730946826274 
-240.9873094682628 
-240.98730946826268 
-240.9873094682626 
-240.98730946826285 
-240.98730946826285 
-240.9873094682629 
-240.9873094682629 
-240.98730946826282 
-240.98730946826313 
-240.98730946826353 
-240.98730946826365 
-240.98730946826353 
-240.98730946826348 
-240.9873094682635 
-240.98730946826362 
-240.9873094682637 
-240.9873094682637 
-240.9873094682637 
-240.98730946826396 
-240.98730946826382 
-240.98730946826393 
-240.9873094682641 
-240.98730946826421 
-240.98730946826439 
-240.9873094682645 
-240.98730946826478 
-240.98730946826473 
-240.9873094682648 
-240.98730946826507 
-240.987309468265 
-240.98730946826495 
-240.98730946826515 
-240.98730946826527 
-240.98730946826532 
-240.9873094682654 
-240.9873094682657 
-240.98730946826558 
-240.98730946826578 
-240.98730946826586 
-240.98730946826595 
-240.9873094682662 
-240.9873094682665 
-240.9873094682666 
-240.98730946826677 
-240.98730946826677 
-240.98730946826686 
-240.9873094682668 
-240.98730946826683 
-240.987309468267 
-240.98730946826728 
-240.98730946826734 
-240.98730946826745 
-240.98730946826754 
-240.98730946826763 
-240.98730946826763 
-240.9873094682679 
-240.98730946826802 
-240.98730946826825 
-240.98730946826836 
-240.98730946826848 
-240.98730946826845 
-240.98730946826865 
-240.98730946826845 
-240.98730946826888 
-240.987309468269 
-240.98730946826916 
-240.9873094682693 
-240.98730946826933 
-240.98730946826944 
-240.9873094682695 
-240.98730946826973 
-240.98730946826979 
-240.98730946827 
-240.98730946826993 
-240.98730946827013 
-240.98730946827013 
-240.98730946827035 
-240.9873094682705 
-240.98730946827075 
-240.987309468271 
-240.98730946827106 
-240.9873094682713 
-240.9873094682712 
-240.98730946827138 
-240.98730946827143 
-240.98730946827158 
-240.98730946827175 
-240.98730946827172 
-240.98730946827177 
-240.9873094682719 
-240.987309468272 
-240.98730946827206 
-240.98730946827223 
-240.98730946827234 
-240.98730946827234 
-240.98730946827234 
-240.98730946827243 
-240.98730946827263 
-240.98730946827268 
-240.9873094682728 
-240.98730946827285 
-240.98730946827303 
-240.98730946827305 
-240.98730946827322 
-240.98730946827314 
-240.98730946827308 
-240.9873094682732 
-240.98730946827322 
-240.9873094682733 
-240.98730946827322 
-240.98730946827354 
-240.98730946827354 
-240.98730946827362 
-240.98730946827362 
-240.9873094682736 
-240.9873094682737 
-240.98730946827388 
-240.9873094682741 
-240.98730946827422 
-240.98730946827422 
-240.98730946827413 
-240.98730946827425 
-240.98730946827445 
-240.98730946827442 
-240.98730946827456 
-240.98730946827487 
-240.98730946827496 
-240.9873094682753 
-240.9873094682754 
-240.98730946827536 
-240.9873094682754 
-240.98730946827442 
-240.98730946828246 
-240.98730946827453 
-240.9873094682754 
-240.98730946827547 
-240.98730946827547 
-240.98730946827538 
-240.987309468275 
-240.9873094682749 
-240.98730946827467 
-240.98730946827456 
-240.98730946827436 
-240.9873094682742 
-240.98730946827416 
-240.98730946827405 
-240.98730946827382 
-240.98730946827374 
-240.9873094682735 
-240.98730946827334 
-240.9873094682732 
-240.98730946827308 
-240.987309468273 
-240.98730946827294 
-240.987309468273 
-240.98730946827294 
-240.9873094682728 
-240.98730946827274 
-240.9873094682728 
-240.98730946827274 
-240.9873094682728 
-240.98730946827274 
-240.98730946827303 
-240.98730946827268 
-240.98730946827263 
-240.9873094682724 
-240.98730946827246 
-240.9873094682724 
-240.98730946827212 
-240.98730946827203 
-240.987309468272 
-240.98730946827192 
-240.98730946827186 
-240.98730946827172 
-240.98730946827155 
-240.98730946827155 
-240.98730946827135 
-240.98730946827132 
-240.98730946827132 
-240.98730946827106 
-240.98730946827095 
-240.9873094682711 
-240.9873094682711 
-240.9873094682711 
-240.987309468271 
-240.98730946827098 
-240.98730946827064 
-240.98730946827052 
-240.9873094682703 
-240.98730946827 
-240.98730946826998 
-240.9873094682699 
-240.9873094682698 
-240.98730946826984 
-240.98730946826967 
-240.98730946826936 
-240.98730946826944 
-240.98730946826913 
-240.9873094682692 
-240.98730946826885 
-240.98730946826882 
-240.9873094682687 
-240.98730946826848 
-240.98730946826842 
-240.9873094682684 
-240.9873094682683 
-240.98730946826828 
-240.98730946826834 
-240.98730946826808 
-240.98730946826794 
-240.98730946826774 
-240.98730946826757 
-240.98730946826737 
-240.98730946826737 
-240.98730946826717 
-240.98730946826709 
-240.98730946826703 
-240.9873094682669 
-240.98730946826683 
-240.98730946826697 
-240.9873094682669 
-240.9873094682669 
-240.9873094682667 
-240.98730946826652 
-240.98730946826637 
-240.9873094682662 
-240.98730946826603 
-240.98730946826578 
-240.9873094682657 
-240.98730946826575 
-240.98730946826552 
-240.9873094682657 
-240.9873094682654 
-240.9873094682652 
-240.98730946826507 
-240.98730946826507 
-240.9873094682651 
-240.98730946826493 
-240.9873094682648 
-240.98730946826473 
-240.98730946826456 
-240.98730946826436 
-240.98730946826413 
-240.98730946826402 
-240.9873094682639 
-240.98730946826387 
-240.9873094682639 
-240.98730946826373 
-240.98730946826365 
-240.98730946826365 
-240.98730946826365 
-240.98730946826345 
-240.98730946826348 
-240.9873094682636 
-240.98730946826376 
-240.9873094682637 
-240.98730946826348 
-240.98730946826325 
-240.98730946826328 
-240.98730946826328 
-240.98730946826348 
-240.98730946826336 
-240.9873094682631 
-240.98730946826328 
-240.9873094682633 
-240.98730946826325 
-240.98730946826325 
-240.98730946826308 
-240.98730946826313 
-240.98730946826308 
-240.9873094682631 
-240.987309468263 
-240.9873094682629 
-240.98730946826268 
-240.98730946826257 
-240.9873094682624 
-240.98730946826257 
-240.98730946826248 
-240.9873094682625 
-240.98730946826228 
-240.98730946826237 
-240.98730946826223 
-240.98730946826217 
-240.98730946826217 
-240.98730946826223 
-240.98730946826234 
-240.98730946826205 
-240.987309468262 
-240.98730946826194 
-240.98730946826177 
-240.98730946826177 
-240.98730946826166 
-240.98730946826169 
-240.98730946826157 
-240.98730946826154 
-240.98730946826137 
-240.9873094682612 
-240.98730946826132 
-240.98730946826115 
-240.98730946826106 
-240.98730946826103 
-240.98730946826097 
-240.98730946826058 
-240.98730946826058 
-240.98730946826038 
-240.98730946826038 
-240.98730946826035 
-240.9873094682603 
-240.9873094682603 
-240.9873094682604 
-240.98730946826018 
-240.98730946826015 
-240.98730946826007 
-240.9873094682601 
-240.9873094682601 
-240.9873094682599 
-240.9873094682598 
-240.9873094682596 
-240.98730946825944 
-240.9873094682595 
-240.98730946825938 
-240.9873094682593 
-240.9873094682592 
-240.9873094682593 
-240.98730946825935 
-240.98730946825935 
-240.98730946825927 
-240.98730946825813 
-240.98730946826637 
-240.98730946825833 
-240.98730946825927 
-240.98730946825935 
-240.98730946825933 
-240.98730946825938 
-240.98730946825924 
-240.98730946825918 
-240.98730946825916 
-240.9873094682594 
-240.9873094682592 
-240.98730946825944 
-240.98730946825955 
-240.9873094682594 
-240.98730946825955 
-240.98730946825924 
-240.98730946825935 
-240.98730946825955 
-240.9873094682592 
-240.98730946825935 
-240.9873094682596 
-240.98730946825944 
-240.9873094682596 
-240.98730946825978 
-240.98730946825967 
-240.98730946825975 
-240.98730946825972 
-240.98730946825987 
-240.98730946825998 
-240.98730946826024 
-240.98730946826046 
-240.98730946826058 
-240.98730946826055 
-240.98730946826072 
-240.98730946826095 
-240.9873094682612 
-240.98730946826132 
-240.98730946826137 
-240.98730946826163 
-240.9873094682617 
-240.9873094682617 
-240.9873094682619 
-240.987309468262 
-240.98730946826214 
-240.98730946826223 
-240.98730946826223 
-240.9873094682624 
-240.98730946826277 
-240.98730946826274 
-240.98730946826288 
-240.98730946826294 
-240.9873094682632 
-240.98730946826328 
-240.9873094682634 
-240.98730946826353 
-240.98730946826336 
-240.98730946826345 
-240.98730946826353 
-240.98730946826387 
-240.98730946826387 
-240.9873094682638 
-240.987309468264 
-240.98730946826439 
-240.9873094682643 
-240.9873094682644 
-240.98730946826456 
-240.98730946826464 
-240.98730946826484 
-240.98730946826495 
-240.98730946826473 
-240.98730946826467 
-240.9873094682649 
-240.98730946826478 
-240.98730946826493 
-240.98730946826515 
-240.98730946826524 
-240.98730946826535 
-240.98730946826535 
-240.98730946826538 
-240.9873094682658 
-240.98730946826558 
-240.9873094682657 
-240.98730946826586 
-240.9873094682658 
-240.98730946826586 
-240.98730946826592 
-240.98730946826586 
-240.9873094682661 
-240.98730946826586 
-240.98730946826603 
-240.9873094682662 
-240.98730946826635 
-240.98730946826637 
-240.9873094682665 
-240.9873094682666 
-240.98730946826677 
-240.98730946826686 
-240.98730946826694 
-240.98730946826666 
-240.9873094682669 
-240.98730946826703 
-240.98730946826709 
-240.98730946826717 
-240.98730946826728 
-240.98730946826757 
-240.98730946826737 
-240.98730946826765 
-240.98730946826774 
-240.98730946826765 
-240.9873094682677 
-240.98730946826774 
-240.98730946826774 
-240.9873094682679 
-240.9873094682679 
-240.98730946826802 
-240.98730946826808 
-240.98730946826814 
-240.98730946826814 
-240.98730946826822 
-240.98730946826825 
-240.98730946826836 
-240.98730946826825 
-240.98730946826822 
-240.98730946826825 
-240.98730946826836 
-240.98730946826842 
-240.9873094682686 
-240.98730946826856 
-240.9873094682686 
-240.98730946826876 
-240.98730946826907 
-240.98730946826905 
-240.98730946826925 
-240.9873094682691 
-240.98730946826916 
-240.9873094682691 
-240.98730946826905 
-240.9873094682691 
-240.9873094682692 
-240.98730946826927 
-240.9873094682696 
-240.98730946826967 
-240.98730946826973 
-240.98730946826979 
-240.9873094682698 
-240.98730946826984 
-240.98730946827 
-240.98730946826996 
-240.98730946826998 
-240.98730946827024 
-240.9873094682703 
-240.98730946827058 
-240.98730946827055 
-240.9873094682707 
-240.9873094682708 
-240.98730946827104 
-240.9873094682711 
-240.9873094682711 
-240.9873094682711 
-240.98730946827132 
-240.98730946827135 
-240.9873094682711 
-240.98730946827123 
-240.98730946827087 
-240.98730946827095 
-240.98730946827098 
-240.98730946827104 
-240.9873094682711 
-240.98730946827115 
-240.9873094682712 
-240.98730946827126 
-240.98730946827132 
-240.98730946827158 
-240.98730946827152 
-240.98730946827155 
-240.9873094682718 
-240.98730946827192 
-240.9873094682721 
-240.98730946827206 
-240.9873094682722 
-240.98730946827234 
-240.9873094682725 
-240.9873094682725 
-240.9873094682727 
-240.98730946827297 
-240.98730946827322 
-240.98730946827325 
-240.98730946827337 
-240.98730946827345 
-240.98730946827365 
-240.98730946827357 
-240.98730946827376 
-240.9873094682738 
-240.98730946827365 
-240.98730946827357 
-240.98730946827268 
-240.9873094682806 
-240.9873094682727 
-240.9873094682738 
-240.9873094682737 
-240.9873094682737 
-240.9873094682736 
-240.98730946827354 
-240.98730946827342 
-240.98730946827337 
-240.98730946827334 
-240.9873094682732 
-240.98730946827314 
-240.98730946827297 
-240.98730946827277 
-240.98730946827274 
-240.98730946827268 
-240.98730946827249 
-240.9873094682724 
-240.98730946827223 
-240.98730946827223 
-240.98730946827212 
-240.987309468272 
-240.98730946827177 
-240.98730946827175 
-240.98730946827166 
-240.98730946827152 
-240.98730946827138 
-240.98730946827126 
-240.9873094682712 
-240.9873094682712 
-240.98730946827098 
-240.98730946827092 
-240.98730946827084 
-240.98730946827095 
-240.9873094682712 
-240.9873094682712 
-240.9873094682712 
-240.98730946827123 
-240.98730946827106 
-240.98730946827092 
-240.98730946827092 
-240.9873094682708 
-240.98730946827072 
-240.98730946827055 
-240.98730946827058 
-240.98730946827044 
-240.98730946827013 
-240.98730946827024 
-240.9873094682699 
-240.98730946826967 
-240.98730946826976 
-240.98730946826956 
-240.98730946826947 
-240.9873094682694 
-240.9873094682694 
-240.9873094682694 
-240.98730946826944 
-240.98730946826927 
-240.98730946826905 
-240.987309468269 
-240.98730946826893 
-240.98730946826888 
-240.98730946826893 
-240.98730946826876 
-240.9873094682687 
-240.98730946826876 
-240.9873094682687 
-240.98730946826856 
-240.98730946826828 
-240.98730946826822 
-240.9873094682682 
-240.98730946826808 
-240.98730946826805 
-240.98730946826785 
-240.98730946826794 
-240.9873094682679 
-240.98730946826797 
-240.98730946826794 
-240.98730946826782 
-240.98730946826765 
-240.98730946826788 
-240.98730946826794 
-240.98730946826774 
-240.9873094682679 
-240.98730946826777 
-240.98730946826757 
-240.98730946826754 
-240.98730946826782 
-240.98730946826768 
-240.98730946826765 
-240.98730946826777 
-240.98730946826745 
-240.98730946826774 
-240.98730946826734 
-240.9873094682673 
-240.98730946826723 
-240.98730946826717 
-240.98730946826683 
-240.9873094682667 
-240.98730946826686 
-240.98730946826683 
-240.98730946826674 
-240.98730946826655 
-240.98730946826646 
-240.9873094682662 
-240.98730946826623 
-240.98730946826603 
-240.98730946826592 
-240.9873094682661 
-240.98730946826583 
-240.98730946826586 
-240.987309468266 
-240.98730946826612 
-240.98730946826592 
-240.9873094682658 
-240.9873094682658 
-240.98730946826575 
-240.98730946826586 
-240.98730946826564 
-240.98730946826555 
-240.9873094682654 
-240.98730946826518 
-240.98730946826512 
-240.98730946826473 
-240.9873094682646 
-240.9873094682646 
-240.98730946826444 
-240.98730946826439 
-240.98730946826447 
-240.9873094682644 
-240.98730946826424 
-240.98730946826413 
-240.98730946826387 
-240.987309468264 
-240.98730946826404 
-240.9873094682637 
-240.98730946826348 
-240.9873094682635 
-240.98730946826342 
-240.9873094682634 
-240.9873094682633 
-240.9873094682633 
-240.98730946826322 
-240.98730946826322 
-240.98730946826302 
-240.98730946826268 
-240.98730946826257 
-240.98730946826257 
-240.98730946826228 
-240.98730946826217 
-240.987309468262 
-240.987309468262 
-240.98730946826177 
-240.98730946826169 
-240.98730946826146 
-240.98730946826137 
-240.98730946826126 
-240.98730946826132 
-240.98730946826115 
-240.9873094682608 
-240.9873094682608 
-240.98730946826063 
-240.9873094682603 
-240.98730946826018 
-240.9873094682599 
-240.98730946825972 
-240.98730946825967 
-240.9873094682596 
-240.98730946825947 
-240.98730946825935 
-240.98730946825916 
-240.98730946825904 
-240.98730946825899 
-240.98730946825913 
-240.98730946825893 
-240.98730946825884 
-240.98730946825899 
-240.9873094682587 
-240.98730946825864 
-240.98730946825873 
-240.98730946825867 
-240.98730946825836 
-240.98730946825836 
-240.98730946825847 
-240.9873094682586 
-240.98730946825836 
-240.9873094682583 
-240.9873094682583 
-240.9873094682582 
-240.98730946825825 
-240.9873094682584 
-240.98730946825825 
-240.98730946825813 
-240.98730946825825 
-240.987309468258 
-240.98730946825697 
-240.98730946826478 
-240.98730946825702 
-240.98730946825802 
-240.9873094682581 
-240.98730946825813 
-240.98730946825816 
-240.98730946825827 
-240.98730946825847 
-240.98730946825862 
-240.9873094682587 
-240.98730946825881 
-240.98730946825887 
-240.98730946825916 
-240.98730946825899 
-240.987309468259 
-240.9873094682591 
-240.9873094682591 
-240.98730946825913 
-240.98730946825924 
-240.98730946825944 
-240.9873094682595 
-240.98730946825967 
-240.98730946825978 
-240.98730946825978 
-240.98730946826 
-240.98730946826024 
-240.98730946826035 
-240.98730946826026 
-240.9873094682605 
-240.98730946826063 
-240.98730946826072 
-240.98730946826097 
-240.98730946826112 
-240.98730946826146 
-240.9873094682616 
-240.98730946826188 
-240.98730946826217 
-240.98730946826228 
-240.9873094682624 
-240.98730946826242 
-240.98730946826262 
-240.98730946826268 
-240.98730946826308 
-240.9873094682633 
-240.9873094682633 
-240.98730946826348 
-240.98730946826362 
-240.98730946826365 
-240.98730946826367 
-240.98730946826396 
-240.9873094682641 
-240.98730946826404 
-240.98730946826427 
-240.98730946826427 
-240.9873094682645 
-240.9873094682644 
-240.9873094682645 
-240.9873094682645 
-240.98730946826444 
-240.9873094682645 
-240.98730946826439 
-240.98730946826439 
-240.98730946826453 
-240.9873094682646 
-240.9873094682645 
-240.9873094682645 
-240.9873094682647 
-240.987309468265 
-240.98730946826515 
-240.98730946826518 
-240.98730946826547 
-240.98730946826578 
-240.98730946826586 
-240.9873094682658 
-240.98730946826612 
-240.98730946826626 
-240.9873094682662 
-240.98730946826652 
-240.98730946826643 
-240.9873094682664 
-240.98730946826655 
-240.98730946826643 
-240.98730946826655 
-240.9873094682666 
-240.98730946826674 
-240.98730946826677 
-240.98730946826691 
-240.98730946826683 
-240.9873094682669 
-240.98730946826697 
-240.98730946826709 
-240.98730946826706 
-240.98730946826717 
-240.9873094682674 
-240.9873094682676 
-240.98730946826794 
-240.98730946826814 
-240.98730946826805 
-240.98730946826828 
-240.9873094682683 
-240.98730946826836 
-240.98730946826842 
-240.98730946826856 
-240.98730946826862 
-240.98730946826873 
-240.98730946826873 
-240.987309468269 
-240.98730946826893 
-240.9873094682691 
-240.98730946826907 
-240.98730946826916 
-240.98730946826916 
-240.98730946826913 
-240.9873094682694 
-240.9873094682694 
-240.9873094682696 
-240.9873094682695 
-240.98730946826936 
-240.9873094682695 
-240.98730946826976 
-240.98730946826973 
-240.98730946826976 
-240.9873094682699 
-240.98730946827 
-240.9873094682701 
-240.9873094682703 
-240.98730946827013 
-240.98730946827007 
-240.98730946827015 
-240.9873094682703 
-240.98730946827018 
-240.98730946827027 
-240.98730946827013 
-240.9873094682703 
-240.98730946827055 
-240.98730946827067 
-240.9873094682708 
-240.98730946827115 
-240.98730946827118 
-240.9873094682713 
-240.98730946827138 
-240.9873094682716 
-240.98730946827146 
-240.9873094682716 
-240.9873094682717 
-240.98730946827195 
-240.98730946827206 
-240.98730946827206 
-240.98730946827217 
-240.98730946827234 
-240.9873094682724 
-240.9873094682724 
-240.98730946827254 
-240.98730946827266 
-240.98730946827305 
-240.98730946827305 
-240.987309468273 
-240.98730946827297 
-240.98730946827303 
-240.98730946827314 
-240.9873094682732 
-240.9873094682733 
-240.98730946827342 
-240.98730946827342 
-240.98730946827368 
-240.98730946827376 
-240.98730946827368 
-240.98730946827388 
-240.987309468274 
-240.98730946827413 
-240.98730946827433 
-240.98730946827447 
-240.9873094682745 
-240.98730946827453 
-240.98730946827447 
-240.98730946827456 
-240.9873094682745 
-240.98730946827462 
-240.98730946827465 
-240.98730946827467 
-240.98730946827473 
-240.98730946827482 
-240.9873094682749 
-240.98730946827507 
-240.98730946827524 
-240.98730946827519 
-240.98730946827519 
-240.9873094682753 
-240.98730946827524 
-240.9873094682753 
-240.9873094682755 
-240.98730946827567 
-240.98730946827567 
-240.9873094682757 
-240.98730946827564 
-240.98730946827462 
-240.98730946828277 
-240.9873094682746 
-240.98730946827584 
-240.98730946827547 
-240.9873094682757 
-240.9873094682755 
-240.9873094682754 
-240.9873094682754 
-240.98730946827524 
-240.98730946827533 
-240.98730946827544 
-240.98730946827524 
-240.98730946827524 
-240.98730946827519 
-240.98730946827524 
-240.98730946827504 
-240.98730946827496 
-240.98730946827484 
-240.9873094682749 
-240.98730946827484 
-240.98730946827456 
-240.98730946827465 
-240.98730946827462 
-240.98730946827462 
-240.98730946827473 
-240.98730946827456 
-240.98730946827428 
-240.98730946827413 
-240.987309468274 
-240.98730946827393 
-240.98730946827382 
-240.98730946827393 
-240.987309468274 
-240.9873094682737 
-240.98730946827368 
-240.98730946827362 
-240.9873094682733 
-240.98730946827334 
-240.98730946827325 
-240.98730946827328 
-240.98730946827322 
-240.98730946827337 
-240.98730946827297 
-240.9873094682727 
-240.9873094682726 
-240.98730946827243 
-240.98730946827246 
-240.98730946827234 
-240.98730946827223 
-240.98730946827203 
-240.98730946827195 
-240.98730946827197 
-240.98730946827172 
-240.98730946827166 
-240.98730946827155 
-240.9873094682715 
-240.9873094682713 
-240.98730946827106 
-240.98730946827104 
-240.98730946827115 
-240.9873094682708 
-240.98730946827075 
-240.9873094682707 
-240.9873094682704 
-240.98730946827027 
-240.9873094682704 
-240.98730946827047 
-240.98730946827044 
-240.98730946827033 
-240.98730946827018 
-240.98730946827018 
-240.9873094682704 
-240.98730946827015 
-240.98730946827027 
-240.98730946826996 
-240.98730946827013 
-240.98730946826993 
-240.9873094682698 
-240.98730946826973 
-240.98730946826956 
-240.98730946826961 
-240.98730946826973 
-240.9873094682697 
-240.98730946826933 
-240.98730946826922 
-240.9873094682691 
-240.987309468269 
-240.9873094682688 
-240.98730946826876 
-240.98730946826868 
-240.98730946826845 
-240.98730946826828 
-240.98730946826825 
-240.9873094682682 
-240.98730946826825 
-240.98730946826817 
-240.98730946826814 
-240.98730946826808 
-240.9873094682679 
-240.98730946826774 
-240.98730946826768 
-240.98730946826763 
-240.9873094682675 
-240.98730946826734 
-240.98730946826714 
-240.9873094682671 
-240.98730946826703 
-240.98730946826697 
-240.9873094682668 
-240.987309468267 
-240.9873094682669 
-240.98730946826666 
-240.98730946826652 
-240.9873094682664 
-240.98730946826635 
-240.98730946826623 
-240.9873094682663 
-240.98730946826615 
-240.98730946826615 
-240.9873094682662 
-240.9873094682659 
-240.9873094682661 
-240.9873094682659 
-240.98730946826575 
-240.98730946826558 
-240.9873094682656 
-240.98730946826532 
-240.98730946826512 
-240.98730946826495 
-240.98730946826484 
-240.98730946826453 
-240.98730946826433 
-240.98730946826439 
-240.98730946826444 
-240.98730946826444 
-240.98730946826433 
-240.98730946826439 
-240.98730946826433 
-240.98730946826427 
-240.98730946826424 
-240.9873094682642 
-240.98730946826421 
-240.98730946826424 
-240.98730946826421 
-240.98730946826416 
-240.98730946826404 
-240.98730946826404 
-240.98730946826396 
-240.98730946826373 
-240.9873094682635 
-240.98730946826353 
-240.9873094682634 
-240.98730946826325 
-240.98730946826313 
-240.98730946826296 
-240.98730946826262 
-240.98730946826262 
-240.98730946826245 
-240.98730946826237 
-240.9873094682625 
-240.98730946826223 
-240.98730946826197 
-240.9873094682617 
-240.98730946826163 
-240.98730946826143 
-240.98730946826117 
-240.98730946826103 
-240.987309468261 
-240.98730946826083 
-240.98730946826052 
-240.9873094682607 
-240.98730946826043 
-240.98730946826058 
-240.98730946826026 
-240.9873094682603 
-240.98730946826026 
-240.98730946826007 
-240.9873094682599 
-240.9873094682596 
-240.98730946825972 
-240.9873094682597 
-240.98730946825972 
-240.98730946825978 
-240.98730946825972 
-240.98730946825978 
-240.98730946825955 
-240.98730946825935 
-240.9873094682593 
-240.987309468259 
-240.98730946825893 
-240.98730946825856 
-240.98730946825867 
-240.98730946825853 
-240.98730946825847 
-240.98730946825845 
-240.98730946825742 
-240.98730946826544 
