2 -0.12629032060447545 
3 -0.13029889152146323 
4 -0.13126852020014418 
5 -0.13117151507000885 
6 -0.13113047155688 
7 -0.13113137796563515 
8 -0.13113327683520232 
9 -0.131133299548582 
10 -0.1311331981222768 
11 -0.13113319657418457 
12 -0.1311332029244575 
13 -0.1311332030932121 
14 -0.13113320271819187 
15 -0.13113320263794728 
16 -0.13113320264090803 
17 -0.13113320265940395 
18 -0.1311332027070265 
19 -0.13113320273487888 
20 -0.1311332025661805 
21 -0.13113320243060303 
22 -0.13113320956954913 
23 -0.13113320267371098 
24 -0.1311332026435498 
25 -0.13113320267633768 
26 -0.13113320267146322 
27 -0.13113320248736213 
28 -0.1311332027052596 
29 -0.13113320273868717 
30 -0.13113320227781644 
31 -0.1311332023589079 
32 -0.13113320267659676 
33 -0.13113320267702377 
34 -0.13113320266629327 
35 -0.13113320266704356 
36 -0.1311332026741635 
37 -0.13113320266937697 
38 -0.13113320267301562 
39 -0.13113320265912976 
40 -0.1311332026620435 
41 -0.13113320268218825 
42 -0.13113320264722622 
43 -0.13113320189506092 
44 -0.13113320250677588 
45 -0.13113320263809308 
46 -0.13113320266368073 
47 -0.1311332026701821 
48 -0.13113320268239512 
49 -0.13113320245188445 
50 -0.1311332026442185 
51 -0.13113320280744284 
52 -0.13113320258481614 
53 -0.13113320262114717 
54 -0.13113320264662792 
55 -0.13113320277199145 
56 -0.1311332027033732 
57 -0.13113320055382036 
58 -0.13113320199614742 
59 -0.13113320245103155 
60 -0.1311332024577213 
61 -0.13113320266617198 
62 -0.1311332026792306 
63 -0.13113320158077685 
64 -0.13113320292745695 
65 -0.13113320266151487 
66 -0.13113320265311282 
67 -0.13113320289061553 
68 -0.13113320273590343 
69 -0.1311332027001931 
70 -0.1311332026323693 
71 -0.13113320240145787 
72 -0.13113320281471788 
73 -0.13113320421555646 
74 -0.13113320063488307 
75 -0.13113319160211384 
76 -0.13113321420166896 
77 -0.13113385588631354 
78 -0.1311333550361768 
79 -0.13113321831088143 
80 -0.13113320279572974 
81 -0.13113320250350152 
82 -0.13113320265036887 
83 -0.13113320266408487 
84 -0.1311332026652601 
85 -0.13113320246290228 
86 -0.13113320277215854 
87 -0.1311332032961323 
88 -0.1311332025647453 
89 -0.13113320267108985 
90 -0.13113320266951442 
91 -0.13113320265808134 
92 -0.1311332026640838 
93 -0.13113320274412357 
94 -0.13113320289047486 
95 -0.1311332021778691 
96 -0.1311332014197537 
97 -0.13113321233508463 
98 -0.13113321131647407 
99 -0.13113320283189894 
100 -0.13113320256900632 
101 -0.13113320249711144 
102 -0.1311332028966657 
103 -0.13113320332339562 
104 -0.13113320168823592 
105 -0.13113319869607504 
106 -0.1311332028567041 
107 -0.13113320275142834 
108 -0.1311332026643546 
109 -0.13113320267322331 
110 -0.13113320266292053 
111 -0.13113320272122977 
112 -0.13113320272397633 
113 -0.13113320273233994 
114 -0.13113319657533254 
115 -0.13113320153636177 
116 -0.13113320271625248 
117 -0.13113320267105447 
118 -0.13113320267967413 
119 -0.13113320263717732 
120 -0.13113320252966673 
121 -0.13113320296062586 
122 -0.13113320381056817 
123 -0.1311331940565205 
124 -0.13113319494817283 
125 -0.1311332046751626 
126 -0.13113320214379706 
127 -0.13113320256916752 
128 -0.13113320267104397 
129 -0.13113320263545544 
130 -0.1311332026845315 
131 -0.13113320264890885 
132 -0.13113320253649588 
133 -0.13113320256633507 
134 -0.13113320277521656 
135 -0.13113320543248175 
136 -0.131133203328891 
137 -0.13113320232868642 
138 -0.13113319802953063 
139 -0.13113320193260272 
140 -0.13113320273003226 
141 -0.1311332023926512 
142 -0.13113320269722847 
143 -0.13113320271376147 
144 -0.1311332026306009 
145 -0.13113320174314572 
146 -0.13113320296015407 
147 -0.13113320267371137 
148 -0.13113320267065973 
149 -0.13113320267193201 
150 -0.13113320277089513 
151 -0.13113320265772616 
152 -0.13113320269500994 
153 -0.131133202758398 
154 -0.13113320214877774 
155 -0.13113320254817853 
156 -0.13113320262498834 
157 -0.13113320259123523 
158 -0.13113320265735354 
159 -0.1311332026654497 
160 -0.13113320266607773 
161 -0.13113320257971922 
162 -0.13113320281584495 
163 -0.13113320274890025 
164 -0.13113320255630803 
165 -0.13113320268565154 
166 -0.13113320266526513 
167 -0.13113320267532416 
168 -0.13113320267138276 
169 -0.13113320264278627 
170 -0.13113320270173753 
171 -0.13113320298664904 
172 -0.1311332026437052 
173 -0.13113320269838333 
174 -0.13113320266784795 
175 -0.1311332026772699 
176 -0.13113320268287199 
177 -0.13113320294704242 
178 -0.131133202802469 
179 -0.1311332024793544 
180 -0.1311332026061862 
181 -0.1311332023514138 
182 -0.1311332025349759 
183 -0.13113320369691894 
184 -0.13113320010493046 
185 -0.1311332036170259 
186 -0.13113320308634296 
187 -0.13113320260966307 
188 -0.1311331977544624 
189 -0.13113319868847298 
190 -0.1311333003055689 
191 -0.13113327516962556 
192 -0.13113137450846435 
193 -0.13113047048917484 
194 -0.13117151437790686 
195 -0.13126851401340112 
196 -0.13029889257515445 
197 -0.12629032083721833 
