2 -0.09873051533434334 
3 -0.10028658063947751 
4 -0.10052350077165957 
5 -0.10051180066510829 
6 -0.10050865281650596 
7 -0.1005085933136962 
8 -0.10050863230071225 
9 -0.10050863493177932 
10 -0.10050863452315499 
11 -0.10050863455460442 
12 -0.10050863448412804 
13 -0.10050863448548956 
14 -0.1005086344845346 
15 -0.1005086344844756 
16 -0.100508634484468 
17 -0.10050863448427952 
18 -0.10050863449079919 
19 -0.1005086344846904 
20 -0.10050863448450233 
21 -0.1005086344844561 
22 -0.10050863448465155 
23 -0.10050863448544972 
24 -0.10050863448001673 
25 -0.10050863448277751 
26 -0.10050863448447825 
27 -0.100508634484461 
28 -0.10050863448447242 
29 -0.10050863448451045 
30 -0.1005086344843525 
31 -0.10050863448285105 
32 -0.10050863448397829 
33 -0.10050863448425305 
34 -0.10050863448448262 
35 -0.10050863448429545 
36 -0.1005086344856978 
37 -0.1005086344843985 
38 -0.10050863448421289 
39 -0.10050863448442963 
40 -0.10050863448430092 
41 -0.10050863449475694 
42 -0.10050863444672004 
43 -0.10050863447101226 
44 -0.10050863448362098 
45 -0.10050863448420765 
46 -0.10050863448554816 
47 -0.10050863447590193 
48 -0.10050863447087624 
49 -0.10050863447669221 
50 -0.10050863448606259 
51 -0.10050863448436384 
52 -0.100508634484363 
53 -0.10050863448446608 
54 -0.10050863448449936 
55 -0.10050863448445528 
56 -0.10050863448442435 
57 -0.1005086344845128 
58 -0.10050863448446865 
59 -0.10050863448446368 
60 -0.10050863448444161 
61 -0.10050863448449483 
62 -0.10050863448446601 
63 -0.10050863448444122 
64 -0.10050863448445511 
65 -0.10050863448454271 
66 -0.10050863448446665 
67 -0.10050863448449479 
68 -0.10050863448543552 
69 -0.10050863448444389 
70 -0.10050863448433754 
71 -0.100508634484632 
72 -0.10050863448776025 
73 -0.10050863449144105 
74 -0.10050863443421285 
75 -0.10050863278002471 
76 -0.10050864148352275 
77 -0.10050863717860298 
78 -0.10050863460674496 
79 -0.10050863448605558 
80 -0.10050863448400822 
81 -0.10050863448444468 
82 -0.1005086344844307 
83 -0.10050863448449372 
84 -0.10050863448449708 
85 -0.10050863448439704 
86 -0.10050863448698924 
87 -0.10050863448612019 
88 -0.1005086344804135 
89 -0.10050863448525202 
90 -0.10050863448451297 
91 -0.1005086344846646 
92 -0.1005086344805464 
93 -0.1005086344842368 
94 -0.10050863448452671 
95 -0.10050863448451293 
96 -0.10050863448405284 
97 -0.10050863448445532 
98 -0.10050863448440489 
99 -0.10050863448454524 
100 -0.10050863448434146 
101 -0.1005086344838503 
102 -0.10050863448453107 
103 -0.10050863448446669 
104 -0.10050863448445194 
105 -0.10050863448459403 
106 -0.10050863448449973 
107 -0.10050863448445704 
108 -0.10050863448447055 
109 -0.10050863448450134 
110 -0.10050863448445232 
111 -0.10050863448441828 
112 -0.10050863448445621 
113 -0.10050863448534637 
114 -0.10050863447976992 
115 -0.10050863448150392 
116 -0.10050863448326929 
117 -0.100508634484348 
118 -0.10050863448506492 
119 -0.10050863448309322 
120 -0.1005086344349278 
121 -0.10050863460463073 
122 -0.10050863450457206 
123 -0.10050863448766241 
124 -0.10050863448452733 
125 -0.10050863448544489 
126 -0.10050863448441057 
127 -0.10050863449842479 
128 -0.10050863459744593 
129 -0.10050863443498288 
130 -0.10050863448324981 
131 -0.10050863448445044 
132 -0.10050863448447139 
133 -0.1005086344844696 
134 -0.10050863448447246 
135 -0.10050863448448102 
136 -0.10050863448445668 
137 -0.10050863448445575 
138 -0.10050863448492368 
139 -0.10050863448282758 
140 -0.10050863448422946 
141 -0.10050863448441791 
142 -0.10050863448441441 
143 -0.10050863448445972 
144 -0.1005086344844394 
145 -0.10050863448443412 
146 -0.10050863448449321 
147 -0.10050863448444759 
148 -0.10050863448448026 
149 -0.10050863448460153 
150 -0.10050863448441928 
151 -0.10050863448442804 
152 -0.10050863448450889 
153 -0.10050863448447998 
154 -0.10050863448446948 
155 -0.10050863448452267 
156 -0.10050863448440019 
157 -0.10050863448446964 
158 -0.10050863448509884 
159 -0.10050863449036286 
160 -0.10050863448560123 
161 -0.10050863448434012 
162 -0.10050863448450643 
163 -0.10050863448444494 
164 -0.10050863448500974 
165 -0.10050863448448742 
166 -0.10050863448452073 
167 -0.10050863448455556 
168 -0.1005086344844805 
169 -0.10050863448448515 
170 -0.10050863448443179 
171 -0.1005086344844332 
172 -0.10050863448451877 
173 -0.10050863448449018 
174 -0.1005086344844751 
175 -0.10050863448446544 
176 -0.1005086344844845 
177 -0.10050863448443431 
178 -0.10050863448449546 
179 -0.10050863448444694 
180 -0.10050863448474164 
181 -0.1005086344844895 
182 -0.10050863448446963 
183 -0.10050863448447166 
184 -0.10050863448445396 
185 -0.1005086344844534 
186 -0.10050863448452592 
187 -0.10050863448358627 
188 -0.10050863447994093 
189 -0.1005086345345923 
190 -0.10050863492128158 
191 -0.10050863215301577 
192 -0.10050859489218168 
193 -0.10050865356861755 
194 -0.10051179919311182 
195 -0.10052350060962961 
196 -0.10028658071169042 
197 -0.09873051528972396 
