2 -0.0895709896885843 
3 -0.0902816499617367 
4 -0.09037195376879949 
5 -0.09036985429828172 
6 -0.09036933973965558 
7 -0.09036931973569491 
8 -0.09036932158186659 
9 -0.09036932182386426 
10 -0.09036932182485255 
11 -0.09036932178730636 
12 -0.09036932180757153 
13 -0.09036932185851768 
14 -0.09036932186011903 
15 -0.0903693219463692 
16 -0.09036932190802843 
17 -0.09036932183017542 
18 -0.09036932183583773 
19 -0.09036932182798788 
20 -0.09036932180221016 
21 -0.09036932224891205 
22 -0.09036932193277632 
23 -0.0903693218336176 
24 -0.09036932180052486 
25 -0.09036932175982046 
26 -0.09036932182859674 
27 -0.09036932182442185 
28 -0.09036932198458995 
29 -0.09036932166338903 
30 -0.09036932180533129 
31 -0.09036932181724064 
32 -0.09036932184646952 
33 -0.09036932188486546 
34 -0.09036932182565427 
35 -0.09036932182448337 
36 -0.09036932182608691 
37 -0.09036932182458335 
38 -0.09036932182866954 
39 -0.0903693218239305 
40 -0.09036932182504721 
41 -0.09036932182474697 
42 -0.09036932183246427 
43 -0.09036932182036743 
44 -0.09036932183226493 
45 -0.09036932137877364 
46 -0.0903693218151782 
47 -0.09036932187474618 
48 -0.09036932180084357 
49 -0.0903693218249416 
50 -0.09036932182457853 
51 -0.09036932182447635 
52 -0.0903693218397245 
53 -0.09036932183336026 
54 -0.09036932186544207 
55 -0.09036932182124886 
56 -0.09036932182596728 
57 -0.09036932182447613 
58 -0.09036932182578711 
59 -0.09036932182539349 
60 -0.09036932179646884 
61 -0.09036932178638585 
62 -0.09036932183695963 
63 -0.09036932178219322 
64 -0.09036932178913966 
65 -0.09036932182447455 
66 -0.09036932182494813 
67 -0.09036932182493569 
68 -0.09036932182381986 
69 -0.09036932182443826 
70 -0.09036932183124814 
71 -0.09036932168629386 
72 -0.09036932177162682 
73 -0.09036932182481679 
74 -0.09036932182116056 
75 -0.09036932182524432 
76 -0.0903693218260504 
77 -0.09036932182153867 
78 -0.09036932182433122 
79 -0.09036932182540022 
80 -0.09036932182540798 
81 -0.09036932187708116 
82 -0.09036932152242015 
83 -0.09036932188487694 
84 -0.09036932170007686 
85 -0.09036932189479789 
86 -0.09036932181255863 
87 -0.09036932191190346 
88 -0.09036932191062227 
89 -0.09036932183104018 
90 -0.09036932182383053 
91 -0.0903693218249456 
92 -0.09036932182490555 
93 -0.09036932182524948 
94 -0.09036932182505508 
95 -0.09036932182142858 
96 -0.0903693218239766 
97 -0.09036932181968042 
98 -0.09036932205103332 
99 -0.09036932185092494 
100 -0.09036932182103577 
101 -0.0903693219892403 
102 -0.09036932183556809 
103 -0.0903693218241393 
104 -0.0903693218245245 
105 -0.09036932182457366 
106 -0.09036932182492502 
107 -0.09036932182570366 
108 -0.09036932182036284 
109 -0.09036932182486306 
110 -0.09036932182487231 
111 -0.09036932182487624 
112 -0.0903693218253189 
113 -0.09036932182480721 
114 -0.09036932182487008 
115 -0.09036932182722568 
116 -0.09036932182645603 
117 -0.09036932182527127 
118 -0.09036932182010622 
119 -0.09036932182496894 
120 -0.09036932182345356 
121 -0.09036932183979732 
122 -0.0903693218339409 
123 -0.09036932180914363 
124 -0.09036932178177512 
125 -0.09036932176376086 
126 -0.09036932182958485 
127 -0.09036932183289124 
128 -0.09036932182595625 
129 -0.0903693218246692 
130 -0.09036932182254358 
131 -0.09036932182492648 
132 -0.0903693218248476 
133 -0.09036932182582366 
134 -0.09036932182367712 
135 -0.0903693218263631 
136 -0.09036932180980918 
137 -0.0903693218117524 
138 -0.09036932182477779 
139 -0.09036932182567793 
140 -0.09036932181797097 
141 -0.09036932180566509 
142 -0.09036932182520091 
143 -0.09036932182521401 
144 -0.09036932182228424 
145 -0.09036932183489625 
146 -0.090369321818816 
147 -0.09036932182537909 
148 -0.09036932182458275 
149 -0.09036932182379348 
150 -0.09036932182386388 
151 -0.09036932182589508 
152 -0.090369321830611 
153 -0.09036932170817345 
154 -0.09036932171440253 
155 -0.09036932182353825 
156 -0.09036932187286566 
157 -0.09036932179659174 
158 -0.09036932177256148 
159 -0.09036932188963209 
160 -0.09036932185947505 
161 -0.09036932190763808 
162 -0.09036932087591563 
163 -0.09036932236705682 
164 -0.09036932413571634 
165 -0.09036932220857125 
166 -0.09036932182928112 
167 -0.09036932182479501 
168 -0.09036932182547155 
169 -0.09036932182190736 
170 -0.09036932182258918 
171 -0.0903693218248769 
172 -0.09036932182468989 
173 -0.09036932182727647 
174 -0.09036932182605366 
175 -0.09036932184252609 
176 -0.09036932161544249 
177 -0.09036932180169988 
178 -0.09036932180368992 
179 -0.09036932183396759 
180 -0.09036932179387325 
181 -0.0903693218232363 
182 -0.09036932182276022 
183 -0.09036932189804342 
184 -0.09036932185559032 
185 -0.09036932182663099 
186 -0.090369321825662 
187 -0.09036932182475936 
188 -0.09036932182793912 
189 -0.09036932182917609 
190 -0.09036932181884577 
191 -0.09036932167986801 
192 -0.09036931972798026 
193 -0.09036933981924647 
194 -0.09036985425815672 
195 -0.09037195374348336 
196 -0.09028164981608348 
197 -0.08957098966547736 
