-270.3883392666593 
-270.3973194509058 
-270.434136366626 
-270.43907063116404 
-270.43940799591456 
-270.45001190463756 
-270.50109887549905 
-270.50876507058746 
-270.5092819119926 
-270.51635728293337 
-270.5798016137744 
-270.59679862503526 
-270.59845777807874 
-270.6008014695685 
-270.6205014837301 
-270.6403680547489 
-270.6426276926313 
-270.64414775824025 
-270.6660975475912 
-270.68934576500334 
-270.6922893454724 
-270.693389767679 
-270.71197319505274 
-270.74336668617303 
-270.7478520103478 
-270.74847956716326 
-270.7622297350514 
-270.82406367613004 
-270.836421961919 
-270.837492637355 
-270.8415221326961 
-270.86423135634755 
-270.8794532865204 
-270.88102684863884 
-270.88373855011633 
-270.9050357554938 
-270.9281162902602 
-270.9309886528587 
-270.93205621899995 
-270.9531361028355 
-270.9889783696575 
-270.9944465448307 
-270.995093592158 
-271.0034583064036 
-271.01720039505847 
-271.0273852255943 
-271.02831138962716 
-271.03296538791164 
-271.04990825718454 
-271.07068846449727 
-271.0727231947637 
-271.0739186550285 
-271.0878676687042 
-271.1007332359528 
-271.10310486114713 
-271.1040582016855 
-271.1040623114734 
-271.10406231147425 
-271.10406231147124 
-271.1040623114745 
-271.10406231147374 
-271.10406231185243 
-271.104071148275 
-271.10408676929853 
-271.1041359551624 
-271.1041995110992 
-271.10424225699165 
-271.10429115896653 
-271.1044915790509 
-271.104607148548 
-271.10474055599644 
-271.1048333015591 
-271.1050435279955 
-271.10525859936683 
-271.1055206719476 
-271.10566550722126 
-271.1058990945113 
-271.1065207897013 
-271.107154055327 
-271.1075142080681 
-271.10786196804565 
-271.1087372824424 
-271.1092061028511 
-271.1096453544125 
-271.1099965674954 
-271.11072786191096 
-271.1111053499646 
-271.1115321567692 
-271.1118178632811 
-271.11236246776696 
-271.1140346799001 
-271.11527432538577 
-271.116017002709 
-271.1169235189769 
-271.1187758324896 
-271.119886842681 
-271.12067867317944 
-271.1215644081207 
-271.12320977927055 
-271.1241412778606 
-271.12486291217533 
-271.1255714915314 
-271.1268968258289 
-271.1275813602023 
-271.12814184369785 
-271.1286065583611 
-271.12945558945665 
-271.13125034927816 
-271.1323418383878 
-271.1330606470573 
-271.1341128012081 
-271.13566750734304 
-271.1366457581247 
-271.1370914265956 
-271.1375660862077 
-271.1375660862075 
-271.1404021750058 
-271.1669046580886 
-271.1867947368059 
-271.1891941126847 
-271.19062917560274 
-271.21537283412226 
-271.2460275953097 
-271.2500922271721 
-271.2508041004068 
-271.2657179583308 
-271.3083451335377 
-271.31850645577197 
-271.31942346757205 
-271.32470870607864 
-271.3529561094195 
-271.3657952325341 
-271.3670757697292 
-271.37004612958447 
-271.4008841237349 
-271.41700663622066 
-271.4188018885268 
-271.42071648040144 
-271.4458631071059 
-271.4692574862277 
-271.47225851034517 
-271.47315205024364 
-271.49155867264795 
-271.54053598165103 
-271.5494695904598 
-271.55023005363097 
-271.55607500450793 
-271.5830701638356 
-271.59479679463794 
-271.5959225733288 
-271.5997106171205 
-271.62476431136116 
-271.64354344389244 
-271.64569458503604 
-271.6471053721043 
-271.67221647851983 
-271.70222723374707 
-271.7064948933682 
-271.70715009684596 
-271.7173838412243 
-271.72992794014635 
-271.7383968796617 
-271.7391685108029 
-271.7448167413261 
-271.76324283811397 
-271.7813470646382 
-271.78302204527307 
-271.7844229108118 
-271.79988300165456 
-271.8115368555371 
-271.81361659057865 
-271.8146441358133 
-271.81464845416593 
-271.8146484541678 
-271.8146484541651 
-271.81464845416707 
-271.8146484541662 
-271.8146484545365 
-271.8146572717938 
-271.8146720174377 
-271.81471646485767 
-271.8147785868826 
-271.81482244588085 
-271.81486846637256 
-271.815038797897 
-271.81514344042023 
-271.81527827172266 
-271.8153695163471 
-271.8155456187877 
-271.8157303992569 
-271.81598992076897 
-271.8161332217724 
-271.81631948516366 
-271.81680504643913 
-271.81732721670835 
-271.81765964763304 
-271.8179315376542 
-271.8185829156832 
-271.8189472319401 
-271.8193667346516 
-271.8196515373684 
-271.8201813099787 
-271.8204984224656 
-271.82095018188437 
-271.82123218629573 
-271.8216299542792 
-271.822701728461 
-271.82361552955933 
-271.8241986424944 
-271.8247523857872 
-271.82591791256516 
-271.82666745799673 
-271.8273124608399 
-271.82783542331987 
-271.8288543890166 
-271.82948111479936 
-271.83013227739593 
-271.8305889677038 
-271.8314265469664 
-271.83191775727846 
-271.83253544426265 
-271.83293779331655 
-271.83354999272206 
-271.8347375177416 
-271.83579391244814 
-271.8364773918157 
-271.8372651858352 
-271.83892303444856 
-271.8403672670563 
-271.84138420104057 
-271.8423866792012 
-271.8446670177559 
-271.84627449249246 
-271.8497187532147 
-271.8501124992258 
-271.8504598086988 
-271.8508233390432 
-271.8510834811972 
-271.85130761392287 
-271.8514886410419 
-271.851669790499 
-271.85182161194024 
-271.85197048250177 
-271.8521045638658 
-271.85220882044337 
-271.8523311702488 
-271.85243116015835 
-271.8525319420103 
-271.85261127556635 
-271.8527080374159 
-271.8527940736763 
-271.8528817202146 
-271.852954013444 
-271.85303507127065 
-271.8531141060868 
-271.853195300533 
-271.8532655405862 
-271.85333786166524 
-271.85340908568253 
-271.85348831874666 
-271.8535586728576 
-271.85361736717255 
-271.8536798213253 
-271.8537329660716 
-271.8537896564593 
-271.85383985233614 
-271.8538872754434 
-271.8539323691794 
-271.85397621401745 
-271.8540158252707 
-271.8540483232147 
-271.85408880174504 
-271.85412010186684 
-271.85414727608736 
-271.8541662105356 
-271.8541884885528 
-271.85420606843553 
-271.8542198171873 
-271.8542301892481 
-271.8542377449764 
-271.85424287912554 
-271.85424674338475 
-271.8542497774263 
-271.854251272762 
-271.8542524069371 
-271.85425288486107 
-271.8542528848749 
-271.8542528848752 
-271.85425288487545 
-271.8542528848766 
-271.85425288487494 
-271.8542528848764 
-271.8542528848755 
-271.85425288487494 
-271.8542528848746 
-271.8542528848743 
-271.8542528865654 
-271.8542528919504 
-271.85425290006526 
-271.85425291434126 
-271.85425293529454 
-271.8542529657562 
-271.854253008039 
-271.8542530673801 
-271.8542531526991 
-271.85425326848986 
-271.8542534281766 
-271.85425361633173 
-271.8542538407204 
-271.85425415470394 
-271.8542545086177 
-271.85425491065433 
-271.85425536870986 
-271.854255952168 
-271.8542566009529 
-271.85425731950465 
-271.8542580748759 
-271.8542590319917 
-271.85426016870264 
-271.8542612695353 
-271.8542624014158 
-271.8542638484411 
-271.8542655033844 
-271.85426712374664 
-271.8542687221244 
-271.85427052461904 
-271.8542725675568 
-271.854274646499 
-271.8542767185962 
-271.8542788714945 
-271.85428136642935 
-271.85428377356436 
-271.85428616484285 
-271.85428855868446 
-271.8542912086437 
-271.85429373178226 
-271.85429621720664 
-271.8542986331955 
-271.85430106229745 
-271.8543037939274 
-271.85430612404383 
-271.85430833558513 
-271.85431043367294 
-271.85431247604834 
-271.85431414858624 
-271.85431561781803 
-271.85431668335116 
-271.8543166833513 
-271.85436575703227 
-271.8544279826452 
-271.8545105630013 
-271.8545941183171 
-271.85468418701896 
-271.8547966758353 
-271.8549165785056 
-271.8550276503907 
-271.85513570024847 
-271.8552561357755 
-271.8553934993739 
-271.85552015763705 
-271.8556260370201 
-271.85574133723696 
-271.85584474408375 
-271.8559634441636 
-271.8560670467785 
-271.85617398865185 
-271.856283862993 
-271.8564005418098 
-271.856510598072 
-271.8566158433765 
-271.85673818233147 
-271.8568595218422 
-271.8569734717972 
-271.85707972343107 
-271.85719347257907 
-271.8573233775232 
-271.85743400553457 
-271.85751952312705 
-271.8576097772488 
-271.85768649560987 
-271.8577736129665 
-271.8578441888267 
-271.85790877928054 
-271.8579706509251 
-271.8580350386657 
-271.8580911387388 
-271.8581349144766 
-271.8581904501013 
-271.8582327624854 
-271.8582699107347 
-271.8582933211262 
-271.8583252274059 
-271.8583471502698 
-271.85836485545144 
-271.85837734560425 
-271.8583866677428 
-271.8583928609294 
-271.8583976820132 
-271.85840124978625 
-271.8584029658046 
-271.85840429265807 
-271.8584048359004 
-271.85840483591494 
-271.8584048359143 
-271.8584048359155 
-271.858404835914 
-271.8584048359134 
-271.8584048359139 
-271.85840483591414 
-271.8584048359145 
-271.85840483591403 
-271.85840483591517 
-271.8584048375733 
-271.85840484316435 
-271.858404851374 
-271.85840486603115 
-271.8584048877695 
-271.85840491973033 
-271.85840496215366 
-271.8584050244742 
-271.85840511297 
-271.8584052384068 
-271.8584054163273 
-271.8584056234007 
-271.85840587357217 
-271.8584062410922 
-271.8584066501655 
-271.8584071070397 
-271.85840762460214 
-271.85840832877886 
-271.85840915747116 
-271.8584099863321 
-271.85841087798826 
-271.8584121123288 
-271.85841359241414 
-271.85841499984184 
-271.85841645671707 
-271.85841831968025 
-271.8584207229561 
-271.85842288924374 
-271.8584251490178 
-271.85842770652596 
-271.8584309005075 
-271.8584341875801 
-271.8584374085363 
-271.8584406338189 
-271.85844479015327 
-271.8584492881874 
-271.8584532134145 
-271.8584570269597 
-271.8584620700026 
-271.85846754237724 
-271.8584720709994 
-271.8584764496418 
-271.85848212618606 
-271.8584887299308 
-271.8584945364725 
-271.8584999021724 
-271.85850638190647 
-271.8585139777692 
-271.8585215169335 
-271.85852830775497 
-271.8585360323294 
-271.85854529734513 
-271.8585560062418 
-271.8585728818846 
-271.8585747272823 
-271.8585758304235 
-271.85857684824913 
-271.8585777397832 
-271.85857833586874 
-271.85857876359114 
-271.85857920321297 
-271.85857959596547 
-271.8585799091976 
-271.8585801389208 
-271.8585803774295 
-271.85858063068974 
-271.8585808169555 
-271.8585809673576 
-271.8585811231562 
-271.8585812848317 
-271.85858140947715 
-271.85858151157584 
-271.85858161207403 
-271.8585817093635 
-271.85858179553486 
-271.85858185941225 
-271.85858192037676 
-271.85858197754055 
-271.8585820341493 
-271.85858207363486 
-271.8585821089261 
-271.85858214162954 
-271.85858217568756 
-271.85858220097475 
-271.85858222099245 
-271.8585822377772 
-271.8585822535874 
-271.85858226585225 
-271.8585822746903 
-271.8585822820473 
-271.8585822881619 
-271.8585822928418 
-271.85858229617895 
-271.85858229892096 
-271.8585823008754 
-271.85858230229906 
-271.85858230327636 
-271.8585823039558 
-271.85858230433917 
-271.858582304584 
-271.8585823047422 
-271.8585823048296 
-271.85858230486684 
-271.8585823048761 
-271.8585823048758 
-271.85858230487736 
-271.8585823048775 
-271.85858230487776 
-271.8585823048786 
-271.8585823048797 
-271.8585823048768 
-271.8585823048798 
-271.8585823048787 
-271.85858230487776 
-271.8585823048781 
-271.85858230487713 
-271.85858230487696 
-271.8585823048772 
-271.85858230487855 
-271.85858230488003 
-271.858582304882 
-271.85858230488464 
-271.85858230488816 
-271.8585823048942 
-271.85858230490305 
-271.858582304913 
-271.8585823049264 
-271.85858230494296 
-271.8585823049672 
-271.85858230499485 
-271.8585823050319 
-271.85858230507625 
-271.85858230513634 
-271.85858230520046 
-271.8585823052838 
-271.8585823053863 
-271.85858230550866 
-271.85858230565594 
-271.85858230582403 
-271.8585823060379 
-271.85858230628634 
-271.85858230657516 
-271.85858230686705 
-271.85858230723943 
-271.85858230764575 
-271.8585823081472 
-271.85858230863215 
-271.8585823091958 
-271.85858230981876 
-271.85858231058035 
-271.8585823113129 
-271.8585823121299 
-271.8585823130351 
-271.8585823140989 
-271.85858231513214 
-271.85858231624195 
-271.8585823174243 
-271.8585823187041 
-271.8585823200049 
-271.8585823213102 
-271.85858232266884 
-271.8585823241166 
-271.8585823255874 
-271.85858232697353 
-271.85858232842537 
-271.85858232980746 
-271.85858233126396 
-271.8585823318702 
-271.85858237989066 
-271.8585824475971 
-271.85858252008006 
-271.8585826031436 
-271.8585826962984 
-271.8585827904942 
-271.8585828777876 
-271.8585829759714 
-271.85858307094713 
-271.85858317104663 
-271.8585832611075 
-271.8585833541882 
-271.8585834396193 
-271.8585835337244 
-271.858583618989 
-271.8585837030023 
-271.85858377972664 
-271.8585838619804 
-271.85858393730285 
-271.8585840035886 
-271.85858406788066 
-271.8585841336539 
-271.858584192911 
-271.85858424150285 
-271.85858429005077 
-271.8585843339818 
-271.8585843750215 
-271.8585844077388 
-271.85858444080725 
-271.8585844686498 
-271.85858449681024 
-271.858584518988 
-271.85858453883213 
-271.85858455386597 
-271.85858456824167 
-271.8585845797121 
-271.8585845884467 
-271.8585845954125 
-271.85858460109336 
-271.8585846054687 
-271.85858460870617 
-271.8585846113893 
-271.85858461327837 
-271.8585846146519 
-271.8585846155952 
-271.85858461625776 
-271.8585846166404 
-271.8585846168762 
-271.8585846170321 
-271.85858461711996 
-271.85858461715645 
-271.8585846171663 
-271.85858461716697 
-271.85858461716606 
-271.8585846171667 
-271.85858461716595 
-271.858584617167 
-271.85858461716805 
-271.858584617165 
-271.8585846171673 
-271.85858461716725 
-271.8585846171659 
-271.85858461716685 
-271.8585846171656 
-271.8585846171657 
-271.8585846171656 
-271.8585846171671 
-271.85858461716833 
-271.8585846171702 
-271.8585846171722 
-271.8585846171762 
-271.85858461718124 
-271.85858461719016 
-271.85858461719977 
-271.8585846172135 
-271.85858461723035 
-271.85858461725536 
-271.858584617283 
-271.85858461731937 
-271.8585846173645 
-271.8585846174241 
-271.8585846174899 
-271.85858461757357 
-271.8585846176788 
-271.8585846178032 
-271.8585846179571 
-271.85858461812785 
-271.85858461834596 
-271.8585846185982 
-271.8585846189063 
-271.85858461920964 
-271.85858461958253 
-271.85858461999715 
-271.8585846205062 
-271.858584620996 
-271.85858462155863 
-271.85858462219795 
-271.8585846229474 
-271.8585846236856 
-271.8585846245298 
-271.8585846254539 
-271.8585846264534 
-271.85858462751844 
-271.8585846286318 
-271.858584629842 
-271.85858463108605 
-271.85858463243596 
-271.85858463372614 
-271.85858463514666 
-271.85858463665187 
-271.8585846383342 
-271.85858463981884 
-271.8585846414299 
-271.8585846430707 
-271.85858464486654 
-271.8585846464944 
-271.8585846482228 
-271.8585846498412 
-271.85858465060335 
-271.8585846511287 
-271.8585846515287 
-271.85858465177046 
-271.8585846518907 
-271.8585846520272 
-271.85858465215483 
-271.85858465223333 
-271.85858465224584 
-271.85858465227625 
-271.85858465233804 
-271.85858465235935 
-271.8585846523417 
-271.85858465232366 
-271.8585846523436 
-271.8585846523437 
-271.85858465231024 
-271.85858465226335 
-271.8585846522533 
-271.8585846522375 
-271.8585846522015 
-271.85858465214307 
-271.8585846521179 
-271.8585846520872 
-271.8585846520503 
-271.8585846519978 
-271.8585846519617 
-271.85858465192854 
-271.8585846518952 
-271.8585846518537 
-271.8585846518153 
-271.85858465178814 
-271.85858465175977 
-271.85858465172873 
-271.858584651701 
-271.8585846516781 
-271.85858465165825 
-271.85858465163955 
-271.8585846516228 
-271.85858465160777 
-271.858584651597 
-271.8585846515889 
-271.85858465158253 
-271.85858465157537 
-271.85858465157077 
-271.85858465156736 
-271.85858465156514 
-271.85858465156286 
-271.8585846515611 
-271.8585846515609 
-271.8585846515608 
-271.8585846515609 
-271.85858465156036 
-271.8585846515609 
-271.8585846515615 
-271.85858465156457 
-271.8585846515605 
-271.8585846515619 
-271.8585846515615 
-271.8585846515625 
-271.858584651561 
-271.8585846515613 
-271.85858465156076 
-271.8585846515609 
-271.8585846515612 
-271.85858465156275 
-271.85858465156485 
-271.8585846515671 
-271.8585846515697 
-271.85858465157446 
-271.85858465158117 
-271.8585846515883 
-271.85858465159646 
-271.85858465160754 
-271.8585846516227 
-271.8585846516394 
-271.8585846516583 
-271.8585846516779 
-271.85858465170094 
-271.85858465172885 
-271.8585846517595 
-271.85858465178904 
-271.8585846518173 
-271.8585846518572 
-271.8585846519007 
-271.8585846519382 
-271.85858465197447 
-271.8585846520163 
-271.85858465207366 
-271.8585846521185 
-271.85858465215654 
-271.85858465219286 
-271.85858465226204 
-271.85858465231223 
-271.85858465234514 
-271.85858465237567 
-271.8585846524429 
-271.8585846525038 
-271.8585846525366 
-271.85858465255023 
-271.85858465260674 
-271.85858465267154 
-271.85858465270434 
-271.858584652698 
-271.85858465273355 
-271.8585846528005 
-271.85858465282394 
-271.85858465281206 
-271.858584652819 
-271.8585846528811 
-271.8585846529041 
-271.85858465287737 
-271.8585846528674 
-271.8585846529041 
-271.858584652949 
-271.85858465293836 
-271.8585846529208 
-271.8585846529589 
-271.8585846530149 
-271.85858465302425 
-271.85858465298895 
-271.85858465301396 
-271.8585846530573 
-271.85858465306814 
-271.8585846530292 
-271.85858465302306 
-271.8585846530531 
-271.8585846530506 
-271.8585846530124 
-271.85858465297963 
-271.8585846529855 
-271.8585846529774 
-271.858584652936 
-271.85858465288237 
-271.85858465286674 
-271.8585846528485 
-271.8585846528097 
-271.8585846527497 
-271.8585846527229 
-271.8585846526922 
-271.8585846526548 
-271.85858465260196 
-271.8585846525654 
-271.85858465253307 
-271.85858465249777 
-271.858584652457 
-271.8585846524182 
-271.85858465239124 
-271.8585846523632 
-271.85858465233366 
-271.8585846523059 
-271.85858465228284 
-271.85858465226306 
-271.8585846522445 
-271.8585846522281 
-271.85858465221264 
-271.8585846522026 
-271.85858465219405 
-271.858584652187 
-271.85858465218024 
-271.85858465217547 
-271.8585846521721 
-271.858584652171 
-271.8585846521683 
-271.8585846521673 
-271.85858465216614 
-271.85858465216603 
-271.8585846521667 
-271.858584652167 
-271.85858465216677 
-271.858584652167 
-271.8585846521669 
-271.8585846521666 
