2 3 0.4575920133912754 
3 4 0.43043906402942494 
4 5 0.45119848552916153 
5 6 0.5043648837653665 
6 7 0.5373226286490771 
7 8 0.5532161714832009 
8 9 0.5603295630873685 
9 10 0.5775231946285623 
10 11 0.6038035801328621 
11 12 0.6207170119963074 
12 13 0.6206661581468406 
13 14 0.6267174329986562 
14 15 0.6492347314062781 
15 16 0.6640915589149973 
16 17 0.663174721367262 
17 18 0.6654855837013354 
18 19 0.682391709057308 
19 20 0.6964253258286982 
20 21 0.6972912718314047 
21 22 0.6966665887578559 
22 23 0.7081199698298696 
23 24 0.7219605436713626 
24 25 0.7242966612769977 
25 26 0.721471924973668 
26 27 0.7287971132339467 
27 28 0.7417854367542307 
28 29 0.7454641269417089 
29 30 0.7419327969253315 
30 31 0.7458642611174935 
31 32 0.7573380084988975 
32 33 0.7625580781308745 
33 34 0.7592041990511037 
34 35 0.7600374675357353 
35 36 0.7696875885413359 
36 37 0.7761630619849385 
37 38 0.7733647345471477 
38 39 0.7717060848104331 
39 40 0.7792826207490727 
40 41 0.7865274547536232 
41 42 0.7847597823071247 
42 43 0.7813893546310153 
43 44 0.7865994443889032 
44 45 0.7942172459595321 
45 46 0.7938102993199913 
46 47 0.7893143745409037 
47 48 0.7919884301585975 
48 49 0.7995065931769448 
49 50 0.8004935526751964 
50 51 0.7954229532752771 
51 52 0.795632536963441 
52 53 0.8025063272671289 
53 54 0.8048656106720882 
54 55 0.7998324987276677 
55 56 0.7977821105693379 
56 57 0.8034907558730265 
57 58 0.8070899016413596 
58 59 0.8025805565168337 
59 60 0.7985181555344767 
60 61 0.8025805553584315 
61 62 0.8070899007558332 
62 63 0.8034907563471692 
63 64 0.7977821103496691 
64 65 0.7998324968377007 
65 66 0.804865609204219 
66 67 0.8025063276422825 
67 68 0.79563253675346 
68 69 0.795422951923869 
69 70 0.8004935517067596 
70 71 0.79950659375497 
71 72 0.7919884312390018 
72 73 0.7893143751724531 
73 74 0.7938102998517779 
74 75 0.7942172482003349 
75 76 0.7865994483625587 
76 77 0.7813893583867886 
77 78 0.784759785747512 
78 79 0.7865274601777659 
79 80 0.7792826279537153 
80 81 0.7717060920386539 
81 82 0.7733647419481589 
82 83 0.7761630707725476 
83 84 0.769687599330022 
84 85 0.7600374791552801 
85 86 0.7592042116349692 
86 87 0.7625580909316453 
87 88 0.757338022340608 
88 89 0.74586427511895 
89 90 0.7419328101488871 
90 91 0.7454641394858995 
91 92 0.7417854491387851 
92 93 0.7287971248485839 
93 94 0.7214719361858969 
94 95 0.7242966741046782 
95 96 0.7219605561465013 
96 97 0.7081199812584763 
97 98 0.696666599433727 
98 99 0.6972912813086142 
99 100 0.6964253351160243 
100 101 0.6823917183061698 
101 102 0.6654855923962084 
102 103 0.6631747289554629 
103 104 0.6640915661623954 
104 105 0.6492347386967046 
105 106 0.626717439808635 
106 107 0.6206661640294878 
107 108 0.6207170174263408 
108 109 0.6038035853954767 
109 110 0.5775231995707116 
110 111 0.5603295679720726 
111 112 0.5532161755345529 
112 113 0.537322631127037 
113 114 0.5043648860991254 
114 115 0.4511984877115051 
115 116 0.4304390651142243 
116 117 0.4575920134458645 
117 118 0.3379681932665066 
