2 3 0.03022249580651873 
3 4 0.03798184120741133 
4 5 0.04264209949817357 
5 6 0.04532461887216359 
6 7 0.04688521425559253 
7 8 0.047804921457146834 
8 9 0.04835654452903271 
9 10 0.0486931844879738 
10 11 0.048901829602415695 
11 12 0.04903287473522956 
12 13 0.04911610116809352 
13 14 0.049169449547994536 
14 15 0.04920391174675747 
15 16 0.0492263196911889 
16 17 0.04924097162016247 
17 18 0.049250598833273665 
18 19 0.04925695137823416 
19 20 0.04926115903398002 
20 21 0.049263955977345425 
21 22 0.049265820730964784 
22 23 0.04926706735349426 
23 24 0.049267902817960584 
24 25 0.04926846403273078 
25 26 0.049268841825394524 
26 27 0.04926909664567207 
27 28 0.049269268836198726 
28 29 0.04926938538897439 
29 30 0.049269464406203126 
30 31 0.04926951805491384 
31 32 0.04926955452949556 
32 33 0.04926957935932625 
33 34 0.049269596282156006 
34 35 0.049269607828686585 
35 36 0.0492696157150485 
36 37 0.049269621106666904 
37 38 0.04926962479604057 
38 39 0.04926962732264266 
39 40 0.04926962905429748 
40 41 0.04926963024205706 
41 42 0.049269631057065603 
42 43 0.04926963161708441 
43 44 0.0492696320018269 
44 45 0.04926963226622399 
45 46 0.04926963244806915 
46 47 0.049269632573229805 
47 48 0.049269632659479874 
48 49 0.04926963271875958 
49 50 0.04926963275950846 
50 51 0.04926963278758489 
51 52 0.04926963280697053 
52 53 0.049269632820316704 
53 54 0.0492696328295665 
54 55 0.04926963283589997 
55 56 0.049269632840215995 
56 57 0.049269632843288245 
57 58 0.04926963284536868 
58 59 0.049269632846849744 
59 60 0.0492696328478634 
60 61 0.04926963284857971 
61 62 0.049269632849037466 
62 63 0.04926963284936229 
63 64 0.049269632849576986 
64 65 0.049269632849711316 
65 66 0.04926963284984067 
66 67 0.049269632849934096 
67 68 0.049269632850009897 
68 69 0.04926963285007703 
69 70 0.049269632850122924 
70 71 0.04926963285013539 
71 72 0.04926963285015048 
72 73 0.049269632850161615 
73 74 0.04926963285015218 
74 75 0.049269632850144324 
75 76 0.04926963285017393 
76 77 0.04926963285014538 
77 78 0.04926963285013148 
78 79 0.049269632850107596 
79 80 0.04926963285008688 
80 81 0.04926963285009484 
81 82 0.04926963285009827 
82 83 0.04926963285013833 
83 84 0.04926963285011977 
84 85 0.049269632850082005 
85 86 0.04926963285005793 
86 87 0.04926963285004314 
87 88 0.04926963285006996 
88 89 0.04926963285009485 
89 90 0.04926963285012369 
90 91 0.04926963285010017 
91 92 0.049269632850638 
92 93 0.04926963284949714 
93 94 0.049269632842493166 
94 95 0.04926963284694525 
95 96 0.049269632849382114 
96 97 0.049269632853700666 
97 98 0.049269632856610346 
98 99 0.04926963287419432 
99 100 0.049269632867896006 
100 101 0.049269632854142834 
101 102 0.04926963284155216 
102 103 0.04926963283360129 
103 104 0.049269632830075766 
104 105 0.04926963282978719 
105 106 0.04926963283132307 
106 107 0.049269632833715105 
107 108 0.049269632836375754 
108 109 0.049269632838923716 
109 110 0.04926963284124122 
110 111 0.04926963284316225 
111 112 0.04926963284473263 
112 113 0.04926963284599282 
113 114 0.0492696328469588 
114 115 0.049269632847679164 
115 116 0.04926963284828741 
116 117 0.04926963284879307 
117 118 0.04926963284916286 
118 119 0.04926963284942342 
119 120 0.04926963284960407 
120 121 0.04926963284976793 
121 122 0.0492696328498902 
122 123 0.04926963284996029 
123 124 0.049269632849986325 
124 125 0.04926963285005442 
125 126 0.04926963285008565 
126 127 0.049269632850134894 
127 128 0.04926963285010153 
128 129 0.049269632850044535 
129 130 0.04926963285002346 
130 131 0.04926963285002407 
131 132 0.049269632849994964 
132 133 0.049269632849930765 
133 134 0.04926963284987142 
134 135 0.049269632849767805 
135 136 0.04926963284959453 
136 137 0.049269632849346476 
137 138 0.04926963284904778 
138 139 0.04926963284856283 
139 140 0.049269632847819565 
140 141 0.04926963284681078 
141 142 0.049269632845297846 
142 143 0.049269632843128165 
143 144 0.04926963283997577 
144 145 0.04926963283545822 
145 146 0.04926963282894307 
146 147 0.04926963281947459 
147 148 0.049269632805804556 
148 149 0.04926963278599671 
149 150 0.049269632757302055 
150 151 0.04926963271574152 
151 152 0.0492696326555363 
152 153 0.04926963256820105 
153 154 0.04926963244148482 
154 155 0.04926963225756639 
155 156 0.04926963199044275 
156 157 0.04926963160227429 
157 158 0.04926963103798553 
158 159 0.04926963021696495 
159 160 0.0492696290217704 
160 161 0.04926962728042484 
161 162 0.04926962474142219 
162 163 0.049269621036266004 
163 164 0.049269615624621045 
164 165 0.04926960771293343 
165 166 0.0492695961346948 
166 167 0.04926957917241604 
167 168 0.049269554294035414 
168 169 0.04926951776059981 
169 170 0.04926946404192036 
170 171 0.04926938494379956 
171 172 0.049269268301366305 
172 173 0.049269096017991725 
173 174 0.04926884111239304 
174 175 0.04926846326037111 
175 176 0.0492679020391844 
176 177 0.049267066654509264 
177 178 0.04926582025361033 
178 179 0.049263955861440625 
179 180 0.0492611592685743 
180 181 0.049256951462295 
181 182 0.04925059869194209 
182 183 0.049240971400417895 
183 184 0.049226319466817325 
184 185 0.049203911383499846 
185 186 0.04916944924851275 
186 187 0.04911610106708665 
187 188 0.049032874818156144 
188 189 0.04890182972659617 
189 190 0.04869318438365508 
190 191 0.048356542939791726 
191 192 0.04780492126799325 
192 193 0.04688521531747919 
193 194 0.04532462053925177 
194 195 0.04264210115554827 
195 196 0.03798184262714221 
196 197 0.030222496748339062 
197 198 0.01843341106758051 
