0.0 
161.7181000521968 
160.2386509126463 
157.3511274737949 
155.79473024487567 
152.98416981739823 
151.4039872635748 
148.61724021957966 
147.03315660723672 
144.25031741325697 
142.666331604411 
139.88339503065473 
138.299626848868 
135.5164724165367 
133.93275816789867 
131.149549717704 
129.56583946486828 
126.78262700710391 
125.19891520532323 
122.41570429743909 
120.83199187964064 
118.04878158860288 
116.46506907908444 
113.68185887994615 
112.09814637559467 
109.31493617129767 
107.73122367282969 
104.94801346264272 
103.36430096552101 
100.58109075398563 
98.99737825694223 
96.2141680453282 
94.63045554824045 
91.84724533667078 
90.2635328395671 
87.4803226280135 
85.89661013090758 
83.11339991935618 
81.52968742225046 
78.74647721069888 
77.16276471359329 
74.37955450204153 
72.79584200493603 
70.01263179338419 
68.42891929627866 
65.64570908472682 
64.06199658762132 
61.27878637606947 
59.69507387896398 
56.91186366741208 
55.328151170306526 
52.544940958754744 
50.9612284616492 
48.17801825009739 
46.594305752991865 
43.81109554144003 
42.22738304433453 
39.444172832782705 
37.86046033567716 
35.07725012412535 
33.49353762701984 
30.710327415468 
29.12661491836248 
26.343404706810645 
24.759692209705104 
21.976481998153268 
20.39276950104773 
17.609559289495895 
16.025846792390357 
13.242636580838534 
11.65892408373299 
8.875713872181153 
7.292001375075623 
4.508791163523771 
2.9250786664182415 
0.1418684548663839 
-1.441844042239156 
-4.225054253791 
-5.8087667508965355 
-8.591976962448383 
-10.175689459553913 
-12.958899671105767 
-14.542612168211303 
-17.325822379763157 
-18.909534876868694 
-21.69274508842057 
-23.276457585526114 
-26.059667797077978 
-27.64338029418352 
-30.426590505735376 
-32.01030300284092 
-34.79351321439275 
-36.377225711498305 
-39.160435923050166 
-40.7441484201557 
-43.527358631707564 
-45.1110711288131 
-47.89428134036496 
-49.47799383747054 
-52.26120404902242 
-53.84491654612796 
-56.628126757679745 
-58.21183925478529 
-60.99504946633714 
-62.57876196344266 
-65.36197217499459 
-66.94568467210009 
-69.72889488365199 
-71.3126073807576 
-74.09581759230942 
-75.67953008941495 
-78.46274030096683 
-80.04645279807237 
-82.8296630096243 
-84.41337550672978 
-87.19658571828161 
-88.7802982153871 
-91.56350842693895 
-93.14722092404448 
-95.93043113559638 
-97.51414363270186 
-100.29735384425372 
-101.88106634135926 
-104.66427655291105 
-106.2479890500166 
-109.03119926156826 
-110.6149117586738 
-113.39812197022549 
-114.98183446733097 
-117.76504467888272 
-119.34875717598821 
-122.13196738754003 
-123.71567988464534 
-126.49889009619731 
-128.08260259330282 
-130.86581280485453 
-132.44952530196 
-135.2327355135118 
-136.8164480106174 
-139.59965822216915 
-141.18337071927468 
-143.9665809308265 
-145.5502934279319 
-148.33350363948364 
-149.91721613658913 
-152.7004263481409 
-154.28413884524647 
-157.06734905679824 
-158.65106155390376 
-161.43427176545546 
-163.01798426256087 
-165.80119447411263 
-167.38490697121804 
-170.16811718276986 
-171.75182967987521 
-174.5350398914271 
-176.11875238853273 
-178.9019626000845 
-180.48567509718995 
-183.26888530874183 
-184.8525978058473 
-187.6358080173991 
-189.21952051450447 
-192.0027307260563 
-193.58644322316178 
-196.36965343471334 
-197.95336593181878 
-200.73657614337046 
-202.32028864047587 
-205.10349885202766 
-206.68721134913324 
-209.47042156068483 
-211.0541340577904 
-213.83734426934205 
-215.4210567664477 
-218.20426697799937 
-219.78797947510495 
-222.57118968665694 
-224.15490218376084 
-226.9381123953197 
-228.52182489238209 
-231.30503510411242 
-232.8887476001358 
-235.67195781618145 
-237.25567028600474 
-240.03888061078467 
-241.62259241996205 
-244.40580548377807 
-245.98950061103872 
-248.77278215095677 
-250.3560449552623 
-253.1407860400592 
-254.70755365236687 
-257.40408700628313 
-257.5393414647916 
-259.2864092969439 
-262.3745756577262 
-262.3759933715583 
-262.3759989041409 
-262.3759994754476 
-262.37612601503014 
-262.3761270855919 
-262.3762488067145 
-262.37624999194264 
-262.37637158444926 
-262.3763727980596 
-262.3764944006023 
-262.37649562077075 
-262.3766172267989 
-262.37661844845627 
-262.37674005527475 
-262.37674127726865 
-262.37686288425954 
-262.3768641063293 
-262.37698571335835 
-262.3769869354449 
-262.3771085424823 
-262.3771097645726 
-262.3772313716118 
-262.3772325937031 
-262.3773542007428 
-262.37735542283434 
-262.37747702987417 
-262.3774782519655 
-262.37759985900533 
-262.377601081097 
-262.377722688137 
-262.3777239102288 
-262.3778455172688 
-262.37784673936056 
-262.3779683464002 
-262.3779695684919 
-262.37809117553144 
-262.37809239762316 
-262.3782140046629 
-262.3782152267543 
-262.37833683379387 
-262.37833805588554 
-262.37845966292537 
-262.37846088501686 
-262.37858249205686 
-262.37858371414904 
-262.37870532118853 
-262.37870654328043 
-262.37882815032043 
-262.3788293724123 
-262.378950979452 
-262.37895220154377 
-262.37907380858354 
-262.3790750306752 
-262.3791966377151 
-262.37919785980677 
-262.37931946684654 
-262.379320688938 
-262.37944229597775 
-262.3794435180693 
-262.3795651251092 
-262.37956634720075 
-262.37968795424075 
-262.3796891763326 
-262.3798107833724 
-262.37981200546386 
-262.37993361250363 
-262.37993483459536 
-262.3800564416351 
-262.3800576637268 
-262.38017927076675 
-262.38018049285864 
-262.3803020998984 
-262.3803033219903 
-262.3804249290302 
-262.38042615112175 
-262.3805477581616 
-262.38054898025274 
-262.3806705872926 
-262.3806718093847 
-262.3807934164244 
-262.38079463851636 
-262.3809162455561 
-262.38091746764763 
-262.38103907468764 
-262.3810402967792 
-262.381161903819 
-262.38116312591063 
-262.38128473295063 
-262.38128595504264 
-262.3814075620822 
-262.38140878417386 
-262.3815303912135 
-262.38153161330507 
-262.3816532203449 
-262.38165444243646 
-262.3817760494765 
-262.38177727156796 
-262.3818988786078 
-262.3819001006993 
-262.38202170773906 
-262.3820229298307 
-262.3821445368706 
-262.3821457589623 
-262.3822673660017 
-262.3822685880934 
-262.38239019513327 
-262.38239141722494 
-262.3825130242646 
-262.38251424635604 
-262.3826358533959 
-262.3826370754875 
-262.382758682527 
-262.3827599046186 
-262.3828815116583 
-262.3828827337499 
-262.38300434078957 
-262.38300556288135 
-262.383127169921 
-262.3831283920126 
-262.38324999905245 
-262.3832512211441 
-262.38337282818395 
-262.3833740502756 
-262.3834956573152 
-262.383496879407 
-262.3836184864467 
-262.38361970853833 
-262.38374131557777 
-262.38374253766955 
-262.38386414470926 
-262.3838653668008 
-262.3839869738408 
-262.3839881959323 
-262.3841098029721 
-262.3841110250636 
-262.3842326321033 
-262.38423385419475 
-262.3843554612345 
-262.3843566833263 
-262.3844782903662 
-262.38447951245763 
-262.3846011194975 
-262.3846023415893 
-262.384723948629 
-262.3847251707207 
-262.3848467777605 
-262.38484799985207 
-262.38496960689207 
-262.38497082898385 
-262.3850924360238 
-262.3850936581154 
-262.3852152651552 
-262.3852164872469 
-262.3853380942866 
-262.3853393163783 
-262.38546092341807 
-262.38546214550917 
-262.385583752549 
-262.3855849746404 
-262.38570658168015 
-262.3857078037717 
-262.3858294108115 
-262.38583063290315 
-262.38595223994326 
-262.3859534620346 
-262.3860750690746 
-262.38607629116603 
-262.3861978982059 
-262.3861991202975 
-262.38632072733975 
-262.3863219494314 
-262.38644355648336 
-262.3864447785751 
-262.3865663856283 
-262.38656760771966 
-262.3866892145847 
-262.38669043667295 
-262.3868120424614 
-262.3868132645454 
-262.38693486820506 
-262.38693609030435 
-262.3870577041691 
-262.38705892645856 
-262.38718064073254 
-262.3871818637643 
-262.38730392784265 
-262.3873051510972 
-262.3874271175459 
-262.3874283265997 
-262.38754289968983 
-262.38754401874183 
-262.38762228473564 
-262.38762300723573 
-262.38762301491903 
-262.3876230148995 
-268.01713060490755 
-268.01713232721517 
-268.01713250181757 
-268.01713250188124 
-268.0171325019791 
-268.01713250218285 
-268.0171325022881 
-268.0171325026684 
-268.01713250279136 
-268.01713250327435 
-268.017132503407 
-268.0171325039319 
-268.0171325040679 
-268.017132504607 
-268.01713250474364 
-268.01713250528616 
-268.01713250542304 
-268.01713250596634 
-268.01713250610356 
-268.0171325066469 
-268.0171325067849 
-268.01713250732877 
-268.0171325074659 
-268.01713250800964 
-268.01713250814674 
-268.01713250869017 
-268.0171325088273 
-268.0171325093708 
-268.0171325095079 
-268.0171325100517 
-268.0171325101888 
-268.0171325107322 
-268.01713251086943 
-268.01713251141285 
-268.01713251154996 
-268.0171325120936 
-268.0171325122307 
-268.01713251277425 
-268.0171325129115 
-268.0171325134552 
-268.0171325135929 
-268.01713251413656 
-268.0171325142738 
-268.01713251481743 
-268.0171325149543 
-268.01713251549796 
-268.0171325156353 
-268.01713251617906 
-268.0171325163158 
-268.01713251685936 
-268.01713251699636 
-268.0171325175399 
-268.0171325176769 
-268.01713251822065 
-268.01713251835764 
-268.0171325189014 
-268.01713251903874 
-268.01713251958216 
-268.01713251971904 
-268.01713252026286 
-268.01713252040014 
-268.0171325209439 
-268.01713252108124 
-268.0171325216245 
-268.01713252176165 
-268.01713252230485 
-268.01713252244207 
-268.01713252298583 
-268.01713252312305 
-268.0171325236667 
-268.01713252380404 
-268.0171325243479 
-268.01713252448513 
-268.0171325250288 
-268.0171325251661 
-268.01713252570966 
-268.01713252584665 
-268.0171325263904 
-268.0171325265275 
-268.0171325270713 
-268.0171325272084 
-268.01713252775176 
-268.0171325278888 
-268.0171325284324 
-268.01713252856945 
-268.0171325291131 
-268.01713252925043 
-268.01713252979397 
-268.0171325299314 
-268.01713253047507 
-268.0171325306123 
-268.0171325311558 
-268.01713253129293 
-268.0171325318368 
-268.0171325319738 
-268.01713253251745 
-268.01713253265444 
-268.017132533198 
-268.017132533335 
-268.01713253387896 
-268.0171325340163 
-268.01713253455983 
-268.0171325346973 
-268.01713253524093 
-268.01713253537827 
-268.01713253592214 
-268.01713253605925 
-268.017132536603 
-268.01713253674 
-268.01713253728354 
-268.01713253742076 
-268.0171325379642 
-268.0171325381013 
-268.0171325386447 
-268.0171325387818 
-268.0171325393257 
-268.0171325394627 
-268.0171325400061 
-268.01713254014254 
-268.0171325406861 
-268.01713254082375 
-268.0171325413674 
-268.0171325415046 
-268.01713254204816 
-268.01713254218527 
-268.01713254272937 
-268.01713254286636 
-268.01713254341024 
-268.01713254354746 
-268.0171325440911 
-268.0171325442285 
-268.017132544772 
-268.0171325449092 
-268.01713254545297 
-268.0171325455901 
-268.0171325461336 
-268.0171325462707 
-268.01713254681454 
-268.0171325469516 
-268.0171325474951 
-268.01713254763234 
-268.0171325481761 
-268.0171325483133 
-268.017132548857 
-268.0171325489943 
-268.01713254953773 
-268.01713254967495 
-268.0171325502186 
-268.0171325503555 
-268.017132550899 
-268.01713255103635 
-268.01713255158023 
-268.01713255171666 
-268.0171325522602 
-268.01713255239775 
-268.0171325529412 
-268.01713255307834 
-268.01713255362193 
-268.01713255375915 
-268.01713255430286 
-268.01713255444 
-268.0171325549839 
-268.0171325551209 
-268.0171325556648 
-268.0171325558019 
-268.01713255634587 
-268.01713255648286 
-268.0171325570265 
-268.0171325571636 
-268.01713255770716 
-268.0171325578445 
-268.017132558388 
-268.01713255852513 
-268.0171325590689 
-268.0171325592059 
-268.01713255974937 
-268.01713255988676 
-268.0171325604302 
-268.0171325605673 
-268.0171325611107 
-268.0171325612478 
-268.0171325617913 
-268.01713256192835 
-268.01713256246984 
-268.01713256260615 
-268.0171325631406 
-268.0171325632745 
-268.0171325637828 
-268.01713256390946 
-268.0171325643425 
-268.0171325644504 
-268.0171325647275 
-268.01713256480383 
-268.0171325648776 
-268.01713256493156 
-268.01713256498397 
-268.0171325649332 
-268.017132564984 
-268.0171325649333 
-268.0171325649339 
-268.0171325649349 
-268.0171325649363 
-268.01713256493804 
-268.0171325649398 
-268.0171325649415 
-268.0171325649421 
-268.0171325649433 
-268.01713256495003 
-268.01713256495833 
-268.01713256496606 
-268.0171325649747 
-268.0171325649821 
-268.01713256499085 
-268.01713256499835 
-268.0171325650072 
-268.0171325650148 
-268.0171325650237 
-268.0171325650313 
-268.0171325650403 
-268.017132565048 
-268.01713256505644 
-268.01713256506383 
-268.0171325650727 
-268.0171325650801 
-268.01713256508884 
-268.01713256509646 
-268.017132565105 
-268.0171325651127 
-268.01713256512136 
-268.01713256512875 
-268.0171325651373 
-268.01713256514466 
-268.0171325651535 
-268.01713256516103 
-268.0171325651699 
-268.01713256517746 
-268.0171325651864 
-268.017132565194 
-268.0171325652029 
-268.0171325652102 
-268.0171325652188 
-268.01713256522606 
-268.01713256523493 
-268.0171325652424 
-268.01713256525096 
-268.0171325652586 
-268.0171325652675 
-268.01713256527495 
-268.01713256528393 
-268.0171325652912 
-268.01713256529996 
-268.01713256530746 
-268.0171325653161 
-268.0171325653235 
-268.01713256533236 
-268.0171325653398 
-268.0171325653486 
-268.01713256535623 
-268.01713256536493 
-268.0171325653724 
-268.0171325653809 
-268.0171325653887 
-268.01713256539773 
-268.0171325654051 
-268.01713256541393 
-268.0171325654216 
-268.01713256543024 
-268.01713256543763 
-268.0171325654463 
-268.0171325654538 
-268.01713256546253 
-268.0171325654701 
-268.01713256547873 
-268.01713256548607 
-268.01713256549465 
-268.0171325655022 
-268.0171325655111 
-268.0171325655187 
-268.0171325655272 
-268.01713256553495 
-268.0171325655437 
-268.0171325655512 
-268.0171325655602 
-268.01713256556775 
-268.0171325655766 
-268.01713256558395 
-268.0171325655927 
-268.0171325656002 
-268.01713256560873 
-268.01713256561624 
-268.0171325656251 
-268.0171325656324 
-268.017132565641 
-268.01713256564875 
-268.0171325656573 
-268.0171325656651 
-268.0171325656739 
-268.0171325656814 
-268.01713256569 
-268.01713256569775 
-268.0171325657066 
-268.01713256571423 
-268.0171325657231 
-268.0171325657306 
-268.0171325657396 
-268.01713256574686 
-268.0171325657556 
-268.01713256576284 
-268.01713256577165 
-268.01713256577926 
-268.0171325657881 
-268.0171325657955 
-268.0171325658046 
-268.0171325658121 
-268.0171325658212 
-268.01713256582883 
-268.0171325658376 
-268.0171325658453 
-268.0171325658542 
-268.0171325658617 
-268.0171325658703 
-268.01713256587794 
-268.0171325658864 
-268.01713256589363 
-268.01713256590216 
-268.0171325659093 
-268.0171325659183 
-268.01713256592575 
-268.0171325659347 
-268.0171325659422 
-268.0171325659514 
-268.0171325659588 
-268.01713256596753 
-268.0171325659749 
-268.0171325659837 
-268.0171325659913 
-268.01713256600004 
-268.0171325660075 
-268.0171325660159 
-268.01713256602324 
-268.01713256603176 
-268.0171325660394 
-268.01713256604825 
-268.01713256605575 
-268.0171325660645 
-268.01713256607206 
-268.01713256608053 
-268.0171325660878 
-268.0171325660966 
-268.0171325661043 
-268.01713256611316 
-268.01713256612055 
-268.0171325661293 
-268.01713256613715 
-268.0171325661458 
-268.0171325661532 
-268.01713256616205 
-268.01713256616955 
-268.0171325661783 
-268.0171325661858 
-268.01713256619456 
-268.0171325662022 
-268.01713256621105 
-268.0171325662189 
-268.0171325662273 
-268.01713256623515 
-268.017132566244 
-268.01713256625175 
-268.0171325662606 
-268.01713256626823 
-268.01713256627704 
-268.0171325662847 
-268.01713256629347 
-268.01713256630086 
-268.0171325663097 
-268.0171325663171 
-268.017132566326 
-268.0171325663335 
-268.01713256634224 
-268.01713256634986 
-268.01713256635827 
-268.01713256636543 
-268.01713256637305 
-268.0171325663791 
-268.0171325663849 
-268.0171325663826 
-268.01713256638124 
-268.01713256637976 
-268.0171325663784 
-268.01713256637714 
-268.0171325663765 
-268.0171325664275 
-268.0171325663766 
-268.0171325664274 
-268.01713256637623 
-268.0171325663768 
-268.0171325663778 
-268.0171325663793 
-268.0171325663809 
-268.0171325663824 
-268.01713256638436 
-268.01713256637885 
-268.01713256637896 
-268.0171325663792 
-268.0171325663791 
-268.0171325663792 
-268.0171325663793 
-268.01713256637964 
-268.01713256637964 
-268.01713256637987 
-268.01713256637976 
-268.01713256637976 
-268.01713256637987 
-268.01713256637964 
-268.0171325663794 
-268.0171325663796 
-268.01713256637953 
-268.01713256637964 
-268.01713256637953 
-268.01713256637976 
-268.01713256637953 
-268.01713256637987 
-268.01713256637964 
-268.01713256637964 
-268.01713256637953 
-268.0171325663796 
-268.01713256637987 
-268.01713256637987 
-268.01713256637987 
-268.0171325663802 
-268.0171325663802 
-268.0171325663802 
-268.0171325663801 
-268.0171325663802 
-268.01713256638016 
-268.01713256638 
-268.01713256638 
-268.01713256638004 
-268.0171325663802 
-268.01713256638067 
-268.01713256638055 
-268.0171325663808 
-268.0171325663809 
-268.017132566381 
-268.01713256638095 
-268.0171325663811 
-268.01713256638124 
-268.0171325663818 
-268.0171325663819 
-268.0171325663819 
-268.01713256638214 
-268.01713256638214 
-268.01713256638203 
-268.01713256638214 
-268.01713256638214 
-268.01713256638214 
-268.01713256638214 
-268.01713256638203 
-268.01713256638214 
-268.01713256638203 
-268.0171325663824 
-268.0171325663827 
-268.01713256638266 
-268.0171325663827 
-268.01713256638277 
-268.01713256638317 
-268.01713256638294 
-268.0171325663828 
-268.0171325663827 
-268.01713256638294 
-268.0171325663826 
-268.0171325663827 
-268.0171325663827 
-268.0171325663826 
-268.0171325663828 
-268.01713256638294 
-268.01713256638317 
-268.01713256638317 
-268.0171325663832 
-268.0171325663833 
-268.0171325663835 
-268.0171325663835 
-268.0171325663835 
-268.0171325663836 
-268.0171325663835 
-268.0171325663834 
-268.01713256638317 
-268.0171325663833 
-268.0171325663834 
-268.0171325663835 
-268.0171325663833 
-268.0171325663833 
-268.0171325663833 
-268.0171325663836 
-268.0171325663835 
-268.0171325663835 
-268.0171325663835 
-268.0171325663836 
-268.01713256638385 
-268.0171325663841 
-268.0171325663842 
-268.0171325663841 
-268.01713256638396 
-268.017132566384 
-268.0171325663841 
-268.0171325663842 
-268.0171325663844 
-268.01713256638465 
-268.01713256638465 
-268.0171325663849 
-268.01713256638476 
-268.0171325663853 
-268.01713256638556 
-268.0171325663858 
-268.01713256638556 
-268.01713256638567 
-268.0171325663858 
-268.0171325663855 
-268.0171325663858 
-268.017132566386 
-268.01713256638584 
-268.0171325663861 
-268.017132566386 
-268.0171325663861 
-268.0171325663859 
-268.0171325663859 
-268.0171325663858 
-268.017132566386 
-268.017132566386 
-268.01713256638624 
-268.0171325663863 
-268.01713256638635 
-268.0171325663863 
-268.0171325663864 
-268.01713256638624 
-268.01713256638624 
-268.0171325663864 
-268.01713256638646 
-268.01713256638624 
-268.01713256638635 
-268.01713256638635 
-268.0171325663867 
-268.0171325663866 
-268.01713256638646 
-268.01713256638686 
-268.0171325663868 
-268.01713256638715 
-268.01713256638726 
-268.01713256638715 
-268.01713256638715 
-268.0171325663869 
-268.0171325663869 
-268.0171325663868 
-268.0171325663868 
-268.01713256638726 
-268.0171325663873 
-268.0171325663874 
-268.01713256638726 
-268.01713256638703 
-268.01713256638715 
-268.01713256638703 
-268.01713256638726 
-268.0171325663875 
-268.01713256638766 
-268.01713256638783 
-268.017132566388 
-268.01713256638817 
-268.01713256638783 
-268.0171325663877 
-268.0171325663875 
-268.0171325663877 
-268.0171325663875 
-268.01713256638743 
-268.01713256638715 
-268.0171325663872 
-268.01713256638726 
-268.0171325663868 
-268.0171325663866 
-268.0171325663867 
-268.0171325663934 
-268.01713256639886 
-268.0171325663966 
-268.01713256639465 
-268.0171325663928 
-268.01713256639124 
-268.0171325663901 
-268.01713256638965 
-268.01713256644035 
-268.0171325663894 
-268.01713256644024 
-268.0171325663893 
-268.0171325663899 
-268.0171325663909 
-268.0171325663924 
-268.0171325663941 
-268.0171325663959 
-268.0171325663981 
-268.01713256639266 
-268.01713256639283 
-268.0171325663927 
-268.01713256639306 
-268.0171325663932 
-268.01713256639295 
-268.01713256639283 
-268.01713256639295 
-268.01713256639283 
-268.0171325663932 
-268.0171325663933 
-268.0171325663934 
-268.0171325663936 
-268.0171325663936 
-268.01713256639374 
-268.0171325663936 
-268.0171325663935 
-268.0171325663934 
-268.0171325663934 
-268.0171325663934 
-268.0171325663935 
-268.0171325663936 
-268.0171325663936 
-268.01713256639374 
-268.0171325663936 
-268.01713256639374 
-268.0171325663936 
-268.0171325663936 
-268.01713256639374 
-268.0171325663935 
-268.0171325663936 
-268.0171325663936 
-268.0171325663936 
-268.0171325663935 
-268.0171325663933 
-268.0171325663934 
-268.0171325663932 
-268.0171325663933 
-268.0171325663934 
-268.0171325663933 
-268.0171325663932 
-268.0171325663932 
-268.0171325663934 
-268.0171325663933 
-268.0171325663934 
-268.0171325663936 
-268.01713256639374 
-268.01713256639374 
-268.01713256639385 
-268.01713256639385 
-268.01713256639374 
-268.0171325663935 
-268.01713256639334 
-268.0171325663934 
-268.0171325663935 
-268.0171325663935 
-268.0171325663936 
-268.0171325663933 
-268.0171325663934 
-268.0171325663932 
-268.01713256639306 
-268.01713256639283 
-268.0171325663926 
-268.01713256639283 
-268.01713256639283 
-268.0171325663927 
-268.01713256639295 
-268.01713256639283 
-268.01713256639283 
-268.0171325663925 
-268.0171325663927 
-268.0171325663925 
-268.0171325663925 
-268.0171325663924 
-268.01713256639215 
-268.01713256639204 
-268.0171325663919 
-268.0171325663918 
-268.01713256639204 
-268.0171325663921 
-268.01713256639204 
-268.0171325663917 
-268.0171325663916 
-268.01713256639147 
-268.01713256639135 
-268.0171325663911 
-268.01713256639135 
-268.01713256639124 
-268.01713256639135 
-268.01713256639124 
-268.0171325663911 
-268.017132566391 
-268.017132566391 
-268.0171325663909 
-268.0171325663911 
-268.017132566391 
-268.01713256639135 
-268.0171325663911 
-268.01713256639124 
-268.0171325663913 
-268.01713256639124 
-268.01713256639124 
-268.01713256639135 
-268.0171325663913 
-268.0171325663911 
-268.017132566391 
-268.0171325663909 
-268.0171325663909 
-268.017132566391 
-268.01713256639056 
-268.0171325663908 
-268.01713256639044 
-268.01713256639056 
-268.01713256639056 
-268.0171325663908 
-268.01713256639044 
-268.0171325663902 
-268.0171325663901 
-268.01713256639033 
-268.01713256639033 
-268.01713256639033 
-268.01713256639033 
-268.01713256639044 
-268.01713256639056 
-268.01713256639056 
-268.01713256639067 
-268.01713256639067 
-268.01713256639044 
-268.01713256639056 
-268.01713256639044 
-268.0171325663903 
-268.01713256639 
-268.01713256639 
-268.01713256638965 
-268.01713256638965 
-268.0171325663896 
-268.0171325663898 
-268.01713256638965 
-268.01713256638965 
-268.01713256638976 
-268.01713256639 
-268.01713256638976 
-268.01713256638953 
-268.01713256638953 
-268.01713256638953 
-268.01713256638976 
-268.0171325663899 
-268.01713256639 
-268.0171325663899 
-268.01713256638976 
-268.01713256638976 
-268.01713256638953 
-268.01713256638965 
-268.01713256638976 
-268.01713256638953 
-268.01713256638953 
-268.01713256638976 
-268.0171325663899 
-268.0171325663899 
-268.0171325663899 
-268.01713256639005 
-268.01713256638976 
-268.0171325663899 
-268.01713256638976 
-268.0171325663899 
-268.01713256638965 
-268.0171325663899 
-268.01713256639016 
-268.0171325663901 
-268.0171325663902 
-268.01713256639033 
-268.01713256639044 
-268.01713256639033 
-268.01713256639016 
-268.01713256639 
-268.01713256639 
-268.01713256639005 
-268.0171325663901 
-268.0171325663899 
-268.01713256639545 
-268.01713256639385 
-268.01713256639226 
-268.0171325663907 
-268.0171325663893 
-268.0171325663883 
-268.01713256638794 
-268.0171325664388 
-268.01713256638806 
-268.0171325664389 
-268.01713256638806 
-268.0171325663883 
-268.0171325663894 
-268.01713256639124 
-268.0171325663927 
-268.0171325663943 
-268.0171325663961 
-268.01713256639067 
-268.017132566391 
-268.017132566391 
-268.0171325663909 
-268.017132566391 
-268.01713256639124 
-268.0171325663911 
-268.0171325663909 
-268.017132566391 
-268.0171325663908 
-268.0171325663908 
-268.0171325663909 
-268.01713256639067 
-268.01713256639044 
-268.01713256639044 
-268.0171325663902 
-268.0171325663901 
-268.01713256638993 
-268.0171325663901 
-268.0171325663899 
-268.0171325663899 
-268.01713256638976 
-268.0171325663894 
-268.0171325663892 
-268.01713256638925 
-268.01713256638897 
-268.01713256638897 
-268.017132566389 
-268.01713256638897 
-268.01713256638897 
-268.01713256638885 
-268.01713256638897 
-268.01713256638874 
-268.0171325663886 
-268.0171325663883 
-268.01713256638806 
-268.01713256638794 
-268.01713256638783 
-268.0171325663877 
-268.0171325663877 
-268.0171325663877 
-268.0171325663875 
-268.0171325663876 
-268.0171325663875 
-268.01713256638726 
-268.0171325663873 
-268.01713256638743 
-268.01713256638715 
-268.01713256638726 
-268.01713256638726 
-268.01713256638726 
-268.0171325663874 
-268.0171325663875 
-268.01713256638715 
-268.01713256638715 
-268.01713256638715 
-268.01713256638703 
-268.01713256638715 
-268.01713256638703 
-268.0171325663869 
-268.0171325663869 
-268.0171325663868 
-268.01713256638703 
-268.01713256638726 
-268.0171325663874 
-268.01713256638726 
-268.01713256638715 
-268.0171325663871 
-268.01713256638703 
-268.0171325663869 
-268.01713256638715 
-268.01713256638703 
-268.01713256638703 
-268.01713256638715 
-268.01713256638703 
-268.01713256638703 
-268.01713256638703 
-268.0171325663869 
-268.0171325663869 
-268.0171325663868 
-268.0171325663868 
-268.01713256638646 
-268.01713256638646 
-268.01713256638635 
-268.01713256638635 
-268.0171325663864 
-268.01713256638646 
-268.0171325663863 
-268.01713256638635 
-268.01713256638646 
-268.01713256638635 
-268.01713256638624 
-268.0171325663861 
-268.017132566386 
-268.0171325663859 
-268.0171325663859 
-268.0171325663859 
-268.017132566386 
-268.0171325663859 
-268.017132566386 
-268.0171325663859 
-268.0171325663859 
-268.01713256638584 
-268.0171325663859 
-268.01713256638567 
-268.0171325663858 
-268.0171325663858 
-268.0171325663859 
-268.017132566386 
-268.0171325663859 
-268.0171325663859 
-268.0171325663858 
-268.0171325663859 
-268.01713256638567 
-268.01713256638556 
-268.01713256638544 
-268.0171325663853 
-268.0171325663854 
-268.0171325663852 
-268.0171325663852 
-268.017132566385 
-268.017132566385 
-268.017132566385 
-268.017132566385 
-268.017132566385 
-268.01713256638465 
-268.0171325663842 
-268.0171325663843 
-268.0171325663843 
-268.0171325663842 
-268.01713256638396 
-268.01713256638385 
-268.0171325663839 
-268.01713256638385 
-268.0171325663835 
-268.0171325663835 
-268.0171325663833 
-268.0171325663833 
-268.01713256638317 
-268.01713256638317 
-268.01713256638305 
-268.01713256638305 
-268.01713256638294 
-268.0171325663828 
-268.0171325663828 
-268.0171325663828 
-268.0171325663827 
-268.0171325663828 
-268.0171325663828 
-268.0171325663828 
-268.0171325663827 
-268.01713256638266 
-268.01713256638266 
-268.0171325663824 
-268.0171325663825 
-268.0171325663825 
-268.0171325663824 
-268.0171325663824 
-268.01713256638214 
-268.01713256638226 
-268.017132566382 
-268.0171325663818 
-268.01713256638175 
-268.0171325663817 
-268.0171325663818 
-268.0171325663818 
-268.0171325663819 
-268.0171325663819 
-268.01713256638203 
-268.01713256638203 
-268.01713256638203 
-268.0171325663819 
-268.01713256638203 
-268.01713256638203 
-268.01713256638214 
-268.0171325663819 
-268.01713256638146 
-268.0171325663817 
-268.01713256638124 
-268.0171325663871 
-268.0171325663851 
-268.01713256638317 
-268.0171325663816 
-268.01713256638 
-268.0171325663792 
-268.01713256637873 
-268.0171325664299 
-268.01713256637896 
-268.01713256643 
-268.01713256637896 
-268.0171325663794 
-268.0171325663801 
-268.0171325663816 
-268.01713256638334 
-268.0171325663853 
-268.0171325663874 
-268.01713256638135 
-268.01713256638146 
-268.0171325663816 
-268.0171325663817 
-268.01713256638203 
-268.0171325663818 
-268.0171325663819 
-268.0171325663817 
-268.0171325663818 
-268.0171325663819 
-268.0171325663819 
-268.0171325663818 
-268.0171325663816 
-268.0171325663816 
-268.01713256638146 
-268.01713256638146 
-268.0171325663816 
-268.0171325663817 
-268.017132566382 
-268.01713256638214 
-268.01713256638214 
-268.01713256638226 
-268.0171325663824 
-268.0171325663826 
-268.0171325663827 
-268.0171325663827 
-268.01713256638305 
-268.0171325663833 
-268.0171325663835 
-268.0171325663836 
-268.01713256638374 
-268.01713256638374 
-268.01713256638385 
-268.0171325663841 
-268.01713256638396 
-268.01713256638396 
-268.01713256638396 
-268.0171325663844 
-268.01713256638465 
-268.01713256638493 
-268.017132566385 
-268.0171325663852 
-268.0171325663852 
-268.01713256638567 
-268.0171325663857 
-268.017132566386 
-268.01713256638624 
-268.01713256638635 
-268.0171325663866 
-268.0171325663871 
-268.0171325663874 
-268.0171325663875 
-268.0171325663876 
-268.01713256638806 
-268.0171325663884 
-268.0171325663886 
-268.0171325663886 
-268.0171325663886 
-268.0171325663889 
-268.0171325663892 
-268.0171325663894 
-268.01713256638976 
-268.01713256639 
-268.0171325663902 
-268.0171325663904 
-268.0171325663908 
-268.0171325663912 
-268.01713256639124 
-268.01713256639135 
-268.0171325663916 
-268.0171325663918 
-268.0171325663919 
-268.0171325663919 
-268.01713256639204 
-268.01713256639204 
-268.0171325663925 
-268.0171325663925 
-268.0171325663927 
-268.0171325663926 
-268.0171325663927 
-268.0171325663929 
-268.0171325663932 
-268.0171325663932 
-268.0171325663933 
-268.0171325663935 
-268.01713256639385 
-268.0171325663942 
-268.0171325663944 
-268.01713256639454 
-268.01713256639465 
-268.0171325663949 
-268.0171325663949 
-268.0171325663951 
-268.01713256639533 
-268.01713256639545 
-268.01713256639545 
-268.0171325663957 
-268.01713256639573 
-268.017132566396 
-268.0171325663961 
-268.01713256639624 
-268.0171325663961 
-268.0171325663961 
-268.01713256639624 
-268.01713256639647 
-268.0171325663966 
-268.0171325663966 
-268.0171325663966 
-268.0171325663968 
-268.0171325663968 
-268.0171325663969 
-268.0171325663972 
-268.0171325663975 
-268.0171325663977 
-268.01713256639783 
-268.01713256639806 
-268.01713256639806 
-268.0171325663982 
-268.01713256639823 
-268.0171325663983 
-268.0171325663985 
-268.01713256639863 
-268.01713256639863 
-268.0171325663987 
-268.01713256639874 
-268.0171325663991 
-268.0171325663994 
-268.0171325663994 
-268.0171325663994 
-268.01713256639965 
-268.01713256639977 
-268.0171325664 
-268.0171325664003 
-268.01713256640033 
-268.01713256640045 
-268.0171325664007 
-268.017132566401 
-268.017132566401 
-268.01713256640136 
-268.01713256640136 
-268.0171325664015 
-268.0171325664018 
-268.01713256640204 
-268.0171325664024 
-268.0171325664028 
-268.0171325664032 
-268.0171325664032 
-268.0171325664033 
-268.0171325664033 
-268.0171325664035 
-268.01713256640363 
-268.01713256640363 
-268.0171325664035 
-268.01713256640363 
-268.01713256640386 
-268.01713256640386 
-268.0171325664042 
-268.0171325664047 
-268.017132566405 
-268.0171325664049 
-268.0171325664051 
-268.0171325664049 
-268.0171325664052 
-268.01713256640545 
-268.0171325664058 
-268.0171325664059 
-268.01713256640613 
-268.01713256640636 
-268.01713256640636 
-268.017132566406 
-268.01713256640636 
-268.01713256640613 
-268.0171325664065 
-268.01713256640636 
-268.01713256640636 
-268.017132566406 
-268.01713256640625 
-268.01713256640625 
-268.0171325664059 
-268.0171325664115 
-268.01713256640954 
-268.01713256640784 
-268.01713256640613 
-268.0171325664044 
-268.0171325664033 
-268.01713256640306 
-268.0171325664542 
-268.0171325664033 
-268.0171325664541 
-268.0171325664027 
-268.01713256640306 
-268.0171325664041 
-268.0171325664057 
-268.0171325664075 
-268.01713256640926 
-268.01713256641114 
-268.01713256640534 
-268.0171325664057 
-268.0171325664059 
-268.01713256640596 
-268.017132566406 
-268.0171325664059 
-268.0171325664059 
-268.0171325664058 
-268.0171325664058 
-268.017132566406 
-268.01713256640613 
-268.01713256640613 
-268.01713256640625 
-268.01713256640613 
-268.017132566406 
-268.0171325664058 
-268.0171325664055 
-268.01713256640534 
-268.01713256640556 
-268.01713256640556 
-268.01713256640545 
-268.0171325664052 
-268.0171325664049 
-268.01713256640465 
-268.0171325664044 
-268.0171325664042 
-268.0171325664041 
-268.01713256640386 
-268.0171325664041 
-268.01713256640386 
-268.0171325664038 
-268.01713256640363 
-268.0171325664034 
-268.0171325664034 
-268.01713256640323 
-268.01713256640295 
-268.01713256640267 
-268.0171325664024 
-268.017132566402 
-268.01713256640164 
-268.0171325664016 
-268.01713256640136 
-268.01713256640136 
-268.01713256640096 
-268.01713256640085 
-268.01713256640073 
-268.01713256640056 
-268.01713256640033 
-268.0171325664002 
-268.0171325664001 
-268.0171325664 
-268.0171325663998 
-268.01713256639977 
-268.01713256639977 
-268.0171325663993 
-268.0171325663992 
-268.0171325663992 
-268.0171325663992 
-268.0171325663989 
-268.01713256639863 
-268.0171325663985 
-268.0171325663983 
-268.01713256639783 
-268.01713256639766 
-268.0171325663974 
-268.01713256639727 
-268.01713256639704 
-268.0171325663968 
-268.01713256639687 
-268.0171325663968 
-268.0171325663968 
-268.0171325663966 
-268.0171325663966 
-268.01713256639664 
-268.0171325663967 
-268.0171325663966 
-268.0171325663967 
-268.0171325663966 
-268.0171325663967 
-268.0171325663967 
-268.01713256639636 
-268.0171325663961 
-268.0171325663961 
-268.0171325663959 
-268.0171325663958 
-268.01713256639556 
-268.01713256639545 
-268.0171325663952 
-268.0171325663951 
-268.0171325663949 
-268.01713256639465 
-268.0171325663943 
-268.0171325663941 
-268.01713256639374 
-268.0171325663935 
-268.0171325663935 
-268.0171325663934 
-268.0171325663934 
-268.0171325663931 
-268.0171325663927 
-268.0171325663926 
-268.0171325663926 
-268.01713256639266 
-268.0171325663924 
-268.01713256639226 
-268.01713256639215 
-268.0171325663919 
-268.0171325663919 
-268.0171325663918 
-268.0171325663917 
-268.01713256639164 
-268.01713256639135 
-268.01713256639135 
-268.0171325663909 
-268.01713256639056 
-268.0171325663902 
-268.0171325663903 
-268.0171325663899 
-268.01713256638976 
-268.0171325663894 
-268.0171325663892 
-268.01713256638885 
-268.01713256638897 
-268.01713256638874 
-268.01713256638874 
-268.0171325663887 
-268.0171325663885 
-268.0171325663883 
-268.01713256638806 
-268.0171325663877 
-268.0171325663875 
-268.01713256638715 
-268.0171325663869 
-268.0171325663868 
-268.01713256638646 
-268.01713256638646 
-268.0171325663861 
-268.0171325663859 
-268.01713256638595 
-268.017132566386 
-268.01713256638584 
-268.01713256638556 
-268.0171325663853 
-268.01713256638544 
-268.0171325663853 
-268.01713256638544 
-268.0171325663853 
-268.0171325663851 
-268.017132566385 
-268.01713256638476 
-268.0171325663848 
-268.01713256638453 
-268.0171325663845 
-268.0171325663842 
-268.0171325663839 
-268.0171325663836 
-268.0171325663836 
-268.0171325663836 
-268.0171325663836 
-268.0171325663835 
-268.0171325663834 
-268.01713256638317 
-268.0171325663833 
-268.01713256638317 
-268.01713256638317 
-268.01713256638305 
-268.01713256638305 
-268.01713256638317 
-268.01713256638334 
-268.01713256638317 
-268.01713256638305 
-268.01713256638294 
-268.01713256638294 
-268.0171325663828 
-268.01713256638294 
-268.0171325663828 
-268.0171325663827 
-268.0171325663826 
-268.0171325663827 
-268.0171325663883 
-268.0171325663862 
-268.0171325663844 
-268.0171325663828 
-268.01713256638146 
-268.01713256638055 
-268.01713256638 
-268.0171325664308 
-268.0171325663801 
-268.0171325664307 
-268.0171325663798 
-268.01713256638055 
-268.01713256638146 
-268.01713256638266 
-268.0171325663842 
-268.0171325663859 
-268.0171325663877 
-268.01713256638203 
-268.01713256638214 
-268.01713256638214 
-268.0171325663824 
-268.0171325663824 
-268.0171325663822 
-268.01713256638226 
-268.01713256638243 
-268.01713256638254 
-268.0171325663826 
-268.0171325663826 
-268.0171325663824 
-268.0171325663825 
-268.0171325663824 
-268.0171325663827 
-268.01713256638226 
-268.01713256638226 
-268.0171325663824 
-268.0171325663826 
-268.0171325663827 
-268.0171325663826 
-268.01713256638277 
-268.0171325663827 
-268.0171325663825 
-268.0171325663828 
-268.01713256638317 
-268.0171325663834 
-268.0171325663834 
-268.0171325663834 
-268.0171325663835 
-268.01713256638385 
-268.01713256638396 
-268.0171325663841 
-268.0171325663841 
-268.0171325663842 
-268.01713256638453 
-268.01713256638453 
-268.01713256638476 
-268.017132566385 
-268.0171325663851 
-268.0171325663851 
-268.0171325663851 
-268.0171325663853 
-268.01713256638544 
-268.01713256638556 
-268.01713256638567 
-268.01713256638567 
-268.0171325663859 
-268.0171325663861 
-268.01713256638635 
-268.0171325663867 
-268.01713256638686 
-268.01713256638715 
-268.0171325663873 
-268.01713256638743 
-268.0171325663876 
-268.01713256638794 
-268.01713256638794 
-268.01713256638817 
-268.0171325663884 
-268.0171325663888 
-268.0171325663886 
-268.0171325663886 
-268.0171325663884 
-268.0171325663888 
-268.01713256638897 
-268.01713256638914 
-268.0171325663893 
-268.0171325663894 
-268.01713256638953 
-268.01713256638953 
-268.01713256638953 
-268.01713256638965 
-268.01713256639 
-268.01713256639016 
-268.01713256639056 
-268.01713256639084 
-268.0171325663909 
-268.0171325663911 
-268.01713256639135 
-268.01713256639147 
-268.0171325663917 
-268.0171325663918 
-268.0171325663919 
-268.0171325663919 
-268.01713256639226 
-268.0171325663925 
-268.01713256639283 
-268.0171325663932 
-268.0171325663934 
-268.01713256639374 
-268.01713256639397 
-268.01713256639414 
-268.0171325663943 
-268.01713256639454 
-268.0171325663944 
-268.01713256639454 
-268.01713256639465 
-268.017132566395 
-268.0171325663952 
-268.0171325663952 
-268.01713256639533 
-268.01713256639556 
-268.01713256639556 
-268.0171325663957 
-268.01713256639556 
-268.01713256639556 
-268.0171325663958 
-268.0171325663961 
-268.01713256639636 
-268.01713256639636 
-268.0171325663964 
-268.0171325663966 
-268.0171325663966 
-268.0171325663967 
-268.01713256639704 
-268.01713256639727 
-268.0171325663976 
-268.0171325663976 
-268.01713256639783 
-268.01713256639806 
-268.0171325663985 
-268.0171325663985 
-268.0171325663984 
-268.0171325663984 
-268.01713256639897 
-268.01713256639897 
-268.01713256639897 
-268.0171325663991 
-268.0171325663992 
-268.0171325663993 
-268.0171325663995 
-268.01713256639954 
-268.01713256639965 
-268.01713256639977 
-268.0171325663999 
-268.0171325664002 
-268.0171325664002 
-268.01713256640045 
-268.0171325664007 
-268.017132566401 
-268.01713256640113 
-268.0171325664015 
-268.0171325664018 
-268.01713256640204 
-268.01713256640215 
-268.01713256640215 
-268.0171325664025 
-268.01713256640284 
-268.01713256640295 
-268.01713256640323 
-268.0171325664032 
-268.0171325664035 
-268.01713256640363 
-268.01713256640386 
-268.017132566404 
-268.017132566404 
-268.0171325664043 
-268.01713256640454 
-268.0171325664047 
-268.01713256640477 
-268.0171325664044 
-268.01713256640465 
-268.0171325664049 
-268.0171325664051 
-268.0171325664052 
-268.0171325664052 
-268.0171325664051 
-268.01713256640505 
-268.01713256640505 
-268.017132566405 
-268.017132566405 
-268.0171325664051 
-268.017132566405 
-268.017132566405 
-268.0171325664051 
-268.0171325664051 
-268.0171325664049 
-268.0171325664044 
-268.01713256641 
-268.0171325664082 
-268.0171325664064 
-268.01713256640454 
-268.01713256640284 
-268.0171325664019 
-268.0171325664015 
-268.0171325664526 
-268.01713256640187 
-268.01713256645274 
-268.0171325664017 
-268.01713256640227 
-268.0171325664032 
-268.01713256640477 
-268.0171325664065 
-268.017132566408 
-268.01713256641 
-268.0171325664042 
-268.01713256640465 
-268.0171325664049 
-268.0171325664049 
-268.0171325664049 
-268.01713256640477 
-268.017132566405 
-268.01713256640534 
-268.0171325664052 
-268.0171325664051 
-268.017132566405 
-268.017132566405 
-268.0171325664052 
-268.0171325664052 
-268.01713256640534 
-268.017132566405 
-268.01713256640465 
-268.01713256640454 
-268.01713256640465 
-268.01713256640465 
-268.0171325664044 
-268.0171325664044 
-268.0171325664042 
-268.01713256640437 
-268.0171325664042 
-268.0171325664042 
-268.017132566404 
-268.01713256640386 
-268.01713256640363 
-268.0171325664032 
-268.0171325664033 
-268.01713256640295 
-268.0171325664026 
-268.0171325664025 
-268.01713256640244 
-268.01713256640227 
-268.0171325664019 
-268.0171325664019 
-268.0171325664016 
-268.0171325664015 
-268.01713256640113 
-268.017132566401 
-268.017132566401 
-268.0171325664008 
-268.0171325664007 
-268.0171325664007 
-268.01713256640045 
-268.0171325664003 
-268.0171325664002 
-268.0171325664002 
-268.0171325664001 
-268.0171325663999 
-268.0171325663999 
-268.0171325663996 
-268.0171325663993 
-268.0171325663991 
-268.0171325663991 
-268.01713256639897 
-268.01713256639886 
-268.0171325663984 
-268.0171325663984 
-268.01713256639835 
-268.01713256639806 
-268.01713256639806 
-268.01713256639783 
-268.0171325663976 
-268.0171325663977 
-268.0171325663975 
-268.0171325663974 
-268.0171325663975 
-268.0171325663974 
-268.01713256639715 
-268.0171325663969 
-268.0171325663967 
-268.0171325663966 
-268.01713256639636 
-268.01713256639624 
-268.0171325663957 
-268.01713256639545 
-268.01713256639533 
-268.0171325663952 
-268.0171325663951 
-268.01713256639493 
-268.0171325663948 
-268.01713256639476 
-268.0171325663944 
-268.0171325663942 
-268.01713256639385 
-268.01713256639385 
-268.0171325663934 
-268.0171325663932 
-268.01713256639283 
-268.0171325663924 
-268.0171325663924 
-268.01713256639204 
-268.0171325663918 
-268.01713256639175 
-268.01713256639147 
-268.0171325663917 
-268.0171325663916 
-268.01713256639124 
-268.017132566391 
-268.017132566391 
-268.0171325663908 
-268.01713256639044 
-268.01713256639033 
-268.01713256639 
-268.01713256639 
-268.01713256638965 
-268.01713256638953 
-268.0171325663891 
-268.01713256638897 
-268.0171325663886 
-268.0171325663887 
-268.0171325663885 
-268.0171325663884 
-268.0171325663883 
-268.0171325663881 
-268.0171325663884 
-268.01713256638834 
-268.01713256638783 
-268.0171325663876 
-268.0171325663874 
-268.01713256638715 
-268.0171325663868 
-268.0171325663867 
-268.0171325663867 
-268.0171325663866 
-268.01713256638646 
-268.01713256638635 
-268.0171325663861 
-268.01713256638624 
-268.0171325663862 
-268.0171325663861 
-268.0171325663861 
-268.01713256638607 
-268.0171325663859 
-268.0171325663858 
-268.01713256638544 
-268.0171325663854 
-268.017132566385 
-268.0171325663849 
-268.01713256638453 
-268.01713256638425 
-268.0171325663842 
-268.0171325663839 
-268.01713256638374 
-268.0171325663836 
-268.0171325663834 
-268.0171325663835 
-268.0171325663833 
-268.0171325663835 
-268.01713256638317 
-268.0171325663828 
-268.0171325663826 
-268.0171325663824 
-268.0171325663824 
-268.01713256638214 
-268.01713256638214 
-268.01713256638214 
-268.01713256638214 
-268.01713256638214 
-268.01713256638203 
-268.01713256638214 
-268.0171325663823 
-268.01713256638203 
-268.01713256638203 
-268.01713256638226 
-268.0171325663821 
-268.01713256638203 
-268.0171325663818 
-268.01713256638203 
-268.01713256638203 
-268.01713256638214 
-268.0171325663825 
-268.0171325663825 
-268.0171325663825 
-268.0171325663825 
-268.0171325663819 
-268.0171325663879 
-268.01713256638624 
-268.0171325663843 
-268.0171325663826 
-268.01713256638135 
-268.01713256638044 
-268.01713256637987 
-268.0171325664307 
-268.01713256637987 
-268.01713256643075 
-268.01713256637987 
-268.01713256638044 
-268.01713256638135 
-268.0171325663827 
-268.01713256638465 
-268.01713256638646 
-268.01713256638817 
-268.0171325663825 
-268.017132566383 
-268.0171325663831 
-268.01713256638317 
-268.01713256638317 
-268.01713256638305 
-268.0171325663828 
-268.0171325663828 
-268.0171325663826 
-268.0171325663828 
-268.01713256638317 
-268.0171325663835 
-268.01713256638317 
-268.01713256638334 
-268.0171325663835 
-268.0171325663835 
-268.0171325663834 
-268.0171325663834 
-268.0171325663834 
-268.0171325663834 
-268.01713256638345 
-268.0171325663834 
-268.01713256638374 
-268.01713256638374 
-268.0171325663841 
-268.01713256638425 
-268.0171325663844 
-268.0171325663849 
-268.01713256638476 
-268.017132566385 
-268.017132566385 
-268.0171325663853 
-268.01713256638556 
-268.01713256638584 
-268.01713256638624 
-268.0171325663861 
-268.01713256638624 
-268.0171325663866 
-268.0171325663868 
-268.01713256638703 
-268.01713256638726 
-268.0171325663875 
-268.0171325663876 
-268.0171325663877 
-268.0171325663879 
-268.01713256638806 
-268.0171325663883 
-268.0171325663884 
-268.0171325663884 
-268.0171325663887 
-268.0171325663886 
-268.0171325663887 
-268.01713256638885 
-268.01713256638874 
-268.01713256638874 
-268.01713256638914 
-268.01713256638936 
-268.01713256638953 
-268.01713256638976 
-268.0171325663902 
-268.01713256639044 
-268.0171325663903 
-268.01713256639067 
-268.0171325663909 
-268.017132566391 
-268.0171325663911 
-268.0171325663911 
-268.01713256639147 
-268.0171325663917 
-268.01713256639204 
-268.01713256639226 
-268.0171325663925 
-268.0171325663925 
-268.0171325663926 
-268.01713256639283 
-268.01713256639295 
-268.0171325663932 
-268.0171325663933 
-268.0171325663935 
-268.01713256639374 
-268.01713256639397 
-268.0171325663935 
-268.0171325663935 
-268.0171325663935 
-268.0171325663936 
-268.01713256639385 
-268.01713256639374 
-268.01713256639397 
-268.01713256639425 
-268.0171325663946 
-268.0171325663949 
-268.01713256639476 
-268.01713256639516 
-268.01713256639533 
-268.0171325663957 
-268.0171325663958 
-268.01713256639596 
-268.01713256639607 
-268.01713256639624 
-268.01713256639647 
-268.01713256639664 
-268.0171325663968 
-268.0171325663974 
-268.0171325663975 
-268.0171325663976 
-268.01713256639783 
-268.0171325663982 
-268.0171325663985 
-268.0171325663986 
-268.0171325663985 
-268.0171325663985 
-268.01713256639863 
-268.01713256639886 
-268.01713256639886 
-268.0171325663992 
-268.0171325663993 
-268.0171325663992 
-268.0171325663994 
-268.0171325663996 
-268.01713256639977 
-268.0171325664 
-268.0171325664001 
-268.01713256640033 
-268.0171325664003 
-268.0171325664006 
-268.0171325664008 
-268.0171325664011 
-268.01713256640124 
-268.01713256640136 
-268.0171325664016 
-268.0171325664016 
-268.0171325664016 
-268.0171325664018 
-268.0171325664019 
-268.017132566402 
-268.01713256640204 
-268.01713256640215 
-268.01713256640227 
-268.01713256640244 
-268.0171325664025 
-268.0171325664026 
-268.01713256640295 
-268.01713256640306 
-268.01713256640346 
-268.0171325664035 
-268.01713256640363 
-268.0171325664037 
-268.017132566404 
-268.0171325664043 
-268.0171325664042 
-268.0171325664044 
-268.01713256640454 
-268.01713256640465 
-268.0171325664049 
-268.01713256640477 
-268.0171325664051 
-268.0171325664052 
-268.0171325664052 
-268.01713256640534 
-268.0171325664057 
-268.0171325664057 
-268.01713256640556 
-268.0171325664057 
-268.01713256640613 
-268.0171325664065 
-268.0171325664065 
-268.01713256640636 
-268.01713256640625 
-268.01713256640625 
-268.017132566406 
-268.01713256640613 
-268.01713256640625 
-268.0171325664059 
-268.0171325664057 
-268.0171325664059 
-268.0171325664059 
-268.01713256640585 
-268.01713256640556 
-268.0171325664052 
-268.0171325664108 
-268.01713256640886 
-268.01713256640727 
-268.0171325664057 
-268.0171325664042 
-268.0171325664035 
-268.01713256640306 
-268.01713256645405 
-268.0171325664033 
-268.01713256645405 
-268.01713256640323 
-268.0171325664035 
-268.0171325664043 
-268.0171325664059 
-268.01713256640755 
-268.0171325664092 
-268.01713256641125 
-268.0171325664058 
-268.01713256640625 
-268.0171325664065 
-268.0171325664065 
-268.01713256640664 
-268.0171325664065 
-268.0171325664066 
-268.01713256640653 
-268.0171325664064 
-268.01713256640625 
-268.0171325664066 
-268.0171325664065 
-268.0171325664066 
-268.01713256640625 
-268.0171325664061 
-268.0171325664058 
-268.01713256640556 
-268.01713256640545 
-268.01713256640556 
-268.0171325664058 
-268.0171325664055 
-268.0171325664053 
-268.017132566405 
-268.017132566405 
-268.01713256640494 
-268.01713256640477 
-268.01713256640454 
-268.0171325664043 
-268.0171325664041 
-268.017132566404 
-268.017132566404 
-268.01713256640363 
-268.0171325664031 
-268.017132566403 
-268.01713256640295 
-268.01713256640284 
-268.0171325664027 
-268.0171325664025 
-268.0171325664026 
-268.0171325664025 
-268.0171325664025 
-268.0171325664027 
-268.0171325664025 
-268.01713256640227 
-268.0171325664024 
-268.01713256640244 
-268.01713256640227 
-268.01713256640204 
-268.01713256640215 
-268.0171325664017 
-268.0171325664016 
-268.0171325664015 
-268.01713256640136 
-268.01713256640113 
-268.0171325664011 
-268.0171325664009 
-268.01713256640056 
-268.01713256640045 
-268.01713256640033 
-268.0171325664002 
-268.0171325664001 
-268.01713256639977 
-268.0171325663997 
-268.0171325663994 
-268.01713256639937 
-268.01713256639886 
-268.01713256639874 
-268.01713256639874 
-268.0171325663984 
-268.01713256639806 
-268.01713256639795 
-268.0171325663977 
-268.01713256639766 
-268.01713256639755 
-268.01713256639715 
-268.01713256639704 
-268.0171325663967 
-268.0171325663965 
-268.01713256639647 
-268.01713256639636 
-268.017132566396 
-268.0171325663958 
-268.01713256639556 
-268.01713256639545 
-268.0171325663952 
-268.0171325663952 
-268.0171325663951 
-268.0171325663949 
-268.01713256639465 
-268.01713256639454 
-268.0171325663943 
-268.0171325663943 
-268.0171325663942 
-268.0171325663941 
-268.01713256639397 
-268.01713256639385 
-268.01713256639385 
-268.01713256639397 
-268.0171325663944 
-268.0171325663942 
-268.0171325663943 
-268.0171325663942 
-268.017132566394 
-268.0171325663939 
-268.01713256639385 
-268.01713256639357 
-268.0171325663934 
-268.01713256639323 
-268.0171325663932 
-268.01713256639283 
-268.01713256639295 
-268.0171325663924 
-268.0171325663924 
-268.01713256639215 
-268.01713256639215 
-268.01713256639226 
-268.0171325663919 
-268.0171325663918 
-268.0171325663917 
-268.01713256639135 
-268.0171325663911 
-268.01713256639084 
-268.0171325663909 
-268.0171325663908 
-268.01713256639056 
-268.01713256639056 
-268.01713256639056 
-268.0171325663903 
-268.01713256639044 
-268.01713256639016 
-268.0171325663899 
-268.01713256638953 
-268.01713256638953 
-268.0171325663893 
-268.0171325663891 
-268.01713256638885 
-268.0171325663884 
-268.0171325663884 
-268.0171325663884 
-268.01713256638806 
-268.01713256638794 
-268.01713256638794 
-268.0171325663875 
-268.01713256638726 
-268.01713256638715 
-268.0171325663869 
-268.01713256638686 
-268.01713256638664 
-268.0171325663865 
-268.0171325663861 
-268.0171325663859 
-268.0171325663859 
-268.01713256638544 
-268.01713256638544 
-268.0171325663853 
-268.0171325663851 
-268.01713256638476 
-268.01713256638453 
-268.01713256638465 
-268.01713256638453 
-268.0171325663844 
-268.0171325663843 
-268.01713256638453 
-268.01713256638453 
-268.01713256638465 
-268.0171325663847 
-268.01713256638476 
-268.01713256638476 
-268.01713256638465 
-268.01713256638453 
-268.0171325663842 
-268.0171325663842 
-268.01713256638396 
-268.0171325663841 
-268.0171325663841 
-268.01713256638385 
-268.0171325663838 
-268.0171325663836 
-268.0171325663834 
-268.017132566389 
-268.01713256638715 
-268.0171325663853 
-268.0171325663835 
-268.01713256638214 
-268.01713256638135 
-268.0171325663808 
-268.0171325664317 
-268.0171325663808 
-268.0171325664317 
-268.01713256638067 
-268.01713256638135 
-268.01713256638214 
-268.0171325663836 
-268.0171325663853 
-268.01713256638715 
-268.0171325663893 
-268.0171325663834 
-268.0171325663837 
-268.01713256638385 
-268.01713256638385 
-268.0171325663841 
-268.01713256638385 
-268.01713256638385 
-268.01713256638396 
-268.0171325663842 
-268.01713256638436 
-268.0171325663844 
-268.0171325663844 
-268.0171325663845 
-268.0171325663842 
-268.0171325663842 
-268.0171325663841 
-268.0171325663841 
-268.0171325663838 
-268.01713256638396 
-268.01713256638396 
-268.01713256638396 
-268.01713256638385 
-268.0171325663841 
-268.0171325663844 
-268.0171325663844 
-268.01713256638465 
-268.01713256638453 
-268.0171325663849 
-268.0171325663849 
-268.0171325663852 
-268.0171325663855 
-268.01713256638556 
-268.0171325663858 
-268.0171325663859 
-268.01713256638595 
-268.01713256638607 
-268.01713256638646 
-268.0171325663866 
-268.0171325663868 
-268.0171325663869 
-268.0171325663872 
-268.01713256638715 
-268.0171325663872 
-268.0171325663876 
-268.0171325663877 
-268.01713256638794 
-268.01713256638806 
-268.01713256638806 
-268.0171325663884 
-268.0171325663885 
-268.01713256638885 
-268.01713256638897 
-268.0171325663892 
-268.0171325663893 
-268.01713256638936 
-268.01713256638953 
-268.01713256638965 
-268.01713256638965 
-268.0171325663899 
-268.01713256639 
-268.0171325663902 
-268.01713256639067 
-268.01713256639067 
-268.017132566391 
-268.0171325663911 
-268.0171325663912 
-268.01713256639124 
-268.01713256639124 
-268.01713256639147 
-268.01713256639147 
-268.0171325663918 
-268.01713256639204 
-268.01713256639215 
-268.0171325663924 
-268.0171325663927 
-268.01713256639283 
-268.01713256639306 
-268.0171325663932 
-268.01713256639306 
-268.01713256639306 
-268.0171325663931 
-268.01713256639295 
-268.0171325663932 
-268.0171325663933 
-268.0171325663934 
-268.0171325663935 
-268.01713256639385 
-268.0171325663941 
-268.017132566394 
-268.0171325663943 
-268.0171325663945 
-268.01713256639476 
-268.017132566395 
-268.01713256639533 
-268.01713256639545 
-268.0171325663955 
-268.0171325663958 
-268.017132566396 
-268.0171325663961 
-268.01713256639647 
-268.0171325663966 
-268.0171325663967 
-268.0171325663968 
-268.01713256639715 
-268.01713256639727 
-268.0171325663977 
-268.0171325663977 
-268.0171325663977 
-268.01713256639806 
-268.0171325663983 
-268.0171325663985 
-268.01713256639874 
-268.01713256639874 
-268.01713256639897 
-268.01713256639925 
-268.0171325663993 
-268.01713256639965 
-268.0171325663998 
-268.0171325664001 
-268.0171325664003 
-268.01713256640033 
-268.01713256640056 
-268.0171325664007 
-268.017132566401 
-268.01713256640124 
-268.01713256640136 
-268.0171325664016 
-268.0171325664016 
-268.0171325664018 
-268.01713256640215 
-268.0171325664025 
-268.0171325664026 
-268.01713256640295 
-268.01713256640306 
-268.0171325664032 
-268.0171325664032 
-268.0171325664034 
-268.0171325664036 
-268.0171325664034 
-268.0171325664034 
-268.01713256640363 
-268.01713256640363 
-268.01713256640375 
-268.01713256640375 
-268.01713256640375 
-268.017132566404 
-268.01713256640414 
-268.01713256640465 
-268.0171325664051 
-268.0171325664051 
-268.01713256640534 
-268.0171325664059 
-268.01713256640613 
-268.0171325664063 
-268.0171325664063 
-268.01713256640636 
-268.01713256640625 
-268.0171325664065 
-268.0171325664067 
-268.0171325664068 
-268.0171325664066 
-268.01713256640636 
-268.0171325664065 
-268.0171325664066 
-268.01713256640693 
-268.01713256640704 
-268.0171325664074 
-268.01713256640727 
-268.0171325664074 
-268.01713256640716 
-268.01713256640716 
-268.0171325664074 
-268.0171325664076 
-268.0171325664076 
-268.0171325664076 
-268.0171325664075 
-268.0171325664074 
-268.01713256640704 
-268.0171325664066 
-268.01713256641216 
-268.0171325664101 
-268.0171325664085 
-268.01713256640693 
-268.01713256640556 
-268.01713256640477 
-268.0171325664042 
-268.01713256645513 
-268.0171325664045 
