2 -0.4003052174027967 
3 -0.4064567349872106 
4 -0.40857590057588156 
5 -0.4091675763932554 
6 -0.40937008720997886 
7 -0.4094447689698627 
8 -0.40947391879722816 
9 -0.40948591723905814 
10 -0.40949102613324806 
11 -0.4094932558602404 
12 -0.4094942470897582 
13 -0.4094946943542337 
14 -0.4094948981484921 
15 -0.40949499196331746 
16 -0.40949503550792776 
17 -0.4094950558622012 
18 -0.40949506543559266 
19 -0.4094950699630793 
20 -0.40949507211468944 
21 -0.4094950731417052 
22 -0.40949507363377885 
23 -0.4094950738703348 
24 -0.40949507398462826 
25 -0.4094950740396319 
26 -0.4094950740664285 
27 -0.40949507407944913 
28 -0.40949507408583735 
29 -0.40949507408891067 
30 -0.4094950740904057 
31 -0.4094950740911897 
32 -0.4094950740915396 
33 -0.4094950740911653 
34 -0.409495074090884 
35 -0.40949507409126207 
36 -0.4094950740917982 
37 -0.4094950740940081 
38 -0.4094950741094156 
39 -0.40949507411720815 
40 -0.4094950741017851 
41 -0.40949507409556213 
42 -0.4094950740935639 
43 -0.409495074092121 
44 -0.4094950740913445 
45 -0.4094950740909315 
46 -0.40949507409124614 
47 -0.40949507409154823 
48 -0.40949507409167335 
49 -0.40949507409197045 
50 -0.40949507409187336 
51 -0.4094950740917326 
52 -0.4094950740925725 
53 -0.4094950740916989 
54 -0.4094950740912483 
55 -0.40949507409152885 
56 -0.40949507409140956 
57 -0.40949507409220554 
58 -0.40949507409220115 
59 -0.4094950740920153 
60 -0.4094950740919386 
61 -0.40949507409194036 
62 -0.4094950740918549 
63 -0.40949507409188723 
64 -0.40949507409187536 
65 -0.4094950740918036 
66 -0.40949507409184055 
67 -0.40949507409186486 
68 -0.40949507409180663 
69 -0.4094950740918843 
70 -0.4094950740918679 
71 -0.40949507409191555 
72 -0.4094950740918738 
73 -0.4094950740918477 
74 -0.4094950740913952 
75 -0.40949507409165764 
76 -0.4094950740917863 
77 -0.4094950740918408 
78 -0.4094950740918172 
79 -0.4094950740918475 
80 -0.40949507409212416 
81 -0.4094950740917783 
82 -0.4094950741076989 
83 -0.40949507407725416 
84 -0.40949507407176916 
85 -0.4094950740803182 
86 -0.40949507408621555 
87 -0.40949507408921054 
88 -0.40949507409064995 
89 -0.40949507409130925 
90 -0.4094950740916427 
91 -0.4094950740917679 
92 -0.4094950740918379 
93 -0.4094950740918563 
94 -0.409495074091913 
95 -0.4094950740918894 
96 -0.4094950740918763 
97 -0.40949507409187463 
98 -0.40949507409189567 
99 -0.4094950740918631 
100 -0.40949507409183966 
101 -0.4094950740918616 
102 -0.4094950740918247 
103 -0.4094950740918832 
104 -0.40949507409159436 
105 -0.4094950740919289 
106 -0.4094950740921339 
107 -0.40949507409194535 
108 -0.4094950740918536 
109 -0.4094950740918461 
110 -0.40949507409190977 
111 -0.40949507409173447 
112 -0.40949507409196323 
113 -0.40949507409213665 
114 -0.4094950740931685 
115 -0.4094950740916985 
116 -0.4094950740917021 
117 -0.40949507409176394 
118 -0.40949507409180413 
119 -0.409495074091777 
120 -0.4094950740918424 
121 -0.4094950740918395 
122 -0.4094950740918555 
123 -0.40949507409187114 
124 -0.40949507409189057 
125 -0.40949507409190233 
126 -0.40949507409178365 
127 -0.4094950740920109 
128 -0.40949507409191105 
129 -0.4094950740919408 
130 -0.40949507409186403 
131 -0.4094950740918904 
132 -0.4094950740918738 
133 -0.4094950740918646 
134 -0.4094950740918741 
135 -0.40949507409185804 
136 -0.4094950740918511 
137 -0.4094950740918696 
138 -0.4094950740920308 
139 -0.4094950740918697 
140 -0.409495074091874 
141 -0.4094950740918801 
142 -0.40949507409186797 
143 -0.4094950740918563 
144 -0.409495074091879 
145 -0.40949507409187547 
146 -0.4094950740919155 
147 -0.40949507409187447 
148 -0.40949507409180547 
149 -0.40949507409184044 
150 -0.40949507409189617 
151 -0.40949507409207975 
152 -0.4094950740918296 
153 -0.40949507409176256 
154 -0.4094950740918337 
155 -0.4094950740918163 
156 -0.4094950740918663 
157 -0.40949507409191216 
158 -0.409495074091857 
159 -0.4094950740919168 
160 -0.40949507409187075 
161 -0.40949507409185415 
162 -0.4094950740918355 
163 -0.40949507409186875 
164 -0.40949507409184155 
165 -0.4094950740918432 
166 -0.4094950740916463 
167 -0.4094950740914912 
168 -0.4094950740911662 
169 -0.4094950740903245 
170 -0.4094950740889437 
171 -0.4094950740858769 
172 -0.4094950740795917 
173 -0.40949507406655244 
174 -0.4094950740398354 
175 -0.40949507398465695 
176 -0.4094950738707931 
177 -0.40949507363432797 
178 -0.4094950731425562 
179 -0.4094950721159707 
180 -0.40949506996487955 
181 -0.4094950654376071 
182 -0.4094950558632817 
183 -0.4094950355035099 
184 -0.4094949919396853 
185 -0.40949489807397255 
186 -0.4094946942005756 
187 -0.4094942471740248 
188 -0.409493255848275 
189 -0.4094910260813502 
190 -0.4094859173086472 
191 -0.4094739189489334 
192 -0.4094447688563589 
193 -0.40937008720980494 
194 -0.4091675764793671 
195 -0.4085759003863022 
196 -0.4064567337722846 
197 -0.4003052160078479 
