2 3 0.012294003091421724 
3 4 0.014050091353702962 
4 5 0.014697767889055045 
5 6 0.014886511947706392 
6 7 0.01493260515664488 
7 8 0.014940291640692603 
8 9 0.014940193096992545 
9 10 0.014939391091845207 
10 11 0.014938943504788057 
11 12 0.014938767061797184 
12 13 0.014938710452145629 
13 14 0.014938695578963464 
14 15 0.014938692715591036 
15 16 0.01493869256765473 
16 17 0.014938692772385456 
17 18 0.014938692905257588 
18 19 0.01493869296076532 
19 20 0.014938692978967594 
20 21 0.014938692983647224 
21 22 0.014938692984477578 
22 23 0.0149386929841939 
23 24 0.014938692983300316 
24 25 0.014938692983557059 
25 26 0.014938692983751807 
26 27 0.014938692983811008 
27 28 0.014938692983837034 
28 29 0.014938692983854186 
29 30 0.014938692983869333 
30 31 0.01493869298389708 
31 32 0.01493869298392353 
32 33 0.014938692983877783 
33 34 0.014938692983866277 
34 35 0.014938692983843418 
35 36 0.014938692983861829 
36 37 0.01493869298389665 
37 38 0.014938692983926567 
38 39 0.014938692983958427 
39 40 0.01493869298395813 
40 41 0.014938692982877703 
41 42 0.014938692980021977 
42 43 0.014938692976672878 
43 44 0.014938692978810677 
44 45 0.014938692987407331 
45 46 0.014938692986580456 
46 47 0.014938692985374319 
47 48 0.014938692984624675 
48 49 0.014938692984228296 
49 50 0.014938692984027285 
50 51 0.014938692983938403 
51 52 0.01493869298388321 
52 53 0.014938692983861978 
53 54 0.014938692983852806 
54 55 0.014938692983847552 
55 56 0.014938692983905011 
56 57 0.014938692983878885 
57 58 0.014938692983880847 
58 59 0.014938692983868448 
59 60 0.01493869298387472 
60 61 0.014938692983914346 
61 62 0.014938692983880406 
62 63 0.01493869298388197 
63 64 0.01493869298386712 
64 65 0.01493869298385284 
65 66 0.014938692983851786 
66 67 0.014938692983887301 
67 68 0.014938692983862948 
68 69 0.014938692983882281 
69 70 0.014938692983858403 
70 71 0.014938692983854179 
71 72 0.014938692983854397 
72 73 0.014938692983950085 
73 74 0.01493869298361984 
74 75 0.01493869298370074 
75 76 0.014938692983761204 
76 77 0.014938692983819423 
77 78 0.014938692983925703 
78 79 0.01493869298392873 
79 80 0.014938692983906264 
80 81 0.014938692983839217 
81 82 0.014938692983703131 
82 83 0.01493869298350313 
83 84 0.014938692980869847 
84 85 0.014938692980541004 
85 86 0.014938692993443447 
86 87 0.014938692990519512 
87 88 0.014938692987591365 
88 89 0.01493869298566313 
89 90 0.014938692984651813 
90 91 0.014938692984187263 
91 92 0.014938692983843064 
92 93 0.014938692983350661 
93 94 0.014938692975093723 
94 95 0.01493869299363699 
95 96 0.014938692973128088 
96 97 0.014938692873243752 
97 98 0.014938692969267165 
98 99 0.014938692997118941 
99 100 0.01493869299356135 
100 101 0.014938692976295272 
101 102 0.01493869298402651 
102 103 0.01493869298580126 
103 104 0.014938692985606261 
104 105 0.014938692984899627 
105 106 0.014938692978111654 
106 107 0.014938692923614121 
107 108 0.014938692969410451 
108 109 0.014938693001033083 
109 110 0.014938693004321515 
110 111 0.014938692998246371 
111 112 0.014938692992357592 
112 113 0.014938692988457054 
113 114 0.014938692986231128 
114 115 0.014938692985052836 
115 116 0.014938692984440182 
116 117 0.014938692984141527 
117 118 0.014938692984015834 
118 119 0.01493869298394013 
119 120 0.014938692983899075 
120 121 0.014938692983900005 
121 122 0.014938692983882944 
122 123 0.01493869298386287 
123 124 0.014938692983865503 
124 125 0.01493869298385358 
125 126 0.014938692983835867 
126 127 0.014938692983822093 
127 128 0.014938692983844412 
128 129 0.014938692983792239 
129 130 0.014938692983744858 
130 131 0.01493869298357015 
131 132 0.014938692983004823 
132 133 0.014938692981541912 
133 134 0.014938692980114758 
134 135 0.01493869298570656 
135 136 0.01493869298111903 
136 137 0.014938692923334199 
137 138 0.014938691589861282 
138 139 0.014938693080850397 
139 140 0.014938693273306991 
140 141 0.01493869321292496 
141 142 0.014938693122353085 
142 143 0.014938693058838852 
143 144 0.014938693022198805 
144 145 0.01493869300280695 
145 146 0.01493869299296434 
146 147 0.014938692988507871 
147 148 0.014938692989108928 
148 149 0.014938692986809053 
149 150 0.014938692985413215 
150 151 0.014938692984600115 
151 152 0.014938692984125637 
152 153 0.014938692983866719 
153 154 0.014938692983965338 
154 155 0.014938692983830187 
155 156 0.01493869298380619 
156 157 0.014938692983814835 
157 158 0.01493869298405579 
158 159 0.014938692986436316 
159 160 0.014938692983414307 
160 161 0.014938692982795411 
161 162 0.014938692983157566 
162 163 0.014938692983467106 
163 164 0.014938692983648192 
164 165 0.014938692984385289 
165 166 0.014938692985023498 
166 167 0.014938692984566317 
167 168 0.014938692984241587 
168 169 0.014938692984032267 
169 170 0.014938692983942735 
170 171 0.014938692983899519 
171 172 0.01493869298388286 
172 173 0.014938692983864812 
173 174 0.014938692983855596 
174 175 0.014938692983881034 
175 176 0.014938692983939574 
176 177 0.014938692983987001 
177 178 0.014938692983868072 
178 179 0.014938692982642665 
179 180 0.014938692977048371 
180 181 0.014938692956451425 
181 182 0.01493869289795283 
182 183 0.014938692771011645 
183 184 0.014938692554792883 
184 185 0.014938692684063542 
185 186 0.014938695517153214 
186 187 0.014938710328792267 
187 188 0.01493876682737813 
188 189 0.014938943142021594 
189 190 0.01493939080117978 
190 191 0.014940192962155341 
191 192 0.014940291717174899 
192 193 0.014932605294300712 
193 194 0.014886512078919927 
194 195 0.014697767823901583 
195 196 0.01405009131435831 
196 197 0.012294002983984018 
197 198 0.008661278336849734 
