2 0.005018907785791805 
3 -2.4879001751550793e-06 
4 -9.096621393554037e-05 
5 9.086324089855019e-07 
6 2.116557492176157e-06 
7 -7.103331098548184e-08 
8 -4.622311046898552e-08 
9 2.2985113953195856e-09 
10 4.3064181937785793e-10 
11 -9.25867824248805e-12 
12 -1.5715055396315486e-12 
13 4.5375676957157274e-14 
14 9.10656641241181e-15 
15 3.140120542061142e-16 
16 3.140120542061142e-16 
17 3.1403915926042636e-16 
18 1.256075321878769e-15 
19 -1.41306779645467e-15 
20 -4.396277179102848e-15 
21 1.5701957963021318e-16 
22 1.5701957963021318e-16 
23 -4.710316338363274e-16 
24 1.8841265353453096e-15 
25 -1.5699247457590104e-16 
26 7.850436880424416e-16 
27 0.0 
28 1.099082847302868e-15 
29 -3.1403915926042636e-16 
30 1.5699247457590104e-16 
31 -3.1403915926042636e-16 
32 6.280241084122284e-16 
33 7.850165829881295e-16 
34 -9.42090372726967e-16 
35 0.0 
36 -1.0990286371942437e-15 
37 0.0 
38 1.099082847302868e-15 
39 0.0 
40 -5.024274182460764e-15 
41 3.140120542061142e-16 
42 -4.239230494418322e-15 
43 3.140120542061142e-16 
44 1.0990665842702807e-14 
45 2.0411190099212106e-15 
46 1.5701957963021318e-16 
47 1.4130949015089822e-15 
48 4.710045287820153e-16 
49 6.280241084122284e-16 
50 4.710316338363274e-16 
51 1.5701957963021318e-16 
52 -4.710316338363274e-16 
53 1.5699247457590104e-16 
54 -6.280241084122284e-16 
55 -4.710045287820153e-16 
56 5.33831334172119e-15 
57 -1.5704668468452532e-16 
58 -1.5701144811391954e-15 
59 -7.850707930967538e-16 
60 -6.280241084122284e-16 
61 3.140120542061142e-16 
62 3.140120542061142e-16 
63 1.5699247457590104e-16 
64 1.7271340607694086e-15 
65 -4.710316338363274e-16 
66 -6.280241084122284e-16 
67 1.5699247457590104e-16 
68 1.7271340607694086e-15 
69 -4.710316338363274e-16 
70 3.454213911430193e-15 
71 -6.280512134665406e-16 
72 4.710045287820153e-16 
73 4.710045287820153e-16 
74 6.280241084122284e-16 
75 4.710316338363274e-16 
76 4.710045287820153e-16 
77 3.1403915926042636e-16 
78 2.9831822775938655e-15 
79 3.140120542061142e-16 
80 -1.5699247457590104e-16 
81 -3.140120542061142e-16 
82 1.099082847302868e-15 
83 1.5699247457590104e-16 
84 2.6691702233877512e-15 
85 -3.1403915926042636e-16 
86 7.850436880424416e-16 
87 1.5704668468452532e-16 
88 3.140120542061142e-16 
89 3.140120542061142e-16 
90 3.140120542061142e-16 
91 1.5701957963021318e-16 
92 4.710045287820153e-16 
93 3.139849491518021e-16 
94 -1.7271069557150964e-15 
95 0.0 
96 1.5701144811391954e-15 
97 -1.4130949015089822e-15 
98 -1.0990557422485558e-15 
99 0.0 
100 -2.8261898030179644e-15 
101 -6.280241084122284e-16 
102 1.5701957963021318e-16 
103 1.5699247457590104e-16 
104 1.7271340607694086e-15 
105 -3.1403915926042636e-16 
106 -1.5701144811391954e-15 
107 -7.850436880424416e-16 
108 -1.8841265353453096e-15 
109 0.0 
110 -1.5701957963021318e-16 
111 9.420632676726548e-16 
112 -3.140120542061142e-16 
113 3.140120542061142e-16 
114 -9.420632676726548e-16 
115 1.5701957963021318e-16 
116 -1.41306779645467e-15 
117 1.5701957963021318e-16 
118 -4.710316338363274e-16 
119 1.5699247457590104e-16 
120 1.7271340607694086e-15 
121 -3.1403915926042636e-16 
122 4.710587388906395e-16 
123 -1.0990557422485558e-15 
124 -3.1403915926042636e-16 
125 -1.0990557422485558e-15 
126 1.4131220065632943e-15 
127 -9.420632676726548e-16 
128 -9.42090372726967e-16 
129 3.1403915926042636e-16 
130 -6.280241084122284e-16 
131 3.140120542061142e-16 
132 2.0411190099212106e-15 
133 -3.139849491518021e-16 
134 3.454213911430193e-15 
135 -4.710316338363274e-16 
136 -1.0990286371942437e-15 
137 -1.41306779645467e-15 
138 7.850436880424416e-16 
139 1.5699247457590104e-16 
140 -1.7271069557150964e-15 
141 0.0 
142 -4.710316338363274e-16 
143 -3.1403915926042636e-16 
144 4.710587388906395e-16 
145 -3.1403915926042636e-16 
146 4.710045287820153e-16 
147 7.850436880424416e-16 
148 1.5699247457590104e-16 
149 -3.1403915926042636e-16 
150 3.1403915926042636e-16 
151 -4.710316338363274e-16 
152 3.454213911430193e-15 
153 -6.280241084122284e-16 
154 -6.280241084122284e-16 
155 -3.140120542061142e-16 
156 1.4131220065632943e-15 
157 -9.42090372726967e-16 
158 -1.4130949015089822e-15 
159 1.2561024269330812e-15 
160 -4.710316338363274e-16 
161 -4.710587388906395e-16 
162 -2.512123538703226e-15 
163 -4.710316338363274e-16 
164 -6.280241084122284e-16 
165 1.5699247457590104e-16 
166 -1.8840994302909975e-15 
167 -4.710316338363274e-16 
168 1.099082847302868e-15 
169 -3.1403915926042636e-16 
170 3.140120542061142e-16 
171 -1.2560482168244569e-15 
172 9.420361626183427e-16 
173 -1.4130949015089822e-15 
174 -1.5701957963021318e-16 
175 -7.850436880424416e-16 
176 6.280376609393845e-15 
177 -1.5701957963021318e-16 
178 -3.1402018572240786e-15 
179 3.140120542061142e-16 
180 3.140120542061142e-16 
181 3.140120542061142e-16 
182 -4.5532425486244366e-15 
183 -1.2561024269330812e-15 
184 -1.5700873760848832e-15 
185 8.321468514260744e-15 
186 4.647470559435152e-14 
187 -1.5704064567842457e-12 
188 -9.242506282883256e-12 
189 3.206273249288169e-10 
190 1.9019694856201773e-09 
191 -4.323179382742214e-08 
192 -6.764077960043097e-08 
193 2.1165615254970265e-06 
194 8.993861935076088e-07 
195 -9.09647202756906e-05 
196 -2.4880168155610465e-06 
197 0.005018909400046685 
