-171.3578262990885 
-171.36225449811496 
-171.39284579608602 
-171.39605675269058 
-171.39639571114498 
-171.40091966485355 
-171.42715367249082 
-171.4307510836797 
-171.43121588707595 
-171.43463641067004 
-171.45810067231423 
-171.4623388664634 
-171.46285138019886 
-171.46582054646748 
-171.484886222233 
-171.49005235834895 
-171.4905765084028 
-171.49381783233483 
-171.5000652545479 
-171.504325407067 
-171.50471957008958 
-171.5072925651405 
-171.5096927983467 
-171.51136545173767 
-171.51162574967086 
-171.5126016190621 
-171.51260678431717 
-171.51260678431703 
-171.51260678431683 
-171.51260678431714 
-171.51260678431765 
-171.5126067848051 
-171.51261201768637 
-171.51262199743692 
-171.51263844408314 
-171.51265680134867 
-171.51268820090493 
-171.51272460533218 
-171.51277422062253 
-171.5128289130028 
-171.51290056707853 
-171.5129741535209 
-171.51306195468834 
-171.51322856156165 
-171.51339581314858 
-171.51352753664725 
-171.5136581791553 
-171.51393683566425 
-171.5141949319777 
-171.51436378756048 
-171.51452764478796 
-171.51485715436917 
-171.5151146394027 
-171.51524781682497 
-171.51536837449052 
-171.51536837449063 
-171.51623399091687 
-171.52260406399765 
-171.5553826646121 
-171.5584925001581 
-171.5594724368814 
-171.5667072437489 
-171.59727844263256 
-171.60061734859616 
-171.60176764427777 
-171.60750130997508 
-171.63702097476397 
-171.64120198380095 
-171.6424236781011 
-171.6472191170318 
-171.6745202596601 
-171.68012729547453 
-171.68120469437 
-171.68683426412605 
-171.70357452191544 
-171.71156019017513 
-171.71249433871256 
-171.72266142834988 
-171.73492109684327 
-171.748070737736 
-171.74931677962547 
-171.7617529983782 
-171.76181878181413 
-171.76181878181396 
-171.7618187818133 
-171.76181878181362 
-171.76181878181328 
-171.76181878376536 
-171.76185197676267 
-171.7618829709061 
-171.76200937215089 
-171.76209792568955 
-171.76221490143797 
-171.76231620418307 
-171.7625060458139 
-171.76268752245346 
-171.76290582152092 
-171.76306558170623 
-171.76327197132244 
-171.76380986155436 
-171.76428134521245 
-171.7644987740409 
-171.76479757318737 
-171.76583214490284 
-171.76669003339936 
-171.76704925354193 
-171.76755412800793 
-171.76908016001548 
-171.77043454745862 
-171.77103859433538 
-171.77186377966726 
-171.77452715280975 
-171.77758350297427 
-171.78084536843585 
-171.781428715005 
-171.78165602694673 
-171.78189573073914 
-171.78205169993632 
-171.78216891541445 
-171.78225818646558 
-171.78235941135662 
-171.78241589886412 
-171.78246212587604 
-171.7825003427041 
-171.78253976383579 
-171.78256030349726 
-171.78258063424906 
-171.7825943332074 
-171.78260634930052 
-171.7826128447363 
-171.78261973087356 
-171.78262276330727 
-171.78262504907752 
-171.78262611847242 
-171.78262706368184 
-171.78262729885927 
-171.78262729887427 
-171.78262729887433 
-171.78262729887433 
-171.78262729887547 
-171.78262729887342 
-171.78262729887425 
-171.7826272988745 
-171.7826272988749 
-171.7826272988743 
-171.78262729887462 
-171.78262729942804 
-171.7826273012067 
-171.78262730425124 
-171.78262730984525 
-171.78262731809954 
-171.7826273321036 
-171.78262735029668 
-171.7826273743472 
-171.78262740960506 
-171.78262745987433 
-171.7826275122573 
-171.782627581124 
-171.78262767167598 
-171.78262778006336 
-171.7826278864335 
-171.7826280138483 
-171.78262816765934 
-171.78262832958714 
-171.7826284807845 
-171.78262863202104 
-171.78262876236525 
-171.78262876236477 
-171.7826413433509 
-171.7826680013147 
-171.78271694319602 
-171.78276866819814 
-171.782800945891 
-171.7828367264561 
-171.78288997136585 
-171.78295254051997 
-171.78298939623193 
-171.7830189405916 
-171.78306088136026 
-171.7831197360536 
-171.78315310485604 
-171.78317536067686 
-171.78320741823447 
-171.78324723823596 
-171.78326869955836 
-171.78328088048164 
-171.78329522784747 
-171.78330928896378 
-171.78331551599166 
-171.78331947976199 
-171.78332201712104 
-171.783323865886 
-171.78332386614971 
-171.78332386614974 
-171.7833238661498 
-171.78332386615 
-171.78332386614932 
-171.78332386614974 
-171.78332386615006 
-171.78332386614966 
-171.7833238661496 
-171.7833238661496 
-171.78332386965334 
-171.78332387687345 
-171.7833238882733 
-171.78332390852626 
-171.78332394047382 
-171.7833239906425 
-171.7833240422179 
-171.78332411851264 
-171.7833242547183 
-171.78332440044116 
-171.78332455076927 
-171.78332474910619 
-171.78332506905946 
-171.78332532653306 
-171.78332564772487 
-171.78332600654193 
-171.78332651151135 
-171.78332684269017 
-171.78332731604462 
-171.78332778691066 
-171.78332839927424 
-171.78332884986267 
-171.78332935994 
-171.78333010997474 
-171.78333014050781 
-171.7833301590123 
-171.7833301686804 
-171.7833301744711 
-171.78333017920397 
-171.78333018241403 
-171.78333018440821 
-171.78333018576726 
-171.7833301869587 
-171.7833301878079 
-171.78333018834104 
-171.78333018869634 
-171.78333018898223 
-171.7833301891769 
-171.78333018929354 
-171.78333018935743 
-171.78333018939838 
-171.78333018942158 
-171.78333018943235 
-171.78333018943493 
-171.7833301894351 
-171.78333018943488 
-171.78333018943573 
-171.78333018943528 
-171.78333018943465 
-171.78333018943454 
-171.7833301894344 
-171.78333018943465 
-171.7833301894345 
-171.78333018943476 
-171.78333018943505 
-171.78333018943482 
-171.78333018943493 
-171.78333018943457 
-171.7833301894349 
-171.78333018943556 
-171.78333018943633 
-171.7833301894368 
-171.78333018943775 
-171.78333018943894 
-171.78333018944073 
-171.78333018944306 
-171.78333018944613 
-171.7833301894498 
-171.7833301894545 
-171.78333018946012 
-171.78333018946574 
-171.78333018947333 
-171.78333018948135 
-171.78333018949164 
-171.7833301895006 
-171.78333018951164 
-171.78333018952335 
-171.7833301895228 
-171.78333019091892 
-171.78333019248106 
-171.78333019425338 
-171.78333019630938 
-171.7833301983526 
-171.78333020044437 
-171.78333020224252 
-171.78333020417713 
-171.78333020592402 
-171.7833302076984 
-171.78333020900592 
-171.7833302102171 
-171.78333021124385 
-171.7833302121034 
-171.78333021270822 
-171.78333021314128 
-171.78333021347908 
-171.7833302137012 
-171.78333021384913 
-171.783330213931 
-171.78333021397435 
-171.7833302139872 
-171.78333021398706 
-171.78333021398677 
-171.7833302139869 
-171.78333021398706 
-171.78333021398694 
-171.78333021398686 
-171.78333021398674 
-171.783330213987 
-171.78333021398728 
-171.78333021398723 
-171.78333021398694 
-171.78333021398686 
-171.78333021398703 
-171.78333021398706 
-171.78333021398805 
-171.78333021398925 
-171.78333021399058 
-171.7833302139927 
-171.78333021399555 
-171.78333021399902 
-171.7833302140029 
-171.78333021400766 
-171.7833302140138 
-171.78333021402042 
-171.78333021402776 
-171.78333021403628 
-171.7833302140463 
-171.78333021405612 
-171.78333021406735 
-171.78333021407877 
-171.7833302140888 
-171.7833302141 
-171.7833302141112 
-171.78333021412075 
-171.78333021412865 
-171.78333021413772 
-171.783330214138 
-171.7833302141354 
-171.7833302141326 
-171.7833302141296 
-171.78333021412584 
-171.78333021412172 
-171.7833302141182 
-171.783330214115 
-171.78333021411174 
-171.78333021410864 
-171.78333021410563 
-171.7833302141034 
-171.78333021410174 
-171.78333021410026 
-171.7833302140989 
-171.78333021409836 
-171.78333021409773 
-171.78333021409745 
-171.78333021409662 
-171.78333021409605 
-171.78333021409642 
-171.7833302140964 
-171.78333021409674 
-171.78333021409657 
-171.78333021409804 
-171.78333021409753 
-171.78333021409568 
-171.7833302140973 
-171.78333021409662 
-171.78333021409628 
-171.78333021409642 
-171.78333021409614 
-171.7833302140962 
-171.78333021409588 
-171.7833302140968 
-171.78333021409713 
-171.78333021409733 
-171.78333021409782 
-171.78333021409844 
-171.78333021409986 
-171.78333021410128 
-171.78333021410285 
-171.78333021410498 
-171.78333021410833 
-171.7833302141109 
-171.78333021411405 
-171.78333021411711 
-171.7833302141209 
-171.78333021412504 
-171.78333021412868 
-171.7833302141315 
-171.78333021413488 
-171.78333021413798 
-171.7833302141396 
-171.78333021414065 
-171.78333021414184 
-171.78333021414264 
-171.78333021414178 
-171.7833302141404 
-171.7833302141387 
-171.78333021413607 
-171.78333021413295 
-171.78333021412956 
-171.7833302141256 
-171.7833302141216 
-171.78333021411797 
-171.78333021411393 
-171.78333021411035 
-171.78333021410674 
-171.78333021410393 
-171.7833302141011 
-171.78333021409867 
-171.78333021409645 
-171.78333021409512 
-171.783330214094 
-171.7833302140934 
-171.78333021409313 
-171.78333021409327 
-171.78333021409344 
-171.78333021409338 
-171.7833302140945 
-171.78333021409367 
-171.78333021409364 
-171.78333021409372 
-171.7833302140939 
-171.78333021409347 
-171.78333021409367 
-171.78333021409358 
-171.78333021409347 
-171.7833302140939 
-171.78333021409446 
-171.78333021409577 
-171.78333021409725 
-171.78333021409955 
-171.78333021410168 
-171.7833302141043 
-171.78333021410722 
-171.7833302141108 
-171.78333021411447 
-171.78333021411865 
-171.78333021412243 
-171.78333021412627 
-171.78333021412976 
-171.7833302141332 
-171.78333021413613 
-171.78333021413832 
-171.78333021414 
-171.78333021414164 
-171.78333021414204 
-171.78333021414102 
-171.7833302141399 
-171.78333021413908 
-171.78333021413684 
-171.7833302141335 
-171.78333021413027 
-171.78333021412735 
-171.78333021412325 
-171.78333021411927 
-171.78333021411527 
-171.78333021411183 
-171.7833302141089 
-171.7833302141061 
-171.78333021410342 
-171.78333021410097 
-171.78333021409898 
-171.7833302140978 
-171.78333021409685 
-171.78333021409568 
-171.78333021409526 
-171.78333021409472 
-171.7833302140947 
-171.783330214094 
-171.78333021409415 
-171.78333021409432 
-171.783330214094 
-171.78333021409406 
-171.78333021409446 
-171.783330214094 
-171.78333021409387 
-171.78333021409395 
-171.7833302140943 
-171.78333021409438 
-171.7833302140943 
-171.78333021409446 
-171.7833302140944 
-171.78333021409426 
-171.78333021409486 
-171.78333021409492 
-171.78333021409557 
-171.78333021409577 
-171.78333021409696 
-171.78333021409796 
-171.78333021409927 
-171.78333021410128 
-171.78333021410364 
-171.7833302141065 
-171.78333021410924 
-171.78333021411217 
-171.7833302141157 
-171.78333021411953 
-171.78333021412368 
-171.7833302141275 
-171.78333021413053 
-171.78333021413405 
-171.7833302141373 
-171.7833302141398 
-171.78333021414045 
-171.78333021414224 
-171.7833302141435 
-171.78333021414284 
-171.78333021414102 
-171.7833302141395 
-171.78333021413732 
-171.78333021413454 
-171.78333021413104 
-171.78333021412746 
-171.7833302141239 
-171.78333021412013 
-171.783330214116 
-171.78333021411225 
-171.78333021410867 
-171.78333021410583 
-171.78333021410282 
-171.78333021410094 
-171.78333021409904 
-171.78333021409722 
-171.78333021409603 
-171.78333021409526 
-171.78333021409458 
-171.78333021409446 
-171.7833302140947 
-171.78333021409503 
-171.7833302140945 
-171.78333021409432 
-171.78333021409438 
