2 -0.43291874251464985 
3 -0.45833113416139853 
4 -0.4751670432421264 
5 -0.48355550725122765 
6 -0.48699673987135317 
7 -0.4870571531748982 
8 -0.48501322884934517 
9 -0.48173737953412726 
10 -0.47787477280314006 
11 -0.4740564028581645 
12 -0.4710056256443459 
13 -0.46940891214493835 
14 -0.46965108657587223 
15 -0.47159357834244386 
16 -0.47456760825248917 
17 -0.4776099580211489 
18 -0.47981952034600084 
19 -0.48065434525847106 
20 -0.4800481380569286 
21 -0.47834128492554107 
22 -0.4761083367602289 
23 -0.4739762621591834 
24 -0.4724833020572545 
25 -0.47197945922231405 
26 -0.4725570539549261 
27 -0.47402129390659725 
28 -0.47592983421575163 
29 -0.47771516108928036 
30 -0.478860084715917 
31 -0.4790604815573455 
32 -0.4783104431456765 
33 -0.476882158715987 
34 -0.4752203942819069 
35 -0.4738010325875863 
36 -0.47300258037650733 
37 -0.47301858548943576 
38 -0.47381896700160525 
39 -0.4751617371617194 
40 -0.4766561927708567 
41 -0.4778701353374473 
42 -0.47845568847818265 
43 -0.4782541008529949 
44 -0.4773423541731586 
45 -0.47600459640086784 
46 -0.47463993601031423 
47 -0.4736409088211065 
48 -0.4732828450326233 
49 -0.47365343064251636 
50 -0.4746350813480937 
51 -0.47594036941519746 
52 -0.47719206490286237 
53 -0.4780292992338461 
54 -0.47821146140421456 
55 -0.4776888313299705 
56 -0.4766173938199328 
57 -0.47531226937388 
58 -0.47415406820468625 
59 -0.4734777979503255 
60 -0.47347779793873923 
61 -0.47415406816658606 
62 -0.47531226930637194 
63 -0.47661739373625656 
64 -0.47768883126071604 
65 -0.47821146138369997 
66 -0.4780292992732995 
67 -0.4771920649801067 
68 -0.47594036949207674 
69 -0.47463508139889315 
70 -0.473653430663022 
71 -0.47328284503243934 
72 -0.47364090880215093 
73 -0.47463993596030296 
74 -0.4760045963100999 
75 -0.47734235405656456 
76 -0.4782541007567196 
77 -0.4784556884580785 
78 -0.4778701354099858 
79 -0.4766561928934201 
80 -0.47516173726622984 
81 -0.47381896704535853 
82 -0.4730185854829819 
83 -0.4730025803583839 
84 -0.47380103257609074 
85 -0.4752203942477661 
86 -0.4768821586074019 
87 -0.47831044295352554 
88 -0.4790604813657807 
89 -0.47886008466588514 
90 -0.4777151612594512 
91 -0.4759298345308289 
92 -0.47402129418255734 
93 -0.4725570540519046 
94 -0.47197945915762424 
95 -0.4724833019739228 
96 -0.47397626219031225 
97 -0.47610833689707516 
98 -0.47834128498262096 
99 -0.4800481377988936 
100 -0.4806543446610221 
101 -0.47981951977089554 
102 -0.47760995799989975 
103 -0.47456760896255135 
104 -0.4715935792864474 
105 -0.46965108695153684 
106 -0.4694089117722811 
107 -0.47100562552549247 
108 -0.4740564038614039 
109 -0.47787477498740716 
110 -0.4817373823878764 
111 -0.48501323114986383 
112 -0.4870571535300682 
113 -0.4869967400436282 
114 -0.4835555080406172 
115 -0.4751670438229892 
116 -0.4583311340583873 
117 -0.4329187422357167 
