-195.73063883725547 
-195.73063883725536 
-195.73063883733258 
-195.7306388374113 
-195.73063883749091 
-195.7306388375712 
-195.73063883765147 
-195.73063883773247 
-195.73063883781305 
-195.73063883789408 
-195.7306388379749 
-195.73063883805568 
-195.73063883813614 
-195.73063883821715 
-195.73063883829764 
-195.73063883837793 
-195.730638838458 
-195.73063883853777 
-195.73063883861738 
-195.73063883869648 
-195.7306388387753 
-195.73063883885368 
-195.73063883893184 
-195.73063883900926 
-195.73063883908625 
-195.73063883916228 
-195.7306388392376 
-195.7306388393124 
-195.7306388393861 
-195.73063883945886 
-195.73063883953054 
-195.7306388396012 
-195.73063883967 
-195.73063883973776 
-195.73063883980416 
-195.7306388398684 
-195.73063883993186 
-195.73063883999282 
-195.7306388400522 
-195.7306388401098 
-195.73063884016537 
-195.73063884021855 
-195.73063884026888 
-195.73063884031728 
-195.7306388403621 
-195.73063884040332 
-195.73063884043978 
-195.73063884047 
-195.73063884068875 
-195.73063884088415 
-195.7306388410465 
-195.7306388411657 
-195.7306388412382 
-195.73063884126927 
-195.73063884127617 
-195.73063884127632 
-195.73063884127689 
-195.7306388412763 
-195.73063884127646 
-195.73063884127637 
-195.73063884127646 
-195.73063884127657 
-195.73063884127663 
-195.7306388412764 
-195.7306388412763 
-195.73063884127654 
-195.73063884127652 
-195.73063884127646 
-195.73063884127637 
-195.73063884127683 
-195.73063884127706 
-195.73063884127703 
-195.73063884127703 
-195.73063884127708 
-195.7306388412771 
-195.73063884127683 
-195.73063884127714 
-195.7306388412769 
-195.73063884127677 
-195.73063884127666 
-195.7306388412766 
-195.73063884127632 
-195.73063884127683 
-195.73063884127689 
-195.73063884127666 
-195.73063884127714 
-195.73063884127689 
-195.73063884127703 
-195.73063884127717 
-195.73063884127728 
-195.73063884127728 
-195.7306388412774 
-195.73063884127737 
-195.73063884127768 
-195.73063884127762 
-195.73063884127757 
-195.73063884127754 
-195.73063884127814 
-195.73063884127794 
-195.73063884127836 
-195.73063884127853 
-195.73063884127902 
-195.73063884127913 
-195.7306388412793 
-195.73063884127953 
-195.73063884127959 
-195.73063884128004 
-195.73063884128013 
-195.73063884128027 
-195.7306388412802 
-195.73063884128007 
-195.73063884128032 
-195.73063884128052 
-195.73063884128067 
-195.73063884128072 
-195.7306388412806 
-195.73063884136238 
-195.73063884144386 
-195.7306388415255 
-195.7306388416072 
-195.73063884168872 
-195.7306388417705 
-195.73063884185203 
-195.73063884193337 
-195.73063884201463 
-195.7306388420958 
-195.73063884217703 
-195.7306388422581 
-195.73063884233875 
-195.73063884241964 
-195.73063884250027 
-195.73063884258067 
-195.730638842661 
-195.73063884274106 
-195.73063884282067 
-195.73063884289994 
-195.730638842979 
-195.73063884305742 
-195.73063884313544 
-195.73063884321306 
-195.73063884329002 
-195.7306388433663 
-195.7306388434417 
-195.73063884351637 
-195.73063884359013 
-195.73063884366246 
-195.7306388437341 
-195.73063884380448 
-195.73063884387372 
-195.73063884394148 
-195.73063884400796 
-195.73063884407264 
-195.7306388441356 
-195.73063884419682 
-195.73063884425616 
-195.73063884431355 
-195.73063884436885 
-195.7306388444221 
-195.73063884447237 
-195.73063884452017 
-195.73063884456505 
-195.73063884460646 
-195.73063884464278 
-195.73063884467288 
-195.73063884489176 
-195.73063884508738 
-195.73063884524922 
-195.73063884536842 
-195.73063884544064 
-195.730638845472 
-195.73063884547886 
-195.7306388454794 
-195.7306388454788 
-195.73063884547884 
-195.73063884547886 
-195.7306388454789 
-195.7306388454793 
-195.73063884547898 
-195.73063884547932 
-195.7306388454788 
-195.7306388454791 
-195.7306388454788 
-195.73063884547864 
-195.73063884547855 
-195.73063884547852 
-195.7306388454786 
-195.73063884547838 
-195.73063884547867 
-195.73063884547872 
-195.73063884547895 
-195.73063884547895 
-195.73063884547906 
-195.73063884547884 
-195.7306388454787 
-195.73063884547884 
-195.73063884547898 
-195.73063884547864 
-195.73063884547864 
-195.73063884547867 
-195.73063884547875 
-195.73063884547858 
-195.73063884547884 
-195.7306388454787 
-195.73063884547904 
-195.73063884547923 
-195.73063884547932 
-195.73063884547918 
-195.73063884547926 
-195.7306388454795 
-195.73063884547952 
-195.73063884547963 
-195.73063884547975 
-195.73063884547966 
-195.73063884548 
-195.73063884548043 
-195.7306388454803 
-195.7306388454803 
-195.7306388454803 
-195.73063884548037 
-195.73063884548037 
-195.73063884548077 
-195.73063884548102 
-195.73063884548125 
-195.73063884548134 
-195.7306388454816 
-195.730638845482 
-195.7306388454822 
-195.73063884548233 
-195.73063884548247 
-195.73063884548282 
-195.7306388454831 
-195.73063884548324 
-195.73063884548344 
-195.73063884548415 
-195.73063884548404 
-195.73063884548392 
-195.73063884548412 
-195.7306388454839 
-195.7306388454836 
-195.73063884548415 
-195.73063884548418 
-195.730638845484 
-195.73063884548424 
-195.73063884548424 
-195.73063884548452 
-195.7306388454842 
-195.73063884548418 
-195.73063884548435 
-195.73063884548384 
-195.73063884548372 
-195.73063884548364 
-195.73063884548404 
-195.73063884548372 
-195.7306388454838 
-195.73063884548375 
-195.7306388454841 
-195.73063884548384 
-195.73063884548392 
-195.7306388454838 
-195.73063884548372 
-195.7306388454839 
-195.730638845484 
-195.730638845484 
-195.73063884548392 
-195.73063884548378 
-195.7306388454838 
-195.73063884548404 
-195.73063884548387 
-195.7306388454838 
-195.73063884548395 
-195.73063884548418 
-195.7306388454838 
-195.73063884548395 
-195.73063884548387 
-195.730638845484 
-195.73063884548375 
-195.730638845484 
-195.730638845484 
-195.7306388454841 
-195.73063884548407 
-195.73063884548387 
-195.73063884548375 
-195.7306388454836 
-195.73063884548333 
-195.73063884548318 
-195.73063884548358 
-195.73063884548395 
-195.73063884548438 
-195.7306388454836 
-195.73063884548355 
-195.73063884548358 
-195.73063884548347 
-195.7306388454845 
-195.73063884548372 
-195.7306388454838 
-195.7306388454838 
-195.7306388454836 
-195.73063884548398 
-195.73063884548424 
-195.73063884548404 
-195.73063884548398 
-195.73063884548452 
-195.73063884548446 
-195.73063884548418 
-195.7306388454841 
-195.73063884548384 
-195.7306388454839 
-195.7306388454839 
-195.73063884548418 
-195.73063884548375 
-195.7306388454841 
-195.73063884548415 
-195.7306388454839 
-195.73063884548395 
-195.73063884548412 
-195.73063884548395 
-195.730638845484 
-195.73063884548418 
-195.73063884548426 
-195.7306388454841 
-195.73063884548407 
-195.73063884548375 
-195.73063884548404 
-195.73063884548372 
-195.73063884548378 
-195.73063884548387 
-195.7306388454837 
-195.73063884548387 
-195.73063884548378 
-195.7306388454839 
-195.73063884548387 
-195.73063884548407 
-195.73063884548404 
-195.7306388454842 
-195.73063884548407 
-195.7306388454841 
-195.73063884548418 
-195.73063884548424 
-195.7306388454841 
-195.73063884548387 
-195.73063884548398 
-195.73063884548395 
-195.73063884548372 
-195.7306388454838 
-195.7306388454838 
-195.73063884548384 
-195.73063884548392 
-195.7306388454839 
-195.7306388454838 
-195.7306388454839 
-195.7306388454836 
-195.73063884548336 
-195.73063884548324 
-195.73063884548299 
-195.73063884548296 
-195.73063884548282 
-195.73063884548262 
-195.73063884548247 
-195.7306388454825 
-195.73063884548256 
-195.73063884548284 
-195.7306388454829 
-195.73063884548284 
-195.730638845483 
-195.73063884548313 
-195.7306388454833 
-195.73063884548336 
-195.73063884548318 
-195.73063884548353 
-195.7306388454835 
-195.73063884548372 
-195.73063884548364 
-195.7306388454835 
-195.73063884548353 
-195.73063884548338 
-195.73063884548372 
-195.73063884548367 
-195.73063884548367 
-195.73063884548353 
-195.73063884548338 
-195.73063884548344 
-195.73063884548324 
-195.7306388454833 
-195.7306388454834 
-195.73063884548338 
-195.7306388454836 
-195.73063884548372 
-195.73063884548327 
-195.73063884548358 
-195.73063884548375 
-195.73063884548384 
-195.7306388454837 
-195.73063884548355 
-195.73063884548324 
-195.7306388454834 
-195.73063884548355 
-195.73063884548338 
-195.73063884548344 
-195.7306388454836 
-195.73063884548378 
-195.7306388454835 
-195.73063884548378 
-195.73063884548392 
-195.73063884548398 
-195.7306388454849 
-195.7306388454838 
-195.73063884548398 
