2 0.1690565239870464 
3 0.2024454611879126 
4 0.17579899008364414 
5 0.17289001504395682 
6 0.17723058931856292 
7 0.1784865082308562 
8 0.1776629225097621 
9 0.17737319686564557 
10 0.17755840726772287 
11 0.17759958197059109 
12 0.17757308815378187 
13 0.17756366338917254 
14 0.1775690358140042 
15 0.177570297352342 
16 0.17756941768892834 
17 0.177569259329927 
18 0.17756937163959144 
19 0.17756939334362545 
20 0.17756937350970178 
21 0.17756937295319872 
22 0.17756937394305614 
23 0.17756937357825847 
24 0.17756937360260575 
25 0.17756937363210848 
26 0.17756937353901278 
27 0.1775693735105431 
28 0.177569373534998 
29 0.17756937353247118 
30 0.17756937352430602 
31 0.1775693735242766 
32 0.17756937352543545 
33 0.17756937352528446 
34 0.17756937352759944 
35 0.17756937352332283 
36 0.17756937352390725 
37 0.17756937352454405 
38 0.1775693735247556 
39 0.1775693735244883 
40 0.1775693735245031 
41 0.17756937352454075 
42 0.17756937352467603 
43 0.17756937352455957 
44 0.17756937352411117 
45 0.17756937352440974 
46 0.1775693735358575 
47 0.17756937352497812 
48 0.17756937348805413 
49 0.1775693735272331 
50 0.17756937352469826 
51 0.1775693735654504 
52 0.17756937384224236 
53 0.17756937293370417 
54 0.17756937167769968 
55 0.177569373015529 
56 0.17756937358827793 
57 0.17756937388363261 
58 0.17756937387899097 
59 0.17756937347524107 
60 0.1775693734807024 
61 0.17756937352603352 
62 0.17756937353671476 
63 0.17756937352320232 
64 0.1775693735229879 
65 0.17756937352483212 
66 0.17756937352477686 
67 0.17756937352456137 
68 0.1775693735245248 
69 0.17756937352460384 
70 0.17756937352459892 
71 0.1775693735247417 
72 0.17756937352468005 
73 0.1775693735246048 
74 0.1775693735243222 
75 0.17756937352407887 
76 0.17756937352390972 
77 0.1775693735248557 
78 0.17756937352459037 
79 0.17756937352455426 
80 0.17756937352445482 
81 0.17756937352470306 
82 0.17756937352466723 
83 0.1775693735246817 
84 0.177569373524522 
85 0.1775693735223764 
86 0.17756937352483965 
87 0.17756937355266383 
88 0.17756937349349297 
89 0.1775693734631691 
90 0.1775693734720793 
91 0.17756937354839208 
92 0.17756937350658653 
93 0.17756937353596774 
94 0.17756937363245345 
95 0.17756937360246902 
96 0.17756937357807262 
97 0.17756937394285363 
98 0.1775693729538442 
99 0.1775693735084331 
100 0.17756939333892457 
101 0.17756937164084585 
102 0.1775692593371014 
103 0.17756941767442957 
104 0.1775702973226598 
105 0.17756903581095662 
106 0.17756366342876412 
107 0.17757308809139424 
108 0.17759958187075542 
109 0.1775584073063171 
110 0.1773731967363325 
111 0.1776629224854381 
112 0.17848650802986135 
113 0.1772305880042533 
114 0.17289002057205224 
115 0.17579898846133976 
116 0.20244545807308437 
117 0.1690565295654469 
