2 0.003892303245615677 
3 -0.0010300779945999765 
4 0.0002590517889976328 
5 -2.5556361450451835e-05 
6 -1.6450843707606512e-05 
7 6.01966345103847e-06 
8 -4.813454548113095e-07 
9 -3.113200965221168e-07 
10 1.1678206281139768e-07 
11 -6.596927356458346e-09 
12 -8.535611439394061e-09 
13 2.9059939009834878e-09 
14 -8.525119756242532e-10 
15 -6.0396845413192285e-09 
16 1.7450827327142348e-08 
17 4.2967534661844435e-08 
18 -8.212101736433856e-08 
19 4.2930860691920784e-08 
20 -4.814478617698513e-09 
21 5.218900127878601e-10 
22 -7.645835508345499e-10 
23 -1.9612822113283096e-09 
24 -2.3218971549058372e-08 
25 -2.665355225149658e-09 
26 -1.7655935570797714e-09 
27 -1.0251913599275969e-08 
28 -1.2705840627241951e-09 
29 -1.1994260774379474e-09 
30 -5.99871663125321e-10 
31 -3.2284279672452277e-10 
32 1.5714643989343596e-10 
33 -1.9535622159176914e-10 
34 3.4076884436809985e-10 
35 -7.255741935886539e-10 
36 -6.629459317774501e-10 
37 2.527368805495991e-10 
38 6.333777140223313e-11 
39 -1.122467562482241e-10 
40 8.408083769385186e-11 
41 -6.248986515315642e-11 
42 -5.848893260604569e-11 
43 1.1851363980045022e-09 
44 1.3623030127207725e-09 
45 -3.5957886076246386e-10 
46 1.1057749216961307e-10 
47 -1.0769914355196312e-10 
48 1.047151307852783e-10 
49 -1.1925543879478977e-10 
50 1.0852937537632977e-10 
51 -1.0748119169422084e-10 
52 1.224241274529803e-10 
53 -1.0239992138881277e-10 
54 1.0654671838114765e-10 
55 -1.1419553696161717e-10 
56 1.3121949187334058e-10 
57 3.707224320243689e-11 
58 5.840843316394849e-11 
59 -1.0175558957751782e-10 
60 1.2005625673797343e-10 
61 -2.4705169065215263e-10 
62 2.781881867098005e-10 
63 -2.3612415476494365e-09 
64 -9.409971496578848e-09 
65 9.186527731516972e-09 
66 5.406356053791934e-09 
67 -4.685788306240215e-10 
68 5.434844667538192e-10 
69 -1.170329811545156e-10 
70 1.2651897544854246e-10 
71 -1.1612773340740034e-10 
72 1.0327256842754061e-10 
73 -1.3419895079104752e-10 
74 2.2618115281989334e-10 
75 3.8981316466336397e-10 
76 -6.838312838221581e-11 
77 -3.4665303403239913e-12 
78 9.225596718953983e-11 
79 -1.0880320982205013e-10 
80 1.0906807116952924e-10 
81 -1.0415530444355648e-10 
82 8.325435363144807e-11 
83 -1.2013080397018011e-10 
84 2.1695695757821583e-10 
85 -1.6501216518748923e-10 
86 1.1192331658593593e-10 
87 -1.6373788646552743e-10 
88 -5.738854308390177e-12 
89 -5.740472225931059e-10 
90 -9.78553930284941e-09 
91 2.086834504090111e-09 
92 4.27694818705297e-10 
93 -1.7420824488694897e-10 
94 1.055452208860458e-10 
95 -1.526379270403572e-10 
96 -6.686745518994809e-10 
97 7.369154182649732e-11 
98 4.4238632597089345e-11 
99 -1.1771792738476245e-10 
100 -6.772792104154948e-11 
101 -6.489815521534156e-11 
102 1.1632756769443655e-10 
103 -1.0933426231165365e-10 
104 1.0432697355424245e-10 
105 -1.0574360467221665e-10 
106 1.196716539017758e-10 
107 -1.3230606122115744e-10 
108 5.897311995692389e-11 
109 -1.2932363021524732e-10 
110 -8.869490459173052e-09 
111 1.8556505799626435e-09 
112 1.8648295843679836e-08 
113 5.306388554779413e-09 
114 1.4389705892003988e-09 
115 -2.2755283550864312e-10 
116 -5.931544356885675e-11 
117 -1.1373005292802402e-10 
118 2.3133652270102817e-10 
119 -1.313586549843792e-10 
120 1.3673518210518941e-10 
121 -3.1792957368133377e-10 
122 1.168008152700911e-10 
123 -1.201053344175193e-10 
124 1.0381516257226577e-10 
125 -1.0373052409963829e-10 
126 1.6113679228617392e-10 
127 5.094189677713652e-10 
128 2.1346396936131547e-09 
129 3.7316672192677034e-10 
130 1.4710182658043082e-09 
131 -2.347542744711718e-10 
132 4.5134133118345724e-11 
133 2.4823285430209296e-11 
134 1.602733662478101e-10 
135 -4.4924472777633386e-10 
136 5.764078827524787e-09 
137 -5.538620046183502e-10 
138 -5.92179440653321e-10 
139 -8.33606807922021e-10 
140 1.0355311251768518e-09 
141 4.830417519230446e-12 
142 1.5474136725335637e-10 
143 -2.0894772519480903e-10 
144 1.363609876167982e-10 
145 1.2025867116284578e-09 
146 -1.7530777682393126e-10 
147 -9.761516049544023e-10 
148 2.2232614255636642e-10 
149 -1.4567956712853492e-10 
150 1.1293787542240962e-10 
151 -1.214690061955594e-10 
152 6.22440661195917e-11 
153 -8.876537914122483e-11 
154 -8.309217966389283e-11 
155 -4.4961171322502426e-10 
156 -6.581951797496646e-10 
157 -2.4567846964489295e-08 
158 -5.275240156497789e-09 
159 7.71904181177083e-10 
160 -1.2937400649980534e-10 
161 4.6805909733542476e-11 
162 1.9721663388685543e-09 
163 1.3402866249870895e-09 
164 -1.7914461368619897e-09 
165 -3.0308395359454346e-10 
166 4.634515062594224e-10 
167 -1.6441836061076217e-10 
168 1.4712986433778237e-10 
169 -6.20165155231436e-11 
170 -1.0691792440745947e-10 
171 -8.413265428874897e-10 
172 -8.191645152409829e-09 
173 2.956430718352864e-09 
174 -1.5519530343516922e-09 
175 -1.2400258278883075e-10 
176 9.575987672356556e-11 
177 -4.7588686677554256e-11 
178 -3.747230453154782e-11 
179 -1.273911281719415e-09 
180 7.233645741710227e-10 
181 -4.0143746254535284e-10 
182 1.4529371271365356e-10 
183 -6.100198902554283e-11 
184 -1.4507290085493375e-10 
185 -2.913292806820747e-11 
186 2.621455252539571e-09 
187 -8.060428059759301e-09 
188 -8.730547783285766e-09 
189 9.78051242380983e-08 
190 -3.0470629811149987e-07 
191 -4.861284985380031e-07 
192 6.019523975179912e-06 
193 -1.6450602832565567e-05 
194 -2.555686883625242e-05 
195 0.0002590511879167879 
196 -0.0010300776645584078 
197 0.003892305934550687 
