0.0 
148.47737461276066 
145.49869621087467 
144.1404660043936 
141.31740481613576 
139.8978073274014 
137.13607272150844 
135.70036778842234 
132.95474179997993 
131.51666765400506 
128.77341173446527 
127.3351788824345 
124.5920817605461 
123.15385695833871 
120.41075178711405 
118.97253029924991 
116.22942181248995 
114.79120070406464 
112.04809183768393 
110.60987074041066 
107.86676186286721 
106.42854076211636 
103.68543188805141 
102.24721078663839 
99.5041019132359 
98.06588081177246 
95.32277193842033 
93.88455083695837 
91.1414419636048 
89.70322086214381 
86.96011198878931 
85.52189088732833 
82.77878201397378 
81.34056091251286 
78.59745203915828 
77.15923093769727 
74.41612206434279 
72.97790096288189 
70.23479208952732 
68.79657098806634 
66.05346211471179 
64.61524101325085 
61.8721321398963 
60.43391103843527 
57.69080216508075 
56.25258106361976 
53.50947219026515 
52.071251088804175 
49.32814221544958 
47.88992111398862 
45.14681224063397 
43.708591139173 
40.965482265818416 
39.527261164357434 
36.78415229100286 
35.34593118954185 
32.60282231618729 
31.16460121472631 
28.421492341371714 
26.98327123991073 
24.240162366556167 
22.801941265095184 
20.05883239174061 
18.620611290279587 
15.877502416925028 
14.439281315464033 
11.696172442109434 
10.25795134064843 
7.514842467293846 
6.076621365832837 
3.333512492478258 
1.8952913910172446 
-0.8478174823373321 
-2.2860385837983506 
-5.029147457152927 
-6.467368558613949 
-9.210477431968526 
-10.648698533429553 
-13.391807406784126 
-14.830028508245153 
-17.573137381599725 
-19.011358483060757 
-21.754467356415343 
-23.19268845787638 
-25.93579733123095 
-27.37401843269199 
-30.11712730604654 
-31.55534840750759 
-34.29845728086216 
-35.73667838232323 
-38.479787255677806 
-39.91800835713884 
-42.66111723049344 
-44.099338331954534 
-46.84244720530908 
-48.280668306770146 
-51.02377718012473 
-52.46199828158581 
-55.20510715494034 
-56.64332825640142 
-59.38643712975597 
-60.824658231217086 
-63.56776710457172 
-65.00598820603274 
-67.74909707938737 
-69.18731818084842 
-71.93042705420301 
-73.36864815566402 
-76.11175702901868 
-77.54997813047972 
-80.29308700383443 
-81.73130810529547 
-84.47441697865013 
-85.91263808011112 
-88.6557469534658 
-90.09396805492686 
-92.83707692828146 
-94.27529802974261 
-97.01840690309724 
-98.4566280045583 
-101.19973687791297 
-102.63795797937397 
-105.38106685272867 
-106.81928795418986 
-109.56239682754443 
-111.00061792900553 
-113.74372680236019 
-115.18194790382118 
-117.92505677717583 
-119.36327787863691 
-122.1063867519916 
-123.54460785345262 
-126.28771672680745 
-127.72593782826836 
-130.4690467016231 
-131.90726780308412 
-134.65037667643875 
-136.08859777789988 
-138.83170665125462 
-140.2699277527156 
-143.01303662607032 
-144.45125772753127 
-147.19436660088599 
-148.63258770234694 
-151.37569657570194 
-152.81391767716292 
-155.5570265505174 
-156.99524765197845 
-159.73835652533327 
-161.17657762679434 
-163.91968650014914 
-165.35790760161007 
-168.10101647496472 
-169.53923757642585 
-172.28234644978048 
-173.7205675512415 
-176.4636764245964 
-177.90189752605735 
-180.64500639941204 
-182.0832275008731 
-184.8263363742278 
-186.26455747568875 
-189.00766634904377 
-190.44588745050473 
-193.18899632385953 
-194.62721742532062 
-197.3703262986754 
-198.80854740013643 
-201.55165627349132 
-202.98987737495227 
-205.7329862483069 
-207.17120734976805 
-209.91431622312277 
-211.35253732458384 
-214.09564619793886 
-215.53386729939984 
-218.2769761727547 
-219.71519727421577 
-222.45830614757077 
-223.8965272490318 
-226.63963612238666 
-228.07785722384773 
-230.82096609720256 
-232.2591871986632 
-235.00229607201192 
-236.4405171733893 
-239.1836260453704 
-240.62184712822958 
-243.36495569680406 
-244.80317267385007 
-247.5462140301176 
-248.9835223810863 
-251.71171253426235 
-252.9576597723065 
-253.71397921378943 
-256.4854792668031 
-262.577846737157 
-262.6965838999059 
-262.69659323446973 
-262.6965992646131 
-262.7273112747043 
-262.72740875758524 
-262.7475066527765 
-262.74762453901076 
-262.761536440919 
-262.76165622810004 
-262.7716732875993 
-262.77178722422656 
-262.7792103459236 
-262.77931580157036 
-262.7849338294283 
-262.7850304570608 
-262.7893487562216 
-262.78943716298494 
-262.79279464778864 
-262.79287578617544 
-262.79550846229716 
-262.79558335385235 
-262.79766067860606 
-262.79773029238555 
-262.79937698375085 
-262.7994421878916 
-262.8007518704133 
-262.80081341846613 
-262.80185749010667 
-262.8019160236282 
-262.80274961608933 
-262.80280567437995 
-262.8034717807971 
-262.80352581320557 
-262.8040582225776 
-262.80411060112095 
-262.80453603210145 
-262.8045870633104 
-262.80492674600686 
-262.80497668153856 
-262.8052475493235 
-262.80529659520687 
-262.80551219494674 
-262.8055605194822 
-262.8057317146367 
-262.805779455067 
-262.8059149738311 
-262.80596224191794 
-262.8060691079134 
-262.80611599457205 
-262.8061998673175 
-262.8062464464485 
-262.8063118918896 
-262.8063582235307 
-262.80640892984326 
-262.80645506275874 
-262.8064940129149 
-262.80653998671215 
-262.8065695967286 
-262.8066154435864 
-262.8066376732731 
-262.8066834193457 
-262.806699860881 
-262.80674552743545 
-262.8067574759502 
-262.80680308028565 
-262.8068115897634 
-262.8068571459459 
-262.8068630730758 
-262.8069085925264 
-262.806912630697 
-262.80695812265986 
-262.80696082799653 
-262.80700629990923 
-262.80700811106584 
-262.8070535688531 
-262.8070548221287 
-262.80710027043693 
-262.80710121163116 
-262.80714665401234 
-262.80714744823854 
-262.80719288728767 
-262.8071936287027 
-262.8072390660304 
-262.80723979404485 
-262.80728523054296 
-262.80728595595525 
-262.80733139217193 
-262.80733211712544 
-262.8073775532735 
-262.8073782781468 
-262.80742371428045 
-262.80742443913954 
-262.8074698752708 
-262.8074706001277 
-262.80751603625805 
-262.8075167611144 
-262.807562197245 
-262.8075629221014 
-262.8076083582319 
-262.8076090830883 
-262.80765451921894 
-262.8076552440751 
-262.8077006802055 
-262.8077014050617 
-262.8077468411921 
-262.8077475660484 
-262.8077930021789 
-262.807793727035 
-262.8078391631656 
-262.80783988802176 
-262.8078853241523 
-262.8078860490087 
-262.80793148513936 
-262.8079322099955 
-262.80797764612583 
-262.8079783709824 
-262.808023807113 
-262.80802453196924 
-262.8080699680997 
-262.80807069295577 
-262.80811612908633 
-262.8081168539425 
-262.8081622900732 
-262.8081630149292 
-262.80820845105956 
-262.80820917591586 
-262.8082546120466 
-262.80825533690285 
-262.8083007730332 
-262.8083014978898 
-262.8083469340208 
-262.80834765887715 
-262.8083930950076 
-262.8083938198641 
-262.8084392559944 
-262.80843998085066 
-262.808485416981 
-262.80848614183714 
-262.8085315779678 
-262.80853230282406 
-262.8085777389546 
-262.8085784638109 
-262.80862389994144 
-262.8086246247977 
-262.80867006092836 
-262.8086707857846 
-262.8087162219153 
-262.80871694677165 
-262.8087623829022 
-262.80876310775847 
-262.8088085438889 
-262.8088092687453 
-262.80885470487596 
-262.80885542973243 
-262.80890086586277 
-262.8089015907183 
-262.8089470268489 
-262.808947751705 
-262.8089931878355 
-262.8089939126915 
-262.80903934882207 
-262.8090400736783 
-262.8090855098089 
-262.80908623466524 
-262.80913167079575 
-262.80913239565194 
-262.8091778317826 
-262.8091785566388 
-262.80922399276943 
-262.80922471762557 
-262.80927015375624 
-262.80927087861255 
-262.8093163147431 
-262.8093170395997 
-262.80936247572987 
-262.8093632005861 
-262.80940863671384 
-262.80940936157 
-262.8094547977044 
-262.80945552256134 
-262.80950095895327 
-262.8095016838176 
-262.80954712249877 
-262.8095478473929 
-262.80959329196395 
-262.8095940166316 
-262.8096393564427 
-262.80964007635515 
-262.8096838996908 
-262.80968458044487 
-262.8097195768499 
-262.80972007229656 
-262.80973132644516 
-262.80973132645255 
-262.8097313264505 
-264.4312816931461 
-264.47984584826605 
-264.5534939214909 
-264.5678164019193 
-264.5784781226244 
-264.58553577459946 
-264.59374319141733 
-264.59701573289095 
-264.6030900942273 
-264.6052822454387 
-264.6098763096683 
-264.6115397327546 
-264.61509986836637 
-264.6164069967594 
-264.6192216318926 
-264.62026729831456 
-264.6225279585163 
-264.6233758157445 
-264.6252160844825 
-264.6259113273049 
-264.62742502730345 
-264.62800076101627 
-264.62925688355205 
-264.62973697978947 
-264.6307867483486 
-264.63118989846754 
-264.63207252243524 
-264.6324126989909 
-264.6331581947099 
-264.6334463276755 
-264.6340784589791 
-264.63432339587797 
-264.63486121267994 
-264.6350700469496 
-264.6355289514801 
-264.6357073744579 
-264.6360997669082 
-264.6362526248712 
-264.636588764828 
-264.6367199084682 
-264.63700799069403 
-264.63712100477125 
-264.6373688417147 
-264.63746557877386 
-264.6376786161173 
-264.6377618948175 
-264.6379451836671 
-264.63801686398995 
-264.63817461912066 
-264.638236369245 
-264.6383722248507 
-264.6384253775594 
-264.6385422753521 
-264.6385879972857 
-264.63868851864055 
-264.63872787026895 
-264.6388143235959 
-264.6388481474873 
-264.63892247006896 
-264.6389515442423 
-264.6390154193072 
-264.63904041052086 
-264.6390952542635 
-264.6391167083348 
-264.63916381117343 
-264.63918223894603 
-264.63922257903465 
-264.6392383171664 
-264.63927280403965 
-264.63928625309273 
-264.63931569106666 
-264.63932716875246 
-264.6393522760862 
-264.6393620613521 
-264.6393834554977 
-264.6393917899131 
-264.63941000327355 
-264.63941709591876 
-264.6394325884509 
-264.63943861888316 
-264.6394517858873 
-264.63945690925794 
-264.63946809098155 
-264.63947244095897 
-264.6394819307056 
-264.6394856207159 
-264.6394936688329 
-264.6394967975097 
-264.63950361893114 
-264.63950627005914 
-264.63951204881045 
-264.63951429356285 
-264.63951918574816 
-264.6395210861636 
-264.63952522584697 
-264.63952683350186 
-264.6395303345658 
-264.63953169403175 
-264.6395346535832 
-264.63953580206265 
-264.6395383019964 
-264.63953927209724 
-264.63954138369564 
-264.63954220350735 
-264.63954398210325 
-264.6395446739237 
-264.6395461719216 
-264.6395467508529 
-264.63954800930463 
-264.63954849949886 
-264.63954960331904 
-264.6395500618964 
-264.6395514586049 
-264.6395525538437 
-264.7603085449185 
-264.9075987406089 
-265.2465878989711 
-265.3253068874024 
-265.4556177930179 
-265.4863508199743 
-265.5378469792293 
-265.5520183258341 
-265.57646458196626 
-265.5839909887523 
-265.5975242241406 
-265.6019566327455 
-265.61034801866214 
-265.6131670717435 
-265.6187968745592 
-265.6206966842761 
-265.6246787235464 
-265.62601604394894 
-265.62893368786223 
-265.62990645498434 
-265.63209656301393 
-265.63282194832703 
-265.63449514791756 
-265.6350464823308 
-265.63634259256213 
-265.6367679799653 
-265.6377837437039 
-265.63811600039725 
-265.6389203159136 
-265.6391825469762 
-265.63982545804157 
-265.6400343393482 
-265.6405528262705 
-265.6407206668885 
-265.64114226170574 
-265.6412782653112 
-265.64162377496626 
-265.6417349252652 
-265.6420201476595 
-265.6421118015431 
-265.64234879301506 
-265.64242508532476 
-265.64262310262706 
-265.64268724264315 
-265.6428534227379 
-265.64290790857154 
-265.6430477707792 
-265.6430945434766 
-265.64321238466374 
-265.6432529455465 
-265.643352134021 
-265.64338762954986 
-265.64347085150354 
-265.6435021433163 
-265.64357157009664 
-265.6435992875062 
-265.6436567222282 
-265.64368130798204 
-265.6437282870758 
-265.64375003555034 
-265.6437878974961 
-265.64380699159193 
-265.6438369324297 
-265.64385347628746 
-265.6438765724059 
-265.6438906225225 
-265.64390785427196 
-265.64391944859835 
-265.6439317124571 
-265.64394089572926 
-265.64394902605403 
-265.643955871603 
-265.64396067645015 
-265.64396530697576 
-265.6439676286207 
-265.6439702489269 
-265.64397101783703 
-265.6439719865272 
-265.6439721039674 
-265.64397220152574 
-265.6439722015387 
-265.6439722015453 
-265.64397220151017 
-265.6439722015454 
-265.64397220151005 
-265.6439722015103 
-265.6439722015106 
-265.6439722015111 
-265.643972201512 
-265.64397220151284 
-265.64397220151346 
-265.64397220151426 
-265.64397220151517 
-265.64397220151625 
-265.6439722015179 
-265.64397220151983 
-265.64397220152244 
-265.64397220152506 
-265.64397220152847 
-265.64397220153177 
-265.6439722015362 
-265.6439722015402 
-265.643972201546 
-265.6439722015502 
-265.64397220155655 
-265.64397220156155 
-265.64397220156883 
-265.6439722015743 
-265.64397220158224 
-265.6439722015879 
-265.643972201597 
-265.6439722016035 
-265.64397220161317 
-265.6439722016193 
-265.6439722016651 
-265.64397220167194 
-265.6439722017181 
-265.6439722017595 
-265.64397220180734 
-265.6439722018502 
-265.6439722019 
-265.64397220194445 
-265.64397220199527 
-265.64397220204154 
-265.6439722020936 
-265.64397220214113 
-265.6439722021947 
-265.6439722022431 
-265.64397220229813 
-265.6439722023474 
-265.6439722024034 
-265.6439722024492 
-265.64397220288055 
-265.6439722029273 
-265.64397220337133 
-265.6439722034193 
-265.64397220387815 
-265.64397220392766 
-265.6439722044044 
-265.6439722044565 
-265.64397220495465 
-265.6439722050099 
-265.64397220553457 
-265.64397220559357 
-265.64397220615007 
-265.6439722062142 
-265.6439722068105 
-265.64397220689193 
-265.6439722070025 
-265.6439722070967 
-265.64397220723646 
-265.64397220735265 
-265.6439722075422 
-265.6439722077001 
-265.6439722079762 
-265.6439722082279 
-265.6439722086604 
-265.6439722091265 
-265.64397220981544 
-265.6439722103726 
-265.6439722113809 
-265.6439722115903 
-265.64397221227324 
-265.64397221246173 
-265.64397221276903 
-265.6439771663347 
-265.6439844236764 
-265.64401690015524 
-265.64402722016115 
-265.644061456855 
-265.64407100531906 
-265.6441017385691 
-265.64411019675873 
-265.6441391678879 
-265.6441442898459 
-265.64415430294633 
-265.64415887990896 
-265.6441680944284 
-265.6441722021669 
-265.6441806767271 
-265.644184368062 
-265.6441921872395 
-265.64419551354086 
-265.6442027491773 
-265.64420575290677 
-265.6442124641159 
-265.6442151841797 
-265.6442214244612 
-265.64422389444945 
-265.6442297078488 
-265.64423195845814 
-265.64423738069144 
-265.64423943726666 
-265.64424449490997 
-265.64424637941914 
-265.644251090506 
-265.64425282208373 
-265.64425719762863 
-265.64425879138065 
-265.6442628372991 
-265.6442643061178 
-265.64426802611814 
-265.6442693803968 
-265.6442727786333 
-265.644274026759 
-265.6442771098505 
-265.64427825854324 
-265.6442810368714 
-265.6442820919521 
-265.644284580096 
-265.6442855468964 
-265.6442877655874 
-265.6442886513814 
-265.64429065383524 
-265.64429153374664 
-265.6442918437636 
-265.64429264173265 
-265.6442929147252 
-265.64429363593587 
-265.64429387807166 
-265.6442945279346 
-265.64429474436946 
-265.644295328125 
-265.64429552375924 
-265.64429604659546 
-265.6442962262992 
-265.64429669341274 
-265.6442968624776 
-265.6442972795885 
-265.6442974544935 
-265.6442977630897 
-265.64429793805704 
-265.6442982215477 
-265.64429840577117 
-265.6442986628393 
-265.6442988637079 
-265.6442990942924 
-265.64429931094986 
-265.64429951746376 
-265.64429974163704 
-265.6442999323303 
-265.6442999904087 
-265.64430015962904 
-265.64430021231834 
-265.6443003617613 
-265.6443004096116 
-265.64430054119947 
-265.6443005846682 
-265.6443006999619 
-265.6443007394136 
-265.6443008400159 
-265.64430087586805 
-265.6443009637592 
-265.64430099739894 
-265.64430103853846 
-265.64430106856156 
-265.6443011047731 
-265.6443011312635 
-265.6443011623865 
-265.6443011851902 
-265.64430121069637 
-265.6443012564724 
-265.64430127721636 
-265.64430131242557 
-265.6443013285015 
-265.64430135416563 
-265.6443013657384 
-265.6443013828213 
-265.64430139019277 
-265.64430139956454 
-265.6443014050877 
-265.6443014092585 
-265.6443014112828 
-265.64430141239467 
-265.6443014127215 
-265.6443014127971 
-265.64430141279763 
-265.6443014132537 
-265.64430141321816 
-265.6443014132535 
-265.6443014132179 
-265.6443014132181 
-265.64430141321856 
-265.64430141321947 
-265.6443014132207 
-265.6443014132216 
-265.64430141322254 
-265.64430141322333 
-265.64430141322424 
-265.6443014132252 
-265.64430141322583 
-265.64430141322686 
-265.64430141322777 
-265.6443014132287 
-265.6443014132299 
-265.6443014132313 
-265.6443014132321 
-265.644301413233 
-265.6443014132339 
-265.6443014132345 
-265.64430141323515 
-265.64430141323606 
-265.64430141323675 
-265.64430141323754 
-265.6443014132381 
-265.6443014132389 
-265.6443014132396 
-265.64430141324027 
-265.64430141324084 
-265.64430141324186 
-265.64430141324266 
-265.64430141324357 
-265.6443014132445 
-265.6443014132457 
-265.64430141324675 
-265.6443014132481 
-265.644301413249 
-265.6443014132506 
-265.6443014132522 
-265.644301413254 
-265.6443014132556 
-265.6443014132581 
-265.64430141326 
-265.6443014132628 
-265.6443014132654 
-265.64430141326847 
-265.6443014132711 
-265.64430141327483 
-265.6443014132779 
-265.6443014132829 
-265.6443014132864 
-265.644301413292 
-265.64430141329586 
-265.64430141330257 
-265.6443014133068 
-265.6443014133144 
-265.64430141331894 
-265.6443014133276 
-265.64430141333224 
-265.6443014133419 
-265.64430141334725 
-265.64430141335816 
-265.6443014133641 
-265.64430141337624 
-265.6443014133851 
-265.6443014133985 
-265.64430141340796 
-265.64430141342297 
-265.644301413434 
-265.64430141345065 
-265.644301413463 
-265.6443014134813 
-265.6443014134939 
-265.64430141354654 
-265.64430141356064 
-265.6443014136167 
-265.6443014136318 
-265.64430141369024 
-265.6443014137387 
-265.64430141380086 
-265.6443014138519 
-265.64430141391875 
-265.644301413973 
-265.64430141404495 
-265.6443014141027 
-265.64430141418 
-265.64430141424094 
-265.64430141432405 
-265.6443014143888 
-265.6443014144775 
-265.64430141454585 
-265.64430141464 
-265.64430141471206 
-265.6443014148113 
-265.64430141488725 
-265.6443014149914 
-265.64430141507063 
-265.64430141517875 
-265.6443014152616 
-265.64430141537315 
-265.6443014154593 
-265.6443014155721 
-265.6443014156558 
-265.64430141575116 
-265.6443014167298 
-265.64430141799187 
-265.644301419127 
-265.64430142047246 
-265.6443014216664 
-265.6443014230852 
-265.64430142437493 
-265.644301425926 
-265.6443014260711 
-265.64430142608177 
-265.64430142608404 
-265.64430142608427 
-265.64430142608416 
-265.6443014260839 
-265.6443014260837 
-265.6443014260833 
-265.6443014260832 
-265.644301426083 
-265.6443014260829 
-265.6443014260827 
-265.64430142608256 
-265.6443014260822 
-265.6443014260822 
-265.6443014260827 
-265.6443014260827 
-265.6443014260827 
-265.6443014260827 
-265.6443014260827 
-265.6443014260829 
-265.6443014260828 
-265.64430142608285 
-265.6443014260827 
-265.64430142608256 
-265.64430142608234 
-265.64430142608245 
-265.6443014260822 
-265.6443014260822 
-265.64430142608234 
-265.64430142608234 
-265.644301426082 
-265.644301426082 
-265.64430142608177 
-265.644301426082 
-265.644301426082 
-265.644301426082 
-265.6443014260821 
-265.64430142608245 
-265.64430142608234 
-265.6443014260822 
-265.6443014260822 
-265.644301426082 
-265.64430142608165 
-265.6443014260819 
-265.64430142608177 
-265.64430142608177 
-265.6443014260821 
-265.6443014260821 
-265.6443014260821 
-265.64430142608245 
-265.64430142608245 
-265.64430142608234 
-265.6443014260822 
-265.6443014260822 
-265.6443014260821 
-265.644301426082 
-265.64430142608234 
-265.64430142608245 
-265.64430142608256 
-265.6443014260827 
-265.6443014260827 
-265.6443014260827 
-265.64430142608245 
-265.64430142608256 
-265.64430142608234 
-265.64430142608256 
-265.64430142608245 
-265.64430142608256 
-265.64430142608273 
-265.64430142608256 
-265.6443014260829 
-265.644301426083 
-265.64430142608313 
-265.6443014260827 
-265.6443014260822 
-265.64430142608154 
-265.64430142608074 
-265.6443014260802 
-265.64430142607983 
-265.64430142607983 
-265.6443014261151 
-265.64430142607983 
-265.64430142611496 
-265.6443014260796 
-265.6443014260799 
-265.6443014260803 
-265.644301426081 
-265.6443014260819 
-265.64430142608256 
-265.64430142608325 
-265.6443014260836 
-265.6443014260836 
-265.6443014260836 
-265.64430142608325 
-265.64430142608325 
-265.64430142608336 
-265.64430142608336 
-265.6443014260835 
-265.6443014260833 
-265.6443014260835 
-265.6443014260836 
-265.6443014260837 
-265.6443014260838 
-265.6443014260837 
-265.6443014260837 
-265.6443014260837 
-265.6443014260836 
-265.6443014260835 
-265.6443014260837 
-265.6443014260838 
-265.6443014260838 
-265.6443014260837 
-265.6443014260839 
-265.6443014260838 
-265.6443014260836 
-265.6443014260836 
-265.6443014260835 
-265.64430142608325 
-265.64430142608313 
-265.64430142608313 
-265.64430142608313 
-265.64430142608336 
-265.64430142608325 
-265.64430142608336 
-265.64430142608325 
-265.64430142608313 
-265.64430142608313 
-265.6443014260828 
-265.6443014260831 
-265.6443014260827 
-265.6443014260822 
-265.644301426082 
-265.6443014260821 
-265.64430142608217 
-265.6443014260819 
-265.64430142608177 
-265.6443014260814 
-265.6443014260814 
-265.6443014260813 
-265.6443014260813 
-265.64430142608114 
-265.64430142608103 
-265.644301426081 
-265.64430142608086 
-265.64430142608063 
-265.64430142608063 
-265.6443014260804 
-265.6443014260804 
-265.64430142608006 
-265.64430142607995 
-265.6443014260797 
-265.64430142607983 
-265.64430142607983 
-265.6443014260802 
-265.6443014260802 
-265.64430142608006 
-265.6443014260797 
-265.64430142607983 
-265.64430142607983 
-265.64430142608006 
-265.6443014260798 
-265.6443014260797 
-265.64430142607983 
-265.6443014260796 
-265.6443014260789 
-265.64430142607904 
-265.6443014260796 
-265.6443014260803 
-265.64430142608086 
-265.64430142608154 
-265.6443014260821 
-265.6443014260828 
-265.6443014260837 
-265.6443014260835 
-265.6443014260832 
-265.6443014260829 
-265.6443014260828 
-265.6443014260827 
-265.6443014260828 
-265.64430142608256 
-265.6443014260827 
-265.6443014260822 
-265.64430142608194 
-265.64430142608165 
-265.6443014260813 
-265.644301426081 
-265.64430142608063 
-265.6443014260803 
-265.64430142607995 
-265.6443014260796 
-265.64430142607944 
-265.64430142607915 
-265.6443014260788 
-265.64430142607875 
-265.6443014260787 
-265.6443014260786 
-265.64430142607836 
-265.64430142607847 
-265.64430142607813 
-265.6443014260778 
-265.6443014260779 
-265.64430142607745 
-265.6443014260772 
-265.64430142607677 
-265.6443014260764 
-265.6443014260763 
-265.6443014260761 
-265.64430142607597 
-265.6443014260755 
-265.6443014260754 
-265.6443014260752 
-265.64430142607506 
-265.64430142607483 
-265.64430142607466 
-265.64430142607415 
-265.6443014260739 
-265.6443014260738 
-265.64430142607347 
-265.64430142607335 
-265.64430142607324 
-265.6443014260729 
-265.6443014260726 
-265.64430142607233 
-265.6443014260722 
-265.6443014260719 
-265.644301426072 
-265.64430142607176 
-265.64430142607154 
-265.6443014260712 
-265.64430142607085 
-265.6443014260706 
-265.64430142607074 
-265.6443014260705 
-265.6443014260704 
-265.6443014260703 
-265.6443014260702 
-265.6443014260702 
-265.6443014260702 
-265.6443014260702 
-265.64430142607006 
-265.64430142607006 
-265.64430142607006 
-265.6443014260697 
-265.6443014260697 
-265.6443014260695 
-265.6443014260695 
-265.6443014260694 
-265.6443014260694 
-265.64430142606915 
-265.6443014260694 
-265.64430142606926 
-265.6443014260695 
-265.6443014260695 
-265.6443014260694 
-265.6443014260694 
-265.64430142606926 
-265.64430142606926 
-265.64430142606926 
-265.6443014260694 
-265.6443014260696 
-265.6443014260696 
-265.64430142606926 
-265.64430142606926 
-265.64430142606926 
-265.6443014260695 
-265.6443014260694 
-265.6443014260694 
-265.6443014260693 
-265.6443014260689 
-265.64430142606835 
-265.6443014260678 
-265.64430142606693 
-265.64430142606585 
-265.64430142606494 
-265.6443014260644 
-265.6443014260639 
-265.6443014260992 
-265.64430142606403 
-265.6443014260993 
-265.64430142606415 
-265.6443014260645 
-265.64430142606506 
-265.6443014260661 
-265.64430142606705 
-265.64430142606795 
-265.6443014260686 
-265.64430142606903 
-265.6443014260695 
-265.6443014260695 
-265.64430142606966 
-265.6443014260697 
-265.6443014260697 
-265.6443014260697 
-265.6443014260697 
-265.6443014260697 
-265.64430142607 
-265.6443014260699 
-265.64430142606994 
-265.6443014260702 
-265.6443014260704 
-265.6443014260705 
-265.64430142607085 
-265.64430142607085 
-265.64430142607085 
-265.64430142607085 
-265.6443014260706 
-265.6443014260706 
-265.6443014260707 
-265.6443014260706 
-265.64430142607074 
-265.64430142607074 
-265.64430142607097 
-265.64430142607097 
-265.6443014260712 
-265.64430142607097 
-265.6443014260711 
-265.6443014260713 
-265.6443014260712 
-265.6443014260712 
-265.64430142607125 
-265.6443014260712 
-265.6443014260712 
-265.6443014260712 
-265.6443014260713 
-265.6443014260714 
-265.64430142607154 
-265.6443014260718 
-265.6443014260721 
-265.64430142607256 
-265.6443014260727 
-265.6443014260728 
-265.6443014260731 
-265.64430142607324 
-265.64430142607335 
-265.6443014260736 
-265.6443014260737 
-265.6443014260737 
-265.6443014260739 
-265.64430142607404 
-265.64430142607404 
-265.6443014260738 
-265.64430142607404 
-265.64430142607404 
-265.6443014260739 
-265.64430142607426 
-265.6443014260746 
-265.6443014260746 
-265.6443014260747 
-265.6443014260746 
-265.64430142607483 
-265.6443014260749 
-265.6443014260751 
-265.6443014260753 
-265.6443014260752 
-265.6443014260752 
-265.6443014260754 
-265.6443014260753 
-265.6443014260755 
-265.6443014260755 
-265.6443014260755 
-265.64430142607574 
-265.64430142607574 
-265.6443014260755 
-265.64430142607563 
-265.64430142607563 
-265.6443014260755 
-265.64430142607563 
-265.64430142607597 
-265.64430142607574 
-265.64430142607574 
-265.64430142607563 
-265.64430142607574 
-265.64430142607574 
-265.64430142607586 
-265.6443014260761 
-265.64430142607597 
-265.64430142607586 
-265.6443014260761 
-265.6443014260762 
-265.6443014260764 
-265.6443014260764 
-265.6443014260764 
-265.6443014260764 
-265.64430142607677 
-265.6443014260763 
-265.6443014260762 
-265.6443014260762 
-265.64430142607586 
-265.64430142607574 
-265.6443014260759 
-265.644301426076 
-265.64430142607654 
-265.64430142607654 
-265.6443014260764 
-265.6443014260763 
-265.64430142607654 
-265.64430142607654 
-265.64430142607654 
-265.64430142607677 
-265.64430142607677 
-265.6443014260769 
-265.644301426077 
-265.6443014260769 
-265.64430142607677 
-265.64430142607677 
-265.64430142607665 
-265.6443014260764 
-265.6443014260764 
-265.6443014260763 
-265.6443014260763 
-265.6443014260763 
-265.64430142607654 
-265.6443014260764 
-265.64430142607637 
-265.6443014260762 
-265.64430142607665 
-265.64430142607665 
-265.64430142607654 
-265.6443014260764 
-265.64430142607677 
-265.64430142607677 
-265.6443014260769 
-265.6443014260769 
-265.6443014260767 
-265.6443014260769 
-265.6443014260773 
-265.64430142607733 
-265.64430142607745 
-265.6443014260777 
-265.6443014260778 
-265.644301426078 
-265.644301426078 
-265.6443014260778 
-265.644301426078 
-265.644301426078 
-265.64430142607796 
-265.644301426078 
-265.6443014260779 
-265.64430142607824 
-265.64430142607836 
-265.64430142607836 
-265.64430142607836 
-265.6443014260783 
-265.64430142607836 
-265.64430142607824 
-265.64430142607847 
-265.64430142607824 
-265.644301426078 
-265.64430142607813 
-265.64430142607813 
-265.6443014260783 
-265.6443014260786 
-265.64430142607847 
-265.6443014260788 
-265.6443014260786 
-265.64430142607847 
-265.64430142607847 
-265.6443014260787 
-265.6443014260788 
-265.6443014260787 
-265.6443014260787 
-265.6443014260788 
-265.6443014260787 
-265.6443014260786 
-265.6443014260785 
-265.644301426078 
-265.64430142607733 
-265.64430142607654 
-265.6443014260759 
-265.64430142607506 
-265.6443014260748 
-265.64430142607415 
-265.64430142610973 
-265.64430142607483 
-265.64430142610973 
-265.6443014260744 
-265.64430142607483 
-265.64430142607534 
-265.6443014260761 
-265.64430142607677 
-265.64430142607756 
-265.64430142607824 
-265.64430142607875 
-265.6443014260789 
-265.64430142607904 
-265.64430142607927 
-265.64430142607904 
-265.64430142607904 
-265.6443014260791 
-265.6443014260789 
-265.6443014260786 
-265.64430142607847 
-265.6443014260786 
-265.6443014260786 
-265.64430142607847 
-265.64430142607836 
-265.6443014260781 
-265.6443014260779 
-265.64430142607813 
-265.6443014260778 
-265.6443014260779 
-265.644301426078 
-265.6443014260781 
-265.644301426078 
-265.644301426078 
-265.644301426078 
-265.644301426078 
-265.64430142607813 
-265.644301426078 
-265.64430142607756 
-265.6443014260779 
-265.6443014260777 
-265.6443014260777 
-265.64430142607756 
-265.64430142607733 
-265.64430142607733 
-265.6443014260773 
-265.6443014260771 
-265.6443014260771 
-265.64430142607677 
-265.64430142607665 
-265.64430142607665 
-265.6443014260764 
-265.6443014260764 
-265.6443014260764 
-265.6443014260764 
-265.6443014260764 
-265.6443014260763 
-265.6443014260761 
-265.64430142607597 
-265.6443014260761 
-265.6443014260762 
-265.64430142607597 
-265.6443014260761 
-265.6443014260762 
-265.6443014260761 
-265.6443014260761 
-265.64430142607597 
-265.64430142607586 
-265.64430142607597 
-265.6443014260761 
-265.6443014260762 
-265.6443014260764 
-265.6443014260763 
-265.6443014260764 
-265.6443014260762 
-265.64430142607597 
-265.6443014260761 
-265.6443014260761 
-265.64430142607586 
-265.64430142607574 
-265.64430142607574 
-265.64430142607563 
-265.64430142607574 
-265.6443014260755 
-265.6443014260754 
-265.6443014260752 
-265.64430142607495 
-265.64430142607495 
-265.644301426075 
-265.6443014260752 
-265.64430142607506 
-265.64430142607483 
-265.6443014260752 
-265.64430142607483 
-265.64430142607483 
-265.6443014260749 
-265.64430142607495 
-265.64430142607483 
-265.6443014260747 
-265.6443014260746 
-265.6443014260745 
-265.64430142607443 
-265.64430142607426 
-265.64430142607415 
-265.64430142607415 
-265.6443014260738 
-265.6443014260739 
-265.644301426074 
-265.6443014260744 
-265.64430142607415 
-265.64430142607404 
-265.6443014260739 
-265.6443014260739 
-265.6443014260737 
-265.6443014260737 
-265.6443014260735 
-265.64430142607335 
-265.64430142607347 
-265.64430142607335 
-265.6443014260731 
-265.6443014260731 
-265.6443014260731 
-265.6443014260733 
-265.6443014260735 
-265.64430142607347 
-265.64430142607324 
-265.6443014260731 
-265.6443014260727 
-265.6443014260727 
-265.64430142607256 
-265.6443014260722 
-265.6443014260722 
-265.6443014260722 
-265.64430142607233 
-265.64430142607256 
-265.6443014260724 
-265.6443014260727 
-265.64430142607256 
-265.64430142607245 
-265.64430142607233 
-265.64430142607233 
-265.64430142607245 
-265.64430142607245 
-265.64430142607233 
-265.6443014260722 
-265.6443014260719 
-265.64430142607176 
-265.64430142607176 
-265.64430142607154 
-265.6443014260713 
-265.6443014260712 
-265.64430142607097 
-265.64430142607097 
-265.6443014260709 
-265.64430142607074 
-265.6443014260705 
-265.6443014260705 
-265.6443014260705 
-265.6443014260703 
-265.6443014260704 
-265.6443014260702 
-265.64430142606994 
-265.64430142606994 
-265.64430142606983 
-265.6443014260696 
-265.6443014260694 
-265.6443014260695 
-265.64430142606915 
-265.64430142606915 
-265.64430142606903 
-265.64430142606915 
-265.64430142606926 
-265.64430142606915 
-265.64430142606915 
-265.6443014260688 
-265.6443014260687 
-265.6443014260687 
-265.64430142606835 
-265.6443014260684 
-265.64430142606824 
-265.64430142606835 
-265.644301426068 
-265.6443014260679 
-265.6443014260679 
-265.6443014260679 
-265.6443014260678 
-265.6443014260679 
-265.64430142606767 
-265.64430142606744 
-265.6443014260671 
-265.64430142606653 
-265.64430142606585 
-265.64430142606506 
-265.64430142606403 
-265.6443014260629 
-265.6443014260621 
-265.64430142606176 
-265.64430142609734 
-265.6443014260623 
-265.6443014260974 
-265.64430142606165 
-265.64430142606204 
-265.6443014260629 
-265.64430142606403 
-265.64430142606494 
-265.64430142606574 
-265.64430142606653 
-265.6443014260672 
-265.64430142606733 
-265.6443014260678 
-265.6443014260678 
-265.6443014260679 
-265.6443014260678 
-265.6443014260678 
-265.6443014260678 
-265.6443014260678 
-265.6443014260681 
-265.6443014260681 
-265.6443014260681 
-265.6443014260678 
-265.644301426068 
-265.644301426068 
-265.6443014260678 
-265.6443014260681 
-265.644301426068 
-265.64430142606824 
-265.6443014260681 
-265.64430142606824 
-265.6443014260687 
-265.6443014260687 
-265.64430142606864 
-265.6443014260686 
-265.6443014260688 
-265.6443014260688 
-265.6443014260687 
-265.6443014260689 
-265.6443014260691 
-265.64430142606915 
-265.6443014260689 
-265.64430142606903 
-265.64430142606903 
-265.64430142606903 
-265.64430142606926 
-265.6443014260694 
-265.6443014260692 
-265.64430142606915 
-265.64430142606926 
-265.64430142606926 
-265.6443014260694 
-265.64430142606903 
-265.64430142606903 
-265.64430142606903 
-265.64430142606915 
-265.6443014260694 
-265.64430142606955 
-265.6443014260694 
-265.6443014260695 
-265.6443014260694 
-265.6443014260695 
-265.6443014260695 
-265.64430142606926 
-265.64430142606926 
-265.6443014260694 
-265.6443014260694 
-265.64430142606926 
-265.64430142606915 
-265.6443014260689 
-265.64430142606903 
-265.64430142606926 
-265.6443014260695 
-265.64430142606983 
-265.6443014260702 
-265.64430142607023 
-265.6443014260703 
-265.6443014260697 
-265.6443014260696 
-265.6443014260694 
-265.6443014260695 
-265.6443014260694 
-265.64430142606966 
-265.6443014260699 
-265.64430142606994 
-265.64430142606983 
-265.64430142606983 
-265.64430142606994 
-265.64430142607006 
-265.6443014260702 
-265.6443014260702 
-265.6443014260705 
-265.6443014260704 
-265.64430142607057 
-265.6443014260705 
-265.64430142607074 
-265.64430142607085 
-265.6443014260711 
-265.6443014260711 
-265.6443014260714 
-265.6443014260713 
-265.6443014260712 
-265.6443014260712 
-265.64430142607125 
-265.6443014260711 
-265.64430142607097 
-265.6443014260706 
-265.64430142607097 
-265.64430142607074 
-265.64430142607097 
-265.6443014260711 
-265.6443014260711 
-265.64430142607097 
-265.64430142607074 
-265.64430142607074 
-265.64430142607097 
-265.64430142607085 
-265.64430142607097 
-265.64430142607097 
-265.6443014260713 
-265.6443014260714 
-265.64430142607154 
-265.64430142607165 
-265.64430142607176 
-265.64430142607165 
-265.64430142607176 
-265.644301426072 
-265.64430142607205 
-265.6443014260721 
-265.644301426072 
-265.64430142607193 
-265.644301426072 
-265.644301426072 
-265.64430142607233 
-265.64430142607233 
-265.64430142607233 
-265.6443014260727 
-265.6443014260728 
-265.6443014260728 
-265.6443014260727 
-265.64430142607256 
-265.64430142607245 
-265.6443014260727 
-265.6443014260728 
-265.6443014260727 
-265.64430142607256 
-265.6443014260727 
-265.6443014260727 
-265.64430142607233 
-265.6443014260727 
-265.6443014260729 
-265.6443014260731 
-265.6443014260731 
-265.6443014260731 
-265.64430142607307 
-265.6443014260731 
-265.6443014260731 
-265.64430142607335 
-265.64430142607335 
-265.64430142607335 
-265.6443014260736 
-265.64430142607347 
-265.6443014260736 
-265.6443014260737 
-265.6443014260737 
-265.6443014260738 
-265.64430142607375 
-265.6443014260737 
-265.6443014260738 
-265.6443014260736 
-265.6443014260735 
-265.64430142607347 
-265.6443014260736 
-265.6443014260736 
-265.6443014260737 
-265.64430142607387 
-265.6443014260739 
-265.6443014260739 
-265.64430142607415 
-265.64430142607415 
-265.64430142607426 
-265.6443014260744 
-265.6443014260745 
-265.6443014260746 
-265.6443014260745 
-265.6443014260745 
-265.6443014260746 
-265.6443014260745 
-265.64430142607415 
-265.6443014260738 
-265.6443014260733 
-265.64430142607256 
-265.644301426072 
-265.6443014260713 
-265.6443014260711 
-265.64430142607074 
-265.6443014261061 
-265.64430142607074 
-265.644301426106 
-265.6443014260706 
-265.64430142607097 
-265.64430142607137 
-265.6443014260719 
-265.64430142607245 
-265.6443014260731 
-265.6443014260737 
-265.64430142607415 
-265.6443014260744 
-265.64430142607426 
-265.64430142607415 
-265.64430142607404 
-265.64430142607426 
-265.64430142607415 
-265.64430142607404 
-265.6443014260739 
-265.64430142607404 
-265.64430142607404 
-265.6443014260739 
-265.64430142607404 
-265.64430142607404 
-265.6443014260739 
-265.6443014260738 
-265.64430142607347 
-265.64430142607347 
-265.64430142607347 
-265.6443014260736 
-265.6443014260737 
-265.6443014260737 
-265.6443014260736 
-265.6443014260737 
-265.6443014260737 
-265.64430142607347 
-265.64430142607335 
-265.64430142607324 
-265.6443014260731 
-265.644301426073 
-265.644301426073 
-265.6443014260729 
-265.6443014260729 
-265.6443014260728 
-265.64430142607256 
-265.6443014260728 
-265.6443014260727 
-265.6443014260726 
-265.6443014260726 
-265.64430142607245 
-265.644301426072 
-265.6443014260721 
-265.6443014260721 
-265.64430142607176 
-265.6443014260719 
-265.644301426072 
-265.6443014260721 
-265.64430142607176 
-265.6443014260719 
-265.64430142607176 
-265.644301426072 
-265.644301426072 
-265.644301426072 
-265.64430142607165 
-265.64430142607154 
-265.64430142607165 
-265.6443014260714 
-265.64430142607154 
-265.6443014260714 
-265.6443014260714 
-265.64430142607154 
-265.64430142607176 
-265.64430142607154 
-265.64430142607154 
-265.64430142607154 
-265.6443014260714 
-265.64430142607154 
-265.6443014260713 
-265.6443014260713 
-265.64430142607097 
-265.6443014260706 
-265.6443014260705 
-265.6443014260705 
-265.6443014260704 
-265.64430142607006 
-265.64430142607006 
-265.64430142607006 
-265.64430142607006 
-265.64430142606994 
-265.64430142606983 
-265.64430142606983 
-265.64430142606983 
-265.6443014260696 
-265.6443014260697 
-265.64430142606983 
-265.64430142606994 
-265.64430142606994 
-265.64430142606966 
-265.6443014260695 
-265.64430142606926 
-265.64430142606915 
-265.64430142606926 
-265.64430142606903 
-265.64430142606903 
-265.6443014260687 
-265.6443014260687 
-265.64430142606847 
-265.6443014260686 
-265.64430142606824 
-265.644301426068 
-265.6443014260681 
-265.644301426068 
-265.6443014260679 
-265.644301426068 
-265.64430142606824 
-265.644301426068 
-265.6443014260678 
-265.64430142606767 
-265.64430142606767 
-265.64430142606756 
-265.6443014260675 
-265.64430142606756 
-265.64430142606784 
-265.64430142606756 
-265.64430142606756 
-265.6443014260672 
-265.6443014260671 
-265.6443014260669 
-265.64430142606676 
-265.64430142606676 
-265.64430142606705 
-265.6443014260672 
-265.6443014260671 
-265.6443014260671 
-265.64430142606676 
-265.64430142606676 
-265.6443014260669 
-265.64430142606693 
-265.6443014260669 
-265.64430142606705 
-265.6443014260669 
-265.6443014260669 
-265.64430142606665 
-265.6443014260667 
-265.64430142606653 
-265.6443014260664 
-265.64430142606653 
-265.64430142606665 
-265.6443014260664 
-265.64430142606665 
-265.64430142606653 
-265.64430142606653 
-265.64430142606665 
-265.64430142606665 
-265.64430142606653 
-265.64430142606653 
-265.6443014260663 
-265.6443014260664 
-265.64430142606636 
-265.64430142606636 
-265.6443014260662 
-265.64430142606614 
-265.6443014260661 
-265.6443014260662 
-265.64430142606597 
-265.64430142606574 
-265.64430142606597 
-265.64430142606597 
-265.64430142606574 
-265.6443014260655 
-265.6443014260654 
-265.6443014260653 
-265.6443014260654 
-265.6443014260655 
-265.6443014260656 
-265.6443014260655 
-265.6443014260653 
-265.6443014260653 
-265.6443014260653 
-265.6443014260653 
-265.64430142606506 
-265.64430142606494 
-265.6443014260648 
-265.64430142606494 
-265.64430142606494 
-265.6443014260649 
-265.6443014260648 
-265.6443014260647 
-265.64430142606443 
-265.64430142606403 
-265.64430142606324 
-265.64430142606244 
-265.6443014260614 
-265.6443014260605 
-265.6443014260599 
-265.6443014260597 
-265.6443014260954 
-265.6443014260603 
-265.6443014260955 
-265.6443014260598 
-265.64430142606017 
-265.64430142606085 
-265.64430142606176 
-265.64430142606284 
-265.64430142606346 
-265.6443014260643 
-265.6443014260645 
-265.64430142606517 
-265.64430142606506 
-265.64430142606545 
-265.6443014260654 
-265.64430142606534 
-265.6443014260654 
-265.6443014260654 
-265.6443014260656 
-265.6443014260661 
-265.6443014260662 
-265.6443014260664 
-265.64430142606653 
-265.64430142606665 
-265.64430142606665 
-265.64430142606676 
-265.64430142606653 
-265.6443014260663 
-265.6443014260663 
-265.6443014260662 
-265.6443014260665 
-265.6443014260664 
-265.6443014260665 
-265.6443014260663 
-265.64430142606653 
-265.64430142606676 
-265.64430142606676 
-265.644301426067 
-265.64430142606705 
-265.6443014260672 
-265.6443014260671 
-265.6443014260674 
-265.64430142606733 
-265.64430142606767 
-265.64430142606784 
-265.64430142606795 
-265.64430142606824 
-265.644301426068 
-265.6443014260681 
-265.64430142606824 
-265.64430142606835 
-265.64430142606847 
-265.6443014260686 
-265.64430142606847 
-265.64430142606824 
-265.6443014260681 
-265.64430142606824 
-265.6443014260681 
-265.64430142606824 
-265.64430142606847 
-265.64430142606824 
-265.64430142606835 
-265.6443014260688 
-265.6443014260687 
-265.6443014260688 
-265.64430142606903 
-265.64430142606903 
-265.64430142606915 
-265.6443014260689 
-265.64430142606903 
-265.6443014260689 
-265.64430142606903 
-265.64430142606915 
-265.64430142606903 
-265.6443014260689 
-265.64430142606903 
-265.64430142606926 
-265.6443014260695 
-265.6443014260695 
-265.6443014260697 
-265.64430142606983 
-265.64430142607 
-265.6443014260699 
-265.6443014260697 
-265.64430142606983 
-265.64430142607006 
-265.64430142607006 
-265.6443014260702 
-265.6443014260702 
-265.6443014260704 
-265.64430142607057 
-265.6443014260706 
-265.6443014260706 
-265.6443014260705 
-265.6443014260706 
-265.64430142607085 
-265.6443014260711 
-265.6443014260711 
-265.64430142607085 
-265.64430142607097 
-265.6443014260713 
-265.6443014260715 
-265.64430142607154 
-265.6443014260713 
-265.6443014260714 
-265.6443014260713 
-265.6443014260713 
-265.6443014260713 
-265.64430142607165 
-265.64430142607165 
-265.64430142607176 
-265.6443014260718 
-265.6443014260719 
-265.64430142607176 
-265.6443014260719 
-265.64430142607176 
-265.64430142607165 
-265.6443014260714 
-265.64430142607074 
-265.64430142607085 
-265.64430142607114 
-265.6443014260712 
-265.6443014260714 
-265.64430142607176 
-265.64430142607176 
-265.6443014260719 
-265.64430142607176 
-265.64430142607176 
-265.64430142607165 
-265.64430142607176 
-265.64430142607176 
-265.64430142607176 
-265.64430142607165 
-265.64430142607165 
-265.6443014260714 
-265.6443014260714 
-265.6443014260714 
-265.6443014260714 
-265.6443014260715 
-265.6443014260712 
-265.6443014260712 
-265.6443014260713 
-265.6443014260714 
-265.64430142607165 
-265.64430142607165 
-265.64430142607154 
-265.64430142607176 
-265.64430142607176 
-265.6443014260719 
-265.6443014260722 
-265.64430142607245 
-265.64430142607216 
-265.6443014260723 
-265.64430142607233 
-265.6443014260722 
-265.64430142607256 
-265.644301426073 
-265.6443014260728 
-265.6443014260729 
-265.6443014260731 
-265.64430142607324 
-265.64430142607335 
-265.6443014260737 
-265.6443014260738 
-265.644301426074 
-265.6443014260737 
-265.6443014260739 
-265.6443014260738 
-265.64430142607404 
-265.6443014260739 
-265.64430142607404 
-265.64430142607404 
-265.64430142607426 
-265.6443014260744 
-265.6443014260746 
-265.64430142607466 
-265.6443014260746 
-265.64430142607426 
-265.64430142607426 
-265.64430142607404 
-265.64430142607404 
-265.6443014260742 
-265.6443014260744 
-265.64430142607415 
-265.6443014260739 
-265.64430142607404 
-265.64430142607415 
-265.6443014260744 
-265.64430142607415 
-265.6443014260736 
-265.6443014260731 
-265.64430142607245 
-265.64430142607154 
-265.64430142607097 
-265.6443014260703 
-265.6443014260701 
-265.64430142610564 
-265.6443014260705 
-265.64430142610564 
-265.6443014260702 
-265.6443014260702 
-265.64430142607074 
-265.6443014260713 
-265.6443014260723 
-265.6443014260729 
-265.6443014260733 
-265.6443014260737 
-265.6443014260741 
-265.6443014260739 
-265.6443014260736 
-265.6443014260736 
-265.6443014260737 
-265.6443014260736 
-265.64430142607347 
-265.6443014260734 
-265.6443014260736 
-265.6443014260737 
-265.64430142607364 
-265.6443014260738 
-265.6443014260737 
-265.6443014260736 
-265.64430142607324 
-265.64430142607335 
-265.6443014260731 
-265.644301426073 
-265.6443014260728 
-265.6443014260727 
-265.6443014260728 
-265.64430142607296 
-265.64430142607245 
-265.64430142607233 
-265.6443014260722 
-265.6443014260721 
-265.644301426072 
-265.64430142607176 
-265.6443014260714 
-265.6443014260712 
-265.64430142607085 
-265.6443014260712 
-265.6443014260709 
-265.6443014260706 
-265.6443014260706 
-265.6443014260705 
-265.6443014260705 
-265.6443014260706 
-265.6443014260705 
-265.64430142607006 
-265.64430142606994 
-265.64430142606994 
-265.64430142607006 
-265.6443014260702 
-265.64430142607006 
-265.6443014260696 
-265.6443014260695 
-265.64430142606926 
-265.64430142606926 
-265.6443014260695 
-265.6443014260694 
-265.6443014260694 
-265.6443014260695 
-265.6443014260695 
-265.6443014260696 
-265.6443014260696 
-265.6443014260696 
-265.6443014260696 
-265.6443014260696 
-265.6443014260695 
-265.6443014260694 
-265.6443014260695 
-265.6443014260695 
-265.64430142606943 
-265.64430142606926 
-265.6443014260689 
-265.6443014260689 
-265.6443014260688 
-265.6443014260688 
-265.6443014260687 
-265.6443014260696 
-265.64430142606983 
-265.6443014260702 
-265.6443014260704 
-265.6443014260704 
-265.6443014260705 
-265.64430142607057 
-265.6443014260706 
-265.64430142607074 
-265.64430142607074 
-265.64430142607074 
-265.64430142607074 
-265.64430142607074 
-265.64430142607074 
-265.64430142607074 
-265.64430142607074 
-265.64430142607074 
-265.6443014260706 
-265.6443014260704 
-265.6443014260703 
-265.64430142607006 
-265.64430142607006 
-265.64430142606983 
-265.6443014260695 
-265.6443014260695 
-265.64430142606943 
-265.6443014260694 
-265.6443014260695 
-265.6443014260694 
-265.64430142606903 
-265.64430142606903 
-265.64430142606903 
-265.64430142606903 
-265.6443014260686 
-265.64430142606847 
-265.6443014260686 
-265.6443014260686 
-265.6443014260684 
-265.64430142606824 
-265.644301426068 
-265.6443014260679 
-265.6443014260677 
-265.64430142606784 
-265.6443014260678 
-265.6443014260679 
-265.6443014260679 
-265.6443014260678 
-265.64430142606767 
-265.64430142606756 
-265.64430142606756 
-265.6443014260675 
-265.64430142606744 
-265.64430142606733 
-265.64430142606733 
-265.644301426067 
-265.6443014260671 
-265.64430142606693 
-265.64430142606676 
-265.64430142606676 
-265.64430142606665 
-265.64430142606653 
-265.64430142606653 
-265.6443014260664 
-265.64430142606665 
-265.6443014260669 
-265.644301426067 
-265.644301426067 
-265.6443014260671 
-265.644301426067 
-265.644301426067 
-265.644301426067 
-265.644301426067 
-265.6443014260669 
-265.64430142606693 
-265.64430142606665 
-265.6443014260663 
-265.6443014260662 
-265.6443014260661 
-265.6443014260662 
-265.64430142606585 
-265.64430142606574 
-265.6443014260655 
-265.64430142606545 
-265.6443014260653 
-265.64430142606494 
-265.64430142606517 
-265.6443014260653 
-265.64430142606494 
-265.6443014260648 
-265.6443014260646 
-265.6443014260648 
-265.64430142606494 
-265.64430142606494 
-265.64430142606494 
-265.6443014260648 
-265.6443014260647 
-265.6443014260647 
-265.6443014260646 
-265.6443014260645 
-265.64430142606415 
-265.6443014260637 
-265.6443014260636 
-265.64430142606363 
-265.6443014260637 
-265.6443014260636 
-265.64430142606335 
-265.64430142606335 
-265.6443014260628 
-265.6443014260622 
-265.64430142606165 
-265.64430142606074 
-265.6443014260596 
-265.6443014260588 
-265.644301426058 
-265.64430142605744 
-265.6443014260932 
-265.6443014260578 
-265.6443014260928 
-265.6443014260573 
-265.6443014260578 
-265.64430142605846 
-265.6443014260592 
-265.64430142605994 
-265.64430142606085 
-265.64430142606136 
-265.644301426062 
-265.6443014260622 
-265.6443014260624 
-265.64430142606255 
-265.6443014260628 
-265.6443014260628 
-265.6443014260629 
-265.6443014260629 
-265.6443014260631 
-265.6443014260632 
-265.6443014260633 
-265.6443014260631 
-265.64430142606346 
-265.6443014260636 
-265.6443014260639 
-265.6443014260636 
-265.6443014260637 
-265.64430142606346 
-265.64430142606346 
-265.6443014260639 
-265.6443014260639 
-265.64430142606426 
-265.64430142606415 
-265.64430142606403 
-265.6443014260645 
-265.6443014260646 
-265.64430142606466 
-265.6443014260648 
-265.64430142606517 
-265.64430142606517 
-265.64430142606517 
-265.6443014260653 
-265.64430142606517 
-265.6443014260653 
-265.6443014260655 
-265.6443014260656 
-265.64430142606574 
-265.6443014260657 
-265.64430142606574 
-265.6443014260656 
-265.6443014260656 
-265.64430142606557 
-265.6443014260655 
-265.6443014260655 
-265.6443014260655 
-265.64430142606534 
-265.64430142606517 
-265.6443014260653 
-265.6443014260653 
-265.6443014260653 
-265.6443014260652 
-265.6443014260652 
-265.6443014260651 
-265.64430142606517 
-265.6443014260653 
-265.6443014260655 
-265.64430142606585 
-265.64430142606574 
-265.6443014260657 
-265.64430142606597 
-265.64430142606597 
-265.64430142606597 
-265.6443014260662 
-265.64430142606625 
-265.6443014260664 
-265.64430142606653 
-265.6443014260664 
-265.6443014260666 
-265.64430142606676 
-265.6443014260669 
-265.6443014260669 
-265.64430142606716 
-265.6443014260671 
-265.6443014260672 
-265.6443014260671 
-265.6443014260672 
-265.6443014260673 
-265.64430142606756 
-265.6443014260678 
-265.6443014260679 
-265.6443014260678 
-265.64430142606756 
-265.64430142606744 
-265.64430142606733 
-265.64430142606733 
-265.64430142606756 
-265.64430142606767 
-265.64430142606767 
-265.6443014260678 
-265.644301426068 
-265.6443014260679 
-265.644301426068 
-265.6443014260681 
-265.64430142606835 
-265.64430142606824 
-265.6443014260686 
-265.6443014260689 
-265.6443014260687 
-265.6443014260688 
-265.6443014260687 
-265.6443014260687 
-265.6443014260686 
-265.64430142606864 
-265.64430142606847 
-265.64430142606824 
-265.64430142606807 
-265.64430142606824 
-265.64430142606835 
-265.64430142606847 
-265.64430142606847 
-265.6443014260684 
-265.64430142606824 
-265.6443014260682 
-265.64430142606824 
-265.64430142606847 
-265.64430142606835 
-265.64430142606835 
-265.64430142606835 
-265.64430142606847 
-265.64430142606847 
-265.6443014260686 
-265.64430142606864 
-265.6443014260687 
-265.6443014260686 
-265.6443014260689 
-265.6443014260689 
-265.6443014260688 
-265.6443014260688 
-265.6443014260687 
-265.6443014260687 
-265.6443014260687 
-265.6443014260689 
-265.6443014260688 
-265.6443014260689 
-265.64430142606915 
-265.64430142606915 
-265.64430142606903 
-265.6443014260691 
-265.64430142606926 
-265.64430142606926 
-265.64430142606915 
-265.64430142606915 
-265.64430142606926 
-265.64430142606926 
-265.6443014260697 
-265.64430142606994 
-265.64430142606994 
-265.6443014260697 
-265.64430142606994 
-265.64430142606983 
-265.64430142607006 
-265.6443014260702 
-265.64430142607006 
-265.64430142607006 
-265.6443014260703 
-265.6443014260704 
-265.6443014260704 
-265.6443014260704 
-265.6443014260702 
-265.6443014260702 
-265.6443014260702 
-265.64430142607046 
-265.6443014260705 
-265.64430142607074 
-265.6443014260711 
-265.6443014260711 
-265.6443014260713 
-265.6443014260713 
-265.6443014260714 
-265.64430142607154 
-265.6443014260714 
-265.6443014260713 
-265.6443014260715 
-265.64430142607165 
-265.6443014260719 
-265.64430142607176 
-265.64430142607205 
-265.6443014260723 
-265.6443014260719 
-265.6443014260714 
-265.64430142607085 
-265.6443014260702 
-265.64430142606926 
-265.6443014260687 
-265.644301426068 
-265.6443014260679 
-265.64430142610337 
-265.644301426068 
-265.6443014261035 
-265.644301426068 
-265.64430142606824 
-265.6443014260688 
-265.6443014260694 
-265.6443014260703 
-265.6443014260711 
-265.64430142607176 
-265.6443014260722 
-265.64430142607256 
-265.64430142607233 
-265.6443014260722 
-265.64430142607233 
-265.6443014260721 
-265.6443014260719 
-265.64430142607176 
-265.644301426072 
-265.64430142607165 
-265.64430142607154 
-265.6443014260714 
-265.64430142607154 
-265.6443014260714 
-265.64430142607154 
-265.6443014260715 
-265.6443014260712 
-265.6443014260713 
-265.6443014260713 
-265.6443014260714 
-265.64430142607137 
-265.64430142607137 
-265.6443014260713 
-265.6443014260713 
-265.6443014260712 
-265.64430142607097 
-265.6443014260709 
-265.6443014260711 
-265.6443014260711 
-265.64430142607085 
-265.64430142607097 
-265.64430142607074 
-265.6443014260706 
-265.6443014260705 
-265.6443014260705 
-265.6443014260702 
-265.6443014260702 
-265.64430142607 
-265.64430142606983 
-265.64430142606994 
-265.6443014260703 
-265.6443014260702 
-265.6443014260702 
-265.6443014260703 
-265.64430142606994 
-265.64430142606983 
-265.64430142606983 
-265.64430142607006 
-265.64430142607 
-265.64430142607006 
-265.64430142607006 
-265.6443014260703 
-265.6443014260703 
-265.6443014260703 
-265.6443014260704 
-265.6443014260702 
-265.64430142607023 
-265.6443014260702 
-265.64430142606994 
-265.64430142606994 
-265.64430142606994 
-265.64430142607006 
-265.64430142606994 
-265.64430142606994 
-265.6443014260703 
-265.6443014260702 
-265.64430142606994 
-265.64430142606994 
-265.64430142606994 
-265.64430142606994 
-265.64430142606983 
-265.64430142606966 
-265.6443014260694 
-265.64430142606915 
-265.6443014260694 
-265.64430142606966 
-265.6443014260696 
-265.6443014260696 
-265.64430142606955 
-265.64430142606943 
-265.6443014260694 
-265.64430142606955 
-265.6443014260696 
-265.6443014260694 
-265.64430142606903 
-265.64430142606903 
-265.6443014260689 
-265.6443014260686 
-265.6443014260685 
-265.6443014260688 
-265.6443014260685 
-265.64430142606847 
-265.64430142606835 
-265.64430142606824 
-265.644301426068 
-265.64430142606807 
-265.6443014260681 
-265.644301426068 
-265.6443014260681 
-265.64430142606824 
-265.6443014260681 
-265.644301426068 
-265.64430142606767 
-265.64430142606767 
-265.6443014260678 
-265.644301426068 
-265.6443014260681 
-265.644301426068 
-265.644301426068 
-265.6443014260681 
-265.644301426068 
-265.6443014260681 
-265.644301426068 
-265.644301426068 
-265.644301426068 
-265.6443014260677 
-265.64430142606767 
-265.64430142606756 
-265.64430142606767 
-265.6443014260678 
-265.64430142606744 
-265.64430142606756 
-265.64430142606756 
-265.64430142606744 
-265.6443014260671 
-265.64430142606733 
-265.6443014260672 
-265.6443014260671 
-265.6443014260671 
-265.64430142606733 
-265.64430142606733 
-265.6443014260674 
-265.64430142606733 
-265.64430142606756 
-265.64430142606784 
-265.6443014260678 
-265.6443014260678 
-265.64430142606767 
-265.64430142606756 
-265.64430142606733 
-265.64430142606733 
-265.6443014260671 
-265.6443014260671 
-265.6443014260671 
-265.6443014260669 
-265.6443014260669 
-265.64430142606676 
-265.64430142606705 
-265.644301426067 
-265.6443014260669 
-265.644301426067 
-265.64430142606676 
-265.64430142606665 
-265.64430142606676 
-265.64430142606676 
-265.64430142606676 
-265.6443014260665 
-265.6443014260664 
-265.6443014260666 
-265.6443014260663 
-265.6443014260661 
-265.64430142606597 
-265.64430142606597 
-265.64430142606597 
-265.6443014260661 
-265.64430142606597 
-265.64430142606585 
-265.6443014260656 
-265.6443014260656 
-265.6443014260656 
-265.6443014260656 
-265.6443014260654 
-265.6443014260655 
-265.64430142606534 
-265.6443014260652 
-265.64430142606494 
-265.6443014260645 
-265.6443014260644 
-265.64430142606415 
-265.6443014260638 
-265.644301426063 
-265.64430142606244 
-265.6443014260617 
-265.64430142606085 
-265.6443014260603 
-265.6443014260596 
-265.64430142609496 
-265.64430142605994 
