2 3 0.30945343343498616 
3 4 0.3719023683101084 
4 5 0.3707483881361926 
5 6 0.38966428808605114 
6 7 0.43196502414232 
7 8 0.46561250140282884 
8 9 0.47255043361683713 
9 10 0.4772579189166647 
10 11 0.4996437679948122 
11 12 0.5240760728444852 
12 13 0.5349029201417785 
13 14 0.5352605776759223 
14 15 0.5453287192358417 
15 16 0.5647844985600011 
16 17 0.5775008379226363 
17 18 0.5792608821405395 
18 19 0.5810503056922126 
19 20 0.5942758568385509 
20 21 0.6083869066487222 
21 22 0.6129520804674561 
22 23 0.6118661293278944 
23 24 0.61733724169754 
24 25 0.6307391286814665 
25 26 0.6386687494544266 
26 27 0.6382471502618914 
27 28 0.63802753396711 
28 29 0.6468202100398827 
29 30 0.6576362794988074 
30 31 0.6599063861253855 
31 32 0.6574782758747644 
32 33 0.6600837406400798 
33 34 0.6703312843120647 
34 35 0.6767433309242715 
35 36 0.674924317612289 
36 37 0.6730268466393269 
37 38 0.6788052939211886 
38 39 0.6880472855936305 
39 40 0.6895617085282822 
40 41 0.6857892970646048 
41 42 0.6861658253373831 
42 43 0.6940714650859967 
43 44 0.7001281648094828 
44 45 0.6975502813175476 
45 46 0.6939822515315494 
46 47 0.6973071657574967 
47 48 0.705366577600581 
48 49 0.7070254417446604 
49 50 0.7020814320491329 
50 51 0.7004087846755443 
51 52 0.706196468021022 
52 53 0.7121927276093922 
53 54 0.7095351847814944 
54 55 0.7042945386426653 
55 56 0.7053845645685982 
56 57 0.7121537296169076 
57 58 0.7143676653739907 
58 59 0.7086622355669022 
59 60 0.7049442373549524 
60 61 0.7086622329272895 
61 62 0.7143676624788468 
62 63 0.7121537266386726 
63 64 0.7053845628003182 
64 65 0.7042945335110099 
65 66 0.709535176985755 
66 67 0.7121927175526035 
67 68 0.7061964597737331 
68 69 0.7004087784730504 
69 70 0.7020814228753596 
70 71 0.7070254283139573 
71 72 0.7053665602368905 
72 73 0.6973071528101595 
73 74 0.6939822406965281 
74 75 0.6975502678441923 
75 76 0.7001281434228167 
76 77 0.6940714398834822 
77 78 0.6861658064285493 
78 79 0.6857892806095055 
79 80 0.6895616886362488 
80 81 0.6880472528684158 
81 82 0.6788052597775248 
82 83 0.673026819611461 
83 84 0.6749242950233179 
84 85 0.6767433008238795 
85 86 0.6703312377218685 
86 87 0.6600836959024502 
87 88 0.6574782392714307 
88 89 0.6599063570948047 
89 90 0.6576362352342336 
90 91 0.64682015106733 
91 92 0.6380274785753179 
92 93 0.6382471077666286 
93 94 0.6386687147567298 
94 95 0.6307390753542114 
95 96 0.6173371842717811 
96 97 0.611866075713079 
97 98 0.6129520471359629 
98 99 0.6083868740237177 
99 100 0.5942758288386988 
100 101 0.581050288657811 
101 102 0.5792608728736722 
102 103 0.5775008187952217 
103 104 0.5647844693054427 
104 105 0.5453286889577268 
105 106 0.5352605651807794 
106 107 0.5349029134346163 
107 108 0.5240760568127112 
108 109 0.49964375007660605 
109 110 0.4772578981684002 
110 111 0.47255041028648437 
111 112 0.4656124883948592 
112 113 0.4319650128819421 
113 114 0.38966427767851325 
114 115 0.37074837973205 
115 116 0.37190236484222505 
116 117 0.30945343251537133 
117 118 0.1657861163433283 
