2 3 0.007441670532870781 
3 4 0.008237954899989457 
4 5 0.008463202906644185 
5 6 0.008501030381749161 
6 7 0.008501763866662987 
7 8 0.008499001321017687 
8 9 0.008497648103170382 
9 10 0.00849723117295561 
10 11 0.00849714215315441 
11 12 0.008497133550087117 
12 13 0.008497136649941513 
13 14 0.008497138817964125 
14 15 0.008497139597968483 
15 16 0.008497139792967411 
16 17 0.008497139823016532 
17 18 0.008497139821166308 
18 19 0.008497139817859023 
19 20 0.008497139816406882 
20 21 0.008497139815937827 
21 22 0.008497139816834205 
22 23 0.008497139819764115 
23 24 0.00849713980407762 
24 25 0.008497139809261782 
25 26 0.008497139812964662 
26 27 0.008497139814916338 
27 28 0.008497139817324119 
28 29 0.008497139820988405 
29 30 0.008497139813526755 
30 31 0.008497139707708715 
31 32 0.008497139719612943 
32 33 0.008497139775365817 
33 34 0.008497139800968254 
34 35 0.008497139810524083 
35 36 0.008497139814098123 
36 37 0.008497139815242886 
37 38 0.008497139815673824 
38 39 0.00849713981582018 
39 40 0.008497139815833584 
40 41 0.008497139815865373 
41 42 0.008497139815865817 
42 43 0.008497139815857653 
43 44 0.008497139815873045 
44 45 0.008497139815868963 
45 46 0.008497139815869926 
46 47 0.008497139815866842 
47 48 0.008497139815852322 
48 49 0.008497139815983027 
49 50 0.008497139815849666 
50 51 0.008497139816030176 
51 52 0.008497139815907299 
52 53 0.008497139815847954 
53 54 0.00849713981580953 
54 55 0.008497139816299699 
55 56 0.008497139817238215 
56 57 0.008497139816474292 
57 58 0.008497139816437993 
58 59 0.008497139816121761 
59 60 0.008497139816005778 
60 61 0.008497139815867494 
61 62 0.008497139815317523 
62 63 0.008497139815932784 
63 64 0.008497139815923094 
64 65 0.008497139815885407 
65 66 0.008497139815876005 
66 67 0.008497139815870533 
67 68 0.008497139815869246 
68 69 0.008497139815870707 
69 70 0.008497139815861051 
70 71 0.008497139815851576 
71 72 0.008497139815883752 
72 73 0.008497139816081412 
73 74 0.008497139815777047 
74 75 0.008497139816268248 
75 76 0.008497139816083498 
76 77 0.008497139815849673 
77 78 0.008497139815683383 
78 79 0.008497139818143214 
79 80 0.008497139811034055 
80 81 0.00849713980742347 
81 82 0.00849713977780526 
82 83 0.008497139732652278 
83 84 0.008497140017135996 
84 85 0.008497140665838449 
85 86 0.008497141743314137 
86 87 0.008497140800992896 
87 88 0.008497140216754124 
88 89 0.008497139965196524 
89 90 0.00849713986845955 
90 91 0.008497139832104334 
91 92 0.008497139820389231 
92 93 0.008497139817967254 
93 94 0.008497139815875843 
94 95 0.008497139815689184 
95 96 0.008497139815703197 
96 97 0.008497139815465137 
97 98 0.00849713981453393 
98 99 0.008497139814707724 
99 100 0.008497139825366488 
100 101 0.008497139826667157 
101 102 0.008497139808097397 
102 103 0.008497139810690876 
103 104 0.008497139813544014 
104 105 0.008497139814710003 
105 106 0.00849713981614217 
106 107 0.008497139818668027 
107 108 0.008497139817359738 
108 109 0.008497139816574496 
109 110 0.008497139816630571 
110 111 0.00849713981666743 
111 112 0.00849713981483515 
112 113 0.008497139805263796 
113 114 0.008497139780745748 
114 115 0.008497139937430785 
115 116 0.008497139714913834 
116 117 0.008497139743426587 
117 118 0.008497139782399667 
118 119 0.008497139802687513 
119 120 0.008497139809963073 
120 121 0.00849713980853807 
121 122 0.008497139758916195 
122 123 0.008497139850823534 
123 124 0.0084971398334595 
124 125 0.00849713982272734 
125 126 0.008497139818377379 
126 127 0.008497139816761132 
127 128 0.008497139816189849 
128 129 0.008497139815978863 
129 130 0.008497139815905809 
130 131 0.008497139815876483 
131 132 0.00849713981588938 
132 133 0.008497139815868202 
133 134 0.008497139815859405 
134 135 0.00849713981581086 
135 136 0.008497139815866302 
136 137 0.008497139815864673 
137 138 0.0084971398158741 
138 139 0.008497139815883651 
139 140 0.008497139816143267 
140 141 0.008497139816727214 
141 142 0.008497139816236673 
142 143 0.008497139808856522 
143 144 0.008497139820292252 
144 145 0.008497139818176555 
145 146 0.00849713981138168 
146 147 0.008497139812870246 
147 148 0.008497139814851564 
148 149 0.008497139820262848 
149 150 0.00849713981960483 
150 151 0.008497139818223006 
151 152 0.0084971398170908 
152 153 0.008497139816467077 
153 154 0.008497139816268316 
154 155 0.008497139814454654 
155 156 0.008497139810771479 
156 157 0.008497139816202799 
157 158 0.008497139816876944 
158 159 0.008497139816380398 
159 160 0.008497139816153052 
160 161 0.008497139816149628 
161 162 0.00849713981599285 
162 163 0.008497139815916573 
163 164 0.00849713981610493 
164 165 0.008497139816551903 
165 166 0.008497139816053156 
166 167 0.008497139815348519 
167 168 0.008497139814399925 
168 169 0.008497139815274802 
169 170 0.00849713982448248 
170 171 0.0084971398347214 
171 172 0.008497139825126785 
172 173 0.00849713981888446 
173 174 0.00849713981581263 
174 175 0.008497139822547907 
175 176 0.008497139825734343 
176 177 0.008497139817936756 
177 178 0.008497139814960057 
178 179 0.008497139815192 
179 180 0.008497139815995114 
180 181 0.00849713981758105 
181 182 0.008497139820679678 
182 183 0.008497139823111729 
183 184 0.008497139793595405 
184 185 0.008497139598763812 
185 186 0.008497138820358782 
186 187 0.0084971366546349 
187 188 0.008497133560021282 
188 189 0.008497142177097954 
189 190 0.008497231229170257 
190 191 0.008497648221917533 
191 192 0.008499001461597036 
192 193 0.008501763862220464 
193 194 0.008501030213489098 
194 195 0.008463202343434697 
195 196 0.008237954412452854 
196 197 0.007441670295914771 
197 198 0.005617513921456162 
