-173.78762518785277 
-173.78762518785243 
-173.7876251878553 
-173.7876251878581 
-173.78762518786107 
-173.78762518786394 
-173.78762518786695 
-173.78762518786942 
-173.7876251878724 
-173.78762518787565 
-173.78762518787858 
-173.7876251878813 
-173.78762518788437 
-173.787625187887 
-173.78762518788986 
-173.78762518789324 
-173.7876251878958 
-173.78762518789858 
-173.78762518790123 
-173.78762518790413 
-173.7876251879074 
-173.78762518790987 
-173.78762518791294 
-173.78762518791532 
-173.7876251879185 
-173.78762518792098 
-173.78762518792433 
-173.78762518792678 
-173.7876251879297 
-173.78762518793263 
-173.7876251879356 
-173.78762518793846 
-173.78762518794102 
-173.78762518794372 
-173.78762518794682 
-173.78762518794966 
-173.7876251879523 
-173.78762518795546 
-173.78762518795816 
-173.78762518796097 
-173.78762518796367 
-173.78762518796663 
-173.78762518796955 
-173.78762518797245 
-173.7876251879748 
-173.78762518797762 
-173.78762518798064 
-173.7876251879833 
-173.78762518798672 
-173.78762518799246 
-173.7876251880036 
-173.78762518801622 
-173.7876251880499 
-173.7876251880747 
-173.78762518829805 
-173.78762518838897 
-173.78762518839216 
-173.78762518839252 
-173.78762518839133 
-173.78762518839235 
-173.78762518839198 
-173.7876251883916 
-173.7876251883932 
-173.78762518839113 
-173.78762518839164 
-173.78762518839133 
-173.7876251883915 
-173.78762518839142 
-173.78762518839133 
-173.78762518839162 
-173.78762518839173 
-173.7876251883918 
-173.7876251883917 
-173.78762518839207 
-173.78762518839213 
-173.78762518839213 
-173.78762518839238 
-173.78762518839216 
-173.7876251883921 
-173.78762518839216 
-173.787625188392 
-173.78762518839238 
-173.78762518839255 
-173.78762518839227 
-173.78762518839255 
-173.78762518839247 
-173.78762518839258 
-173.78762518839235 
-173.78762518839247 
-173.7876251883925 
-173.7876251883926 
-173.78762518839258 
-173.7876251883928 
-173.7876251883927 
-173.78762518839258 
-173.7876251883929 
-173.7876251883929 
-173.78762518839264 
-173.7876251883928 
-173.78762518839306 
-173.78762518839318 
-173.787625188393 
-173.7876251883932 
-173.78762518839287 
-173.78762518839315 
-173.78762518839332 
-173.7876251883933 
-173.78762518839318 
-173.78762518839292 
-173.78762518839292 
-173.787625188393 
-173.78762518839318 
-173.78762518839326 
-173.7876251883935 
-173.7876251883934 
-173.7876251883934 
-173.78762518839704 
-173.78762518839932 
-173.7876251884024 
-173.78762518840486 
-173.787625188408 
-173.78762518841074 
-173.78762518841324 
-173.78762518841592 
-173.78762518841847 
-173.7876251884215 
-173.7876251884247 
-173.7876251884273 
-173.78762518843027 
-173.78762518843243 
-173.78762518843513 
-173.78762518843803 
-173.78762518844073 
-173.78762518844357 
-173.78762518844658 
-173.78762518844948 
-173.7876251884533 
-173.78762518845554 
-173.787625188458 
-173.78762518846113 
-173.78762518846406 
-173.78762518846685 
-173.78762518846995 
-173.78762518847284 
-173.78762518847552 
-173.78762518847833 
-173.78762518848063 
-173.78762518848387 
-173.78762518848654 
-173.78762518848967 
-173.78762518849277 
-173.7876251884956 
-173.7876251884983 
-173.78762518850166 
-173.78762518850442 
-173.78762518850735 
-173.78762518850996 
-173.787625188513 
-173.7876251885159 
-173.7876251885189 
-173.7876251885219 
-173.7876251885244 
-173.78762518852736 
-173.7876251885302 
-173.78762518853324 
-173.7876251885393 
-173.78762518855012 
-173.78762518856263 
-173.7876251885957 
-173.7876251886203 
-173.78762518884304 
-173.78762518893367 
-173.78762518893691 
-173.7876251889373 
-173.78762518893632 
-173.78762518893626 
-173.7876251889362 
-173.78762518893652 
-173.7876251889368 
-173.7876251889366 
-173.78762518893723 
-173.78762518893765 
-173.787625188938 
-173.78762518893808 
-173.78762518893816 
-173.78762518893822 
-173.78762518893842 
-173.78762518893842 
-173.78762518893836 
-173.78762518893865 
-173.7876251889386 
-173.7876251889386 
-173.78762518893873 
-173.78762518893856 
-173.78762518893842 
-173.7876251889387 
-173.78762518893825 
-173.7876251889386 
-173.78762518893882 
-173.7876251889384 
-173.78762518893814 
-173.78762518893814 
-173.78762518893797 
-173.78762518893816 
-173.78762518893816 
-173.787625188938 
-173.78762518893808 
-173.7876251889382 
-173.7876251889382 
-173.78762518893828 
-173.7876251889388 
-173.78762518893873 
-173.78762518893885 
-173.78762518893882 
-173.78762518893842 
-173.78762518893845 
-173.78762518893845 
-173.7876251889386 
-173.78762518893865 
-173.78762518893896 
-173.78762518893896 
-173.78762518893902 
-173.78762518893907 
-173.7876251889393 
-173.78762518893896 
-173.78762518893913 
-173.7876251889393 
-173.78762518893905 
-173.78762518893924 
-173.78762518893953 
-173.7876251889397 
-173.78762518893961 
-173.78762518893961 
-173.78762518893973 
-173.78762518893984 
-173.78762518894007 
-173.78762518894004 
-173.78762518893996 
-173.7876251889399 
-173.78762518893984 
-173.78762518893998 
-173.7876251889399 
-173.78762518893984 
-173.78762518893976 
-173.7876251889398 
-173.78762518893987 
-173.78762518893973 
-173.78762518893996 
-173.78762518893987 
-173.78762518893973 
-173.78762518893973 
-173.78762518893973 
-173.78762518893973 
-173.78762518893964 
-173.78762518893964 
-173.78762518893973 
-173.78762518894 
-173.78762518894018 
-173.78762518894027 
-173.78762518893998 
-173.78762518894018 
-173.7876251889402 
-173.7876251889402 
-173.78762518894 
-173.7876251889401 
-173.78762518894013 
-173.78762518893976 
-173.78762518893976 
-173.78762518894 
-173.7876251889398 
-173.7876251889398 
-173.78762518894004 
-173.78762518894027 
-173.78762518894027 
-173.78762518894027 
-173.78762518894027 
-173.78762518894004 
-173.78762518894004 
-173.78762518893993 
-173.78762518893987 
-173.78762518893973 
-173.78762518893956 
-173.78762518893967 
-173.7876251889399 
-173.7876251889395 
-173.78762518893913 
-173.78762518894086 
-173.7876251889398 
-173.78762518893927 
-173.78762518893913 
-173.7876251889388 
-173.78762518893907 
-173.7876251889401 
-173.78762518893916 
-173.7876251889396 
-173.78762518893933 
-173.7876251889397 
-173.78762518893987 
-173.7876251889395 
-173.7876251889395 
-173.78762518893953 
-173.78762518893967 
-173.78762518893953 
-173.78762518893953 
-173.7876251889395 
-173.78762518893987 
-173.7876251889397 
-173.78762518893947 
-173.78762518893924 
-173.7876251889392 
-173.78762518893905 
-173.78762518893905 
-173.78762518893896 
-173.78762518893896 
-173.78762518893907 
-173.78762518893888 
-173.78762518893916 
-173.7876251889391 
-173.78762518893907 
-173.7876251889391 
-173.78762518893888 
-173.7876251889388 
-173.7876251889389 
-173.78762518893896 
-173.787625188939 
-173.78762518893882 
-173.78762518893862 
-173.78762518893888 
-173.78762518893885 
-173.78762518893888 
-173.7876251889389 
-173.78762518893896 
-173.78762518893907 
-173.7876251889391 
-173.78762518893916 
-173.78762518893933 
-173.78762518893916 
-173.78762518893913 
-173.78762518893936 
-173.78762518893947 
-173.78762518893944 
-173.78762518893922 
-173.7876251889396 
-173.78762518893933 
-173.78762518893947 
-173.7876251889395 
-173.78762518893936 
-173.78762518893953 
-173.78762518893922 
-173.7876251889391 
-173.78762518893922 
-173.7876251889391 
-173.78762518893902 
-173.78762518893873 
-173.78762518893902 
-173.787625188939 
-173.78762518893888 
-173.78762518893916 
-173.7876251889392 
-173.78762518893885 
-173.78762518893882 
-173.7876251889388 
-173.78762518893856 
-173.7876251889386 
-173.78762518893865 
-173.78762518893856 
-173.78762518893853 
-173.78762518893885 
-173.78762518893885 
-173.78762518893873 
-173.78762518893868 
-173.78762518893853 
-173.7876251889387 
-173.78762518893882 
-173.7876251889389 
-173.78762518893902 
-173.7876251889392 
-173.78762518893873 
-173.78762518893876 
-173.7876251889387 
-173.78762518893882 
-173.7876251889392 
-173.78762518893905 
-173.78762518893916 
-173.78762518893902 
-173.787625188939 
-173.78762518893907 
-173.78762518893913 
-173.78762518893907 
-173.78762518893907 
-173.7876251889392 
-173.78762518893907 
-173.78762518893888 
-173.78762518893885 
-173.78762518893896 
-173.78762518893896 
-173.7876251889392 
-173.78762518893913 
-173.78762518893896 
-173.78762518893902 
-173.78762518893907 
-173.7876251889388 
-173.78762518894086 
-173.78762518893873 
-173.78762518893984 
-173.78762518893905 
-173.78762518893856 
