2 -0.19764093315678868 
3 -0.2024297597446695 
4 -0.20463865136269413 
5 -0.20447114501549693 
6 -0.20428791750903033 
7 -0.20427057761571618 
8 -0.20428785474925246 
9 -0.20429207887516482 
10 -0.20428997100916066 
11 -0.20428912690467727 
12 -0.2042894443562159 
13 -0.20428963029707362 
14 -0.2042895792612615 
15 -0.20428953537250819 
16 -0.2042895430438972 
17 -0.20428955369134713 
18 -0.20428955282982061 
19 -0.20428955022242426 
20 -0.20428955019636122 
21 -0.20428955083351066 
22 -0.2042895508982922 
23 -0.20428955074401034 
24 -0.20428955071313498 
25 -0.20428955074976213 
26 -0.2042895507612842 
27 -0.20428955075299077 
28 -0.20428955074899569 
29 -0.20428955075046146 
30 -0.20428955075192895 
31 -0.20428955075250174 
32 -0.2042895507518675 
33 -0.20428955075062458 
34 -0.20428955074965982 
35 -0.2042895507528689 
36 -0.20428955075297758 
37 -0.2042895506981762 
38 -0.20428955073587127 
39 -0.20428955074268684 
40 -0.20428955075431152 
41 -0.20428955075403968 
42 -0.20428955075154806 
43 -0.2042895507513452 
44 -0.20428955075124175 
45 -0.204289550751359 
46 -0.20428955075221233 
47 -0.20428955075239555 
48 -0.2042895507500001 
49 -0.2042895507488475 
50 -0.20428955075332078 
51 -0.20428955075854735 
52 -0.20428955073086652 
53 -0.20428955063614665 
54 -0.204289550933041 
55 -0.20428955067974258 
56 -0.20428955049675385 
57 -0.20428955080744343 
58 -0.20428954935880658 
59 -0.20428955094952933 
60 -0.20428954978967231 
61 -0.20428955037640956 
62 -0.20428955066450583 
63 -0.20428955075951827 
64 -0.2042895507233718 
65 -0.20428955083044167 
66 -0.20428955009238486 
67 -0.20428955079536384 
68 -0.2042895507784091 
69 -0.20428955073505262 
70 -0.20428955074288274 
71 -0.2042895507526277 
72 -0.20428955075265245 
73 -0.20428955075152502 
74 -0.2042895507514698 
75 -0.20428955075159683 
76 -0.20428955075158653 
77 -0.20428955075127075 
78 -0.204289550751341 
79 -0.20428955075136268 
80 -0.2042895507518242 
81 -0.2042895507517757 
82 -0.20428955075058772 
83 -0.20428955075034794 
84 -0.20428955075400612 
85 -0.20428955075634161 
86 -0.20428955074665497 
87 -0.20428955073499327 
88 -0.20428955075333885 
89 -0.2042895508058448 
90 -0.20428955081677733 
91 -0.2042895505560082 
92 -0.20428954962334758 
93 -0.20428955022203146 
94 -0.20428955469951549 
95 -0.2042895498107466 
96 -0.20428955038588192 
97 -0.20428954962734813 
98 -0.20428954986882758 
99 -0.20428955145911842 
100 -0.20428955160123188 
101 -0.20428955280426622 
102 -0.20428955341671548 
103 -0.20428954264230778 
104 -0.20428953796256283 
105 -0.20428958022093685 
106 -0.2042896318606932 
107 -0.20428944795065998 
108 -0.2042891240406521 
109 -0.20428999023145175 
110 -0.20429208411637736 
111 -0.20428785143165884 
112 -0.2042705766862285 
113 -0.20428791765320894 
114 -0.20447114507082786 
115 -0.204638651358612 
116 -0.20242975974148358 
117 -0.19764093315335704 
