2 3 0.5104050828581721 
3 4 0.45102007423656976 
4 5 0.5040533497198181 
5 6 0.5736274015922289 
6 7 0.5794415699998683 
7 8 0.5910348236095078 
8 9 0.624055312759947 
9 10 0.648021379772886 
10 11 0.6564387907215806 
11 12 0.6703509776926548 
12 13 0.6861957815876141 
13 14 0.6989225483718057 
14 15 0.7095284807218167 
15 16 0.7175867466056995 
16 17 0.7254811850775144 
17 18 0.7370878663505103 
18 19 0.7455667881672114 
19 20 0.749610686306892 
20 21 0.7562528424619898 
21 22 0.7666398051688249 
22 23 0.7727198051198748 
23 24 0.7757570505507707 
24 25 0.7820646444404693 
25 26 0.7904103724469983 
26 27 0.7953191547948602 
27 28 0.7978165754481342 
28 29 0.8029262433099359 
29 30 0.8098492559700569 
30 31 0.8137516223211899 
31 32 0.8152768145005979 
32 33 0.8194165768663377 
33 34 0.8253875729723548 
34 35 0.8281859345485307 
35 36 0.8289798797922697 
36 37 0.8327208719566148 
37 38 0.8377689267673154 
38 39 0.8397715758536158 
39 40 0.8402233371323322 
40 41 0.8435635480873832 
41 42 0.8478093034931069 
42 43 0.8491879293217963 
43 44 0.8492485437004083 
44 45 0.8520535402611874 
45 46 0.8556264309179528 
46 47 0.8562966402154264 
47 48 0.8558577122799768 
48 49 0.8582567096679143 
49 50 0.8611719997052129 
50 51 0.8611754091887461 
51 52 0.8603655760830987 
52 53 0.8624928248505843 
53 54 0.8647970687540486 
54 55 0.8642466541981614 
55 56 0.8631755290134048 
56 57 0.8649769632914818 
57 58 0.8667071510816468 
58 59 0.8655807619749873 
59 60 0.864177178011129 
60 61 0.8655807683398974 
61 62 0.8667071675226741 
62 63 0.8649769893420778 
63 64 0.8631755612669443 
64 65 0.8642466924074683 
65 66 0.8647971163943722 
66 67 0.8624928816779361 
67 68 0.8603656382129291 
68 69 0.8611754764794327 
69 70 0.8611720752487406 
70 71 0.8582567932683599 
71 72 0.8558578001507733 
72 73 0.8562967325002995 
73 74 0.8556265302792669 
74 75 0.8520536459131096 
75 76 0.8492486522393453 
76 77 0.8491880411156286 
77 78 0.8478094201861354 
78 79 0.8435636689256478 
79 80 0.8402234591486435 
80 81 0.8397716994208018 
81 82 0.8377690527217391 
82 83 0.8327209998712678 
83 84 0.8289800070070527 
84 85 0.8281860608159234 
85 86 0.8253876993652393 
86 87 0.819416703002528 
87 88 0.8152769376267524 
88 89 0.8137517425119885 
89 90 0.8098493740996803 
90 91 0.8029263592457354 
91 92 0.7978166863879833 
92 93 0.7953192611471437 
93 94 0.7904104744155998 
94 95 0.7820647419461794 
95 96 0.7757571417940102 
96 97 0.7727198917094474 
97 98 0.7666398882596589 
98 99 0.7562529204712395 
99 100 0.7496107576547516 
100 101 0.7455668550662965 
101 102 0.7370879285863281 
102 103 0.7254812425081011 
103 104 0.7175867985166144 
104 105 0.7095285270947619 
105 106 0.6989225898939092 
106 107 0.6861958185723469 
107 108 0.6703510094781256 
108 109 0.6564388181120435 
109 110 0.6480214035275996 
110 111 0.6240553325341351 
111 112 0.5910348396780059 
112 113 0.5794415838088083 
113 114 0.5736274124803951 
114 115 0.5040533587871472 
115 116 0.4510200799326028 
116 117 0.5104050851449987 
117 118 0.39439398076378146 
