0.0 
28.236954650214983 
26.8343383758994 
25.123956122706048 
23.753190790618508 
22.01543493170418 
20.64140837232878 
18.9023322322556 
17.528097721879323 
15.788889825561714 
14.414628409373254 
12.675396606354388 
11.301132513672178 
9.56189850728355 
8.187634122250868 
6.448399877638117 
5.07413545537066 
3.3349011816066927 
1.9606367554042938 
0.22140247845660938 
-1.1528619481973439 
-2.892096225506932 
-4.266360652213515 
-6.005594929564726 
-7.379859356277218 
-9.119093633633176 
-10.493358060346361 
-12.23259233770286 
-13.60685676441611 
-15.346091041772652 
-16.72035546848594 
-18.459589745842504 
-19.833854172555792 
-21.57308844991235 
-22.94735287662562 
-24.68658715398219 
-26.060851580695477 
-27.800085858052014 
-29.174350284765293 
-30.913584562121866 
-32.287848988835144 
-34.02708326619172 
-35.401347692905 
-37.140581970261586 
-38.51484639697485 
-40.25408067433144 
-41.62834510104471 
-43.36757937840128 
-44.74184380511455 
-46.481078082471136 
-47.855342509184446 
-49.594576786540976 
-50.968841213254265 
-52.70807549061086 
-54.0823399173242 
-55.821574194680814 
-57.195838621394095 
-58.935072898750704 
-60.30933732546403 
-62.04857160282068 
-63.422836029533975 
-65.16207030689056 
-66.53633473360385 
-68.27556901096047 
-69.6498334376737 
-71.38906771503034 
-72.76333214174365 
-74.50256641910009 
-75.87683084581353 
-77.61606512317023 
-78.99032954988344 
-80.729563827241 
-82.10382825395347 
-83.843062531314 
-85.21732695802322 
-86.95656123539887 
-88.33082566209295 
-90.07005993953571 
-91.44432436616275 
-93.18355864390914 
-94.55782307023351 
-96.29705734935422 
-97.67132177431401 
-99.41055605964513 
-100.78482047847007 
-102.52405479181535 
-103.89831918311712 
-105.63755362260952 
-107.0118178907079 
-108.7510528971358 
-110.12531661508484 
-111.86455416364088 
-113.23881543134448 
-114.97806434627279 
-116.35231472969186 
-118.09161426398435 
-119.4658164086783 
-121.20533993748172 
-122.57932852911475 
-124.3198317213581 
-125.69287321442779 
-127.4375615644209 
-128.8063703547583 
-130.5680690647334 
-131.91762329964362 
-133.74082119979332 
-134.99928630425305 
-136.95748151909302 
-137.82222260530617 
-139.08298357837265 
-142.1917204676537 
-143.20602283588772 
-146.6518394412414 
-148.16224293292092 
-152.45690800250915 
-156.09279547196647 
-167.6245599413497 
-167.62777573103355 
-167.6283233525352 
-167.63508856345382 
-167.6354081948459 
-167.6543719339828 
-167.65484558126855 
-167.65555339947034 
-167.65628043770815 
-167.6569697083627 
-167.6596163351891 
-167.66038171825764 
-167.66292882799914 
-167.6637949572805 
-167.66629318090108 
-167.66719176549415 
-167.66967729838112 
-167.67058400851747 
-167.67306653865765 
-167.6739751461686 
-167.67645698591517 
-167.67736602645377 
-167.67984770936116 
-167.6807568478002 
-167.68323849530591 
-167.6841476557659 
-167.68662929531448 
-167.68753846071033 
-167.6900200984763 
-167.6909292649756 
-167.6934109023434 
-167.6943200690885 
-167.69680170636732 
-167.69771087316744 
-167.70019251042646 
-167.70110167723863 
-167.70358331449333 
-167.70449248130816 
-167.70697411856216 
-167.70788328537756 
-167.7103649226311 
-167.71127408944676 
-167.71375572670016 
-167.71466489351573 
-167.71714653076924 
-167.7180556975849 
-167.7205373348385 
-167.72144650165413 
-167.72392813890784 
-167.72483730572336 
-167.727318942977 
-167.72822810979255 
-167.73070974704623 
-167.73161891386195 
-167.73410055111555 
-167.73500971793126 
-167.73749135518486 
-167.73840052200043 
-167.7408821592539 
-167.74179132606943 
-167.7442729633231 
-167.74518213013877 
-167.7476637673922 
-167.74857293420771 
-167.7510545714613 
-167.75196373827706 
-167.7544453755307 
-167.75535454234634 
-167.7578361795999 
-167.75874534641557 
-167.76122698366922 
-167.762136150485 
-167.76461778773862 
-167.7655269545543 
-167.76800859180784 
-167.76891775862342 
-167.7713993958769 
-167.77230856269256 
-167.77479019994618 
-167.77569936676193 
-167.77818100401552 
-167.77909017083124 
-167.78157180808475 
-167.7824809749005 
-167.7849626121541 
-167.7858717789696 
-167.7883534162232 
-167.78926258303878 
-167.79174422029243 
-167.79265338710817 
-167.79513502436166 
-167.79604419117734 
-167.79852582843066 
-167.79943499524703 
-167.80191663249855 
-167.80282579931915 
-167.80530743655547 
-167.8062166034114 
-167.80869824052286 
-167.8096074076823 
-167.8120890438004 
-167.81299821344678 
-167.81547984106354 
-167.81638903145378 
-167.81887059974738 
-167.8197799704765 
-167.82226114550164 
-167.82317170690487 
-167.82564883876498 
-167.82656784001497 
-167.82905581109233 
-167.8300923998693 
-167.832294256687 
-167.83398327039916 
-167.83399095663177 
-167.8339909566317 
-177.78374296331268 
-177.7844975189329 
-177.78450426222483 
-177.78450467454311 
-177.78450498916087 
-177.7845050714843 
-177.78450518446462 
-177.78450526067164 
-177.7845053689806 
-177.784505444384 
-177.78450555172677 
-177.78450562709358 
-177.78450573431988 
-177.78450580968413 
-177.78450591689582 
-177.78450599225962 
-177.78450609946938 
-177.78450617483307 
-177.78450628204266 
-177.7845063574063 
-177.78450646461596 
-177.78450653997967 
-177.7845066471891 
-177.78450672255295 
-177.78450682976242 
-177.78450690512616 
-177.78450701233587 
-177.78450708769972 
-177.7845071949093 
-177.78450727027305 
-177.7845073774827 
-177.78450745284638 
-177.78450756005574 
-177.78450763541954 
-177.78450774262907 
-177.78450781799293 
-177.78450792520252 
-177.78450800056638 
-177.78450810777665 
-177.78450818314045 
-177.78450829035003 
-177.78450836571383 
-177.7845084729235 
-177.78450854828733 
-177.78450865549698 
-177.7845087308606 
-177.78450883807008 
-177.78450891343377 
-177.78450902064324 
-177.78450909600716 
-177.78450920321663 
-177.78450927858037 
-177.7845093857899 
-177.78450946115353 
-177.78450956836312 
-177.78450964372703 
-177.78450975093668 
-177.78450982630036 
-177.78450993350995 
-177.7845100088738 
-177.78451011608345 
-177.7845101914472 
-177.78451029865678 
-177.7845103740203 
-177.78451048122983 
-177.78451055659357 
-177.78451066380322 
-177.7845107391669 
-177.78451084637646 
-177.78451092174018 
-177.78451102894965 
-177.78451110431328 
-177.7845112115228 
-177.78451128688656 
-177.7845113940962 
-177.78451146946 
-177.78451157666953 
-177.78451165203333 
-177.78451175924286 
-177.78451183460672 
-177.78451194181625 
-177.78451201717994 
-177.78451212438952 
-177.78451219975332 
-177.78451230696297 
-177.7845123823267 
-177.78451248953618 
-177.78451256489987 
-177.7845126721094 
-177.7845127474732 
-177.78451285468273 
-177.78451293004642 
-177.7845130372559 
-177.78451311261946 
-177.78451321982843 
-177.7845132951921 
-177.78451340239948 
-177.7845134777622 
-177.78451358496184 
-177.78451366032058 
-177.78451376748595 
-177.78451384282724 
-177.78451394984293 
-177.78451402511004 
-177.78451413151535 
-177.78451420646033 
-177.78451431103358 
-177.78451438449824 
-177.78451449437935 
-177.78451456696084 
-177.78451465031932 
-177.78451472170278 
-177.7845148179844 
-177.78451489486824 
-177.78451489509055 
-177.78451489507418 
-177.78451489507418 
-177.78451489507398 
-177.78451489509015 
-177.78451489507395 
-177.78451489524898 
-177.78451489545157 
-177.78451489564216 
-177.78451489580587 
-177.78451489596452 
-177.7845148961205 
-177.7845148962792 
-177.78451489643433 
-177.78451489659258 
-177.7845148967476 
-177.78451489690596 
-177.7845148970611 
-177.78451489721945 
-177.78451489737446 
-177.78451489753283 
-177.78451489768796 
-177.7845148978462 
-177.7845148980013 
-177.7845148981593 
-177.78451489831448 
-177.7845148984728 
-177.78451489862786 
-177.78451489878617 
-177.78451489894113 
-177.78451489909904 
-177.78451489925433 
-177.78451489941293 
-177.7845148995681 
-177.78451489972625 
-177.7845148998813 
-177.78451490003968 
-177.78451490019503 
-177.78451490035323 
-177.78451490050836 
-177.78451490066644 
-177.7845149008215 
-177.78451490097987 
-177.784514901135 
-177.78451490129342 
-177.78451490144832 
-177.78451490160657 
-177.78451490176187 
-177.78451490191995 
-177.78451490207507 
-177.78451490223333 
-177.78451490238845 
-177.78451490254676 
-177.78451490270177 
-177.78451490286002 
-177.7845149030151 
-177.78451490317363 
-177.7845149033287 
-177.784514903487 
-177.7845149036419 
-177.78451490380033 
-177.7845149039555 
-177.78451490411393 
-177.784514904269 
-177.7845149044273 
-177.78451490458227 
-177.78451490474052 
-177.78451490489547 
-177.78451490505373 
-177.7845149052088 
-177.78451490536682 
-177.78451490552212 
-177.78451490568037 
-177.78451490583555 
-177.7845149059938 
-177.78451490614898 
-177.784514906307 
-177.7845149064619 
-177.78451490662 
-177.784514906775 
-177.78451490693354 
-177.78451490708787 
-177.78451490724592 
-177.78451490740062 
-177.7845149075591 
-177.78451490771423 
-177.78451490787248 
-177.78451490802783 
-177.78451490818608 
-177.7845149083411 
-177.78451490849932 
-177.7845149086543 
-177.78451490881244 
-177.78451490896745 
-177.7845149091256 
-177.7845149092806 
-177.78451490943897 
-177.78451490959404 
-177.78451490975223 
-177.78451490990747 
-177.78451491006578 
-177.78451491022102 
-177.78451491037927 
-177.78451491053445 
-177.7845149106926 
-177.7845149108478 
-177.78451491100608 
-177.7845149111612 
-177.78451491131963 
-177.78451491147493 
-177.7845149116339 
-177.7845149117912 
-177.78451491195918 
-177.7845149121516 
-177.7845149123273 
-177.78451491241444 
-177.78451491243104 
-177.78451491241464 
-177.78451491241466 
-177.78451491241455 
-177.78451491243112 
-177.7845149124146 
-177.78451491243405 
-177.78451491243035 
-177.7845149124323 
-177.78451491244115 
-177.784514912451 
-177.78451491245065 
-177.78451491245048 
-177.78451491245025 
-177.78451491244974 
-177.78451491244968 
-177.78451491244923 
-177.78451491244905 
-177.78451491244877 
-177.78451491244854 
-177.78451491244826 
-177.78451491244832 
-177.78451491244803 
-177.78451491244815 
-177.78451491244803 
-177.78451491244775 
-177.7845149124478 
-177.7845149124477 
-177.78451491244758 
-177.7845149124474 
-177.7845149124473 
-177.7845149124473 
-177.78451491244718 
-177.78451491244712 
-177.78451491244695 
-177.78451491244678 
-177.78451491244667 
-177.78451491244627 
-177.7845149124466 
-177.7845149124465 
-177.78451491244633 
-177.78451491244616 
-177.78451491244581 
-177.78451491244593 
-177.78451491244581 
-177.78451491244599 
-177.7845149124457 
-177.7845149124453 
-177.7845149124452 
-177.78451491244508 
-177.78451491244462 
-177.7845149124445 
-177.7845149124445 
-177.7845149124445 
-177.7845149124445 
-177.78451491244462 
-177.78451491244462 
-177.78451491244456 
-177.78451491244445 
-177.784514912444 
-177.78451491244383 
-177.78451491244337 
-177.7845149124436 
-177.78451491244365 
-177.78451491244337 
-177.78451491244314 
-177.78451491244286 
-177.78451491244275 
-177.78451491244252 
-177.7845149124423 
-177.78451491244218 
-177.78451491244218 
-177.78451491244212 
-177.78451491244218 
-177.78451491244184 
-177.78451491244167 
-177.78451491244172 
-177.7845149124415 
-177.78451491244132 
-177.78451491244115 
-177.78451491244115 
-177.78451491244087 
-177.7845149124407 
-177.78451491244076 
-177.78451491244053 
-177.78451491244036 
-177.78451491244024 
-177.7845149124403 
-177.78451491244024 
-177.78451491243968 
-177.78451491243933 
-177.7845149124395 
-177.78451491243945 
-177.78451491243916 
-177.78451491243922 
-177.7845149124391 
-177.78451491243882 
-177.78451491243894 
-177.78451491243865 
-177.78451491243848 
-177.78451491243837 
-177.7845149124382 
-177.78451491243814 
-177.78451491243797 
-177.78451491243763 
-177.7845149124374 
-177.78451491243746 
-177.78451491243746 
-177.78451491243712 
-177.78451491243678 
-177.784514912437 
-177.78451491243786 
-177.78451491243933 
-177.78451491243712 
-177.78451491244093 
-177.7845149124212 
-177.7845149124377 
-177.78451491242146 
-177.78451491242149 
-177.78451491242146 
-177.7845149124378 
-177.78451491242137 
-177.7845149124412 
-177.7845149124374 
-177.7845149124399 
-177.78451491243857 
-177.78451491244843 
-177.7845149124477 
-177.78451491244792 
-177.7845149124481 
-177.78451491244797 
-177.78451491244792 
-177.78451491244792 
-177.78451491244803 
-177.78451491244803 
-177.78451491244815 
-177.7845149124481 
-177.78451491244803 
-177.78451491244797 
-177.78451491244803 
-177.7845149124481 
-177.78451491244815 
-177.7845149124482 
-177.78451491244803 
-177.78451491244843 
-177.78451491244843 
-177.7845149124485 
-177.7845149124486 
-177.78451491244888 
-177.78451491244894 
-177.7845149124488 
-177.78451491244883 
-177.7845149124487 
-177.7845149124486 
-177.7845149124487 
-177.78451491244854 
-177.78451491244866 
-177.78451491244866 
-177.7845149124486 
-177.7845149124486 
-177.7845149124486 
-177.7845149124485 
-177.7845149124486 
-177.7845149124485 
-177.7845149124485 
-177.78451491244854 
-177.7845149124485 
-177.7845149124485 
-177.78451491244854 
-177.7845149124486 
-177.78451491244854 
-177.78451491244877 
-177.78451491244877 
-177.784514912449 
-177.78451491244888 
-177.7845149124487 
-177.78451491244883 
-177.78451491244886 
-177.7845149124491 
-177.78451491244905 
-177.78451491244905 
-177.784514912449 
-177.78451491244888 
-177.784514912449 
-177.7845149124491 
-177.78451491244908 
-177.78451491244917 
-177.78451491244945 
-177.78451491244934 
-177.78451491244928 
-177.78451491244957 
-177.78451491244962 
-177.7845149124495 
-177.78451491244957 
-177.78451491244945 
-177.78451491244957 
-177.78451491244957 
-177.7845149124495 
-177.78451491244962 
-177.78451491244957 
-177.78451491244968 
-177.78451491244977 
-177.7845149124498 
-177.78451491244974 
-177.78451491244968 
-177.78451491244968 
-177.78451491244974 
-177.7845149124498 
-177.78451491244985 
-177.7845149124499 
-177.78451491244996 
-177.7845149124499 
-177.78451491244996 
-177.78451491245008 
-177.78451491245008 
-177.78451491245008 
-177.78451491244996 
-177.78451491245002 
-177.7845149124502 
-177.7845149124502 
-177.78451491245042 
-177.7845149124506 
-177.7845149124506 
-177.78451491245087 
-177.78451491245093 
-177.78451491245104 
-177.78451491245139 
-177.78451491244155 
-177.78451491244303 
-177.7845149124408 
-177.78451491244462 
-177.78451491242518 
-177.78451491244155 
-177.78451491242507 
-177.78451491242518 
