0.0 
130.52055893537474 
129.16076544137297 
126.98659956459595 
126.51335098643165 
123.46647101553995 
123.39070613100901 
119.93253923377932 
119.8567739206983 
116.39860756252654 
116.32284224331431 
112.8646758912673 
112.78891057205205 
109.33074422000807 
109.25497890079289 
105.79681254874887 
105.72104722953364 
102.26288087748958 
102.18711555827436 
98.72894920623033 
98.65318388701508 
95.19501753497109 
95.11925221575616 
91.66108586371179 
91.58532054449755 
88.12715419245256 
88.05138887323733 
84.59322252119325 
84.51745720197803 
81.0592908499341 
80.98352553071886 
77.52535917867489 
77.44959385945963 
73.99142750741566 
73.91566218820044 
70.45749583615645 
70.38173051694123 
66.92356416489729 
66.8477988456821 
63.389632493638075 
63.31386717442289 
59.855700822378935 
59.77993550316376 
56.32176915111975 
56.24600383189125 
52.787837479860585 
52.712072160645214 
49.25390580860139 
49.17814048938614 
45.71997413734217 
45.64420881812696 
42.186042466083 
42.110277146867666 
38.65211079482382 
38.5763454756086 
35.11817912356465 
35.042413804350396 
31.584247452305497 
31.50848213309029 
28.050315781046336 
27.974550461831114 
24.5163841097872 
24.44061879057198 
20.982452438528025 
20.90668711931271 
17.448520767268885 
17.372755448053677 
13.914589096009724 
13.838823776794515 
10.38065742475057 
10.30489210553482 
6.846725753491427 
6.770960434277075 
3.3127940822322706 
3.237028763017036 
-0.22113758902686187 
-0.2969029082420538 
-3.7550692602860014 
-3.8308345795012237 
-7.2890009315451385 
-7.3647662507691045 
-10.822932602804277 
-10.898697922019997 
-14.356864274063405 
-14.432629593278621 
-17.89079594532254 
-17.96656126453774 
-21.42472761658166 
-21.500492935797002 
-24.958659287840803 
-25.034424607056042 
-28.4925909590999 
-28.568356278314923 
-32.02652263035902 
-32.10228794957427 
-35.56045430161815 
-35.63621962083335 
-39.09438597287727 
-39.170151292092434 
-42.628317644136395 
-42.704082963351574 
-46.162249315395506 
-46.23801463461081 
-49.69618098665462 
-49.771946305868795 
-53.23011265791368 
-53.30587797712889 
-56.76404432917282 
-56.83980964838798 
-60.2979760004319 
-60.37374131964711 
-63.83190767169101 
-63.90767299090762 
-67.3658393429501 
-67.44160466216526 
-70.89977101420921 
-70.97553633342442 
-74.43370268546835 
-74.50946800468355 
-77.96763435672752 
-78.04339967594278 
-81.50156602798661 
-81.57733134720185 
-85.0354976992458 
-85.11126301846105 
-88.56942937050498 
-88.64519468972019 
-92.1033610417641 
-92.1791263609793 
-95.6372927130232 
-95.71305803223844 
-99.17122438428233 
-99.24698970349752 
-102.70515605554154 
-102.78092137475673 
-106.23908772680073 
-106.31485304601588 
-109.77301939805976 
-109.84878471727502 
-113.30695106931906 
-113.38271638853423 
-116.84088274057822 
-116.91664805979345 
-120.37481441183736 
-120.4505797310526 
-123.90874608309656 
-123.98451140231171 
-127.4426777543556 
-127.51844307357092 
-130.97660942561484 
-131.05237474483002 
-134.51054109687405 
-134.5863064160893 
-138.04447276813323 
-138.1202380873485 
-141.57840443939244 
-141.65416975860762 
-145.1123361106515 
-145.18810142986686 
-148.64626778191084 
-148.7220331011262 
-152.1801994531699 
-152.25596477238517 
-155.71413112442926 
-155.78989644364435 
-159.24806279568833 
-159.32382811490444 
-162.78199446694745 
-162.85775978616263 
-166.31592613820658 
-166.39169145742179 
-169.8498578094657 
-169.92562312868088 
-173.38378948072477 
-173.45955479994 
-176.91772115198395 
-176.9934864711992 
-180.45165282324334 
-180.52741814245874 
-183.9855844945034 
-184.06134981372387 
-187.51951616579848 
-187.5952814851748 
-191.0534478383336 
-191.12921316279542 
-194.58737955354349 
-194.66314504788576 
-198.1213127206601 
-198.19708393896502 
-201.65529494525663 
-201.7312594958553 
-205.19090234565664 
-205.27339711850684 
-208.7677013161083 
-209.01886525508664 
-210.49679130832126 
-213.2890486585878 
-213.28904865889555 
-213.28904865894083 
-213.28904865894503 
-213.28904865895066 
-213.28904865895458 
-213.28904865895947 
-213.28904865896345 
-213.28904865896834 
-213.28904865897223 
-213.2890486589771 
-213.28904865898102 
-213.2890486589859 
-213.28904865898994 
-213.28904865899483 
-213.28904865899847 
-213.28904865900353 
-213.28904865900745 
-213.2890486590124 
-213.2890486590162 
-213.28904865902103 
-213.28904865902496 
-213.28904865902985 
-213.28904865903382 
-213.28904865903883 
-213.28904865904275 
-213.2890486590477 
-213.28904865905162 
-213.28904865905656 
-213.28904865906043 
-213.28904865906537 
-213.28904865906932 
-213.2890486590743 
-213.2890486590782 
-213.289048659083 
-213.28904865908686 
-213.28904865909186 
-213.28904865909578 
-213.2890486591006 
-213.28904865910437 
-213.2890486591094 
-213.28904865911346 
-213.2890486591183 
-213.289048659122 
-213.28904865912685 
-213.28904865913083 
-213.28904865913566 
-213.2890486591395 
-213.28904865914438 
-213.2890486591482 
-213.2890486591532 
-213.28904865915717 
-213.28904865916206 
-213.28904865916593 
-213.28904865917076 
-213.28904865917474 
-213.28904865917957 
-213.28904865918344 
-213.2890486591882 
-213.28904865919225 
-213.28904865919714 
-213.28904865920111 
-213.28904865920583 
-213.2890486592097 
-213.28904865921453 
-213.2890486592184 
-213.28904865922337 
-213.28904865922726 
-213.28904865923212 
-213.2890486592362 
-213.2890486592413 
-213.28904865924517 
-213.2890486592501 
-213.28904865925404 
-213.2890486592588 
-213.28904865926285 
-213.28904865926773 
-213.28904865927186 
-213.2890486592766 
-213.28904865928058 
-213.2890486592854 
-213.28904865928934 
-213.2890486592942 
-213.28904865929815 
-213.28904865930292 
-213.2890486593069 
-213.28904865931187 
-213.2890486593158 
-213.28904865932054 
-213.28904865932458 
-213.28904865932935 
-213.2890486593334 
-213.28904865933845 
-213.28904865934243 
-213.2890486593473 
-213.28904865935138 
-213.28904865935633 
-213.28904865936016 
-213.2890486593651 
-213.28904865936914 
-213.28904865937398 
-213.2890486593779 
-213.28904865938267 
-213.2890486593868 
-213.2890486593916 
-213.28904865939558 
-213.28904865940055 
-213.28904865940456 
-213.2890486594094 
-213.28904865941334 
-213.28904865941843 
-213.2890486594223 
-213.2890486594272 
-213.28904865943133 
-213.2890486594361 
-213.28904865944006 
-213.28904865944497 
-213.28904865944884 
-213.28904865945378 
-213.2890486594577 
-213.2890486594626 
-213.28904865946654 
-213.28904865947152 
-213.28904865947538 
-213.2890486594804 
-213.28904865948437 
-213.28904865948914 
-213.28904865949312 
-213.28904865949812 
-213.2890486595021 
-213.28904865950707 
-213.2890486595109 
-213.2890486595158 
-213.28904865951972 
-213.28904865952467 
-213.28904865952856 
-213.28904865953342 
-213.2890486595374 
-213.2890486595423 
-213.28904865954627 
-213.28904865955113 
-213.2890486595551 
-213.28904865955997 
-213.2890486595639 
-213.28904865956895 
-213.28904865957293 
-213.28904865957787 
-213.28904865958182 
-213.28904865958674 
-213.2890486595909 
-213.2890486595957 
-213.28904865959967 
-213.28904865960467 
-213.28904865960854 
-213.28904865961357 
-213.28904865961738 
-213.28904865962238 
-213.28904865962636 
-213.28904865963133 
-213.28904865963528 
-213.28904865964006 
-213.2890486596441 
-213.28904865964904 
-213.28904865965296 
-213.289048659658 
-213.28904865966194 
-213.28904865966683 
-213.28904865967075 
-213.28904865967564 
-213.28904865967965 
-213.2890486596846 
-213.28904865968866 
-213.2890486596936 
-213.28904865969753 
-213.28904865970264 
-213.28904865970657 
-213.2890486597116 
-213.2890486597155 
-213.2890486597205 
-213.28904865972441 
-213.2890486597295 
-213.28904865973334 
-213.28904865973834 
-213.28904865974226 
-213.28904865974707 
-213.28904865975105 
-213.289048659756 
-213.28904865975994 
-213.28904865976497 
-213.2890486597691 
-213.28904865976975 
-213.28904865977063 
-213.3028516708949 
-213.30285167091702 
-213.30285167091708 
-213.30285167095778 
-219.00006817890792 
-219.0000681846601 
-219.00006818466056 
-219.00006818466034 
-219.00006818466042 
-219.00006818466028 
-219.00006818466008 
-219.0000681846603 
-219.00006818466045 
-219.00006818466017 
-219.00006818466036 
-219.0000681846604 
-219.00006818466036 
-219.00006818466034 
-219.0000681846605 
-219.00006818466042 
-219.0000681846606 
-219.00006818466045 
-219.00006818466068 
-219.00006818466076 
-219.00006818466065 
-219.0000681846606 
-219.0000681846606 
-219.0000681846606 
-219.00006818466042 
-219.00006818466036 
-219.00006818466025 
-219.0000681846603 
-219.00006818466045 
-219.0000681846605 
-219.00006818466053 
-219.00006818466068 
-219.00006818466065 
-219.00006818466088 
-219.00006818466085 
-219.00006818466076 
-219.0000681846608 
-219.00006818466076 
-219.00006818466062 
-219.00006818466053 
-219.0000681846606 
-219.0000681846606 
-219.0000681846605 
-219.00006818466045 
-219.00006818466056 
-219.00006818466042 
-219.00006818466062 
-219.00006818466073 
-219.00006818466068 
-219.00006818466076 
-219.00006818466093 
-219.00006818466088 
-219.00006818466096 
-219.00006818466085 
-219.0000681846609 
-219.0000681846609 
-219.00006818466076 
-219.0000681846606 
-219.00006818466056 
-219.00006818466048 
-219.00006818466036 
-219.00006818466036 
-219.00006818466048 
-219.00006818466045 
-219.0000681846607 
-219.0000681846607 
-219.0000681846607 
-219.0000681846606 
-219.00006818466065 
-219.00006818466082 
-219.00006818466068 
-219.0000681846606 
-219.00006818466062 
-219.00006818466068 
-219.0000681846606 
-219.0000681846605 
-219.0000681846609 
-219.00006818466102 
-219.00006818466127 
-219.0000681846612 
-219.00006818466113 
-219.00006818466133 
-219.00006818466133 
-219.00006818466116 
-219.00006818466116 
-219.00006818466122 
-219.00006818466125 
-219.00006818466122 
-219.00006818466136 
-219.00006818466113 
-219.00006818466113 
-219.000068184661 
-219.00006818466105 
-219.000068184661 
-219.00006818466107 
-219.00006818466116 
-219.00006818466113 
-219.00006818466102 
-219.0000681846611 
-219.000068184661 
-219.00006818466096 
-219.00006818466105 
-219.00006818466093 
-219.00006818466096 
-219.00006818466068 
-219.00006818466082 
-219.00006818466093 
-219.00006818466107 
-219.00006818466082 
-219.00006818466082 
-219.00006818466076 
-219.00006818466076 
-219.00006818466062 
-219.00006818466068 
-219.0000681846606 
-219.0000681846607 
-219.00006818466073 
-219.00006818466065 
-219.0000681846606 
-219.00006818466068 
-219.0000681846606 
-219.00006818466056 
-219.00006818466062 
-219.0000681846605 
-219.0000681846607 
-219.00006818466062 
-219.00006818466056 
-219.00006818466062 
-219.0000681846606 
-219.00006818466088 
-219.00006818466065 
-219.00006818466065 
-219.00006818466065 
-219.00006818466073 
-219.00006818466082 
-219.0000681846609 
-219.00006818466096 
-219.00006818466096 
-219.00006818466096 
-219.00006818466088 
-219.00006818466096 
-219.00006818466082 
-219.0000681846608 
-219.00006818466073 
-219.0000681846607 
-219.00006818466082 
-219.00006818466082 
-219.00006818466062 
-219.0000681846605 
-219.00006818466068 
-219.00006818466073 
-219.00006818466073 
-219.0000681846607 
-219.00006818466073 
-219.0000681846608 
-219.0000681846607 
-219.00006818466093 
-219.0000681846609 
-219.00006818466102 
-219.00006818466096 
-219.0000681846609 
-219.00006818466082 
-219.00006818466088 
-219.00006818466093 
-219.0000681846608 
-219.00006818466068 
-219.00006818466088 
-219.0000681846608 
-219.00006818466065 
-219.00006818466062 
-219.0000681846606 
-219.0000681846606 
-219.00006818466062 
-219.00006818466048 
-219.00006818466056 
-219.00006818466056 
-219.0000681846606 
-219.00006818466076 
-219.00006818466088 
-219.0000681846607 
-219.00006818466073 
-219.00006818466093 
-219.0000681846609 
-219.00006818466107 
-219.00006818466088 
-219.00006818466082 
-219.00006818466073 
-219.00006818466076 
-219.00006818466076 
-219.00006818466107 
-219.00006818466093 
-219.0000681846608 
-219.000068184661 
-219.00006818466085 
-219.00006818466096 
-219.00006818466082 
-219.0000681846793 
-219.00006818466093 
-219.00006818466113 
-219.00006818466116 
-219.00006818466096 
-219.00006818466085 
-219.00006818466096 
-219.000068184661 
-219.00006818466076 
-219.0000681846608 
-219.00006818466085 
-219.0000681846609 
-219.0000681846609 
-219.000068184661 
-219.00006818466096 
-219.00006818466093 
-219.0000681846608 
-219.00006818466076 
-219.00006818466088 
-219.00006818466065 
-219.0000681846607 
-219.00006818466065 
-219.00006818466062 
-219.00006818466053 
-219.00006818466065 
-219.00006818466076 
-219.00006818466065 
-219.00006818466065 
-219.00006818466048 
-219.0000681846606 
-219.00006818466068 
-219.0000681846608 
-219.0000681846609 
-219.00006818466076 
-219.0000681846607 
-219.0000681846608 
-219.00006818466096 
-219.00006818466088 
-219.0000681846611 
-219.00006818466102 
-219.0000681846609 
-219.00006818466082 
-219.00006818466073 
-219.00006818466088 
-219.00006818466076 
-219.00006818466082 
-219.000068184661 
-219.00006818466088 
-219.00006818466082 
-219.00006818466082 
-219.0000681846611 
-219.00006818466102 
-219.000068184661 
-219.00006818466102 
-219.00006818466105 
-219.00006818466088 
-219.00006818466107 
-219.00006818466113 
-219.00006818466107 
-219.000068184661 
-219.000068184661 
-219.00006818466102 
-219.00006818466105 
-219.00006818466093 
-219.0000681846609 
-219.00006818466096 
-219.00006818466105 
-219.00006818466105 
-219.0000681846608 
-219.00006818466076 
-219.0000681846608 
-219.0000681846607 
-219.0000681846607 
-219.0000681846607 
-219.00006818466065 
-219.0000681846606 
-219.00006818466082 
-219.00006818466076 
-219.00006818466085 
-219.00006818466088 
-219.00006818466093 
-219.0000681846609 
-219.00006818466068 
-219.00006818466076 
-219.00006818466082 
-219.000068184661 
-219.000068184661 
-219.000068184661 
-219.00006818466113 
-219.0000681846613 
-219.00006818466136 
-219.000068184661 
-219.00006818466102 
-219.0000681846611 
-219.0000681846611 
-219.00006818466125 
-219.0000681846612 
-219.0000681846612 
-219.00006818466113 
-219.00006818466125 
-219.00006818466136 
-219.00006818466144 
-219.00006818466142 
-219.00006818466122 
-219.00006818466122 
-219.00006818466105 
-219.0000681846614 
-219.00006818466136 
-219.00006818466142 
-219.00006818466147 
-219.00006818466142 
-219.0000681846614 
-219.0000681846614 
-219.0000681846614 
-219.00006818466122 
-219.0000681846613 
-219.00006818466116 
-219.00006818466125 
-219.0000681846611 
-219.0000681846612 
-219.00006818466096 
-219.00006818466076 
-219.0000681846607 
-219.00006818466068 
-219.00006818466068 
-219.00006818466073 
-219.00006818466082 
-219.00006818466082 
-219.0000681846608 
-219.0000681846606 
-219.00006818466076 
-219.00006818466088 
-219.00006818466073 
-219.00006818466076 
-219.00006818466068 
-219.0000681846604 
-219.00006818466042 
-219.00006818466053 
-219.00006818466073 
-219.0000681846607 
-219.00006818466085 
-219.00006818466096 
-219.00006818466105 
-219.000068184661 
-219.0000681846611 
-219.00006818466105 
-219.00006818466107 
-219.00006818466093 
-219.00006818466076 
-219.0000681846607 
-219.0000681846608 
-219.0000681846605 
-219.0000681846606 
-219.00006818466053 
-219.00006818466045 
-219.00006818466056 
-219.00006818466062 
-219.00006818466062 
-219.0000681846605 
-219.00006818466062 
-219.00006818466073 
-219.0000681846606 
-219.0000681846606 
-219.00006818466068 
-219.00006818466053 
-219.00006818466048 
-219.00006818466042 
-219.00006818466056 
-219.00006818466028 
-219.00006818466008 
-219.00006818466002 
-219.00006818466022 
-219.00006818466014 
-219.0000681846603 
-219.0000681846603 
-219.0000681846605 
-219.00006818466034 
-219.0000681846605 
-219.00006818466065 
-219.00006818466048 
-219.00006818466045 
-219.0000681846604 
-219.0000681846603 
-219.00006818466036 
-219.0000681846603 
-219.00006818466028 
-219.00006818466028 
-219.00006818466002 
-219.00006818466014 
-219.0000681846601 
-219.00006818465994 
-219.00006818466008 
-219.0000681846601 
-219.00006818466005 
-219.00006818466022 
-219.00006818466022 
-219.00006818467858 
-219.00006818466017 
-219.00006818466022 
-219.0000681846602 
-219.00006818466045 
-219.0000681846601 
-219.0000681846602 
-219.00006818466025 
-219.00006818466034 
-219.00006818466036 
-219.00006818466068 
-219.0000681846606 
-219.00006818466056 
-219.00006818466053 
-219.00006818466065 
-219.0000681846606 
-219.00006818466053 
-219.00006818466048 
-219.0000681846608 
-219.00006818466088 
-219.0000681846607 
-219.00006818466093 
-219.00006818466102 
-219.000068184661 
-219.0000681846611 
-219.00006818466127 
-219.00006818466122 
-219.0000681846611 
-219.0000681846611 
-219.00006818466113 
-219.0000681846613 
-219.00006818466136 
-219.00006818466144 
-219.0000681846615 
-219.00006818466144 
-219.00006818466161 
-219.00006818466167 
-219.00006818466167 
-219.00006818466161 
-219.00006818466179 
-219.00006818466161 
-219.00006818466161 
-219.00006818466161 
-219.00006818466144 
-219.0000681846616 
-219.00006818466167 
-219.00006818466196 
-219.0000681846618 
-219.00006818466167 
-219.0000681846616 
-219.00006818466156 
-219.0000681846617 
-219.00006818466147 
-219.0000681846615 
-219.00006818466133 
-219.00006818466125 
-219.0000681846613 
-219.00006818466127 
-219.00006818466122 
-219.00006818466127 
-219.00006818466136 
-219.00006818466156 
-219.00006818466161 
-219.00006818466179 
-219.00006818466179 
-219.00006818466164 
-219.0000681846615 
-219.00006818466164 
-219.0000681846615 
-219.00006818466127 
-219.00006818466136 
-219.00006818466125 
-219.00006818466116 
-219.00006818466116 
-219.00006818466144 
-219.00006818466133 
-219.00006818466133 
-219.00006818466136 
-219.0000681846615 
-219.00006818466167 
-219.00006818466164 
-219.0000681846617 
-219.00006818466207 
-219.00006818466204 
-219.000068184662 
-219.00006818466198 
-219.00006818466196 
-219.00006818466184 
-219.00006818466193 
-219.00006818466179 
-219.000068184662 
-219.000068184662 
-219.00006818466224 
-219.00006818466218 
-219.0000681846621 
-219.00006818466207 
-219.00006818466193 
-219.0000681846619 
-219.00006818466193 
-219.00006818466218 
-219.00006818466218 
-219.00006818466252 
-219.00006818466233 
-219.0000681846623 
-219.00006818466247 
-219.00006818466235 
-219.00006818466213 
-219.00006818466227 
-219.000068184662 
-219.0000681846621 
-219.00006818466196 
-219.00006818466187 
-219.00006818466213 
-219.000068184662 
-219.00006818466204 
-219.00006818466198 
-219.0000681846623 
-219.00006818466207 
-219.00006818466193 
-219.00006818466176 
-219.00006818466193 
-219.00006818466196 
-219.0000681846621 
-219.0000681846619 
-219.00006818466198 
-219.00006818466196 
-219.00006818466193 
-219.00006818466193 
-219.0000681846619 
-219.00006818466184 
-219.00006818466179 
-219.0000681846619 
-219.00006818466193 
-219.00006818466207 
-219.00006818466204 
-219.00006818466218 
-219.00006818466198 
-219.0000681846623 
-219.00006818466213 
-219.00006818466207 
-219.0000681846621 
-219.0000681846623 
-219.0000681846624 
-219.00006818466224 
-219.00006818466215 
-219.00006818466218 
-219.00006818466213 
-219.0000681846623 
-219.00006818466247 
-219.00006818466258 
-219.00006818466247 
-219.00006818466244 
-219.00006818466235 
-219.00006818466235 
-219.00006818466252 
-219.00006818466258 
-219.00006818466252 
-219.00006818466258 
-219.0000681846627 
-219.00006818466255 
-219.00006818466247 
-219.0000681846623 
-219.00006818466224 
-219.0000681846622 
-219.00006818466213 
-219.0000681846623 
-219.00006818466233 
-219.00006818466238 
-219.0000681846624 
-219.00006818466233 
-219.00006818466218 
-219.00006818466215 
-219.000068184662 
-219.0000681846622 
-219.0000681846622 
-219.0000681846622 
-219.00006818466235 
-219.00006818466235 
-219.00006818466233 
-219.0000681846624 
-219.0000681846624 
-219.00006818466247 
-219.0000681846622 
-219.00006818466244 
-219.0000681846624 
-219.00006818466238 
-219.00006818466235 
-219.00006818466238 
-219.00006818466247 
-219.00006818466267 
-219.00006818466275 
-219.00006818466272 
-219.00006818466275 
-219.0000681846625 
-219.00006818466238 
-219.00006818466235 
-219.0000681846809 
-219.0000681846622 
-219.00006818466238 
-219.00006818466233 
-219.00006818466244 
-219.0000681846625 
-219.0000681846627 
-219.00006818466252 
-219.00006818466238 
-219.0000681846623 
-219.0000681846622 
-219.00006818466213 
-219.00006818466227 
-219.00006818466207 
-219.00006818466213 
-219.00006818466218 
-219.0000681846622 
-219.0000681846623 
-219.0000681846622 
-219.00006818466235 
-219.00006818466244 
-219.00006818466207 
-219.00006818466213 
-219.000068184662 
-219.00006818466179 
-219.00006818466187 
-219.00006818466198 
-219.00006818466198 
-219.00006818466198 
-219.0000681846621 
-219.00006818466204 
-219.00006818466179 
-219.00006818466179 
-219.00006818466179 
-219.00006818466196 
-219.000068184662 
-219.0000681846622 
-219.0000681846622 
-219.00006818466224 
-219.0000681846621 
-219.00006818466218 
-219.0000681846622 
-219.0000681846621 
-219.0000681846619 
-219.00006818466198 
-219.00006818466207 
-219.00006818466218 
-219.00006818466215 
-219.00006818466198 
-219.0000681846619 
-219.00006818466187 
-219.00006818466164 
-219.00006818466173 
-219.00006818466176 
-219.000068184662 
-219.0000681846618 
-219.00006818466156 
-219.00006818466161 
-219.00006818466164 
-219.00006818466184 
-219.00006818466153 
-219.00006818466167 
-219.0000681846615 
-219.00006818466164 
-219.0000681846615 
-219.0000681846615 
-219.00006818466136 
-219.00006818466136 
-219.00006818466161 
-219.0000681846616 
-219.00006818466142 
-219.00006818466161 
-219.0000681846615 
-219.00006818466164 
-219.00006818466167 
-219.00006818466164 
-219.00006818466164 
-219.00006818466156 
-219.0000681846617 
-219.00006818466164 
-219.00006818466204 
-219.00006818466193 
-219.00006818466167 
-219.00006818466176 
-219.00006818466187 
-219.00006818466164 
-219.0000681846618 
-219.00006818466184 
-219.00006818466187 
-219.00006818466198 
-219.00006818466187 
-219.00006818466215 
-219.0000681846621 
-219.000068184662 
-219.00006818466193 
-219.00006818466224 
-219.0000681846619 
-219.00006818466187 
-219.00006818466161 
-219.00006818466142 
-219.00006818466142 
-219.00006818466161 
-219.00006818466173 
-219.00006818466164 
-219.00006818466167 
-219.0000681846616 
-219.0000681846616 
-219.0000681846613 
-219.00006818466147 
-219.00006818466125 
-219.00006818466147 
-219.00006818466136 
-219.00006818466164 
-219.00006818466156 
-219.00006818466164 
-219.0000681846614 
-219.00006818466127 
-219.0000681846613 
-219.00006818466122 
-219.00006818466107 
-219.0000681846611 
-219.00006818466102 
-219.00006818466116 
-219.00006818466096 
-219.00006818466088 
-219.00006818466093 
-219.00006818466102 
-219.00006818466107 
-219.0000681846611 
-219.00006818466122 
-219.00006818466122 
-219.00006818466127 
-219.0000681846614 
-219.00006818466136 
-219.00006818466122 
-219.00006818466105 
-219.00006818466105 
-219.0000681846608 
-219.00006818466076 
-219.00006818466085 
-219.00006818466085 
-219.00006818466076 
-219.00006818466107 
-219.00006818466102 
-219.0000681846611 
-219.00006818466105 
-219.0000681846612 
-219.00006818466127 
-219.00006818466127 
-219.00006818466142 
-219.00006818466153 
-219.00006818466133 
-219.00006818466125 
-219.0000681846611 
-219.00006818466113 
-219.0000681846612 
-219.0000681846613 
-219.00006818466127 
-219.00006818466122 
-219.00006818466125 
-219.00006818466142 
-219.0000681846614 
-219.00006818466133 
-219.00006818466127 
-219.00006818466122 
-219.00006818466093 
-219.00006818466113 
-219.000068184661 
-219.00006818466096 
-219.00006818466096 
-219.000068184661 
-219.0000681846609 
-219.00006818466082 
-219.00006818466073 
-219.00006818466088 
-219.00006818466062 
-219.00006818466053 
-219.00006818466065 
-219.0000681846606 
-219.00006818466025 
-219.00006818466042 
-219.00006818466042 
-219.00006818466036 
-219.00006818466014 
-219.00006818466028 
-219.00006818466036 
-219.00006818466042 
-219.00006818466034 
-219.0000681846601 
-219.00006818466014 
-219.00006818466008 
-219.00006818466002 
-219.0000681846602 
-219.0000681846603 
-219.00006818466017 
-219.00006818466034 
-219.00006818467878 
-219.0000681846604 
-219.00006818466034 
-219.00006818466056 
-219.00006818466036 
-219.00006818466042 
-219.00006818466045 
-219.00006818466056 
-219.00006818466042 
-219.00006818466048 
-219.00006818466042 
-219.00006818466036 
-219.00006818466056 
-219.00006818466034 
-219.00006818466028 
-219.00006818466036 
-219.0000681846605 
-219.0000681846606 
-219.00006818466068 
-219.00006818466068 
-219.00006818466065 
-219.00006818466068 
-219.00006818466088 
-219.00006818466076 
-219.00006818466076 
-219.00006818466065 
-219.00006818466088 
-219.00006818466076 
-219.00006818466116 
-219.0000681846611 
-219.000068184661 
-219.00006818466085 
-219.00006818466082 
-219.00006818466073 
-219.00006818466096 
-219.00006818466096 
-219.0000681846609 
-219.00006818466096 
-219.00006818466085 
-219.00006818466085 
-219.0000681846608 
-219.00006818466105 
-219.00006818466093 
-219.00006818466085 
-219.0000681846605 
-219.00006818466065 
-219.00006818466088 
-219.0000681846608 
-219.00006818466096 
-219.00006818466096 
-219.00006818466076 
-219.00006818466096 
-219.00006818466127 
-219.00006818466116 
-219.000068184661 
-219.00006818466105 
-219.00006818466107 
-219.00006818466105 
-219.00006818466116 
-219.00006818466113 
-219.00006818466102 
-219.00006818466093 
-219.0000681846611 
-219.000068184661 
-219.00006818466085 
-219.00006818466093 
-219.0000681846609 
-219.00006818466093 
-219.00006818466096 
-219.00006818466105 
-219.00006818466127 
-219.00006818466102 
-219.00006818466102 
-219.00006818466093 
-219.00006818466096 
-219.00006818466105 
-219.00006818466113 
-219.00006818466096 
-219.0000681846612 
-219.00006818466113 
-219.00006818466127 
-219.00006818466127 
-219.0000681846612 
-219.00006818466116 
-219.00006818466127 
-219.0000681846615 
-219.00006818466142 
-219.0000681846615 
-219.0000681846615 
-219.00006818466156 
-219.00006818466167 
-219.00006818466161 
-219.00006818466156 
-219.00006818466161 
-219.00006818466144 
-219.0000681846614 
-219.00006818466127 
-219.00006818466136 
-219.00006818466156 
-219.00006818466156 
-219.00006818466167 
-219.00006818466184 
-219.00006818466184 
-219.00006818466187 
-219.0000681846619 
-219.0000681846618 
-219.00006818466196 
-219.00006818466187 
-219.0000681846617 
-219.0000681846617 
-219.00006818466161 
-219.00006818466176 
-219.00006818466176 
-219.00006818466193 
-219.000068184662 
-219.0000681846619 
-219.0000681846619 
-219.00006818466213 
-219.000068184662 
-219.0000681846619 
-219.00006818466204 
-219.000068184662 
-219.000068184662 
-219.0000681846618 
-219.00006818466187 
-219.000068184662 
-219.00006818466179 
-219.00006818466176 
-219.00006818466184 
-219.00006818466198 
-219.00006818466193 
-219.00006818466198 
-219.000068184662 
-219.0000681846622 
-219.00006818466198 
-219.00006818466207 
-219.000068184662 
-219.00006818466207 
-219.00006818466207 
-219.00006818466215 
-219.00006818466244 
-219.00006818466238 
-219.00006818466272 
-219.0000681846627 
-219.00006818466295 
-219.00006818466298 
-219.0000681846629 
-219.0000681846629 
-219.00006818466275 
-219.00006818466278 
-219.00006818466275 
-219.00006818466267 
-219.0000681846628 
-219.00006818466267 
-219.00006818466295 
-219.00006818466295 
-219.00006818466278 
-219.00006818466272 
-219.00006818466272 
-219.00006818466275 
-219.00006818466284 
-219.00006818466298 
-219.00006818466278 
-219.00006818466284 
-219.00006818466255 
-219.0000681846627 
-219.0000681846626 
-219.00006818466244 
-219.00006818466255 
-219.00006818466275 
-219.00006818466278 
-219.00006818466284 
-219.00006818466284 
-219.0000681846629 
-219.0000681846631 
-219.00006818466323 
-219.00006818466323 
-219.00006818466335 
-219.00006818466335 
-219.00006818466352 
-219.00006818466343 
-219.00006818466335 
-219.0000681846635 
-219.00006818466335 
-219.00006818466332 
-219.0000681846634 
-219.00006818466352 
-219.00006818466363 
-219.00006818466383 
-219.00006818466406 
-219.00006818466412 
-219.00006818466403 
-219.00006818466403 
-219.00006818466406 
-219.00006818466386 
-219.0000681846638 
-219.00006818468228 
-219.00006818466392 
-219.00006818466403 
-219.00006818466414 
-219.00006818466423 
-219.00006818466412 
-219.00006818466412 
-219.00006818466406 
-219.00006818466395 
-219.00006818466366 
-219.0000681846637 
-219.0000681846636 
-219.00006818466343 
-219.00006818466338 
-219.0000681846636 
-219.00006818466358 
-219.00006818466355 
-219.00006818466352 
-219.00006818466343 
-219.00006818466343 
-219.00006818466312 
-219.00006818466326 
-219.00006818466312 
-219.00006818466306 
-219.00006818466292 
-219.000068184663 
-219.00006818466295 
-219.00006818466284 
-219.0000681846628 
-219.0000681846627 
-219.00006818466292 
-219.00006818466295 
-219.00006818466284 
-219.0000681846631 
-219.0000681846629 
-219.0000681846631 
-219.00006818466306 
-219.00006818466304 
-219.00006818466318 
-219.0000681846631 
-219.0000681846632 
-219.00006818466318 
-219.00006818466312 
-219.00006818466287 
-219.000068184663 
-219.00006818466298 
-219.0000681846629 
-219.00006818466304 
-219.00006818466292 
-219.00006818466298 
-219.0000681846631 
-219.00006818466315 
-219.00006818466315 
-219.00006818466298 
-219.00006818466298 
-219.0000681846627 
-219.00006818466264 
-219.00006818466247 
-219.00006818466244 
-219.00006818466244 
-219.00006818466235 
-219.00006818466238 
-219.00006818466235 
-219.00006818466252 
-219.00006818466224 
-219.0000681846622 
-219.00006818466213 
-219.0000681846621 
-219.00006818466196 
-219.00006818466196 
-219.00006818466204 
-219.00006818466224 
-219.00006818466218 
-219.00006818466204 
-219.00006818466227 
-219.0000681846622 
-219.00006818466224 
-219.00006818466204 
-219.00006818466215 
-219.00006818466218 
-219.00006818466207 
-219.00006818466213 
-219.00006818466198 
-219.00006818466204 
-219.00006818466193 
-219.00006818466193 
-219.00006818466164 
-219.00006818466167 
-219.00006818466179 
-219.0000681846618 
-219.00006818466193 
-219.00006818466196 
-219.00006818466184 
-219.00006818466184 
-219.00006818466193 
-219.00006818466196 
-219.00006818466167 
-219.00006818466167 
-219.00006818466156 
-219.00006818466153 
-219.00006818466142 
-219.00006818466144 
-219.0000681846615 
-219.00006818466167 
-219.00006818466164 
-219.00006818466193 
-219.00006818466198 
-219.00006818466196 
-219.00006818466156 
-219.00006818466173 
-219.00006818466164 
-219.00006818466176 
-219.0000681846616 
-219.00006818466133 
-219.0000681846613 
-219.00006818466133 
-219.0000681846612 
-219.0000681846611 
-219.00006818466113 
-219.0000681846611 
-219.00006818466122 
-219.00006818466102 
-219.000068184661 
-219.00006818466088 
-219.00006818466116 
-219.0000681846611 
-219.00006818466133 
-219.0000681846611 
-219.00006818466113 
-219.00006818466096 
-219.00006818466107 
-219.00006818466107 
-219.00006818466102 
-219.00006818466093 
-219.00006818466107 
-219.00006818466107 
-219.00006818466113 
-219.00006818466116 
-219.00006818466122 
-219.0000681846611 
-219.00006818466127 
-219.00006818466107 
-219.00006818466107 
-219.0000681846612 
-219.0000681846614 
-219.00006818466105 
-219.0000681846609 
-219.00006818466102 
-219.000068184661 
-219.00006818466096 
-219.000068184661 
-219.00006818466076 
-219.0000681846608 
-219.00006818466076 
-219.000068184661 
-219.00006818466116 
-219.000068184661 
-219.00006818466096 
-219.00006818466102 
-219.0000681846611 
-219.000068184661 
-219.00006818466085 
-219.00006818466082 
-219.0000681846607 
-219.00006818466088 
-219.00006818466088 
-219.0000681846609 
-219.0000681846612 
-219.00006818466107 
-219.00006818466088 
-219.000068184661 
-219.00006818466068 
-219.0000681846609 
-219.00006818466093 
-219.00006818466088 
-219.00006818466068 
-219.0000681846607 
-219.0000681846607 
-219.00006818466062 
-219.00006818466053 
-219.00006818466065 
-219.00006818466048 
-219.00006818466042 
-219.00006818466056 
-219.0000681846606 
-219.00006818466062 
-219.00006818466053 
-219.00006818466053 
-219.0000681846604 
-219.00006818466068 
-219.00006818466056 
-219.00006818466065 
-219.00006818466045 
-219.00006818466048 
-219.0000681846604 
-219.0000681846605 
-219.0000681846789 
-219.00006818466036 
-219.00006818466028 
-219.00006818466028 
-219.00006818466036 
-219.00006818466053 
-219.00006818466065 
-219.00006818466053 
-219.00006818466045 
-219.00006818466068 
-219.00006818466056 
-219.0000681846607 
-219.00006818466062 
-219.00006818466056 
-219.00006818466048 
-219.00006818466034 
-219.0000681846603 
-219.00006818466048 
-219.00006818466076 
-219.0000681846605 
-219.0000681846607 
-219.00006818466068 
-219.0000681846606 
-219.00006818466056 
-219.00006818466042 
-219.0000681846603 
-219.0000681846603 
-219.0000681846603 
-219.00006818465994 
-219.00006818466002 
-219.00006818465994 
-219.00006818465997 
-219.0000681846599 
-219.00006818465968 
-219.00006818465974 
-219.00006818465963 
-219.0000681846597 
-219.00006818465965 
-219.00006818465982 
-219.00006818465988 
-219.00006818465982 
-219.00006818465982 
-219.00006818465982 
-219.00006818465977 
-219.00006818465965 
-219.00006818466 
-219.00006818465994 
-219.0000681846599 
-219.0000681846599 
-219.00006818466014 
-219.00006818466014 
-219.0000681846603 
-219.0000681846602 
-219.0000681846602 
-219.00006818466017 
-219.00006818465994 
-219.00006818466002 
-219.00006818466008 
-219.00006818466005 
-219.00006818466 
-219.0000681846601 
-219.00006818466017 
-219.00006818466014 
-219.00006818466005 
-219.00006818466002 
-219.00006818465988 
-219.00006818465985 
-219.00006818465974 
-219.00006818465963 
-219.00006818465957 
-219.0000681846595 
-219.00006818465934 
-219.00006818465934 
-219.0000681846591 
-219.00006818465926 
-219.00006818465903 
-219.0000681846592 
-219.00006818465909 
-219.00006818465937 
-219.00006818465934 
-219.00006818465954 
-219.00006818465945 
-219.00006818465937 
-219.0000681846595 
-219.00006818465937 
-219.00006818465957 
-219.0000681846596 
-219.00006818465968 
-219.00006818465954 
-219.00006818465968 
-219.0000681846597 
-219.0000681846597 
-219.00006818465977 
-219.00006818465963 
-219.00006818465957 
-219.00006818465977 
-219.0000681846595 
-219.00006818465985 
-219.00006818465997 
-219.00006818466 
-219.00006818465977 
-219.00006818465968 
-219.00006818465985 
-219.00006818465965 
-219.0000681846597 
-219.00006818465977 
-219.0000681846598 
-219.00006818465982 
-219.00006818465982 
-219.0000681846597 
-219.00006818465974 
-219.00006818465963 
-219.00006818465977 
-219.00006818466002 
-219.00006818466008 
-219.00006818465994 
-219.00006818466 
-219.0000681846601 
-219.00006818466002 
-219.00006818466005 
-219.00006818466014 
-219.0000681846602 
-219.00006818466014 
-219.00006818466017 
-219.00006818465994 
-219.00006818465988 
-219.0000681846601 
-219.00006818466002 
-219.00006818466005 
-219.0000681846599 
-219.00006818465988 
-219.00006818465982 
-219.0000681846601 
-219.00006818466005 
-219.00006818466014 
-219.00006818466017 
-219.0000681846602 
-219.0000681846601 
-219.00006818466002 
-219.00006818466008 
-219.0000681846599 
-219.00006818465977 
-219.00006818465988 
-219.00006818465997 
-219.0000681846599 
-219.0000681846597 
-219.00006818465968 
-219.00006818465968 
-219.00006818465968 
-219.0000681846599 
-219.00006818465977 
-219.0000681846596 
-219.00006818465974 
-219.0000681846596 
-219.0000681846595 
-219.00006818465926 
-219.00006818465934 
-219.00006818465948 
-219.00006818465948 
-219.00006818465934 
-219.0000681846593 
-219.00006818465945 
-219.00006818465937 
-219.00006818465928 
-219.00006818465923 
-219.00006818465923 
-219.00006818465923 
-219.00006818465894 
-219.00006818465903 
-219.00006818465894 
-219.00006818465897 
-219.000068184659 
-219.00006818465923 
-219.00006818465917 
-219.0000681846588 
-219.00006818465883 
-219.000068184659 
-219.00006818465909 
-219.00006818465928 
-219.00006818465917 
-219.00006818465928 
-219.00006818465906 
-219.00006818465914 
-219.00006818465906 
-219.00006818465891 
-219.00006818465894 
-219.00006818465886 
-219.00006818465886 
-219.0000681846589 
-219.00006818465897 
-219.000068184659 
-219.00006818465897 
-219.00006818465917 
-219.000068184659 
-219.00006818465903 
-219.00006818465897 
-219.00006818467736 
-219.0000681846589 
-219.00006818465909 
-219.0000681846591 
-219.0000681846592 
-219.00006818465897 
-219.00006818465886 
-219.00006818465903 
-219.0000681846589 
-219.00006818465906 
-219.00006818465883 
-219.00006818465897 
-219.00006818465894 
-219.0000681846591 
-219.00006818465923 
-219.00006818465945 
-219.00006818465943 
-219.00006818465937 
-219.00006818465937 
-219.00006818465928 
-219.0000681846591 
-219.00006818465883 
-219.00006818465906 
-219.0000681846592 
-219.0000681846593 
-219.00006818465917 
-219.00006818465923 
-219.00006818465906 
-219.00006818465914 
-219.0000681846591 
-219.00006818465937 
-219.0000681846594 
-219.0000681846595 
-219.0000681846595 
-219.00006818465954 
-219.00006818465968 
-219.00006818465948 
-219.00006818465948 
-219.00006818465965 
-219.00006818465968 
-219.00006818465945 
-219.00006818465943 
-219.0000681846597 
-219.0000681846598 
-219.00006818465985 
-219.00006818465988 
-219.0000681846599 
-219.00006818466005 
-219.00006818465994 
-219.0000681846599 
-219.00006818465997 
-219.00006818465994 
-219.0000681846601 
-219.00006818466022 
-219.00006818466008 
-219.00006818466008 
-219.00006818466017 
-219.00006818466045 
-219.00006818466028 
-219.0000681846605 
-219.00006818466053 
-219.00006818466036 
-219.00006818466036 
-219.00006818466048 
-219.00006818466045 
-219.00006818466022 
-219.00006818466036 
-219.00006818466034 
-219.00006818466034 
-219.0000681846604 
-219.0000681846604 
-219.0000681846603 
-219.00006818466022 
-219.0000681846603 
-219.00006818466048 
-219.00006818466045 
-219.0000681846605 
-219.0000681846604 
-219.00006818466042 
-219.00006818466056 
-219.0000681846605 
-219.0000681846604 
-219.00006818466068 
-219.0000681846606 
-219.00006818466025 
-219.0000681846601 
-219.00006818466014 
-219.0000681846602 
-219.0000681846604 
-219.0000681846604 
-219.00006818466028 
-219.00006818466028 
-219.00006818466034 
-219.00006818466025 
-219.0000681846603 
-219.00006818466022 
-219.0000681846603 
-219.00006818466053 
-219.00006818466045 
-219.00006818466025 
-219.00006818466008 
-219.00006818466014 
-219.00006818466008 
-219.00006818466005 
-219.00006818466014 
-219.00006818466022 
-219.00006818466022 
-219.00006818466008 
-219.00006818466005 
-219.00006818466005 
-219.00006818465997 
-219.00006818465982 
-219.0000681846598 
-219.00006818465977 
-219.0000681846599 
-219.00006818466002 
-219.00006818466005 
-219.00006818466 
-219.0000681846598 
-219.00006818465957 
-219.00006818465963 
-219.0000681846596 
-219.00006818465957 
-219.00006818465977 
-219.00006818465974 
-219.0000681846597 
-219.00006818466002 
-219.00006818466002 
-219.00006818465994 
-219.00006818466008 
-219.00006818466014 
-219.00006818466022 
-219.00006818466042 
-219.00006818466042 
-219.00006818466045 
-219.0000681846607 
-219.0000681846605 
-219.00006818466048 
-219.00006818466042 
-219.00006818466045 
-219.00006818466048 
-219.0000681846604 
-219.0000681846606 
-219.00006818466053 
-219.00006818466068 
-219.00006818466065 
-219.00006818466056 
-219.00006818466053 
-219.0000681846603 
-219.0000681846604 
-219.00006818466028 
-219.00006818466036 
-219.0000681846601 
-219.00006818466022 
-219.00006818466025 
-219.00006818466022 
-219.0000681846603 
-219.00006818466042 
-219.00006818466025 
-219.00006818466008 
-219.00006818466008 
-219.00006818466005 
-219.00006818466014 
-219.0000681846601 
-219.0000681846602 
-219.00006818466025 
-219.0000681846603 
-219.0000681846603 
-219.0000681846604 
-219.0000681846605 
-219.00006818466056 
-219.00006818466073 
-219.00006818466082 
-219.00006818466082 
-219.00006818466082 
-219.00006818466088 
-219.00006818466102 
-219.00006818466088 
-219.0000681846609 
-219.00006818466073 
-219.00006818466076 
-219.00006818466068 
-219.0000681846608 
-219.00006818466093 
-219.00006818466096 
-219.0000681846609 
-219.00006818466107 
-219.00006818466107 
-219.00006818466093 
-219.00006818466102 
-219.00006818466113 
-219.0000681846611 
-219.0000681846608 
-219.0000681846609 
-219.0000681846608 
-219.00006818466085 
-219.00006818467935 
-219.0000681846608 
-219.0000681846608 
-219.00006818466076 
-219.00006818466065 
-219.0000681846606 
-219.0000681846607 
-219.00006818466065 
-219.00006818466056 
-219.00006818466062 
-219.00006818466056 
-219.0000681846606 
-219.00006818466048 
-219.0000681846605 
-219.00006818466045 
-219.0000681846605 
-219.00006818466045 
-219.00006818466045 
-219.00006818466036 
-219.00006818466053 
-219.0000681846604 
-219.00006818466022 
-219.0000681846603 
-219.00006818466025 
-219.00006818466028 
-219.00006818466017 
-219.0000681846602 
-219.00006818466008 
-219.00006818466005 
-219.00006818465997 
-219.00006818465997 
-219.00006818465985 
-219.00006818465974 
-219.0000681846598 
-219.00006818466002 
-219.0000681846599 
-219.00006818465985 
-219.00006818465988 
-219.00006818465985 
-219.0000681846598 
-219.0000681846598 
-219.00006818465974 
-219.0000681846598 
-219.00006818465963 
-219.00006818465963 
-219.00006818465963 
-219.00006818465977 
-219.00006818465985 
-219.00006818465988 
-219.0000681846599 
-219.00006818466005 
-219.00006818465994 
-219.00006818466002 
-219.00006818466002 
-219.00006818466 
-219.0000681846601 
-219.00006818466005 
-219.0000681846601 
-219.0000681846602 
-219.00006818466028 
-219.0000681846602 
-219.0000681846603 
-219.00006818466022 
-219.00006818466042 
-219.00006818466025 
-219.00006818466025 
-219.00006818466042 
-219.0000681846602 
-219.0000681846602 
-219.00006818466022 
-219.00006818466053 
-219.00006818466042 
-219.00006818466034 
-219.00006818466022 
-219.0000681846602 
-219.00006818466048 
-219.00006818466062 
-219.00006818466062 
-219.00006818466088 
-219.00006818466082 
-219.0000681846608 
-219.00006818466088 
-219.00006818466073 
-219.00006818466085 
-219.00006818466073 
-219.0000681846606 
-219.00006818466062 
-219.0000681846607 
-219.0000681846606 
-219.0000681846607 
-219.00006818466045 
-219.00006818466036 
-219.00006818466045 
-219.0000681846605 
-219.0000681846605 
-219.00006818466053 
-219.00006818466048 
-219.0000681846608 
-219.0000681846609 
-219.00006818466102 
-219.00006818466085 
-219.0000681846609 
-219.000068184661 
-219.00006818466093 
-219.00006818466116 
-219.00006818466102 
-219.00006818466116 
-219.00006818466113 
-219.00006818466096 
-219.0000681846609 
-219.0000681846609 
-219.00006818466088 
-219.00006818466093 
-219.00006818466093 
-219.00006818466082 
-219.00006818466082 
-219.00006818466088 
-219.00006818466076 
-219.00006818466073 
-219.00006818466073 
-219.00006818466073 
-219.00006818466082 
-219.00006818466088 
-219.0000681846607 
-219.00006818466056 
-219.00006818466056 
-219.0000681846604 
-219.00006818466028 
-219.00006818466036 
-219.0000681846604 
-219.00006818466053 
-219.00006818466048 
-219.00006818466025 
-219.00006818466056 
-219.0000681846606 
-219.00006818466053 
-219.00006818466062 
-219.00006818466053 
-219.0000681846605 
-219.0000681846603 
-219.00006818466028 
-219.00006818466022 
-219.00006818466022 
-219.00006818466025 
-219.0000681846601 
-219.00006818465997 
-219.00006818466017 
-219.00006818466005 
-219.00006818466002 
-219.00006818465997 
-219.00006818466014 
-219.00006818465997 
-219.0000681846602 
-219.00006818466008 
-219.00006818466008 
-219.00006818466014 
-219.0000681846603 
-219.00006818466025 
-219.0000681846605 
-219.00006818466076 
-219.00006818466042 
-219.00006818466053 
-219.00006818466036 
-219.0000681846605 
-219.00006818466053 
-219.0000681846606 
-219.00006818466034 
-219.0000681846604 
-219.00006818466048 
-219.00006818466045 
-219.0000681846605 
-219.00006818466042 
-219.0000681846606 
-219.00006818466076 
-219.00006818466053 
-219.0000681846608 
-219.0000681846608 
-219.00006818466062 
-219.00006818466065 
-219.00006818466076 
-219.0000681846607 
-219.00006818466065 
-219.00006818466065 
-219.00006818466053 
-219.00006818466056 
-219.00006818466045 
-219.00006818466048 
-219.0000681846606 
-219.00006818466042 
-219.00006818466028 
-219.0000681846601 
-219.0000681846601 
-219.00006818466014 
-219.00006818466008 
-219.00006818466017 
-219.00006818465997 
-219.0000681846786 
-219.00006818466 
-219.00006818466022 
-219.00006818466017 
-219.00006818466014 
-219.00006818466014 
-219.00006818466014 
-219.00006818466028 
-219.00006818466048 
-219.0000681846606 
-219.00006818466048 
-219.00006818466048 
-219.00006818466056 
-219.00006818466056 
-219.00006818466085 
-219.00006818466065 
-219.00006818466068 
-219.0000681846607 
-219.00006818466065 
-219.0000681846607 
-219.00006818466082 
-219.0000681846609 
-219.0000681846606 
-219.00006818466076 
-219.0000681846605 
-219.0000681846605 
-219.0000681846606 
-219.00006818466042 
-219.00006818466045 
-219.0000681846604 
-219.00006818466036 
-219.0000681846605 
-219.00006818466056 
-219.0000681846606 
-219.0000681846605 
-219.00006818466045 
-219.00006818466045 
-219.00006818466056 
-219.0000681846603 
-219.00006818466017 
-219.0000681846601 
-219.0000681846601 
-219.00006818465997 
-219.00006818465997 
-219.00006818466 
-219.00006818465997 
-219.00006818465994 
-219.00006818465997 
-219.00006818466008 
-219.00006818466005 
-219.00006818466017 
-219.00006818466005 
-219.00006818466002 
-219.00006818466014 
-219.00006818466014 
-219.00006818466 
-219.00006818466022 
-219.00006818466042 
-219.00006818466036 
-219.0000681846605 
-219.00006818466062 
-219.0000681846605 
-219.00006818466034 
-219.0000681846606 
-219.0000681846604 
-219.00006818466042 
-219.00006818466045 
-219.00006818466042 
-219.00006818466045 
-219.0000681846602 
-219.00006818466042 
-219.00006818466056 
-219.00006818466045 
-219.0000681846607 
-219.00006818466088 
-219.00006818466073 
-219.0000681846606 
-219.0000681846607 
-219.0000681846607 
-219.0000681846608 
-219.0000681846609 
-219.00006818466076 
-219.00006818466076 
-219.00006818466076 
-219.0000681846608 
-219.0000681846609 
-219.0000681846609 
-219.00006818466102 
-219.00006818466093 
-219.00006818466122 
-219.0000681846612 
-219.00006818466105 
-219.00006818466116 
-219.000068184661 
-219.00006818466093 
-219.00006818466093 
-219.00006818466107 
-219.00006818466102 
-219.00006818466107 
-219.00006818466082 
-219.00006818466062 
-219.00006818466065 
-219.0000681846606 
-219.00006818466056 
-219.00006818466056 
-219.0000681846604 
-219.00006818466065 
-219.00006818466082 
-219.00006818466065 
-219.00006818466082 
-219.0000681846607 
-219.00006818466085 
-219.00006818466065 
-219.0000681846608 
-219.00006818466082 
-219.0000681846607 
-219.00006818466093 
-219.00006818466082 
-219.0000681846609 
-219.00006818466068 
-219.00006818466073 
-219.00006818466053 
-219.00006818466034 
-219.00006818466045 
-219.00006818466042 
-219.00006818466048 
-219.00006818466045 
-219.00006818466022 
-219.00006818466045 
-219.00006818466036 
-219.0000681846605 
-219.00006818466048 
-219.00006818466036 
-219.00006818466053 
-219.00006818466028 
-219.00006818466034 
-219.00006818466022 
-219.0000681846604 
-219.0000681846603 
-219.00006818466025 
-219.00006818466034 
-219.00006818466022 
-219.0000681846601 
-219.00006818466025 
-219.00006818466025 
-219.00006818466017 
-219.00006818466014 
-219.00006818466005 
-219.00006818466 
-219.00006818466005 
-219.00006818465988 
-219.00006818465977 
-219.00006818465985 
-219.00006818465965 
-219.00006818465988 
-219.0000681846597 
-219.00006818465994 
-219.00006818465985 
-219.00006818466002 
-219.0000681846599 
-219.00006818465988 
-219.0000681846601 
-219.00006818466002 
-219.00006818465997 
-219.0000681846599 
-219.00006818466 
-219.00006818466 
-219.0000681846602 
-219.00006818466014 
-219.0000681846604 
-219.00006818466045 
-219.00006818466042 
-219.00006818466028 
-219.00006818466048 
-219.00006818466048 
-219.00006818466036 
-219.00006818466042 
-219.00006818466065 
-219.00006818466053 
-219.00006818466056 
-219.0000681846606 
-219.00006818466048 
-219.00006818466053 
-219.00006818466053 
-219.00006818466042 
-219.00006818466053 
-219.0000681846606 
-219.00006818466056 
-219.00006818466053 
-219.00006818466053 
-219.0000681846607 
-219.00006818466056 
-219.00006818466065 
-219.00006818466062 
-219.00006818466068 
-219.0000681846607 
-219.00006818467924 
-219.0000681846608 
-219.00006818466056 
-219.0000681846605 
-219.0000681846605 
-219.0000681846605 
-219.0000681846605 
-219.00006818466036 
-219.0000681846602 
-219.00006818466017 
-219.00006818466017 
-219.0000681846602 
-219.0000681846602 
-219.00006818466002 
-219.00006818466 
-219.00006818465997 
-219.00006818465997 
-219.00006818465985 
-219.0000681846599 
-219.00006818466 
-219.00006818466005 
-219.00006818466017 
-219.0000681846599 
-219.00006818465982 
-219.0000681846596 
-219.00006818465974 
-219.00006818465988 
-219.0000681846598 
-219.00006818465982 
-219.00006818465985 
-219.00006818465985 
-219.00006818465968 
-219.00006818465982 
-219.00006818465988 
-219.00006818465985 
-219.00006818466 
-219.00006818465985 
-219.00006818465994 
-219.00006818465994 
-219.00006818465997 
-219.00006818466002 
-219.00006818465988 
-219.00006818465985 
-219.0000681846599 
-219.0000681846597 
-219.00006818465963 
-219.00006818465994 
-219.00006818465982 
-219.00006818465997 
-219.00006818466 
-219.00006818466005 
-219.0000681846601 
-219.00006818466002 
-219.00006818466002 
-219.00006818466 
-219.0000681846598 
-219.0000681846597 
-219.0000681846597 
-219.00006818465957 
-219.00006818465974 
-219.0000681846595 
-219.00006818465977 
-219.0000681846595 
-219.0000681846597 
-219.0000681846598 
-219.00006818465985 
-219.00006818465977 
-219.00006818465965 
-219.00006818465963 
-219.00006818465968 
-219.0000681846598 
-219.00006818465977 
-219.00006818465997 
-219.00006818466025 
-219.0000681846602 
-219.00006818466025 
-219.00006818466034 
-219.0000681846603 
-219.00006818466025 
-219.0000681846602 
-219.0000681846602 
-219.0000681846603 
-219.00006818466022 
-219.00006818466025 
-219.0000681846601 
-219.00006818466008 
-219.00006818465997 
-219.00006818466028 
-219.0000681846602 
-219.0000681846601 
-219.00006818466042 
-219.0000681846602 
-219.00006818466048 
-219.00006818466065 
-219.0000681846606 
-219.00006818466065 
-219.00006818466062 
-219.00006818466068 
-219.000068184661 
-219.00006818466085 
-219.0000681846606 
-219.00006818466062 
-219.0000681846606 
-219.00006818466036 
-219.00006818466076 
-219.00006818466065 
-219.0000681846605 
-219.00006818466073 
-219.00006818466056 
-219.00006818466062 
-219.00006818466088 
-219.00006818466065 
-219.0000681846605 
-219.00006818466042 
-219.0000681846606 
-219.00006818466045 
-219.0000681846606 
-219.0000681846607 
-219.00006818466073 
-219.00006818466088 
-219.00006818466133 
-219.00006818466133 
-219.0000681846612 
-219.000068184661 
-219.00006818466088 
-219.00006818466088 
-219.000068184661 
-219.00006818466065 
-219.000068184661 
-219.0000681846613 
-219.00006818466142 
-219.00006818466156 
-219.00006818466179 
-219.00006818466179 
-219.00006818466173 
-219.00006818466161 
-219.0000681846616 
-219.0000681846617 
-219.0000681846615 
-219.00006818466147 
-219.00006818466142 
-219.0000681846614 
-219.00006818466136 
-219.00006818466133 
-219.00006818466133 
-219.00006818466144 
-219.00006818466144 
-219.00006818466136 
-219.00006818466156 
-219.00006818466161 
-219.00006818466164 
-219.00006818466173 
-219.00006818466164 
-219.00006818466147 
-219.00006818466161 
-219.0000681846617 
-219.00006818466153 
-219.0000681846615 
-219.00006818466147 
-219.00006818466142 
-219.00006818466161 
-219.0000681846615 
-219.00006818466167 
-219.00006818466161 
-219.0000681846615 
-219.00006818466144 
-219.00006818466144 
-219.00006818466147 
-219.0000681846613 
-219.0000681846611 
-219.00006818466107 
-219.0000681846609 
-219.00006818466082 
-219.00006818466076 
-219.00006818466056 
-219.00006818466048 
-219.00006818466048 
-219.0000681846606 
-219.0000681846604 
-219.00006818466042 
-219.00006818466065 
-219.00006818466068 
-219.00006818466068 
-219.00006818466065 
-219.00006818466085 
-219.000068184661 
-219.0000681846609 
-219.00006818466082 
-219.00006818466068 
-219.00006818466045 
-219.00006818466048 
-219.00006818466065 
-219.00006818466062 
-219.00006818466062 
-219.00006818466056 
-219.00006818466048 
-219.000068184679 
-219.00006818466034 
-219.00006818466045 
-219.0000681846607 
-219.00006818466062 
-219.00006818466065 
-219.00006818466053 
-219.00006818466065 
-219.0000681846606 
-219.00006818466068 
-219.00006818466088 
-219.00006818466088 
-219.00006818466065 
-219.00006818466062 
-219.0000681846604 
-219.00006818466036 
-219.00006818466025 
-219.00006818466017 
-219.0000681846601 
-219.00006818466022 
-219.00006818466017 
-219.0000681846602 
-219.00006818466014 
-219.0000681846604 
-219.00006818466048 
-219.0000681846607 
-219.00006818466065 
-219.00006818466082 
-219.000068184661 
-219.00006818466122 
-219.00006818466122 
-219.0000681846611 
-219.00006818466122 
-219.00006818466127 
-219.00006818466122 
-219.0000681846612 
-219.0000681846613 
-219.00006818466122 
-219.00006818466116 
-219.00006818466125 
-219.00006818466127 
-219.0000681846614 
-219.00006818466142 
-219.00006818466122 
-219.00006818466133 
-219.00006818466147 
-219.00006818466144 
-219.0000681846613 
-219.00006818466133 
-219.00006818466107 
-219.00006818466133 
-219.0000681846613 
-219.00006818466127 
-219.0000681846612 
-219.0000681846612 
-219.00006818466125 
-219.00006818466133 
-219.00006818466144 
-219.0000681846614 
-219.00006818466147 
-219.00006818466142 
-219.00006818466142 
-219.00006818466164 
-219.00006818466161 
-219.00006818466153 
-219.0000681846614 
-219.00006818466116 
-219.00006818466113 
-219.0000681846609 
-219.00006818466062 
-219.00006818466073 
-219.0000681846607 
-219.00006818466073 
-219.00006818466088 
-219.00006818466107 
-219.0000681846611 
-219.00006818466102 
-219.0000681846609 
-219.00006818466068 
-219.0000681846607 
-219.00006818466056 
-219.00006818466034 
-219.00006818466034 
-219.00006818466025 
-219.0000681846603 
-219.00006818466042 
-219.00006818466056 
-219.00006818466053 
-219.00006818466056 
-219.00006818466062 
-219.00006818466045 
-219.00006818466045 
-219.00006818466045 
-219.00006818466028 
-219.00006818466045 
-219.00006818466028 
-219.00006818466045 
-219.0000681846606 
-219.00006818466062 
-219.00006818466056 
-219.0000681846604 
-219.00006818466036 
-219.00006818466028 
-219.00006818466036 
-219.0000681846603 
-219.00006818466017 
-219.00006818466008 
-219.00006818465994 
-219.00006818466002 
-219.00006818465997 
-219.00006818465985 
-219.00006818465985 
-219.00006818466 
-219.00006818466008 
-219.0000681846599 
-219.00006818466 
-219.00006818465988 
-219.00006818465994 
-219.00006818465988 
-219.00006818466008 
-219.00006818466014 
-219.00006818466 
-219.0000681846602 
-219.00006818466014 
-219.00006818465988 
-219.00006818465982 
-219.00006818465974 
-219.00006818465954 
-219.00006818465937 
-219.00006818465937 
-219.00006818465965 
-219.00006818465977 
-219.0000681846597 
-219.00006818465954 
-219.0000681846594 
-219.00006818465957 
-219.00006818465948 
-219.00006818465957 
-219.0000681846594 
-219.0000681846596 
-219.00006818465945 
-219.0000681846595 
-219.00006818465977 
-219.00006818465985 
-219.00006818465977 
-219.00006818465988 
-219.00006818465985 
-219.00006818465974 
-219.0000681846597 
-219.0000681846596 
-219.00006818465963 
-219.00006818465934 
-219.00006818465957 
-219.00006818465963 
-219.00006818465963 
-219.00006818465965 
-219.00006818465965 
-219.00006818465974 
-219.0000681846597 
-219.00006818465977 
-219.00006818465957 
-219.0000681846597 
-219.00006818465977 
-219.00006818465985 
-219.00006818465974 
-219.0000681846595 
-219.00006818465968 
-219.00006818465957 
-219.00006818465963 
-219.00006818465968 
-219.00006818465957 
-219.00006818465957 
-219.00006818465945 
-219.00006818465948 
-219.0000681846598 
-219.0000681846599 
-219.0000681846598 
-219.0000681846598 
-219.00006818465974 
-219.00006818465963 
-219.00006818465977 
-219.00006818465968 
-219.00006818465957 
-219.00006818465982 
-219.00006818465994 
-219.00006818465985 
-219.00006818465982 
-219.00006818465988 
-219.00006818466005 
-219.00006818465997 
-219.00006818466022 
-219.00006818466025 
-219.00006818466028 
-219.00006818466025 
-219.00006818466034 
-219.0000681846604 
-219.00006818467887 
-219.0000681846604 
-219.00006818466045 
-219.0000681846607 
-219.00006818466073 
-219.00006818466085 
-219.00006818466076 
-219.0000681846609 
-219.0000681846611 
-219.00006818466127 
-219.00006818466122 
-219.00006818466107 
-219.0000681846612 
-219.00006818466125 
-219.0000681846612 
-219.0000681846614 
-219.00006818466161 
-219.00006818466153 
-219.00006818466184 
-219.00006818466196 
-219.00006818466207 
-219.0000681846621 
-219.0000681846621 
-219.00006818466215 
-219.00006818466213 
-219.0000681846623 
-219.00006818466213 
-219.0000681846622 
-219.00006818466247 
-219.00006818466235 
-219.00006818466238 
-219.0000681846623 
-219.00006818466218 
-219.00006818466218 
-219.0000681846622 
-219.000068184662 
-219.00006818466198 
-219.00006818466207 
-219.00006818466196 
-219.00006818466196 
-219.00006818466215 
-219.00006818466198 
-219.000068184662 
-219.00006818466196 
-219.00006818466184 
-219.0000681846618 
-219.00006818466179 
-219.00006818466184 
-219.00006818466164 
-219.00006818466176 
-219.00006818466198 
-219.000068184662 
-219.000068184662 
-219.00006818466215 
-219.00006818466215 
-219.00006818466227 
-219.0000681846623 
-219.00006818466224 
-219.0000681846621 
-219.0000681846621 
-219.00006818466207 
-219.0000681846624 
-219.00006818466247 
-219.00006818466244 
-219.00006818466258 
-219.00006818466227 
-219.0000681846624 
-219.00006818466204 
-219.00006818466215 
-219.00006818466218 
-219.00006818466213 
-219.0000681846624 
-219.0000681846622 
-219.00006818466215 
-219.00006818466224 
-219.0000681846622 
-219.00006818466207 
-219.00006818466207 
-219.00006818466184 
-219.00006818466184 
-219.0000681846619 
-219.00006818466196 
-219.00006818466187 
-219.00006818466196 
-219.00006818466196 
-219.00006818466196 
-219.00006818466196 
-219.00006818466227 
-219.0000681846624 
-219.00006818466224 
-219.00006818466224 
-219.00006818466218 
-219.00006818466196 
-219.00006818466167 
-219.00006818466187 
-219.00006818466179 
-219.00006818466198 
-219.00006818466176 
-219.00006818466167 
-219.00006818466167 
-219.00006818466184 
-219.00006818466176 
-219.00006818466207 
-219.0000681846618 
-219.0000681846618 
-219.0000681846619 
-219.00006818466198 
-219.00006818466233 
-219.00006818466213 
-219.00006818466193 
-219.00006818466207 
-219.00006818466161 
-219.0000681846616 
-219.0000681846617 
-219.00006818466173 
-219.00006818466193 
-219.00006818466193 
-219.00006818466187 
-219.0000681846618 
-219.00006818466176 
-219.00006818466144 
-219.00006818466156 
-219.00006818466142 
-219.00006818466125 
-219.00006818466125 
-219.00006818466142 
-219.00006818466144 
-219.00006818466142 
-219.0000681846614 
-219.0000681846613 
-219.00006818466147 
-219.0000681846616 
-219.00006818466153 
-219.00006818466164 
-219.0000681846616 
-219.0000681846615 
-219.0000681846615 
-219.00006818466161 
-219.0000681846615 
-219.0000681846614 
-219.00006818466127 
-219.00006818466127 
-219.0000681846613 
-219.00006818466127 
-219.00006818466107 
-219.00006818466096 
-219.00006818466102 
-219.00006818466107 
-219.0000681846611 
-219.00006818466102 
-219.00006818466122 
-219.0000681846612 
-219.00006818466127 
-219.0000681846614 
-219.00006818466133 
-219.00006818466136 
-219.00006818466133 
-219.00006818466113 
-219.00006818466133 
-219.00006818466144 
-219.00006818466147 
-219.00006818466156 
-219.00006818466147 
-219.0000681846615 
-219.0000681846615 
-219.0000681846615 
-219.00006818466147 
-219.00006818466164 
-219.00006818466164 
-219.00006818466153 
-219.00006818466161 
-219.00006818466167 
-219.00006818466173 
-219.0000681846617 
-219.00006818466164 
-219.00006818466144 
-219.0000681846614 
-219.0000681846614 
-219.0000681846614 
-219.00006818466144 
-219.00006818466136 
-219.00006818466133 
-219.0000681846615 
-219.00006818466167 
-219.00006818466153 
-219.00006818466147 
-219.00006818466147 
-219.00006818466136 
-219.0000681846614 
-219.00006818466136 
-219.00006818466122 
-219.0000681846612 
-219.00006818466127 
-219.00006818466113 
-219.0000681846611 
-219.00006818466107 
-219.00006818467972 
-219.00006818466105 
-219.00006818466105 
-219.00006818466102 
-219.00006818466116 
-219.0000681846611 
-219.00006818466113 
-219.00006818466122 
-219.00006818466133 
-219.0000681846614 
-219.00006818466144 
-219.0000681846615 
-219.00006818466144 
-219.00006818466164 
-219.00006818466161 
-219.00006818466136 
-219.00006818466147 
-219.00006818466156 
-219.0000681846615 
-219.00006818466147 
-219.00006818466142 
-219.00006818466147 
-219.00006818466179 
-219.0000681846618 
-219.00006818466164 
-219.00006818466167 
-219.00006818466161 
-219.00006818466142 
-219.00006818466167 
-219.00006818466167 
-219.00006818466142 
-219.00006818466153 
-219.0000681846615 
-219.00006818466147 
-219.00006818466147 
-219.00006818466161 
-219.0000681846616 
-219.00006818466144 
-219.00006818466144 
-219.00006818466133 
-219.0000681846614 
-219.00006818466144 
-219.00006818466125 
-219.0000681846613 
-219.00006818466142 
-219.00006818466116 
-219.00006818466116 
-219.00006818466088 
-219.00006818466107 
-219.00006818466096 
-219.000068184661 
-219.00006818466093 
-219.0000681846611 
-219.00006818466116 
-219.0000681846612 
-219.00006818466102 
-219.00006818466116 
-219.0000681846612 
-219.00006818466133 
-219.00006818466142 
-219.00006818466127 
-219.0000681846614 
-219.00006818466133 
-219.00006818466133 
-219.0000681846613 
-219.00006818466133 
-219.00006818466125 
-219.0000681846614 
-219.0000681846612 
-219.00006818466122 
-219.00006818466133 
-219.00006818466133 
-219.00006818466116 
-219.00006818466122 
-219.00006818466133 
-219.00006818466142 
-219.00006818466122 
-219.00006818466133 
-219.00006818466144 
-219.00006818466153 
-219.0000681846616 
-219.00006818466176 
-219.0000681846615 
-219.00006818466153 
-219.00006818466142 
-219.0000681846614 
-219.00006818466179 
-219.00006818466176 
-219.0000681846618 
-219.00006818466207 
-219.0000681846618 
-219.00006818466173 
-219.00006818466179 
-219.0000681846617 
-219.00006818466193 
-219.00006818466167 
-219.0000681846616 
-219.00006818466156 
-219.0000681846616 
-219.0000681846617 
-219.00006818466179 
-219.0000681846618 
-219.00006818466179 
-219.0000681846617 
-219.000068184662 
-219.00006818466207 
-219.00006818466224 
-219.00006818466213 
-219.00006818466224 
-219.00006818466215 
-219.0000681846619 
-219.00006818466184 
-219.00006818466198 
-219.00006818466204 
-219.00006818466176 
-219.00006818466184 
-219.00006818466173 
-219.0000681846617 
-219.00006818466184 
-219.00006818466198 
-219.00006818466198 
-219.00006818466198 
-219.00006818466218 
-219.00006818466196 
-219.00006818466204 
-219.00006818466207 
-219.000068184662 
-219.00006818466196 
-219.0000681846619 
-219.00006818466198 
-219.00006818466213 
-219.00006818466215 
-219.000068184662 
-219.00006818466204 
-219.0000681846621 
-219.00006818466196 
-219.0000681846618 
-219.00006818466167 
-219.0000681846617 
-219.0000681846618 
-219.00006818466198 
-219.00006818466179 
-219.00006818466173 
-219.00006818466187 
-219.00006818466167 
-219.00006818466167 
-219.0000681846617 
-219.0000681846615 
-219.00006818466136 
-219.00006818466142 
-219.00006818466142 
-219.00006818466142 
-219.0000681846616 
-219.00006818466167 
-219.00006818466173 
-219.00006818466161 
-219.00006818466173 
-219.00006818466161 
-219.0000681846617 
-219.0000681846619 
-219.00006818466176 
-219.00006818466179 
-219.00006818466184 
-219.0000681846619 
-219.00006818466207 
-219.00006818466196 
-219.00006818466207 
-219.0000681846622 
-219.00006818466207 
-219.00006818466213 
-219.00006818466196 
-219.00006818466207 
-219.00006818466198 
-219.00006818466207 
-219.000068184662 
-219.00006818466196 
-219.0000681846619 
-219.00006818466184 
-219.0000681846616 
-219.0000681846613 
-219.00006818466144 
-219.00006818466127 
-219.00006818466105 
-219.0000681846611 
-219.00006818466113 
-219.00006818466116 
-219.00006818466122 
-219.00006818466127 
-219.00006818466105 
-219.00006818466096 
-219.0000681846608 
-219.0000681846609 
-219.00006818466068 
-219.00006818466073 
-219.0000681846605 
-219.0000681846605 
-219.00006818467904 
