0.0 
151.4495549234184 
148.68333780534292 
147.49312352207843 
144.76880028004936 
143.72207721957633 
140.8540763880881 
139.82026974831555 
136.93904424207565 
135.86193011090668 
133.02407550453896 
131.94713566906992 
129.10910805530503 
128.03262229279258 
125.19413992863286 
124.11766151157123 
121.27917178003935 
120.20268759244775 
117.3642036405894 
116.28771929082319 
113.44923550154647 
112.37275122483719 
109.53426736239001 
108.45778308877433 
105.61929922322665 
104.54281494869953 
101.70433108406473 
100.62784680948955 
97.78936294490292 
96.71287867033699 
93.87439480574106 
92.79791053117434 
89.95942666657932 
88.8829423920133 
86.04445852741758 
84.96797425285204 
82.12949038825575 
81.05300611372367 
78.21452224909392 
77.13803797452942 
74.29955410993209 
73.2230698353507 
70.38458597077029 
69.30810169620892 
66.46961783160849 
65.39313355704415 
62.5546496924467 
61.47816541790532 
58.639681553284845 
57.56319727871555 
54.724713414123016 
53.64822913955708 
50.80974527496127 
49.73326100039577 
46.89477713579945 
45.81829286123706 
42.97980899663764 
41.90332472207215 
39.06484085747588 
37.98835658291336 
35.14987271831408 
34.073388443762234 
31.234904579152307 
30.15842030458717 
27.319936439990546 
26.243452165421672 
23.404968300828738 
22.32848402626453 
19.490000161666945 
18.41351588709985 
15.575032022505162 
14.49854774793957 
11.660063883343373 
10.583579608777816 
7.745095744181588 
6.668611469615939 
3.8301276050198014 
2.7536433304543264 
-0.08484053414198273 
-1.161324808707576 
-3.9998086733037654 
-5.076292947869445 
-7.9147768124655355 
-8.991261087031178 
-11.82974495162731 
-12.90622922619298 
-15.744713090789068 
-16.82119736535471 
-19.659681229950838 
-20.736165504516503 
-23.57464936911259 
-24.651133643678076 
-27.48961750827433 
-28.56610178283997 
-31.404585647436086 
-32.48106992200164 
-35.319553786597844 
-36.396038061163644 
-39.23452192575963 
-40.31100620032524 
-43.14949006492135 
-44.2259743394876 
-47.064458204083046 
-48.140942478700694 
-50.97942634324474 
-52.05591061780999 
-54.894394482406554 
-55.97087875697124 
-58.809362621568276 
-59.88584689613396 
-62.724330760730034 
-63.80081503529573 
-66.63929889989184 
-67.71578317445726 
-70.55426703905363 
-71.63075131362258 
-74.46923517821533 
-75.54571945277995 
-78.38420331737707 
-79.4606875919647 
-82.29917145653882 
-83.37565573110506 
-86.21413959570059 
-87.29062387027253 
-90.12910773486242 
-91.20559200937174 
-94.04407587402447 
-95.12056014859118 
-97.95904401318619 
-99.03552828775256 
-101.87401215234803 
-102.95049642691362 
-105.78898029150973 
-106.86546456607547 
-109.70394843067137 
-110.78043270523744 
-113.61891656983327 
-114.6954008443984 
-117.53388470899502 
-118.61036898356068 
-121.44885284815668 
-122.52533712267258 
-125.36382098731836 
-126.44030526188645 
-129.27878912648012 
-130.35527340104514 
-133.19375726564178 
-134.2702415402084 
-137.1087254048035 
-138.18520967938971 
-141.02369354396515 
-142.10017781856138 
-144.93866168312695 
-146.01514595761384 
-148.85362982228898 
-149.9301140968574 
-152.76859796145064 
-153.84508223601372 
-156.68356610061235 
-157.7600503751681 
-160.59853423977407 
-161.67501851434045 
-164.51350237893607 
-165.58998665350174 
-168.4284705180978 
-169.5049547926602 
-172.3434386572595 
-173.41992293173413 
-176.25840679641883 
-177.33489107097063 
-180.17337493555695 
-181.24985921007053 
-184.08834307449274 
-185.16482734853113 
-188.00331121149273 
-189.07979548109395 
-191.91827932999718 
-192.99476355718605 
-195.83324727211874 
-196.90973109505865 
-199.7482135351326 
-200.82469350858068 
-203.66316384462357 
-204.7396071920531 
-207.57796290780252 
-208.6540580096311 
-211.49133176377626 
-212.56411757453392 
-215.39122220325774 
-216.4326336310018 
-219.16505520661536 
-219.91769132506943 
-221.81276767401044 
-223.19640773281077 
-224.5451093839417 
-228.1223221078843 
-235.12092065163773 
-235.24243522941248 
-235.24687065011264 
-235.28377988535217 
-235.31917304243333 
-235.31966747907313 
-235.34703199053658 
-235.34766105757342 
-235.36582662460128 
-235.36642256348154 
-235.3788490049426 
-235.37939662777248 
-235.388155694064 
-235.38865871474107 
-235.39496763455014 
-235.39543329942333 
-235.40004612350555 
-235.4004816774115 
-235.40388939571807 
-235.40430114465886 
-235.40683640941097 
-235.40722955298517 
-235.4091247084681 
-235.40950342023933 
-235.4109244944278 
-235.41129207246064 
-235.41235970956726 
-235.41271873356717 
-235.41352166744602 
-235.41387414060722 
-235.41447820333283 
-235.41482567279033 
-235.41528001008152 
-235.41562366588118 
-235.41596513254453 
-235.41630588728023 
-235.41656221358087 
-235.4169007655133 
-235.4170928687448 
-235.4174297512574 
-235.41757343919537 
-235.41790905920607 
-235.41801629378227 
-235.4183509613778 
-235.41843080062836 
-235.41876475180948 
-235.41882405466603 
-235.41915746875108 
-235.41920142427324 
-235.419534437199 
-235.41956696366452 
-235.4198996781585 
-235.4199237256619 
-235.42025621905128 
-235.42027400036926 
-235.42060633059765 
-235.4206194983208 
-235.42095170860063 
-235.42096149145786 
-235.42129361386603 
-235.42130092159636 
-235.42163297984538 
-235.4216384835403 
-235.4219704950992 
-235.42197468833268 
-235.42230666603498 
-235.4223099109811 
-235.42264186423674 
-235.42264442614226 
-235.4229763618374 
-235.42297843456208 
-235.42331035772466 
-235.4233120825283 
-235.4236439968163 
-235.42364547614142 
-235.42397738419965 
-235.42397869181772 
-235.4243105955431 
-235.4243117841001 
-235.4246436847267 
-235.42464478952604 
-235.42497668808116 
-235.42497773504962 
-235.42530963219454 
-235.42531064044044 
-235.42564253665068 
-235.4256435193088 
-235.42597541490386 
-235.42597638088577 
-235.4263082760814 
-235.42630923134612 
-235.4266411262854 
-235.4266420747557 
-235.42697396953196 
-235.42697491375574 
-235.42730680842973 
-235.42730775004205 
-235.42763964465246 
-235.4276405846945 
-235.42797247926657 
-235.42797341840352 
-235.42830531295292 
-235.42830625161463 
-235.42863814615336 
-235.4286390846211 
-235.42897097916006 
-235.42897191759033 
-235.42930381213895 
-235.429304750574 
-235.429636645122 
-235.42963758355702 
-235.42996947810542 
-235.4299704165404 
-235.4303023110885 
-235.43030324952343 
-235.43063514407197 
-235.43063608250685 
-235.43096797705488 
-235.43096891549 
-235.43130081003818 
-235.43130174847306 
-235.43163364302094 
-235.43163458145597 
-235.43196647600402 
-235.43196741443904 
-235.43229930898735 
-235.43230024742235 
-235.43263214197054 
-235.43263308040548 
-235.43296497495365 
-235.43296591338859 
-235.4332978079367 
-235.4332987463718 
-235.43363064091994 
-235.43363157935485 
-235.43396347390308 
-235.43396441233784 
-235.43429630688598 
-235.43429724532106 
-235.43462913986934 
-235.43463007830434 
-235.43496197285245 
-235.43496291128744 
-235.43529480583578 
-235.43529574427077 
-235.43562763881863 
-235.43562857725354 
-235.4359604718019 
-235.43596141023693 
-235.43629330478493 
-235.4362942432198 
-235.43662613776795 
-235.4366270762028 
-235.43695897075077 
-235.43695990918565 
-235.43729180373384 
-235.4372927421689 
-235.43762463671698 
-235.43762557515208 
-235.43795746969997 
-235.4379584081347 
-235.43829030268284 
-235.4382912411177 
-235.43862313566547 
-235.43862407410052 
-235.43895596864863 
-235.43895690708368 
-235.43928880163196 
-235.43928974006673 
-235.43962163461492 
-235.43962257304992 
-235.43995446759791 
-235.43995540603288 
-235.44028730057977 
-235.44028823901465 
-235.44062013356927 
-235.44062107200432 
-235.44095296666382 
-235.44095390509824 
-235.4412857992603 
-235.44128673769148 
-235.44161862326973 
-235.44161956171973 
-235.4419514772203 
-235.44195241596893 
-235.44228497319241 
-235.4422859106612 
-235.44261644822538 
-235.44261735012574 
-235.44288956256355 
-235.44289081483095 
-235.44346335834555 
-235.443466226575 
-235.4453830381076 
-235.44538305258698 
-235.44538305258357 
-239.91721063039907 
-239.99046727457832 
-240.03306383341192 
-240.06072763917476 
-240.06905964135905 
-240.07941896621048 
-240.0830515392004 
-240.09286654573413 
-240.10395699291416 
-240.11154106158773 
-240.1184907569986 
-240.12374317985 
-240.12868843409512 
-240.13246261661106 
-240.13607660461645 
-240.13885105149797 
-240.14153341851582 
-240.14360532044418 
-240.14562176456218 
-240.1471859166524 
-240.14871564189886 
-240.14990560544777 
-240.151073454121 
-240.15198363824942 
-240.1528790093045 
-240.15357773960892 
-240.1542661070673 
-240.15480361895686 
-240.1553336015756 
-240.15574750547748 
-240.1561557183286 
-240.15647444454083 
-240.15678776002142 
-240.15703134943232 
-240.15727065012783 
-240.15745664758938 
-240.15763934696128 
-240.15778143201297 
-240.1579209586654 
-240.15802904494805 
-240.15813492974576 
-240.1582169623184 
-240.15829673376638 
-240.15835808557966 
-240.15841769547256 
-240.15846349130183 
-240.15850794677738 
-240.15854206591996 
-240.15857515524192 
-240.1586005264823 
-240.1586251093468 
-240.15864394097042 
-240.15866217105403 
-240.15867612462532 
-240.1586896209558 
-240.15869994178092 
-240.158709915187 
-240.15871753760382 
-240.15872487971365 
-240.1587304714608 
-240.1587358520488 
-240.15873994468924 
-240.1587438778656 
-240.15874686580315 
-240.15874973384365 
-240.15875191000902 
-240.15875399645654 
-240.15875557777065 
-240.15875709225224 
-240.1587582388188 
-240.1587593357769 
-240.15876016535384 
-240.15876095820738 
-240.15876155713534 
-240.15876212891953 
-240.15876256031578 
-240.15876297165474 
-240.15876328155497 
-240.15876357662904 
-240.1587637985713 
-240.15876400956213 
-240.1587641679451 
-240.15876431821022 
-240.15876443073603 
-240.15876453726412 
-240.15876461681978 
-240.15876469153577 
-240.1587647464964 
-240.15876479772004 
-240.15876483521146 
-240.1587648703872 
-240.5969467740105 
-240.96849296408442 
-241.20200525362134 
-241.2611320903937 
-241.32155671013862 
-241.33970709931396 
-241.3639287393151 
-241.37169024990948 
-241.3837244965673 
-241.38769263965008 
-241.3944875696228 
-241.39675798363265 
-241.40096022957238 
-241.4023733926585 
-241.40516783970207 
-241.40611356429093 
-241.40808267738453 
-241.40875842238256 
-241.41020164236832 
-241.41071311735794 
-241.41178784519997 
-241.4121934196471 
-241.41299203357792 
-241.4133232648786 
-241.4139096583355 
-241.4141840526806 
-241.4146085547277 
-241.41484228310284 
-241.41506714357283 
-241.41516416284065 
-241.41534349388104 
-241.41541736114297 
-241.41555934019794 
-241.41561590025424 
-241.4157273342801 
-241.41577083703464 
-241.41585774914975 
-241.41589138294398 
-241.41595906883379 
-241.41598524146582 
-241.41603817217344 
-241.4160586880545 
-241.4161004677031 
-241.41611667085158 
-241.41615009143766 
-241.41616298737478 
-241.4161901450933 
-241.4162004973428 
-241.4162229278594 
-241.4162313268895 
-241.41625013353567 
-241.4162570418561 
-241.41627300626948 
-241.41627878671002 
-241.4162924600164 
-241.4162973941593 
-241.4163091697964 
-241.41631347157127 
-241.4163236410575 
-241.41632746824314 
-241.41633626093704 
-241.41633972559964 
-241.41634733400684 
-241.41635051199336 
-241.4163571053851 
-241.41636004467276 
-241.41636577468745 
-241.41636850246368 
-241.41637350426555 
-241.41637603280327 
-241.41638042438348 
-241.4163827559514 
-241.41638663698748 
-241.41638876809503 
-241.4163922190402 
-241.41639414420737 
-241.4163972260891 
-241.41639894112814 
-241.41640169656975 
-241.41640320111682 
-241.4164056569457 
-241.41640695591778 
-241.41640912730057 
-241.4164102311052 
-241.4164121265619 
-241.41641305020732 
-241.41641467650416 
-241.41641543800495 
-241.41641680393883 
-241.41641742250314 
-241.41641854100192 
-241.41641903538846 
-241.41641992391374 
-241.41642031117658 
-241.41642099103382 
-241.41642128568535 
-241.4164217804657 
-241.41642199420028 
-241.41642233237522 
-241.4164224704952 
-241.41642266308605 
-241.41642274709272 
-241.41642282695148 
-241.41642282834943 
-241.416422828373 
-241.41642282835653 
-241.41642282837276 
-241.41642282836506 
-241.41642282836702 
-241.41642282836253 
-241.41642282836847 
-241.41642282837086 
-241.41642282836995 
-241.41642282836986 
-241.41642282836986 
-241.41642282836978 
-241.41642282836986 
-241.4164228283702 
-241.4164228283703 
-241.41642282837074 
-241.41642282837077 
-241.4164228283711 
-241.41642282836997 
-241.41642282837026 
-241.41642282837017 
-241.41642282837068 
-241.41642282837088 
-241.41642282837154 
-241.41642282837205 
-241.41642282837253 
-241.41642282837267 
-241.4164228283735 
-241.41642282837392 
-241.41642282837466 
-241.4164228283751 
-241.41642282837608 
-241.4164228283768 
-241.41642282837773 
-241.41642282837822 
-241.41642282837932 
-241.41642282838023 
-241.4164228283811 
-241.41642282838177 
-241.41642282838262 
-241.41642282838353 
-241.41642282838455 
-241.4164228283856 
-241.41642282838697 
-241.4164228283879 
-241.41642282838922 
-241.4164228283904 
-241.41642282839183 
-241.41642282839314 
-241.41642282839481 
-241.41642282839666 
-241.41642282839845 
-241.41642282840067 
-241.41642282840257 
-241.41642282840527 
-241.4164228284076 
-241.4164228284109 
-241.41642282841352 
-241.4164228284177 
-241.41642282842093 
-241.41642282842653 
-241.41642282843003 
-241.41642282843748 
-241.41642282844202 
-241.416422828452 
-241.41642282845788 
-241.41642282847044 
-241.4164228284783 
-241.4164228284945 
-241.4164228285049 
-241.4164228285264 
-241.41642282853184 
-241.4164228285584 
-241.41642282856634 
-241.41642282859985 
-241.41642282861076 
-241.41642282865212 
-241.41642282866647 
-241.41642282871845 
-241.41642282873602 
-241.41642282922578 
-241.4164228294209 
-241.4164228298477 
-241.41642283009256 
-241.41642283053258 
-241.4164228307598 
-241.41642283124767 
-241.41642283149935 
-241.41642283207682 
-241.41642283234188 
-241.4164228330035 
-241.4164228332842 
-241.41642283397667 
-241.4164228342979 
-241.4164228350078 
-241.4164228354323 
-241.4164228362811 
-241.41642283702097 
-241.41642283823768 
-241.41642283927237 
-241.41642284072825 
-241.41642284192943 
-241.41642284296142 
-241.41642284399137 
-241.4164228449116 
-241.41642284494768 
-241.4164228450258 
-241.4164629760091 
-241.41648799495272 
-241.41651629008726 
-241.4165336646624 
-241.4165539532972 
-241.41656646605242 
-241.41657790195205 
-241.4165861644874 
-241.41659479293352 
-241.41660104239293 
-241.41660765015192 
-241.41661236371783 
-241.41661750051549 
-241.41662124167416 
-241.41662535625454 
-241.4166283329157 
-241.4166316824634 
-241.41663410187687 
-241.41663689885155 
-241.41663890902822 
-241.4166412866411 
-241.41664299239767 
-241.41664505702505 
-241.41664653276564 
-241.41664835455865 
-241.41664965234224 
-241.4166512799268 
-241.41665243662152 
-241.41665390410708 
-241.41665494627608 
-241.41665627826956 
-241.41665722566665 
-241.41665844130972 
-241.4166593143828 
-241.41666045616364 
-241.41666104235156 
-241.41666174343135 
-241.4166622921409 
-241.4166629420565 
-241.41666345661133 
-241.41666406076314 
-241.41666454279832 
-241.41666510430431 
-241.41666555404004 
-241.4166660743923 
-241.41666649137153 
-241.41666697109804 
-241.41666735445403 
-241.4166677940905 
-241.4166681429901 
-241.41666856295672 
-241.4166687676448 
-241.41666914378715 
-241.41666936600598 
-241.41666954192766 
-241.4166697498318 
-241.41666991623907 
-241.4166701068503 
-241.41667026432424 
-241.41667043753228 
-241.41667059006156 
-241.41667066741974 
-241.41667080929523 
-241.41667088345864 
-241.4166710151108 
-241.41667108460024 
-241.41667120646719 
-241.416671269993 
-241.41667138238716 
-241.41667143919142 
-241.41667154232036 
-241.41667159208714 
-241.4166716860362 
-241.41667172867412 
-241.4166718134039 
-241.41667184883022 
-241.41667192509212 
-241.41667193488178 
-241.416672001084 
-241.41667200929788 
-241.41667205128542 
-241.41667205748956 
-241.41667209002765 
-241.41667211000558 
-241.41667213027154 
-241.41667213429787 
-241.416672135342 
-241.4166721357464 
-241.41667213588397 
-241.41667213590708 
-241.4166721358905 
-241.416672135907 
-241.41667213589932 
-241.4166721359016 
-241.4166721358971 
-241.4166721358967 
-241.41667213589903 
-241.41667213589818 
-241.41667213589844 
-241.41667213589838 
-241.41667213589855 
-241.41667213589832 
-241.4166721358985 
-241.4166721358984 
-241.41667213589838 
-241.41667213589858 
-241.41667213589858 
-241.4166721358986 
-241.4166721358987 
-241.41667213589878 
-241.4166721358986 
-241.4166721358987 
-241.41667213589866 
-241.4166721358989 
-241.41667213589884 
-241.41667213589892 
-241.41667213589906 
-241.41667213589915 
-241.41667213589926 
-241.41667213589918 
-241.41667213589912 
-241.4166721358993 
-241.41667213589966 
-241.41667213589974 
-241.41667213589992 
-241.41667213590006 
-241.4166721359004 
-241.4166721359 
-241.4166721359005 
-241.4166721359011 
-241.4166721359012 
-241.41667213590176 
-241.41667213590245 
-241.4166721359032 
-241.41667213590378 
-241.41667213590438 
-241.416672135905 
-241.41667213590617 
-241.4166721359069 
-241.4166721359083 
-241.41667213590898 
-241.41667213591006 
-241.41667213591117 
-241.41667213591268 
-241.41667213591376 
-241.41667213591546 
-241.41667213591703 
-241.41667213591944 
-241.41667213592217 
-241.4166721359249 
-241.4166721359278 
-241.41667213593107 
-241.41667213593462 
-241.41667213593826 
-241.41667213594218 
-241.41667213594675 
-241.41667213595105 
-241.41667213595605 
-241.4166721359615 
-241.4166721359671 
-241.41667213597265 
-241.41667213593726 
-241.41667213594314 
-241.4166721359497 
-241.41667213595568 
-241.41667213596236 
-241.4166721359687 
-241.41667213597555 
-241.41667213598123 
-241.416672135988 
-241.4166721359938 
-241.4166721360005 
-241.41667213600596 
-241.41667213601252 
-241.41667213601764 
-241.4166721360213 
-241.4166721362968 
-241.41667213660352 
-241.41667213687728 
-241.41667213717238 
-241.41667213744196 
-241.41667213773263 
-241.41667213773266 
-241.41667213773275 
-241.4166721377328 
-241.41667213773292 
-241.41667213773303 
-241.41667213773312 
-241.41667213773331 
-241.41667213773343 
-241.41667213773357 
-241.4166721377337 
-241.4166721377337 
-241.4166721377339 
-241.41667213773405 
-241.41667213773417 
-241.41667213773414 
-241.41667213773422 
-241.4166721377343 
-241.4166721377343 
-241.41667213773437 
-241.41667213773448 
-241.4166721377344 
-241.41667213773437 
-241.4166721377344 
-241.4166721377344 
-241.41667213773437 
-241.4166721377344 
-241.4166721377345 
-241.41667213773448 
-241.41667213773434 
-241.4166721377345 
-241.41667213773442 
-241.4166721377344 
-241.41667213773445 
-241.4166721377344 
-241.41667213773448 
-241.41667213773468 
-241.41667213773474 
-241.41667213773485 
-241.4166721377349 
-241.41667213773496 
-241.4166721377352 
-241.41667213773525 
-241.41667213773545 
-241.4166721377354 
-241.41667213773547 
-241.41667213773576 
-241.41667213773593 
-241.41667213773556 
-241.41667213773547 
-241.41667213773573 
-241.4166721377359 
-241.41667213773584 
-241.41667213773587 
-241.41667213773607 
-241.4166721377359 
-241.41667213773593 
-241.41667213773633 
-241.4166721377361 
-241.4166721377363 
-241.41667213773638 
-241.41667213773653 
-241.4166721377365 
-241.41667213773667 
-241.4166721377366 
-241.4166721377366 
-241.41667213773667 
-241.41667213773673 
-241.41667213773673 
-241.4166721377369 
-241.41667213773687 
-241.4166721377369 
-241.416672137737 
-241.41667213773673 
-241.41667213773675 
-241.41667213773678 
-241.41667213773653 
-241.41667213773655 
-241.4166721377365 
-241.41667213773667 
-241.41667213773678 
-241.4166721377369 
-241.41667213773692 
-241.41667213773698 
-241.41667213773687 
-241.41667213773707 
-241.416672137737 
-241.41667213773738 
-241.41667213773752 
-241.41667213773866 
-241.41667213773877 
-241.41667213773854 
-241.4166721377385 
-241.41667213773871 
-241.4166721377385 
-241.4166721377385 
-241.41667213773854 
-241.41667213773863 
-241.41667213773889 
-241.41667213773997 
-241.4166721377377 
-241.4166721377382 
-241.41667213774275 
-241.41667213774053 
-241.41667213774832 
-241.41667213773218 
-241.4166721377486 
-241.41667213774076 
-241.416672137743 
-241.4166721377384 
-241.41667213773795 
-241.4166721377401 
-241.41667213773886 
-241.41667213773866 
-241.41667213773854 
-241.41667213773846 
-241.41667213773846 
-241.4166721377387 
-241.41667213773852 
-241.41667213773854 
-241.41667213773871 
-241.4166721377385 
-241.4166721377386 
-241.41667213773837 
-241.41667213773835 
-241.41667213773832 
-241.41667213773798 
-241.41667213773812 
-241.41667213773667 
-241.41667213773655 
-241.41667213773644 
-241.41667213773638 
-241.41667213773633 
-241.41667213773638 
-241.41667213773624 
-241.41667213773636 
-241.4166721377361 
-241.41667213773616 
-241.41667213773633 
-241.41667213773633 
-241.4166721377362 
-241.41667213773644 
-241.41667213773613 
-241.4166721377362 
-241.41667213773613 
-241.41667213773596 
-241.41667213773593 
-241.416672137736 
-241.4166721377359 
-241.41667213773576 
-241.41667213773576 
-241.41667213773567 
-241.41667213773547 
-241.4166721377356 
-241.4166721377353 
-241.41667213773508 
-241.41667213773513 
-241.4166721377351 
-241.416672137735 
-241.41667213773508 
-241.41667213773496 
-241.4166721377348 
-241.41667213773468 
-241.41667213773493 
-241.41667213773505 
-241.41667213773485 
-241.41667213773485 
-241.4166721377348 
-241.41667213773445 
-241.41667213773437 
-241.4166721377342 
-241.41667213773414 
-241.41667213773405 
-241.41667213773394 
-241.4166721377337 
-241.4166721377337 
-241.41667213773357 
-241.41667213773354 
-241.41667213773337 
-241.4166721377334 
-241.41667213773334 
-241.41667213773326 
-241.41667213773337 
-241.4166721377334 
-241.41667213773337 
-241.41667213773331 
-241.41667213773337 
-241.41667213773346 
-241.41667213773337 
-241.4166721377334 
-241.41667213773349 
-241.41667213773331 
-241.41667213773337 
-241.4166721377332 
-241.41667213773314 
-241.4166721377331 
-241.41667213773314 
-241.41667213773314 
-241.41667213773297 
-241.41667213773292 
-241.41667213773297 
-241.41667213773286 
-241.41667213773283 
-241.41667213773266 
-241.4166721377325 
-241.41667213773246 
-241.41667213773238 
-241.41667213773252 
-241.4166721377324 
-241.4166721377324 
-241.41667213773258 
-241.41667213773258 
-241.41667213773258 
-241.4166721377326 
-241.41667213773277 
-241.4166721377328 
-241.41667213773297 
-241.41667213773303 
-241.4166721377328 
-241.41667213773246 
-241.4166721377324 
-241.41667213773232 
-241.4166721377324 
-241.41667213773252 
-241.41667213773275 
-241.4166721377327 
-241.4166721377324 
-241.41667213773235 
-241.41667213773235 
-241.41667213773238 
-241.41667213773223 
-241.41667213777382 
-241.41667213777384 
-241.41667213777376 
-241.41667213777356 
-241.41667213777356 
-241.41667213777365 
-241.41667213777345 
-241.4166721377735 
-241.41667213777367 
-241.41667213777342 
-241.41667213777328 
-241.41667213777328 
-241.4166721377731 
-241.4166721377729 
-241.41667213777276 
-241.41667213777248 
-241.41667213777237 
-241.4166721377722 
-241.41667213777217 
-241.41667213777203 
-241.41667213777214 
-241.41667213777194 
-241.41667213777185 
-241.41667213777183 
-241.4166721377717 
-241.41667213777163 
-241.41667213777177 
-241.4166721377718 
-241.4166721377719 
-241.41667213777168 
-241.41667213777177 
-241.41667213777168 
-241.4166721377715 
-241.41667213777126 
-241.41667213777174 
-241.41667213777163 
-241.41667213777143 
-241.41667213777149 
-241.41667213777163 
-241.41667213777146 
-241.4166721377673 
-241.41667213776725 
-241.4166721377674 
-241.41667213776736 
-241.4166721377676 
-241.41667213776722 
-241.41667213776716 
-241.41667213776714 
-241.41667213776688 
-241.41667213776705 
-241.4166721377669 
-241.41667213776708 
-241.41667213776694 
-241.41667213776688 
-241.41667213776688 
-241.41667213776685 
-241.41667213776657 
-241.41667213776645 
-241.41667213776645 
-241.41667213776628 
-241.41667213776404 
-241.41667213776407 
-241.4166721377642 
-241.41667213776398 
-241.41667213776475 
-241.41667213776262 
-241.41667213776293 
-241.4166721377675 
-241.41667213776518 
-241.41667213777288 
-241.4166721377567 
-241.41667213777282 
-241.41667213776518 
-241.41667213776736 
-241.41667213776304 
-241.41667213776242 
-241.41667213776455 
-241.4166721377636 
-241.4166721377638 
-241.41667213776367 
-241.41667213776356 
-241.41667213776591 
-241.4166721377659 
-241.41667213776617 
-241.41667213776628 
-241.41667213776614 
-241.41667213776623 
-241.41667213776628 
-241.41667213776623 
-241.4166721377664 
-241.41667213776654 
-241.41667213776643 
-241.41667213776634 
-241.4166721377665 
-241.4166721377663 
-241.4166721377665 
-241.41667213776662 
-241.41667213776685 
-241.4166721377668 
-241.41667213776685 
-241.41667213776685 
-241.41667213777095 
-241.416672137771 
-241.41667213777112 
-241.41667213777095 
-241.41667213777112 
-241.41667213777106 
-241.41667213777126 
-241.41667213777126 
-241.41667213777112 
-241.4166721377712 
-241.4166721377712 
-241.41667213777126 
-241.41667213777112 
-241.41667213777114 
-241.41667213777112 
-241.41667213777106 
-241.4166721377709 
-241.4166721377709 
-241.416672137771 
-241.416672137771 
-241.41667213777112 
-241.41667213777117 
-241.41667213777123 
-241.41667213777114 
-241.41667213777117 
-241.4166721377711 
-241.41667213777123 
-241.4166721377701 
-241.41667213777015 
-241.4166721377703 
-241.4166721377703 
-241.4166721377704 
-241.41667213777055 
-241.4166721377705 
-241.41667213777055 
-241.4166721377707 
-241.4166721377708 
-241.41667213777077 
-241.41667213777077 
-241.41667213777075 
-241.41667213777066 
-241.41667213777092 
-241.4166721377707 
-241.41667213777066 
-241.41667213777083 
-241.41667213777095 
-241.41667213777095 
-241.41667213777095 
-241.41667213777066 
-241.41667213777077 
-241.41667213777055 
-241.4166721377706 
-241.41667213777083 
-241.41667213777095 
-241.4166721377711 
-241.4166721377712 
-241.41667213777123 
-241.41667213777106 
-241.41667213777123 
-241.41667213777117 
-241.41667213777106 
-241.41667213777077 
-241.41667213777072 
-241.41667213777072 
-241.41667213777066 
-241.41667213777075 
-241.41667213777086 
-241.41667213777083 
-241.41667213777083 
-241.41667213777086 
-241.41667213777095 
-241.41667213777112 
-241.41667213777112 
-241.41667213777123 
-241.4166721377712 
-241.41667213777134 
-241.41667213777149 
-241.41667213777137 
-241.41667213777143 
-241.41667213777146 
-241.41667213777154 
-241.41667213777168 
-241.41667213777168 
-241.4166721377718 
-241.41667213777194 
-241.41667213777208 
-241.41667213777225 
-241.41667213777225 
-241.41667213777225 
-241.41667213777208 
-241.41667213777222 
-241.41667213777225 
-241.41667213777228 
-241.4166721377723 
-241.41667213777245 
-241.41667213777274 
-241.4166721377728 
-241.41667213777282 
-241.41667213777276 
-241.41667213777308 
-241.416672137773 
-241.41667213777313 
-241.41667213777316 
-241.4166721377733 
-241.4166721377734 
-241.41667213777347 
-241.41667213777328 
-241.41667213777313 
-241.41667213777316 
-241.41667213777325 
-241.41667213777345 
-241.41667213777333 
-241.41667213777347 
-241.41667213777333 
-241.41667213777333 
-241.41667213777342 
-241.41667213777345 
-241.41667213777356 
-241.41667213777347 
-241.4166721377735 
-241.41667213777353 
-241.41667213777384 
-241.41667213777362 
-241.4166721377737 
-241.41667213777365 
-241.41667213777373 
-241.41667213777393 
-241.4166721377739 
-241.41667213777362 
-241.4166721377738 
-241.41667213777367 
-241.41667213777373 
-241.4166721377738 
-241.41667213777362 
-241.4166721377735 
-241.41667213777356 
-241.41667213777373 
-241.4166721377739 
-241.4166721377739 
-241.41667213777393 
-241.41667213777387 
-241.41667213777384 
-241.4166721377739 
-241.41667213777515 
-241.41667213777527 
-241.4166721377756 
-241.4166721377757 
-241.41667213777544 
-241.41667213777555 
-241.41667213777578 
-241.41667213777572 
-241.41667213777592 
-241.41667213777586 
-241.4166721377759 
-241.41667213777583 
-241.41667213777603 
-241.41667213777606 
-241.4166721377762 
-241.4166721377764 
-241.41667213777768 
-241.41667213777555 
-241.4166721377759 
-241.41667213778044 
-241.4166721377784 
-241.41667213778578 
-241.41667213776927 
-241.41667213778575 
-241.41667213777825 
-241.41667213778032 
-241.41667213777595 
-241.4166721377755 
-241.41667213777782 
-241.4166721377767 
-241.41667213777657 
-241.41667213777663 
-241.4166721377766 
-241.41667213777635 
-241.41667213777632 
-241.41667213777623 
-241.41667213777635 
-241.41667213777623 
-241.41667213777623 
-241.41667213777592 
-241.416672137776 
-241.41667213777615 
-241.41667213777612 
-241.41667213777606 
-241.41667213777595 
-241.41667213777578 
-241.41667213777566 
-241.41667213777572 
-241.41667213777566 
-241.41667213777566 
-241.41667213777575 
-241.4166721377756 
-241.41667213777558 
-241.41667213777566 
-241.41667213777566 
-241.41667213777586 
-241.41667213777586 
-241.41667213777575 
-241.4166721377758 
-241.4166721377756 
-241.41667213777586 
-241.416672137776 
-241.41667213777606 
-241.4166721377759 
-241.41667213777592 
-241.41667213777586 
-241.416672137776 
-241.41667213777578 
-241.41667213777578 
-241.41667213777572 
-241.41667213777578 
-241.4166721377756 
-241.41667213777563 
-241.4166721377755 
-241.41667213777558 
-241.41667213777578 
-241.4166721377756 
-241.4166721377757 
-241.41667213777544 
-241.41667213777527 
-241.4166721377752 
-241.41667213777527 
-241.4166721377753 
-241.41667213777524 
-241.4166721377751 
-241.41667213777504 
-241.41667213777504 
-241.41667213777498 
-241.416672137775 
-241.41667213777464 
-241.41667213777464 
-241.41667213777467 
-241.41667213777464 
-241.4166721377745 
-241.41667213777427 
-241.41667213777424 
-241.41667213777419 
-241.4166721377741 
-241.4166721377739 
-241.41667213777419 
-241.41667213777407 
-241.41667213777401 
-241.41667213777401 
-241.41667213777393 
-241.41667213777362 
-241.41667213777362 
-241.41667213777365 
-241.4166721377735 
-241.41667213777347 
-241.41667213777345 
-241.4166721377734 
-241.4166721377734 
-241.41667213777333 
-241.4166721377731 
-241.41667213777328 
-241.4166721377732 
-241.416672137773 
-241.41667213777288 
-241.41667213777288 
-241.41667213777265 
-241.4166721377725 
-241.4166721377726 
-241.41667213777248 
-241.41667213777214 
-241.4166721377722 
-241.4166721377721 
-241.4166721377723 
-241.4166721377722 
-241.41667213777228 
-241.4166721377723 
-241.4166721377721 
-241.4166721377721 
-241.41667213777214 
-241.41667213777194 
-241.41667213777183 
-241.41667213777163 
-241.41667213777149 
-241.41667213777146 
-241.41667213777154 
-241.4166721377715 
-241.4166721377716 
-241.41667213777157 
-241.4166721377715 
-241.41667213777134 
-241.4166721377714 
-241.4166721377714 
-241.41667213777149 
-241.41667213777117 
-241.4166721377713 
-241.4166721377715 
-241.41667213777143 
-241.41667213777146 
-241.41667213777146 
-241.41667213775807 
-241.41667213775804 
-241.41667213775793 
-241.4166721377579 
-241.4166721377578 
-241.41667213775787 
-241.4166721377577 
-241.41667213775762 
-241.41667213775887 
-241.4166721377589 
-241.41667213775878 
-241.4166721377589 
-241.41667213775872 
-241.41667213775813 
-241.416672137758 
-241.41667213775784 
-241.41667213775793 
-241.41667213775776 
-241.4166721377579 
-241.41667213775804 
-241.41667213775816 
-241.41667213775833 
-241.41667213775833 
-241.4166721377584 
-241.41667213775835 
-241.41667213775835 
-241.41667213775827 
-241.41667213775844 
-241.41667213775835 
-241.4166721377582 
-241.41667213775827 
-241.41667213775818 
-241.41667213775827 
-241.41667213775813 
-241.4166721377582 
-241.4166721377582 
-241.41667213775838 
-241.41667213775816 
-241.41667213775816 
-241.4166721377579 
-241.41667213775773 
-241.4166721377577 
-241.41667213775784 
-241.4166721377577 
-241.41667213775776 
-241.41667213775773 
-241.4166721377577 
-241.41667213775762 
-241.41667213775764 
-241.41667213775753 
-241.41667213775747 
-241.4166721377576 
-241.41667213775776 
-241.41667213775764 
-241.41667213775773 
-241.41667213775753 
-241.41667213775753 
-241.41667213775747 
-241.41667213775747 
-241.41667213775844 
-241.41667213775617 
-241.41667213775665 
-241.41667213776105 
-241.41667213775887 
-241.41667213776634 
-241.41667213775014 
-241.41667213776637 
-241.41667213775915 
-241.41667213776094 
-241.41667213775656 
-241.41667213775597 
-241.41667213775844 
-241.4166721377574 
-241.4166721377572 
-241.41667213775744 
-241.4166721377578 
-241.41667213775804 
-241.41667213775807 
-241.41667213775793 
-241.4166721377579 
-241.4166721377578 
-241.41667213775779 
-241.41667213775796 
-241.41667213775813 
-241.41667213775807 
-241.41667213775818 
-241.4166721377583 
-241.41667213775844 
-241.41667213775844 
-241.41667213775847 
-241.4166721377585 
-241.4166721377585 
-241.41667213775884 
-241.41667213775898 
-241.41667213775918 
-241.4166721377592 
-241.41667213775924 
-241.4166721377593 
-241.41667213775926 
-241.4166721377592 
-241.41667213775932 
-241.41667213775926 
-241.4166721377594 
-241.41667213775952 
-241.4166721377597 
-241.41667213775975 
-241.41667213775986 
-241.41667213775997 
-241.41667213775983 
-241.41667213776003 
-241.41667213775995 
-241.41667213776006 
-241.4166721377601 
-241.4166721377602 
-241.4166721377604 
-241.41667213776037 
-241.41667213776043 
-241.41667213776046 
-241.41667213776128 
-241.4166721377614 
-241.4166721377615 
-241.41667213776176 
-241.4166721377617 
-241.41667213776157 
-241.41667213776174 
-241.41667213776176 
-241.41667213776162 
-241.4166721377618 
-241.41667213776182 
-241.41667213776182 
-241.41667213776205 
-241.41667213777527 
-241.41667213777515 
-241.41667213777515 
-241.41667213777512 
-241.4166721377751 
-241.41667213777498 
-241.4166721377752 
-241.41667213777515 
-241.41667213777518 
-241.41667213777507 
-241.41667213777504 
-241.41667213777515 
-241.4166721377753 
-241.41667213777538 
-241.41667213777544 
-241.4166721377753 
-241.41667213777535 
-241.41667213777535 
-241.4166721377755 
-241.41667213777527 
-241.4166721377753 
-241.41667213777532 
-241.41667213777524 
-241.4166721377754 
-241.4166721377755 
-241.41667213777558 
-241.4166721377759 
-241.41667213777572 
-241.41667213777563 
-241.41667213777572 
-241.41667213777572 
-241.41667213777563 
-241.41667213777575 
-241.416672137776 
-241.4166721377764 
-241.4166721377765 
-241.4166721377764 
-241.4166721377767 
-241.41667213777654 
-241.41667213777671 
-241.4166721377768 
-241.4166721377767 
-241.4166721377768 
-241.41667213777697 
-241.41667213777694 
-241.41667213777708 
-241.41667213777703 
-241.4166721377769 
-241.4166721377769 
-241.41667213777697 
-241.41667213777697 
-241.41667213777683 
-241.41667213777694 
-241.41667213777708 
-241.41667213777694 
-241.41667213777708 
-241.41667213777725 
-241.41667213777737 
-241.41667213777737 
-241.41667213777748 
-241.4166721377776 
-241.4166721377776 
-241.4166721377775 
-241.4166721377772 
-241.41667213777743 
-241.4166721377775 
-241.41667213777725 
-241.41667213777725 
-241.41667213777725 
-241.41667213777728 
-241.41667213777725 
-241.41667213777757 
-241.41667213777754 
-241.41667213777765 
-241.4166721377775 
-241.41667213777774 
-241.41667213777762 
-241.41667213777765 
-241.41667213777754 
-241.4166721377777 
-241.41667213777774 
-241.41667213777794 
-241.41667213777797 
-241.41667213777808 
-241.41667213777805 
-241.4166721377781 
-241.41667213777816 
-241.41667213777814 
-241.4166721377781 
-241.41667213777816 
-241.4166721377784 
-241.41667213777825 
-241.41667213777828 
-241.4166721377784 
-241.41667213777825 
-241.4166721377785 
-241.41667213777856 
-241.4166721377788 
-241.41667213777896 
-241.4166721377788 
-241.4166721377788 
-241.41667213777887 
-241.4166721377789 
-241.41667213777905 
-241.41667213777887 
-241.41667213777907 
-241.41667213777913 
-241.41667213777913 
-241.41667213777927 
-241.4166721377795 
-241.4166721377793 
-241.41667213777933 
-241.41667213777924 
-241.4166721377789 
-241.41667213777913 
-241.4166721377793 
-241.4166721377791 
-241.41667213777916 
-241.41667213777947 
-241.41667213777959 
-241.41667213777973 
-241.4166721377798 
-241.41667213777993 
-241.41667213778004 
-241.41667213778103 
-241.41667213777876 
-241.41667213777922 
-241.41667213778365 
-241.41667213778135 
-241.4166721377888 
-241.41667213777242 
-241.4166721377887 
-241.41667213778126 
-241.41667213778345 
-241.41667213777885 
-241.41667213777853 
-241.41667213778078 
-241.4166721377798 
-241.4166721377798 
-241.41667213777941 
-241.41667213777947 
-241.41667213777922 
-241.4166721377792 
-241.416672137779 
-241.4166721377788 
-241.41667213777893 
-241.41667213777885 
-241.41667213777873 
-241.4166721377789 
-241.41667213777893 
-241.41667213777882 
-241.4166721377789 
-241.41667213777893 
-241.41667213777885 
-241.4166721377789 
-241.4166721377789 
-241.41667213777868 
-241.41667213777868 
-241.41667213777853 
-241.41667213777856 
-241.41667213777845 
-241.41667213777842 
-241.41667213777833 
-241.41667213777828 
-241.41667213777808 
-241.41667213777802 
-241.41667213777777 
-241.41667213777785 
-241.41667213777762 
-241.41667213777774 
-241.41667213777765 
-241.4166721377776 
-241.4166721377777 
-241.41667213777774 
-241.4166721377778 
-241.41667213777768 
-241.41667213777754 
-241.41667213777754 
-241.4166721377775 
-241.41667213777737 
-241.41667213777725 
-241.41667213777708 
-241.41667213777686 
-241.41667213777697 
-241.416672137777 
-241.4166721377764 
-241.41667213777632 
-241.41667213777646 
-241.41667213777637 
-241.4166721377763 
-241.41667213777606 
-241.41667213777615 
-241.41667213777612 
-241.41667213777612 
-241.41667213777623 
-241.41667213777643 
-241.41667213777643 
-241.4166721377763 
-241.4166721377766 
-241.41667213777666 
-241.41667213777652 
-241.41667213777626 
-241.4166721377763 
-241.41667213777635 
-241.41667213777617 
-241.41667213777606 
-241.41667213777595 
-241.41667213777603 
-241.4166721377759 
-241.416672137776 
-241.4166721377761 
-241.41667213777626 
-241.41667213777617 
-241.41667213777612 
-241.41667213777626 
-241.4166721377763 
-241.41667213777623 
-241.41667213777623 
-241.41667213777612 
-241.41667213777606 
-241.41667213777606 
-241.4166721377761 
-241.416672137776 
-241.41667213777595 
-241.41667213777578 
-241.41667213777578 
-241.41667213777583 
-241.41667213777566 
-241.41667213777563 
-241.41667213777558 
-241.4166721377756 
-241.4166721377758 
-241.41667213777563 
-241.41667213777566 
-241.4166721377758 
-241.41667213777572 
-241.41667213777555 
-241.4166721377696 
-241.41667213776938 
-241.41667213776964 
-241.41667213776952 
-241.4166721377694 
-241.41667213776935 
-241.41667213776927 
-241.41667213776947 
-241.41667213776924 
-241.41667213776924 
-241.41667213776932 
-241.4166721377692 
-241.416672137769 
-241.41667213776907 
-241.41667213776907 
-241.4166721377689 
-241.41667213776878 
-241.41667213776884 
-241.4166721377688 
-241.4166721377689 
-241.41667213776884 
-241.41667213776887 
-241.41667213776884 
-241.4166721377689 
-241.4166721377688 
-241.41667213776873 
-241.4166721377687 
-241.4166721377686 
-241.4166721377685 
-241.41667213776861 
-241.4166721377687 
-241.41667213776856 
-241.41667213776884 
-241.41667213776873 
-241.41667213776853 
-241.41667213776853 
-241.41667213776836 
-241.4166721377684 
-241.41667213776833 
-241.41667213776813 
-241.41667213776813 
-241.41667213776776 
-241.41667213776765 
-241.4166721377676 
-241.41667213776753 
-241.41667213776753 
-241.4166721377673 
-241.4166721377673 
-241.41667213776714 
-241.4166721377669 
-241.41667213776697 
-241.41667213776685 
-241.41667213776668 
-241.41667213776654 
-241.41667213776662 
-241.41667213776645 
-241.4166721377665 
-241.4166721377664 
-241.41667213776628 
-241.41667213776623 
-241.4166721377662 
-241.41667213776606 
-241.41667213776597 
-241.41667213776572 
-241.41667213776566 
-241.41667213776566 
-241.41667213776563 
-241.41667213776572 
-241.41667213776554 
-241.41667213776566 
-241.41667213776554 
-241.41667213776552 
-241.41667213776537 
-241.41667213776512 
-241.4166721377651 
-241.41667213776503 
-241.4166721377651 
-241.4166721377651 
-241.41667213776503 
-241.41667213776498 
-241.4166721377648 
-241.41667213776458 
-241.41667213776478 
-241.41667213776577 
-241.4166721377635 
-241.41667213776395 
-241.41667213776842 
-241.41667213776637 
-241.41667213777401 
-241.41667213775767 
-241.41667213777396 
-241.4166721377664 
-241.41667213776856 
-241.41667213776427 
-241.41667213776412 
-241.41667213776648 
-241.41667213776572 
-241.41667213776583 
-241.416672137766 
-241.41667213776603 
-241.41667213776594 
-241.41667213776606 
-241.4166721377661 
-241.41667213776628 
-241.4166721377662 
-241.41667213776626 
-241.41667213776643 
-241.41667213776668 
-241.41667213776674 
-241.41667213776682 
-241.41667213776688 
-241.4166721377672 
-241.4166721377672 
-241.41667213776725 
-241.41667213776736 
-241.41667213776745 
-241.41667213776748 
-241.41667213776742 
-241.41667213776768 
-241.4166721377677 
-241.41667213776776 
-241.4166721377677 
-241.41667213776788 
-241.41667213776805 
-241.41667213776816 
-241.41667213776813 
-241.4166721377681 
-241.41667213776796 
-241.4166721377681 
-241.416672137768 
-241.41667213776827 
-241.41667213776822 
-241.41667213776827 
-241.41667213776816 
-241.41667213776805 
-241.41667213776822 
-241.41667213776793 
-241.41667213776793 
-241.41667213776827 
-241.4166721377685 
-241.41667213776856 
-241.4166721377686 
-241.41667213776856 
-241.41667213776878 
-241.41667213776873 
-241.416672137769 
-241.4166721377693 
-241.41667213776915 
-241.4166721377692 
-241.4166721377694 
-241.4166721377693 
-241.41667213776918 
-241.41667213776913 
-241.41667213776915 
-241.41667213776944 
-241.4166721377696 
-241.41667213776967 
-241.41667213776958 
-241.4166721377697 
-241.4166721377694 
-241.41667213776952 
-241.4166721377694 
-241.41667213776932 
-241.41667213776935 
-241.41667213776935 
-241.41667213776955 
-241.4166721377694 
-241.41667213776947 
-241.4166721377695 
-241.41667213776924 
-241.4166721377693 
-241.41667213776938 
-241.41667213776947 
-241.41667213776932 
-241.41667213776955 
-241.41667213776947 
-241.41667213776947 
-241.4166721377694 
-241.41667213776952 
-241.4166721377753 
-241.41667213777544 
-241.41667213777544 
-241.41667213777524 
-241.41667213777535 
-241.4166721377752 
-241.41667213777532 
-241.4166721377754 
-241.4166721377753 
-241.41667213777538 
-241.41667213777527 
-241.41667213777527 
-241.4166721377754 
-241.4166721377755 
-241.4166721377756 
-241.41667213777563 
-241.4166721377756 
-241.41667213777578 
-241.41667213777563 
-241.4166721377756 
-241.4166721377755 
-241.41667213777552 
-241.4166721377757 
-241.41667213777595 
-241.41667213777606 
-241.41667213777617 
-241.41667213777612 
-241.41667213777606 
-241.41667213777598 
-241.41667213777595 
-241.4166721377759 
-241.416672137776 
-241.416672137776 
-241.41667213777583 
-241.41667213777583 
-241.41667213777566 
-241.416672137776 
-241.4166721377761 
-241.41667213777615 
-241.41667213777612 
-241.4166721377763 
-241.41667213777626 
-241.41667213777623 
-241.41667213777617 
-241.4166721377761 
-241.41667213777598 
-241.4166721377759 
-241.4166721377759 
-241.41667213777606 
-241.41667213777606 
-241.41667213777612 
-241.41667213777635 
-241.416672137777 
-241.41667213777703 
-241.41667213777703 
-241.41667213777714 
-241.41667213777728 
-241.4166721377774 
-241.41667213777743 
-241.41667213777748 
-241.41667213777745 
-241.41667213777743 
-241.4166721377776 
-241.4166721377777 
-241.41667213777754 
-241.41667213777782 
-241.41667213777762 
-241.41667213777757 
-241.41667213777754 
-241.41667213777748 
-241.41667213777745 
-241.41667213777717 
-241.4166721377773 
-241.41667213777725 
-241.41667213777765 
-241.41667213777757 
-241.41667213777762 
-241.41667213777782 
-241.41667213777777 
-241.41667213777777 
-241.41667213777805 
-241.41667213777814 
-241.4166721377781 
-241.41667213777822 
-241.4166721377784 
-241.4166721377784 
-241.41667213777848 
-241.41667213777853 
-241.41667213777856 
-241.41667213777862 
-241.41667213777873 
-241.41667213777862 
-241.41667213777862 
-241.41667213777887 
-241.41667213777887 
-241.4166721377788 
-241.416672137779 
-241.41667213777885 
-241.41667213777893 
-241.41667213777896 
-241.4166721377798 
-241.41667213777774 
-241.41667213777825 
-241.41667213778257 
-241.41667213778092 
-241.4166721377884 
-241.4166721377721 
-241.41667213778857 
-241.41667213778078 
-241.41667213778277 
-241.4166721377782 
-241.41667213777782 
-241.41667213777987 
-241.41667213777887 
-241.41667213777882 
-241.4166721377789 
-241.41667213777896 
-241.41667213777885 
-241.41667213777887 
-241.41667213777893 
-241.4166721377788 
-241.41667213777887 
-241.41667213777885 
-241.41667213777885 
-241.41667213777873 
-241.4166721377788 
-241.4166721377787 
-241.4166721377785 
-241.41667213777845 
-241.41667213777828 
-241.41667213777822 
-241.41667213777825 
-241.41667213777802 
-241.41667213777788 
-241.41667213777788 
-241.41667213777794 
-241.41667213777765 
-241.41667213777768 
-241.41667213777757 
-241.41667213777748 
-241.4166721377777 
-241.41667213777748 
-241.41667213777768 
-241.41667213777782 
-241.4166721377778 
-241.41667213777777 
-241.41667213777788 
-241.41667213777788 
-241.4166721377778 
-241.41667213777794 
-241.41667213777765 
-241.41667213777743 
-241.41667213777737 
-241.41667213777743 
-241.41667213777748 
-241.4166721377776 
-241.41667213777754 
-241.41667213777745 
-241.41667213777743 
-241.41667213777737 
-241.41667213777743 
-241.4166721377773 
-241.41667213777714 
-241.41667213777714 
-241.41667213777708 
-241.41667213777703 
-241.41667213777706 
-241.41667213777703 
-241.41667213777703 
-241.41667213777714 
-241.41667213777703 
-241.41667213777708 
-241.41667213777703 
-241.41667213777686 
-241.41667213777683 
-241.41667213777697 
-241.4166721377768 
-241.4166721377765 
-241.41667213777657 
-241.4166721377767 
-241.4166721377768 
-241.41667213777697 
-241.41667213777686 
-241.41667213777686 
-241.41667213777703 
-241.41667213777706 
-241.41667213777703 
-241.4166721377769 
-241.41667213777683 
-241.41667213777674 
-241.41667213777657 
-241.41667213777652 
-241.41667213777643 
-241.41667213777663 
-241.4166721377767 
-241.4166721377767 
-241.41667213777663 
-241.41667213777654 
-241.41667213777657 
-241.41667213777646 
-241.41667213777635 
-241.41667213777626 
-241.41667213777612 
-241.41667213777612 
-241.41667213777612 
-241.41667213777612 
-241.41667213777606 
-241.41667213777595 
-241.416672137776 
-241.416672137776 
-241.41667213777612 
-241.416672137776 
-241.416672137776 
-241.41667213777606 
-241.41667213777583 
-241.41667213777583 
-241.41667213777592 
-241.416672137776 
-241.416672137776 
-241.41667213777612 
-241.41667213777595 
-241.4166721377759 
-241.41667213777595 
-241.41667213777623 
-241.41667213777617 
-241.41667213777606 
-241.41667213777612 
-241.41667213777598 
-241.41667213777612 
-241.41667213777612 
-241.41667213777617 
-241.41667213777617 
-241.41667213777623 
-241.41667213777652 
-241.41667213777646 
-241.41667213777643 
-241.41667213777652 
-241.41667213777632 
-241.41667213777615 
-241.41667213777598 
-241.41667213777595 
-241.416672137776 
-241.41667213777623 
-241.4166721377761 
-241.41667213777598 
-241.41667213777595 
-241.41667213777572 
-241.4166721377755 
-241.4166721377755 
-241.41667213777544 
-241.41667213777538 
-241.41667213777515 
-241.4166721377752 
-241.41667213777498 
-241.4166721377747 
-241.41667213777473 
-241.41667213777504 
-241.4166721377748 
-241.41667213777484 
-241.41667213777504 
-241.41667213777515 
-241.41667213777518 
-241.41667213777504 
-241.41667213777498 
-241.4166721377751 
-241.41667213777527 
-241.41667213777538 
-241.41667213777538 
-241.4166721377752 
-241.41667213777495 
-241.41667213777504 
-241.41667213777504 
-241.416672137775 
-241.41667213777492 
-241.4166721377746 
-241.41667213777464 
-241.4166721377747 
-241.4166721377746 
-241.4166721377745 
-241.4166721377744 
-241.4166721377745 
-241.41667213777413 
-241.41667213777407 
-241.4166721377739 
-241.41667213777396 
-241.4166721377736 
-241.41667213777367 
-241.41667213777262 
-241.41667213777265 
-241.4166721377726 
-241.41667213777237 
-241.41667213777217 
-241.41667213777222 
-241.41667213777214 
-241.41667213777205 
-241.41667213777183 
-241.41667213777254 
-241.4166721377702 
-241.41667213777026 
-241.41667213777475 
-241.41667213777245 
-241.41667213777987 
-241.41667213776367 
-241.41667213778 
-241.41667213777254 
-241.41667213777478 
-241.4166721377704 
-241.4166721377702 
-241.41667213777242 
-241.41667213777163 
-241.41667213777188 
-241.41667213777185 
-241.41667213777185 
-241.41667213777197 
-241.41667213777217 
-241.41667213777228 
-241.41667213777234 
-241.41667213777254 
-241.4166721377736 
-241.41667213777342 
-241.41667213777362 
-241.41667213777367 
-241.41667213777373 
-241.41667213777396 
-241.41667213777407 
-241.41667213777416 
-241.4166721377742 
-241.4166721377741 
-241.41667213777401 
-241.41667213777396 
-241.41667213777373 
-241.41667213777413 
-241.41667213777404 
-241.41667213777413 
-241.41667213777365 
-241.41667213777362 
-241.41667213777373 
-241.4166721377738 
-241.41667213777373 
-241.4166721377735 
-241.41667213777345 
-241.41667213777325 
-241.41667213777328 
-241.41667213777322 
-241.41667213777328 
-241.4166721377734 
-241.41667213777336 
-241.41667213777345 
-241.4166721377734 
-241.4166721377734 
-241.41667213777333 
-241.4166721377735 
-241.41667213777356 
-241.41667213777356 
-241.41667213777393 
-241.41667213777373 
-241.4166721377738 
-241.41667213777416 
-241.41667213777419 
-241.4166721377742 
-241.41667213777427 
-241.41667213777444 
-241.41667213777362 
-241.41667213777347 
-241.41667213777356 
-241.41667213777367 
-241.4166721377738 
-241.41667213777373 
-241.41667213777384 
-241.41667213777384 
-241.41667213777401 
-241.41667213777413 
-241.41667213777401 
-241.41667213777407 
-241.416672137774 
-241.41667213777404 
-241.41667213777419 
-241.41667213777419 
-241.41667213777419 
-241.41667213777427 
-241.41667213777419 
-241.41667213777413 
-241.41667213777413 
-241.41667213777401 
-241.41667213777419 
-241.4166721377743 
-241.4166721377742 
-241.4166721377744 
-241.41667213777424 
-241.4166721377743 
-241.41667213777447 
-241.41667213777478 
-241.41667213777492 
-241.4166721377751 
-241.4166721377751 
-241.41667213777527 
-241.4166721377755 
-241.41667213777538 
-241.41667213777546 
-241.4166721377756 
-241.41667213777578 
-241.41667213777566 
-241.41667213777578 
-241.41667213777586 
-241.41667213777595 
-241.41667213777606 
-241.41667213777626 
-241.4166721377763 
-241.41667213777612 
-241.4166721377762 
-241.4166721377762 
-241.41667213777626 
-241.4166721377763 
-241.41667213777635 
-241.41667213777612 
-241.4166721377763 
-241.4166721377763 
-241.4166721377767 
-241.4166721377766 
-241.41667213777657 
-241.4166721377767 
-241.4166721377766 
-241.41667213777674 
-241.41667213777694 
-241.41667213777703 
-241.41667213777706 
-241.41667213777723 
-241.41667213777725 
-241.41667213777737 
-241.4166721377774 
-241.41667213777754 
-241.41667213777757 
-241.4166721377777 
-241.41667213777788 
-241.41667213777788 
-241.41667213777805 
-241.41667213777845 
-241.4166721377784 
-241.41667213777868 
-241.41667213777873 
-241.41667213777865 
-241.41667213777876 
-241.41667213777873 
-241.4166721377788 
-241.4166721377789 
-241.4166721377789 
-241.41667213777913 
-241.41667213777922 
-241.41667213777936 
-241.41667213777924 
-241.4166721377792 
-241.4166721377791 
-241.41667213777905 
-241.41667213777905 
-241.41667213777913 
-241.41667213777933 
-241.41667213777936 
-241.41667213777936 
-241.4166721377776 
-241.41667213777754 
-241.4166721377776 
-241.41667213777765 
-241.41667213777762 
-241.41667213777754 
-241.41667213777765 
-241.41667213777737 
-241.4166721377773 
-241.4166721377773 
-241.4166721377772 
-241.41667213777754 
-241.41667213777754 
-241.41667213777745 
-241.41667213777745 
-241.41667213777748 
-241.41667213777734 
-241.41667213777714 
-241.41667213777708 
-241.4166721377775 
-241.41667213777757 
-241.41667213777745 
-241.4166721377774 
-241.41667213777754 
-241.41667213777743 
-241.41667213777762 
-241.4166721377776 
-241.41667213777777 
-241.4166721377776 
-241.4166721377775 
-241.41667213777743 
-241.4166721377774 
-241.41667213777745 
-241.41667213777745 
-241.4166721377784 
-241.41667213777652 
-241.41667213777663 
-241.41667213778126 
-241.41667213777947 
-241.416672137787 
-241.4166721377707 
-241.41667213778695 
-241.41667213777947 
-241.41667213778146 
-241.4166721377769 
-241.41667213777654 
-241.4166721377788 
-241.41667213777757 
-241.4166721377775 
-241.41667213777757 
-241.4166721377776 
-241.4166721377776 
-241.41667213777774 
-241.41667213777748 
-241.41667213777754 
-241.41667213777748 
-241.41667213777725 
-241.41667213777532 
-241.4166721377753 
-241.41667213777544 
-241.41667213777555 
-241.41667213777546 
-241.4166721377751 
-241.41667213777532 
-241.4166721377755 
-241.41667213777558 
-241.41667213777566 
-241.41667213777566 
-241.4166721377756 
-241.41667213777566 
-241.41667213777535 
-241.4166721377754 
-241.41667213777552 
-241.41667213777555 
-241.41667213777583 
-241.41667213777563 
-241.41667213777578 
-241.4166721377757 
-241.41667213777578 
-241.41667213777575 
-241.41667213777555 
-241.4166721377773 
-241.4166721377772 
-241.41667213777714 
-241.41667213777708 
-241.41667213777689 
-241.41667213777689 
-241.41667213777694 
-241.4166721377769 
-241.4166721377768 
-241.4166721377767 
-241.4166721377764 
-241.41667213777637 
-241.41667213777617 
-241.41667213777595 
-241.416672137776 
-241.41667213777595 
-241.41667213777606 
-241.41667213777595 
-241.41667213777595 
-241.4166721377759 
-241.41667213777558 
-241.4166721377756 
-241.41667213777532 
-241.41667213777515 
-241.41667213777532 
-241.41667213777504 
-241.41667213777495 
-241.41667213777487 
-241.41667213777478 
-241.41667213777467 
-241.41667213777455 
-241.41667213777458 
-241.41667213777438 
-241.41667213777444 
-241.41667213777427 
-241.4166721377741 
-241.41667213777404 
-241.41667213777404 
-241.4166721377739 
-241.41667213777387 
-241.41667213777382 
-241.41667213777365 
-241.4166721377736 
-241.41667213777336 
-241.4166721377735 
-241.41667213777347 
-241.41667213777347 
-241.41667213777347 
-241.4166721377734 
-241.41667213777342 
-241.4166721377735 
-241.41667213777362 
-241.41667213777356 
-241.4166721377734 
-241.41667213777322 
-241.4166721377732 
-241.41667213777322 
-241.4166721377731 
-241.41667213777305 
-241.41667213777293 
-241.4166721377728 
-241.41667213777288 
-241.4166721377727 
-241.41667213777254 
-241.41667213777265 
-241.4166721377724 
-241.41667213777242 
-241.41667213777214 
-241.4166721377718 
-241.41667213777168 
-241.41667213777185 
-241.41667213777157 
-241.4166721377716 
-241.41667213777149 
-241.4166721377716 
-241.41667213777146 
-241.4166721377715 
-241.41667213777154 
-241.41667213777166 
-241.41667213777157 
-241.41667213777157 
-241.41667213777177 
-241.4166721377715 
-241.41667213777146 
-241.41667213777146 
-241.41667213777134 
-241.4166721377715 
-241.41667213777143 
-241.4166721377713 
-241.41667213777131 
-241.41667213777123 
-241.41667213777131 
-241.4166721377714 
-241.41667213777123 
-241.41667213777123 
-241.41667213777146 
-241.41667213777205 
-241.41667213777197 
-241.41667213777205 
-241.41667213777203 
-241.4166721377718 
-241.4166721377715 
-241.4166721377714 
-241.41667213777163 
-241.41667213777146 
-241.41667213777149 
-241.41667213777146 
-241.4166721377714 
-241.41667213777126 
-241.41667213777112 
-241.4166721377712 
-241.41667213777117 
-241.41667213777126 
-241.416672137771 
-241.416672137771 
-241.41667213777112 
-241.41667213777134 
-241.41667213777112 
-241.41667213777123 
-241.41667213777134 
-241.41667213777157 
-241.41667213777146 
-241.41667213777134 
-241.41667213777134 
-241.41667213777174 
-241.41667213777183 
-241.4166721377718 
-241.41667213777168 
-241.41667213777177 
-241.41667213777185 
-241.41667213777194 
-241.41667213777208 
-241.416672137772 
-241.41667213777185 
-241.41667213777163 
-241.41667213777126 
-241.41667213777117 
-241.416672137771 
-241.41667213777083 
-241.416672137771 
-241.41667213777092 
-241.41667213777086 
-241.4166721377707 
-241.41667213777077 
-241.4166721377706 
-241.4166721377704 
-241.41667213777046 
-241.41667213777052 
-241.4166721377704 
-241.4166721377713 
-241.41667213776898 
-241.4166721377693 
-241.4166721377736 
-241.4166721377715 
-241.41667213777913 
-241.41667213776287 
