0.0 
-70.13577636696357 
-70.14553787297743 
-70.14553787439695 
-70.14737224355905 
-70.14737276659757 
-70.14920770951598 
-70.14920823960698 
-70.15118610702868 
-70.15118661051213 
-70.15118661080994 
-70.15118661117278 
-70.1511866112513 
-70.15118661125811 
-70.15118661125769 
-70.1511866112576 
-70.15118661125753 
-70.15118661125757 
-70.1511866112577 
-70.15118661125771 
-70.15118661125832 
-70.15118661125763 
-70.1511866112583 
-70.15118661125787 
-70.15118661140028 
-70.15118661150892 
-70.15118661165727 
-70.15118661176325 
-70.15118661190088 
-70.15118661198399 
-70.15118661198396 
-70.15118661198389 
-70.15118661198389 
-70.15118661198392 
-70.15118661198392 
-70.15118661198468 
-70.15118661198403 
-70.15118661198406 
-70.15118661198407 
-70.15118661198423 
-70.15118661198413 
-70.15118661198424 
-70.15118661198422 
-70.15118661198419 
-70.15118661198427 
-70.1511866119842 
-70.15118661198416 
-70.15118661198414 
-70.15118661198409 
-70.15118661198426 
-70.15118661198414 
-70.15118661198427 
-70.15118661198423 
-70.15118661198417 
-70.15118661198422 
-70.15118661198412 
-70.15118661198414 
-70.15118661198424 
-70.15118661198484 
-70.15118661198426 
-70.15118661198422 
-70.15118661198423 
-70.15118661198422 
-70.15118661198422 
-70.15118661198416 
