-199.39398839263802 
-199.39638602671005 
-199.44081494588067 
-199.44524247184023 
-199.44561212545625 
-199.45161756900066 
-199.47447794539806 
-199.4796486430547 
-199.4800754454001 
-199.48952585208028 
-199.5034617190664 
-199.50754203696212 
-199.50800232495382 
-199.5161530582989 
-199.5280441545089 
-199.53052386419049 
-199.53100043998595 
-199.53643626634326 
-199.54502473074052 
-199.54645276470958 
-199.54688677599736 
-199.5494925195169 
-199.5546358202814 
-199.55542337083216 
-199.55573495371965 
-199.5567205313321 
-199.5567372112302 
-199.55673721122997 
-199.5567372112292 
-199.55673721123046 
-199.55673721123023 
-199.55673721262954 
-199.5567409549834 
-199.55675061510155 
-199.5567672231186 
-199.55682894870148 
-199.55687580195826 
-199.55691893402806 
-199.55696109774718 
-199.5570773895825 
-199.55720022056965 
-199.55730782203756 
-199.55738112099013 
-199.55755241421346 
-199.55780094804854 
-199.55799806056183 
-199.55811031549322 
-199.55829348243373 
-199.55863308613692 
-199.55888472617224 
-199.55902640645445 
-199.55930478328273 
-199.55961381158627 
-199.55981948666494 
-199.55991141258335 
-199.55991141258292 
-199.56153915796963 
-199.56255832800204 
-199.59378068261356 
-199.60024273063516 
-199.60117387583406 
-199.60353963831827 
-199.62465504669566 
-199.6364483976249 
-199.63720728239042 
-199.64184964189712 
-199.65054966809194 
-199.66363612625867 
-199.6644005292376 
-199.67171861115722 
-199.68115473068957 
-199.69099613645818 
-199.69188513997062 
-199.70293077703036 
-199.71538682355197 
-199.72330332497572 
-199.72466786016153 
-199.7370874790992 
-199.75280599593282 
-199.76023442131878 
-199.76260873833158 
-199.77215455064007 
-199.77229087407216 
-199.77229087407235 
-199.77229087407218 
-199.77229087407335 
-199.77229087407252 
-199.77229087766693 
-199.77231200043607 
-199.7723430673267 
-199.77241714900012 
-199.77249455495087 
-199.77260001981261 
-199.77270536805898 
-199.77286217866424 
-199.77301865826055 
-199.77325803159025 
-199.77346066387892 
-199.77372786656446 
-199.77396197082604 
-199.7743231479009 
-199.77459263212646 
-199.77503238838972 
-199.77536478751654 
-199.77581358298124 
-199.77611531947775 
-199.7766639913788 
-199.7771495898789 
-199.77771003759116 
-199.77806388837362 
-199.778448194345 
-199.7800387560992 
-199.780980113835 
-199.78237524448198 
-199.78256745880384 
-199.78266047506028 
-199.78272619326427 
-199.7827921292845 
-199.78285157673662 
-199.78290421628907 
-199.78293416285868 
-199.7829656561768 
-199.78299816023497 
-199.78301896015407 
-199.78303263053422 
-199.78304708081637 
-199.78305981590773 
-199.78306761832866 
-199.78307267917037 
-199.78307754324754 
-199.78308145700456 
-199.78308363135633 
-199.78308486182863 
-199.78308571510797 
-199.78308629985395 
-199.78308653284842 
-199.7830865328729 
-199.78308653287334 
-199.78308653287374 
-199.78308653287527 
-199.78308653287328 
-199.7830865328753 
-199.7830865328735 
-199.78308653287326 
-199.78308653287314 
-199.78308653287326 
-199.78308653339045 
-199.78308653462534 
-199.7830865373797 
-199.78308654221738 
-199.78308654926835 
-199.78308656131617 
-199.78308658011542 
-199.78308660426734 
-199.78308663464676 
-199.78308667865704 
-199.78308674200414 
-199.78308681433293 
-199.78308690217625 
-199.7830870218662 
-199.783087168506 
-199.78308732657592 
-199.78308754239575 
-199.78308777079772 
-199.7830879919436 
-199.78308820243558 
-199.78308839758967 
-199.78308839758986 
-199.78310316585288 
-199.7831199862339 
-199.78315539415243 
-199.7831910724024 
-199.7832192859205 
-199.78324982947026 
-199.7832835516794 
-199.78334701265015 
-199.78338131858374 
-199.78341831418828 
-199.78345545676996 
-199.78351100349747 
-199.7835411027174 
-199.7835722802597 
-199.7835974689505 
-199.7836250982766 
-199.78364032877744 
-199.7836542694953 
-199.78366437763228 
-199.78367268130773 
-199.78367704229086 
-199.78368022589777 
-199.78368173758298 
-199.78368253134823 
-199.78368253158135 
-199.78368253158095 
-199.78368253158132 
-199.7836825315817 
-199.78368253158078 
-199.7836825315814 
-199.78368253158095 
-199.78368253158067 
-199.78368253158092 
-199.78368253158072 
-199.78368253359196 
-199.78368253813153 
-199.7836825516466 
-199.78368256829185 
-199.78368259846638 
-199.7836826367752 
-199.78368270897866 
-199.78368279467048 
-199.7836829570437 
-199.783683107472 
-199.7836834209827 
-199.78368375863852 
-199.78368441677588 
-199.7836849127029 
-199.7836858022284 
-199.7836866545868 
-199.7836880136097 
-199.78368895936308 
-199.78369040623997 
-199.78369179480705 
-199.78369329477027 
-199.7836944868555 
-199.78369623362408 
-199.78369871615868 
-199.78369891837426 
-199.78369904193985 
-199.78369909406587 
-199.78369912551025 
-199.78369914879679 
-199.78369916507728 
-199.78369917351722 
-199.7836991790957 
-199.78369918272548 
-199.78369918528543 
-199.78369918653593 
-199.78369918732045 
-199.78369918776912 
-199.78369918810404 
-199.78369918825388 
-199.78369918833778 
-199.78369918837552 
-199.7836991883972 
-199.78369918840556 
-199.78369918840778 
-199.78369918840758 
-199.78369918840815 
-199.78369918840787 
-199.7836991884078 
-199.78369918840852 
-199.78369918840883 
-199.7836991884083 
-199.7836991884094 
-199.78369918840843 
-199.78369918840798 
-199.78369918840806 
-199.78369918840787 
-199.78369918840755 
-199.7836991884078 
-199.7836991884081 
-199.7836991884083 
-199.7836991884086 
-199.78369918840883 
-199.78369918840974 
-199.78369918841065 
-199.7836991884119 
-199.78369918841392 
-199.7836991884168 
-199.78369918842043 
-199.78369918842432 
-199.78369918842932 
-199.78369918843634 
-199.7836991884432 
-199.78369918845144 
-199.78369918846244 
-199.78369918847486 
-199.78369918848634 
-199.78369918850015 
-199.78369918850623 
-199.7836991902526 
-199.7836991928811 
-199.78369919558972 
-199.78369919885048 
-199.7836992023032 
-199.78369920607284 
-199.7836992089785 
-199.78369921241656 
-199.78369921530054 
-199.78369921798108 
-199.78369921987908 
-199.78369922167647 
-199.78369922298404 
-199.7836992240672 
-199.78369922472316 
-199.783699225269 
-199.78369922559853 
-199.78369922584628 
-199.78369922598512 
-199.7836992260596 
-199.7836992260948 
-199.78369922610835 
-199.7836992261087 
-199.7836992261085 
-199.7836992261087 
-199.78369922610887 
-199.78369922610997 
-199.7836992261095 
-199.78369922610904 
-199.78369922610977 
-199.78369922610932 
-199.78369922610946 
-199.78369922610884 
-199.78369922610852 
-199.7836992261088 
-199.78369922610855 
-199.78369922610906 
-199.78369922610992 
-199.7836992261118 
-199.78369922611404 
-199.78369922611665 
-199.78369922611927 
-199.78369922612347 
-199.7836992261283 
-199.78369922613467 
-199.78369922614078 
-199.78369922615002 
-199.7836992261584 
-199.7836992261682 
-199.78369922617742 
-199.78369922619058 
-199.783699226201 
-199.78369922621258 
-199.78369922622323 
-199.78369922623685 
-199.7836992262468 
-199.78369922625714 
-199.7836992262643 
-199.78369922626538 
-199.78369922626302 
-199.78369922626084 
-199.7836992262567 
-199.78369922625365 
-199.78369922624975 
-199.78369922624657 
-199.78369922624287 
-199.78369922624017 
-199.78369922623756 
-199.78369922623546 
-199.7836992262328 
-199.7836992262312 
-199.7836992262298 
-199.7836992262289 
-199.78369922622798 
-199.78369922622738 
-199.78369922622707 
-199.7836992262272 
-199.78369922622684 
-199.78369922622687 
-199.78369922622687 
-199.78369922622673 
-199.7836992262271 
-199.7836992262278 
-199.783699226228 
-199.78369922622684 
-199.7836992262275 
-199.7836992262275 
-199.78369922622718 
-199.78369922622696 
-199.78369922622724 
-199.78369922622772 
-199.78369922622758 
-199.7836992262275 
-199.78369922622758 
-199.78369922622798 
-199.7836992262286 
-199.78369922622957 
-199.78369922623014 
-199.78369922623165 
-199.78369922623307 
-199.78369922623574 
-199.78369922623762 
-199.78369922624054 
-199.78369922624356 
-199.78369922624722 
-199.78369922625058 
-199.78369922625438 
-199.78369922625694 
-199.78369922626135 
-199.78369922626433 
-199.78369922626786 
-199.7836992262689 
-199.78369922627172 
-199.78369922627266 
-199.7836992262738 
-199.78369922627252 
-199.7836992262731 
-199.7836992262713 
-199.78369922626928 
-199.78369922626572 
-199.7836992262635 
-199.78369922625927 
-199.78369922625564 
-199.78369922625063 
-199.78369922624736 
-199.7836992262437 
-199.78369922624012 
-199.78369922623673 
-199.7836992262347 
-199.78369922623264 
-199.7836992262307 
-199.7836992262293 
-199.78369922622824 
-199.78369922622764 
-199.78369922622758 
-199.78369922622744 
-199.7836992262277 
-199.78369922622844 
-199.78369922622875 
-199.78369922622852 
-199.78369922622815 
-199.78369922622807 
-199.7836992262284 
-199.78369922622787 
-199.78369922622787 
-199.78369922622815 
-199.78369922622835 
-199.78369922622838 
-199.78369922622903 
-199.78369922623028 
-199.7836992262315 
-199.78369922623367 
-199.78369922623608 
-199.78369922623824 
-199.7836992262417 
-199.78369922624503 
-199.7836992262488 
-199.78369922625194 
-199.7836992262568 
-199.78369922626024 
-199.78369922626428 
-199.78369922626652 
-199.78369922627033 
-199.78369922627215 
-199.78369922627402 
-199.7836992262734 
-199.78369922627454 
-199.7836992262734 
-199.7836992262723 
-199.78369922626916 
-199.78369922626774 
-199.78369922626433 
-199.78369922626126 
-199.78369922625703 
-199.78369922625456 
-199.78369922625066 
-199.78369922624773 
-199.78369922624412 
-199.78369922624154 
-199.78369922623827 
-199.7836992262361 
-199.78369922623367 
-199.7836992262324 
-199.78369922623122 
-199.7836992262303 
-199.7836992262294 
-199.78369922622912 
-199.78369922622875 
-199.7836992262288 
-199.78369922622846 
-199.78369922622866 
-199.7836992262285 
-199.78369922622872 
-199.78369922622895 
-199.7836992262293 
-199.78369922622977 
-199.78369922622798 
-199.7836992262296 
-199.78369922622915 
-199.78369922622883 
-199.78369922622846 
-199.78369922622835 
-199.78369922622824 
-199.78369922622815 
-199.78369922622846 
-199.78369922622855 
-199.78369922622892 
-199.78369922622943 
-199.7836992262303 
-199.78369922623122 
-199.7836992262329 
-199.7836992262345 
-199.7836992262367 
-199.7836992262392 
-199.78369922624202 
-199.7836992262449 
-199.78369922624825 
-199.7836992262512 
-199.78369922625504 
-199.78369922625774 
-199.78369922626175 
-199.78369922626462 
-199.78369922626788 
-199.78369922626982 
-199.7836992262731 
-199.78369922627414 
-199.7836992262754 
-199.78369922627436 
-199.7836992262747 
-199.78369922627266 
-199.7836992262706 
-199.78369922626698 
-199.78369922626464 
-199.78369922626064 
-199.78369922625714 
-199.78369922625248 
-199.78369922624915 
-199.78369922624486 
-199.7836992262415 
-199.78369922623816 
-199.78369922623563 
-199.78369922623332 
-199.78369922623133 
-199.78369922622997 
-199.78369922622895 
-199.78369922622838 
-199.7836992262283 
-199.78369922622792 
-199.78369922622778 
-199.78369922622764 
-199.78369922622852 
-199.78369922622852 
-199.7836992262282 
