2 0.021541721368217994 
3 -0.010449156470183915 
4 0.0059121101689184104 
5 -0.003311105272830285 
6 0.0018035435726477028 
7 -0.0010134952166909116 
8 0.0005842577998610746 
9 -0.0003463278747382209 
10 0.00021097710499185372 
11 -0.000131561066736631 
12 8.365365826054886e-05 
13 -5.403820730716816e-05 
14 3.5351715979851545e-05 
15 -2.336352004176217e-05 
16 1.556992901919182e-05 
17 -1.0448274675466007e-05 
18 7.052774588318661e-06 
19 -4.784827502969842e-06 
20 3.2608686216181367e-06 
21 -2.230824419219876e-06 
22 1.5313404844739198e-06 
23 -1.0555573121895872e-06 
24 7.283965223764848e-07 
25 -5.040926888853809e-07 
26 3.4803692853375306e-07 
27 -2.462504062668344e-07 
28 1.721304937205134e-07 
29 -1.1807522609424711e-07 
30 8.159471173504534e-08 
31 -5.65162704838334e-08 
32 3.9496311369743317e-08 
33 -2.778884662362041e-08 
34 1.9477261492301498e-08 
35 -1.421956160092498e-08 
36 8.481055257495224e-09 
37 -6.978285790611869e-09 
38 4.796889253574748e-09 
39 -3.351248157009867e-09 
40 2.491433494633291e-09 
41 -1.787892615657381e-09 
42 1.4393850918013959e-09 
43 -1.756133008412717e-09 
44 1.4827646360299857e-08 
45 2.5241642038285972e-08 
46 -5.256805700054853e-09 
47 -6.501848553778089e-09 
48 7.271369765515291e-09 
49 -4.671368452250351e-09 
50 2.034491313392853e-09 
51 -1.584082084920092e-09 
52 -3.7457369974375586e-10 
53 3.272253754308493e-10 
54 -3.7141125758879177e-10 
55 1.2324321324494514e-09 
56 -1.3066744340283858e-09 
57 9.625357515551527e-10 
58 -6.336943500058266e-10 
59 4.0262524016915976e-10 
60 -1.6004480270735525e-10 
61 -6.661455360787862e-11 
62 -6.63839150429709e-10 
63 -7.012806785749777e-10 
64 -1.3032810271306294e-10 
65 7.932908874060829e-10 
66 1.8454282328678419e-09 
67 -5.800737756052415e-10 
68 2.5411882146826406e-10 
69 -1.3380576611325814e-10 
70 -7.805765138171093e-10 
71 8.777655780579347e-10 
72 4.802845645921843e-10 
73 4.474361347144777e-09 
74 4.64261361084818e-10 
75 -7.397721772292683e-10 
76 4.1961078893710043e-10 
77 5.629279528901663e-10 
78 -1.432535583347561e-09 
79 2.6850105574453673e-09 
80 -3.923437952407311e-09 
81 6.02415189914593e-09 
82 -5.568331581415714e-09 
83 1.1187431358669889e-08 
84 -1.4507172122414733e-08 
85 2.066536683211775e-08 
86 -2.8532265853715338e-08 
87 4.073964867584656e-08 
88 -5.7612333532597e-08 
89 8.509768282689385e-08 
90 -1.1826847731034372e-07 
91 1.7038547718920922e-07 
92 -2.4412673320017375e-07 
93 3.504343179294825e-07 
94 -5.045523966182015e-07 
95 7.274942485992165e-07 
96 -1.0545743387934737e-06 
97 1.5309767638014542e-06 
98 -2.2301009390567387e-06 
99 3.259736955830674e-06 
100 -4.783921051784023e-06 
101 7.0519034079696845e-06 
102 -1.04477042911885e-05 
103 1.5569305673555277e-05 
104 -2.336391354486925e-05 
105 3.535087809703313e-05 
106 -5.403760718095408e-05 
107 8.365323102073404e-05 
108 -0.00013156057476601928 
109 0.0002109767513865166 
110 -0.0003463274861082301 
111 0.0005842571329004344 
112 -0.0010134948694266413 
113 0.0018035438860822262 
114 -0.0033111054697186992 
115 0.005912110185869905 
116 -0.010449156274205593 
117 0.021541721312372385 
