2 0.004720616242526481 
3 -0.0009890333851779514 
4 0.00024789178379149983 
5 -5.067010611999781e-05 
6 7.067185019550282e-07 
7 2.496485066518583e-06 
8 -1.0711918614648991e-06 
9 2.8230803795917753e-07 
10 -4.3376485900488055e-08 
11 -6.604201954404321e-10 
12 6.114528391953403e-09 
13 -1.3813751415208395e-09 
14 2.696272916395132e-10 
15 -6.1624308008360095e-12 
16 -3.367035066686179e-11 
17 3.1116241814877955e-11 
18 -2.7116695525440432e-11 
19 2.5607548571165356e-11 
20 -2.5195988676842105e-11 
21 2.4929223010462283e-11 
22 -2.5038434962493643e-11 
23 2.041629441531324e-11 
24 -4.087480205425302e-11 
25 -1.925483670288645e-11 
26 1.1693757216059304e-10 
27 2.969463306102066e-10 
28 -7.485045035972744e-11 
29 3.5520272148436365e-11 
30 -2.747587094308175e-11 
31 2.5696182684114994e-11 
32 -2.4590677389456067e-11 
33 2.5005691722627917e-11 
34 -2.4717092371644076e-11 
35 2.577126933521747e-11 
36 -2.4600837709819794e-11 
37 1.9743093292069813e-11 
38 -3.1021917387030656e-11 
39 1.0548881006113346e-10 
40 -4.27039810278433e-10 
41 -6.976300866938937e-10 
42 3.5490206622007774e-10 
43 -7.59202479136048e-11 
44 -3.651078942252402e-12 
45 2.0953960882990005e-11 
46 -2.3466478322271958e-11 
47 2.4756146349207597e-11 
48 -2.246923052927897e-11 
49 2.617434648157607e-11 
50 -7.249693930700538e-12 
51 1.9499581989946442e-11 
52 -2.105888209393258e-11 
53 3.251952381245993e-11 
54 -2.6969623918987722e-11 
55 2.5294777935583048e-11 
56 -2.540359345375714e-11 
57 2.1643856544534957e-11 
58 1.5265604088123552e-11 
59 -3.5365855491234475e-11 
60 5.686220462759027e-13 
61 2.016342385067912e-11 
62 3.2238100349566235e-11 
63 1.7751323723467248e-11 
64 -2.4098987255764788e-11 
65 2.4923948361383656e-11 
66 -2.519355984807612e-11 
67 2.516957599009941e-11 
68 -2.5597236951973705e-11 
69 2.6034505674398116e-11 
70 -2.5454957691622556e-11 
71 2.339122492460615e-11 
72 -2.01139853043092e-11 
73 2.6070602760958163e-11 
74 -2.5451759662699613e-11 
75 2.5328290065581548e-11 
76 -2.517930445891068e-11 
77 2.516077988559639e-11 
78 -2.5186636392371106e-11 
79 2.5195444095610958e-11 
80 -2.5235007840483927e-11 
81 2.500781947360161e-11 
82 -2.517378884431647e-11 
83 2.538293160812269e-11 
84 -2.524515737695011e-11 
85 2.4539711380541983e-11 
86 -2.5822553870464177e-11 
87 2.4034337614501852e-11 
88 -2.4889742153656082e-11 
89 2.5017254319729546e-11 
90 -2.489121373640576e-11 
91 2.1748071003701824e-11 
92 -2.720386514383919e-11 
93 2.5580652351738195e-11 
94 -2.540901905238498e-11 
95 2.5210831196302917e-11 
96 -2.5482661864242385e-11 
97 2.6345682104335376e-11 
98 -2.4132683960230778e-11 
99 2.5170364960224487e-11 
100 8.999926219435175e-12 
101 7.253289175810193e-11 
102 -2.9472884912142027e-11 
103 2.5762283270303263e-11 
104 -2.5503368948978316e-11 
105 2.725371333802313e-11 
106 -3.303366144095936e-11 
107 4.478190210811101e-11 
108 1.2804460025934146e-10 
109 -1.3319663512232599e-09 
110 1.9869055750781997e-10 
111 -1.8339222925338964e-11 
112 -9.386016178324818e-12 
113 2.2338605395469144e-11 
114 -2.4622812036910087e-11 
115 2.5098035023190402e-11 
116 -2.5174497220011047e-11 
117 3.1226670725756445e-11 
118 -1.7624530935058513e-11 
119 2.2941890881987664e-11 
120 -2.24744612315407e-11 
121 2.4343987743311308e-11 
122 -2.502073568900175e-11 
123 2.5071926211987615e-11 
124 -2.529705830465181e-11 
125 2.292401294128885e-11 
126 -2.8405745818895408e-11 
127 2.543006999994378e-11 
128 -2.5186713573775598e-11 
129 2.515821293578484e-11 
130 -2.5148302373017783e-11 
131 2.514982651062362e-11 
132 -2.5151887012819786e-11 
133 2.517624314080645e-11 
134 -2.41675270159545e-11 
135 5.590924691835277e-11 
136 -2.0186627939135287e-11 
137 2.4857774177743804e-11 
138 -2.498155401924204e-11 
139 2.510415767570769e-11 
140 -2.512808215408226e-11 
141 2.368222175142572e-11 
142 -2.5412015286283493e-11 
143 2.4237837472405976e-11 
144 -1.846533529575909e-11 
145 3.146088820638669e-11 
146 1.9071799322227403e-11 
147 9.231549954644938e-10 
148 -1.937233040111146e-10 
149 5.5479396639054705e-11 
150 -3.2104999459370535e-11 
151 2.692049234791654e-11 
152 -2.563111643139304e-11 
153 3.562777583927909e-11 
154 1.3333237472256495e-12 
155 2.041950692334852e-11 
156 -2.384815391346607e-11 
157 2.3838172261362752e-11 
158 -1.9344363767083372e-11 
159 -2.967330276949321e-11 
160 -1.1656649445265815e-10 
161 5.618119689048902e-11 
162 -2.7277155419896554e-11 
163 3.759995133908577e-11 
164 -2.668766685667184e-11 
165 2.354927492990335e-11 
166 -5.090934323631618e-11 
167 1.0529172060730266e-10 
168 -4.4857206059174876e-11 
169 3.176829570213729e-11 
170 -2.475869408661925e-11 
171 -3.6558562530929196e-11 
172 3.0906029717586953e-10 
173 9.219676787481013e-11 
174 7.55828172076869e-11 
175 1.3735671971148999e-09 
176 -5.157229323201572e-10 
177 1.3811047952789382e-10 
178 -4.843387993554099e-11 
179 3.027663208290457e-11 
180 -2.5938885782687245e-11 
181 2.3663566275269545e-11 
182 -2.0209344986318795e-11 
183 2.0377719717269108e-11 
184 -6.810467619918421e-11 
185 3.521840456364111e-10 
186 -1.3747716998506481e-09 
187 3.441512729181664e-09 
188 -1.1362888520775672e-09 
189 -4.332305083181076e-08 
190 2.821900864244769e-07 
191 -1.0711758565266574e-06 
192 2.4949925942507377e-06 
193 7.071568935599079e-07 
194 -5.066999894260837e-05 
195 0.0002478917555459627 
196 -0.0009890331235042913 
197 0.004720616144516395 
