-100.26124536294316 
-100.26541562593933 
-100.2682848201347 
-100.2702306292541 
-100.27098922939403 
-100.27367313082095 
-100.27370879767385 
-100.27370879767376 
-100.2737087976738 
-100.27370879767375 
-100.27370879767379 
-100.27370880314785 
-100.27372487513976 
-100.27374750011612 
-100.2737791401019 
-100.27377914010194 
-100.27464941660484 
-100.28504779491865 
-100.31230414290668 
-100.342545371431 
-100.34474025359938 
-100.37838692365462 
-100.3785115656022 
-100.37851156560224 
-100.37851156560221 
-100.37851156560221 
-100.37851156560205 
-100.37851157313779 
-100.37856872333286 
-100.3786314324515 
-100.37884705499489 
-100.3789621104717 
-100.37905971190699 
-100.3791500584672 
-100.3791527363497 
-100.37915336252605 
-100.37915336269853 
-100.3791533626987 
-100.37915336269872 
-100.37915336269872 
-100.3791533626984 
-100.37915336269852 
-100.37915336269859 
-100.37915336269869 
-100.37915336269852 
-100.37915336269849 
-100.37915336384756 
-100.37915336384755 
-100.37915416915624 
-100.37915495703618 
-100.37915584299434 
-100.3791565775447 
-100.37915657798013 
-100.37915657798011 
-100.37915657798055 
-100.37915657798034 
-100.37915657798031 
-100.3791565779804 
-100.3791565779802 
-100.37915657798013 
-100.37915657798007 
-100.37915657798027 
-100.37915658030653 
-100.3791565845217 
-100.3791565881441 
-100.37915659157555 
-100.37915659157575 
-100.37915659157579 
-100.37915659157565 
-100.37915659157558 
-100.37915659157561 
-100.37915659157557 
-100.37915659157547 
-100.37915659157564 
-100.37915659157564 
-100.37915659157554 
-100.37915659157555 
-100.37915659157566 
-100.37915659157564 
-100.37915659157571 
-100.37915659158104 
-100.37915659158504 
-100.37915659158485 
-100.37915659158467 
-100.37915659158459 
-100.37915659158477 
-100.37915659158497 
-100.37915659158514 
-100.37915659158473 
-100.37915659158493 
-100.3791565915851 
-100.37915659158502 
-100.37915659158496 
-100.3791565915849 
-100.37915659158487 
-100.37915659158494 
-100.37915659158507 
-100.37915659158513 
-100.37915659158479 
-100.37915659158497 
-100.37915659158475 
-100.37915659158473 
-100.37915659158466 
-100.37915659158486 
-100.3791565915844 
-100.37915659158439 
-100.37915659158448 
-100.37915659158486 
-100.3791565915848 
-100.37915659158502 
-100.3791565915848 
-100.37915659158494 
-100.37915659158496 
-100.37915659158477 
-100.37915659158482 
-100.37915659158469 
-100.37915659158455 
-100.37915659158452 
-100.37915659158469 
-100.37915659158452 
-100.37915659158449 
