2 -0.9949899042366805 
3 0.9949205333074569 
4 -0.994909931608148 
5 0.9949100765379113 
6 -0.9949101405211519 
7 0.9949101445341162 
8 -0.994910144115731 
9 0.994910144047434 
10 -0.9949101440416566 
11 0.9949101440417625 
12 -0.9949101440417837 
13 0.9949101440417836 
14 -0.9949101440418012 
15 0.9949101440417844 
16 -0.9949101440417858 
17 0.9949101440417913 
18 -0.9949101440417852 
19 0.9949101440417871 
20 -0.9949101440417849 
21 0.9949101440417869 
22 -0.9949101440417807 
23 0.9949101440417925 
24 -0.9949101440417841 
25 0.9949101440417903 
26 -0.9949101440417869 
27 0.9949101440417853 
28 -0.9949101440417929 
29 0.9949101440417355 
30 -0.9949101440417545 
31 0.994910144041824 
32 -0.994910144041638 
33 0.9949101440417905 
34 -0.9949101440298894 
35 0.9949101440412008 
36 -0.9949101440417384 
37 0.994910144041788 
38 -0.9949101440417971 
39 0.9949101440417826 
40 -0.9949101440417873 
41 0.9949101440417877 
42 -0.9949101440417817 
43 0.994910144041786 
44 -0.9949101440418359 
45 0.9949101440417858 
46 -0.9949101440417739 
47 0.9949101440417816 
48 -0.9949101440418857 
49 0.9949101440417905 
50 -0.994910144041768 
51 0.9949101440418004 
52 -0.9949101440417841 
53 0.9949101440414582 
54 -0.9949101440417664 
55 0.9949101440417861 
56 -0.9949101440417822 
57 0.9949101440417931 
58 -0.994910144041779 
59 0.994910144041787 
60 -0.9949101440417791 
61 0.9949101440417806 
62 -0.9949101440417835 
63 0.9949101440417868 
64 -0.9949101440417863 
65 0.9949101440417875 
66 -0.9949101440417915 
67 0.9949101440417817 
68 -0.9949101440417901 
69 0.9949101440417866 
70 -0.9949101440417931 
71 0.9949101440417836 
72 -0.9949101440417883 
73 0.9949101440417824 
74 -0.9949101440417872 
75 0.9949101440417906 
76 -0.9949101440417882 
77 0.9949101440417839 
78 -0.9949101440417838 
79 0.994910144041785 
80 -0.9949101440417875 
81 0.9949101440417661 
82 -0.9949101440417849 
83 0.9949101440417863 
84 -0.9949101440417831 
85 0.994910144041785 
86 -0.9949101440417806 
87 0.9949101440417984 
88 -0.9949101440417837 
89 0.9949101440417845 
90 -0.9949101440417853 
91 0.9949101440417885 
92 -0.9949101440417825 
93 0.9949101440417878 
94 -0.9949101440417819 
95 0.994910144041791 
96 -0.9949101440417845 
97 0.9949101440417868 
98 -0.9949101440417918 
99 0.994910144041732 
100 -0.9949101440417554 
101 0.9949101440417814 
102 -0.9949101440417781 
103 0.9949101440417834 
104 -0.9949101440417906 
105 0.9949101440417811 
106 -0.9949101440417916 
107 0.994910144041791 
108 -0.9949101440417826 
109 0.9949101440417729 
110 -0.9949101440417781 
111 0.9949101440419811 
112 -0.9949101440422159 
113 0.9949101440388213 
114 -0.9949101440416214 
115 0.9949101440417804 
116 -0.9949101440417902 
117 0.9949101440417827 
118 -0.9949101440417872 
119 0.9949101440417818 
120 -0.9949101440417822 
121 0.9949101440418017 
122 -0.994910144041828 
123 0.9949101440415035 
124 -0.9949101440417769 
125 0.9949101440417839 
126 -0.9949101440417848 
127 0.9949101440417837 
128 -0.994910144041778 
129 0.994910144041779 
130 -0.9949101440417996 
131 0.9949101440417835 
132 -0.9949101440417867 
133 0.9949101440417865 
134 -0.9949101440417865 
135 0.9949101440417886 
136 -0.99491014404179 
137 0.9949101440417715 
138 -0.994910144041795 
139 0.9949101440415422 
140 -0.9949101440417802 
141 0.9949101440417737 
142 -0.9949101440417863 
143 0.9949101440417858 
144 -0.994910144041784 
145 0.9949101440417871 
146 -0.9949101440417802 
147 0.9949101440417912 
148 -0.9949101440417861 
149 0.9949101440417915 
150 -0.9949101440417834 
151 0.9949101440417809 
152 -0.9949101440417871 
153 0.9949101440417853 
154 -0.994910144041778 
155 0.9949101440417936 
156 -0.9949101440417855 
157 0.994910144041784 
158 -0.9949101440417978 
159 0.9949101440417877 
160 -0.9949101440417849 
161 0.9949101440417865 
162 -0.9949101440417852 
163 0.9949101440417923 
164 -0.9949101440418119 
165 0.9949101440417847 
166 -0.9949101440417846 
167 0.9949101440417847 
168 -0.9949101440417893 
169 0.9949101440417851 
170 -0.9949101440417826 
171 0.9949101440417701 
172 -0.9949101440417907 
173 0.9949101440417893 
174 -0.9949101440417993 
175 0.994910144041856 
176 -0.9949101440418658 
177 0.9949101440419797 
178 -0.9949101440417625 
179 0.9949101440417805 
180 -0.9949101440417865 
181 0.9949101440417911 
182 -0.9949101440417857 
183 0.9949101440417839 
184 -0.9949101440417849 
185 0.9949101440417416 
186 -0.9949101440417849 
187 0.9949101440417909 
188 -0.9949101440417589 
189 0.9949101440416553 
190 -0.9949101440427253 
191 0.994910144080245 
192 -0.9949101442397639 
193 0.9949101405663999 
194 -0.9949100765395279 
195 0.9949099316014761 
196 -0.9949205333251914 
197 0.9949899042378528 
