2 -0.5565280963955204 
3 -0.5880805785072959 
4 -0.6074849960248964 
5 -0.6179923474768 
6 -0.6246378260854183 
7 -0.6289371704469098 
8 -0.6318586895127297 
9 -0.633932374277487 
10 -0.6354467735404091 
11 -0.6365668372947376 
12 -0.6373853384117885 
13 -0.6379552083910794 
14 -0.6383077268047216 
15 -0.6384633834629887 
16 -0.6384387152884851 
17 -0.6382491469146288 
18 -0.6379129467698175 
19 -0.6374479489516367 
20 -0.6368888930855566 
21 -0.6362463819340554 
22 -0.6356458145388871 
23 -0.6346572230478238 
24 -0.6342027631795063 
25 -0.633514779060122 
26 -0.6329809840628753 
27 -0.6329471451669103 
28 -0.6326159765906659 
29 -0.6323111153522043 
30 -0.632072541708122 
31 -0.6320624359513937 
32 -0.6317274493023699 
33 -0.6317605447252227 
34 -0.6320107573339583 
35 -0.6320009114156557 
36 -0.6325481043004513 
37 -0.6334746570127511 
38 -0.6341713348133292 
39 -0.6343481041293605 
40 -0.6349984573114614 
41 -0.6351551903615004 
42 -0.635873031868274 
43 -0.6363955496262269 
44 -0.6361814927873988 
45 -0.6359893394257656 
46 -0.6359966721282502 
47 -0.6354714088705228 
48 -0.634954819247283 
49 -0.6345182598909573 
50 -0.6341010969817988 
51 -0.6338450662565247 
52 -0.633420052385138 
53 -0.632845512437483 
54 -0.632711748228933 
55 -0.6325400614838417 
56 -0.6323842504543035 
57 -0.6322731573531819 
58 -0.6322501151987718 
59 -0.6321225499821101 
60 -0.632083083085914 
61 -0.6324686732465823 
62 -0.6328813643366739 
63 -0.6335597172609027 
64 -0.6339142967163378 
65 -0.6342547686457741 
66 -0.6344303582303636 
67 -0.6349226904916504 
68 -0.6351517704051394 
69 -0.6352294895812417 
70 -0.6352698580133794 
71 -0.6355060576551215 
72 -0.6356653407048545 
73 -0.6355303743702065 
74 -0.6352894536841021 
75 -0.6350521192046763 
76 -0.6348703344904285 
77 -0.6345725169630047 
78 -0.6341710678291885 
79 -0.6338210463788767 
80 -0.6333969636130499 
81 -0.6329801873781592 
82 -0.6326103220400279 
83 -0.6322772763569525 
84 -0.6319984598726658 
85 -0.6318427974072564 
86 -0.631722489024484 
87 -0.631669890294376 
88 -0.631794257064999 
89 -0.6320401134229645 
90 -0.6323326161670788 
91 -0.6326990697411046 
92 -0.633159393484847 
93 -0.633669554247404 
94 -0.6343128717407104 
95 -0.634906839400066 
96 -0.6355461431402596 
97 -0.6361014246013668 
98 -0.6367324871316686 
99 -0.6372691411977873 
100 -0.6377669715086814 
101 -0.6380952542515249 
102 -0.6383167312492035 
103 -0.6384160413246933 
104 -0.6383735555579247 
105 -0.6381423575313555 
106 -0.6377320385761058 
107 -0.6371097382530203 
108 -0.6362443553479112 
109 -0.6350999245508873 
110 -0.6335920088308299 
111 -0.6315577826160508 
112 -0.6286868922177468 
113 -0.6244351963960081 
114 -0.6178270691721142 
115 -0.6073579324281856 
116 -0.5879881265630678 
117 -0.5564759496788482 
