2 -0.9891858372155536 
3 0.988457302102832 
4 -0.988235005471616 
5 0.9882605533461523 
6 -0.9882772572779758 
7 0.9882772853166878 
8 -0.9882761656677943 
9 0.9882761286471662 
10 -0.9882762319292784 
11 0.988276236299629 
12 -0.9882762250745145 
13 0.9882762248764229 
14 -0.9882762262624469 
15 0.98827622628794 
16 -0.9882762260965107 
17 0.9882762260911269 
18 -0.9882762261181763 
19 0.9882762261189503 
20 -0.988276226115135 
21 0.9882762261149777 
22 -0.9882762261155582 
23 0.9882762261157482 
24 -0.9882762261159068 
25 0.9882762261170588 
26 -0.9882762261158783 
27 0.98827622611535 
28 -0.9882762261154621 
29 0.988276226115522 
30 -0.9882762261155164 
31 0.9882762261155207 
32 -0.9882762261155693 
33 0.9882762261153976 
34 -0.9882762261155296 
35 0.9882762261155336 
36 -0.9882762261155066 
37 0.9882762261155476 
38 -0.9882762261155276 
39 0.9882762261155253 
40 -0.9882762261155194 
41 0.9882762261155225 
42 -0.9882762261155127 
43 0.9882762261155148 
44 -0.9882762261155245 
45 0.9882762261155181 
46 -0.9882762261155068 
47 0.9882762261155176 
48 -0.9882762261155229 
49 0.9882762261155242 
50 -0.9882762261155165 
51 0.9882762261155205 
52 -0.988276226115519 
53 0.9882762261155241 
54 -0.9882762261155174 
55 0.9882762261155233 
56 -0.9882762261155598 
57 0.9882762261155235 
58 -0.9882762261153593 
59 0.9882762261154289 
60 -0.9882762261155162 
61 0.9882762261173488 
62 -0.9882762261155816 
63 0.9882762261149587 
64 -0.9882762261153789 
65 0.9882762261155645 
66 -0.9882762261158089 
67 0.9882762261155126 
68 -0.9882762261154374 
69 0.9882762261154976 
70 -0.9882762261155171 
71 0.9882762261155207 
72 -0.988276226115488 
73 0.9882762261154779 
74 -0.9882762261155097 
75 0.9882762261155107 
76 -0.9882762261155262 
77 0.9882762261155161 
78 -0.9882762261154989 
79 0.9882762261154944 
80 -0.9882762261155267 
81 0.9882762261155276 
82 -0.9882762261155266 
83 0.9882762261155247 
84 -0.9882762261155255 
85 0.9882762261155202 
86 -0.9882762261155079 
87 0.9882762261155117 
88 -0.9882762261155452 
89 0.9882762261155008 
90 -0.9882762261154716 
91 0.9882762261153691 
92 -0.9882762261160951 
93 0.98827622611651 
94 -0.9882762261113788 
95 0.9882762261096325 
96 -0.9882762261419196 
97 0.9882762261385702 
98 -0.9882762258755701 
99 0.9882762264026516 
100 -0.9882762270539338 
101 0.9882762265611345 
102 -0.9882762280495548 
103 0.9882762258416883 
104 -0.9882762261926965 
105 0.9882762261546965 
106 -0.9882762247936266 
107 0.9882762244775223 
108 -0.9882762363905283 
109 0.9882762329861305 
110 -0.9882761296461885 
111 0.9882761654141885 
112 -0.9882772825530644 
113 0.9882772567586471 
114 -0.9882605537661455 
115 0.9882350056952299 
116 -0.9884573022622554 
117 0.9891858371222966 
