2 -0.8853958254251836 
3 0.8770303635750542 
4 -0.8731550069893267 
5 0.8714551053432653 
6 -0.870646056554272 
7 0.870242769660999 
8 -0.8700345789277774 
9 0.8699239669186457 
10 -0.8698639192069849 
11 0.8698307625679256 
12 -0.869812203023248 
13 0.8698016973901715 
14 -0.8697956926902837 
15 0.8697922365384567 
16 -0.869790230504463 
17 0.8697890607427521 
18 -0.8697883744925071 
19 0.8697879698124428 
20 -0.8697877301672785 
21 0.8697875877157776 
22 -0.869787502767189 
23 0.8697874519267108 
24 -0.8697874214224884 
25 0.8697874030728797 
26 -0.8697873920198088 
27 0.8697873853403848 
28 -0.8697873813181863 
29 0.8697873787436563 
30 -0.8697873777727929 
31 0.8697873764863355 
32 -0.869787375842512 
33 0.8697873756314863 
34 -0.8697873754639438 
35 0.8697873753312113 
36 -0.8697873752347595 
37 0.8697873751647517 
38 -0.8697873751254535 
39 0.8697873750659636 
40 -0.8697873749926864 
41 0.869787374845968 
42 -0.8697873737724502 
43 0.8697873747073911 
44 -0.8697873740801296 
45 0.869787373760341 
46 -0.8697873738359951 
47 0.8697873740807899 
48 -0.8697873744128828 
49 0.8697873744021536 
50 -0.8697873746356648 
51 0.8697873748566857 
52 -0.8697873749764731 
53 0.8697873750320854 
54 -0.869787375053057 
55 0.8697873750583419 
56 -0.8697873750525091 
57 0.8697873750478229 
58 -0.8697873750337015 
59 0.8697873750024373 
60 -0.8697873751130683 
61 0.8697873755173902 
62 -0.8697873790099164 
63 0.8697873749194824 
64 -0.8697873728749653 
65 0.8697873724856684 
66 -0.8697873728292524 
67 0.8697873733606009 
68 -0.8697873738486148 
69 0.8697873742129033 
70 -0.8697873744265024 
71 0.8697873751637315 
72 -0.8697873730179705 
73 0.8697873775926548 
74 -0.8697873783190554 
75 0.8697873776459433 
76 -0.8697873768552261 
77 0.8697873762171356 
78 -0.8697873757864117 
79 0.8697873755143942 
80 -0.8697873753163026 
81 0.8697873748949638 
82 -0.8697873705302345 
83 0.8697873787829214 
84 -0.8697873574586145 
85 0.8697873555988278 
86 -0.8697873607828733 
87 0.8697873647749305 
88 -0.8697873672634341 
89 0.8697873699423743 
90 -0.8697873718855212 
91 0.8697873734808552 
92 -0.8697873732888908 
93 0.8697873747913909 
94 -0.8697873752432057 
95 0.8697873752752735 
96 -0.8697873752356968 
97 0.869787375169215 
98 -0.8697873751203382 
99 0.8697873750809573 
100 -0.8697873750525161 
101 0.8697873747701756 
102 -0.8697873748809586 
103 0.8697873749735908 
104 -0.8697873750217471 
105 0.8697873750409909 
106 -0.8697873750377858 
107 0.8697873750119187 
108 -0.8697873750924549 
109 0.869787375020943 
110 -0.8697873750368228 
111 0.8697873750545088 
112 -0.8697873750309104 
113 0.8697873749143507 
114 -0.8697873753460704 
115 0.8697873721577427 
116 -0.8697873746644852 
117 0.8697873733318561 
118 -0.8697873725038155 
119 0.869787372555135 
120 -0.8697873729916096 
121 0.8697873735820767 
122 -0.8697873740462849 
123 0.8697873743775801 
124 -0.869787374605315 
125 0.8697873747581799 
126 -0.8697873748597188 
127 0.8697873749253512 
128 -0.869787374969809 
129 0.8697873749957149 
130 -0.8697873750120262 
131 0.8697873750014102 
132 -0.869787375036464 
133 0.869787375047741 
134 -0.8697873750447811 
135 0.8697873749966062 
136 -0.8697873754339953 
137 0.8697873748398397 
138 -0.8697873754066459 
139 0.8697873755186044 
140 -0.8697873754454488 
141 0.8697873753368526 
142 -0.8697873752682561 
143 0.8697873751730694 
144 -0.8697873750765893 
145 0.8697873744337395 
146 -0.8697873747787198 
147 0.869787374666455 
148 -0.8697873746779645 
149 0.8697873747647739 
150 -0.8697873748512226 
151 0.8697873749159649 
152 -0.8697873749597252 
153 0.8697873749328826 
154 -0.869787374848014 
155 0.8697873750410657 
156 -0.8697873749457894 
157 0.8697873750562406 
158 -0.869787375106526 
159 0.8697873751241629 
160 -0.8697873754251212 
161 0.86978737530984 
162 -0.8697873753190111 
163 0.8697873753655433 
164 -0.8697873753658992 
165 0.869787375413174 
166 -0.8697873755793154 
167 0.8697873758987048 
168 -0.8697873764522667 
169 0.8697873773659347 
170 -0.869787378807868 
171 0.8697873819311146 
172 -0.8697873831830684 
173 0.8697873904258738 
174 -0.8697874020268915 
175 0.8697874207191915 
176 -0.8697874514043585 
177 0.8697875023063478 
178 -0.8697875872547727 
179 0.8697877296341565 
180 -0.8697879692082091 
181 0.8697883738853924 
182 -0.8697890604354793 
183 0.8697902306623017 
184 -0.8697922363548513 
185 0.869795694504298 
186 -0.8698016977319729 
187 0.8698122036370969 
188 -0.8698307641716629 
189 0.8698639213959646 
190 -0.8699239707744101 
191 0.8700345798853681 
192 -0.8702427697094213 
193 0.8706460561032812 
194 -0.8714551057008705 
195 0.8731550069413726 
196 -0.8770303633884662 
197 0.8853958253293552 
