2 3 0.002585340969294838 
3 4 0.0029012945382882425 
4 5 0.0029648312277658078 
5 6 0.0029545641061451042 
6 7 0.00294646223537721 
7 8 0.0029446830520470637 
8 9 0.002944841746805827 
9 10 0.002945035442361073 
10 11 0.0029450748361918885 
11 12 0.002945068904201428 
12 13 0.0029450639660547773 
13 14 0.0029450632240997517 
14 15 0.002945063488727953 
15 16 0.002945063619819943 
16 17 0.0029450636260194736 
17 18 0.0029450636152317674 
18 19 0.0029450636122400663 
19 20 0.0029450636125632214 
20 21 0.002945063613003971 
21 22 0.0029450636128519163 
22 23 0.002945063612836819 
23 24 0.002945063613053838 
24 25 0.0029450636129778394 
25 26 0.002945063612808717 
26 27 0.002945063612964977 
27 28 0.0029450636130664283 
28 29 0.0029450636131461224 
29 30 0.0029450636130399035 
30 31 0.0029450636130502823 
31 32 0.0029450636130715713 
32 33 0.00294506361302471 
33 34 0.002945063609656245 
34 35 0.0029450636108067727 
35 36 0.002945063606197803 
36 37 0.002945063612032909 
37 38 0.0029450636136672793 
38 39 0.0029450636124418376 
39 40 0.002945063611755536 
40 41 0.002945063621152213 
41 42 0.0029450636464768884 
42 43 0.002945063460181217 
43 44 0.0029450628390855723 
44 45 0.0029450631410612724 
45 46 0.002945063655455512 
46 47 0.0029450640243962184 
47 48 0.002945064479966499 
48 49 0.00294506518239125 
49 50 0.002945064730080607 
50 51 0.0029450642163498745 
51 52 0.0029450642650256206 
52 53 0.002945063934135724 
53 54 0.002945063663320842 
54 55 0.0029450635543243077 
55 56 0.0029450635774374697 
56 57 0.002945063602995894 
57 58 0.0029450636113708467 
58 59 0.0029450636128005355 
59 60 0.0029450636127426382 
60 61 0.0029450636127863203 
61 62 0.0029450636128027785 
62 63 0.002945063612665909 
63 64 0.0029450636125532958 
64 65 0.0029450636137693244 
65 66 0.002945063617073416 
66 67 0.002945063615830406 
67 68 0.0029450635904748877 
68 69 0.002945063644497272 
69 70 0.0029450639936863935 
70 71 0.0029450634786021934 
71 72 0.0029450631924157096 
72 73 0.002945062844028538 
73 74 0.002945063251665121 
74 75 0.002945063612070409 
75 76 0.0029450635503277377 
76 77 0.002945063570428459 
77 78 0.0029450635996900484 
78 79 0.0029450636033265727 
79 80 0.0029450636092245267 
80 81 0.002945063641665922 
81 82 0.0029450636641116155 
82 83 0.002945063700755613 
83 84 0.0029450624536571605 
84 85 0.002945063059024111 
85 86 0.0029450659050044353 
86 87 0.0029450659033171383 
87 88 0.0029450646116511597 
88 89 0.0029450635017120664 
89 90 0.0029450628357550117 
90 91 0.0029450628120416063 
91 92 0.0029450634263190616 
92 93 0.002945064263724591 
93 94 0.0029450641241843593 
94 95 0.0029450637583940805 
95 96 0.002945063621739506 
96 97 0.002945063608070935 
97 98 0.00294506361308297 
98 99 0.002945063613506639 
99 100 0.0029450636011740406 
100 101 0.00294506350409157 
101 102 0.002945064102718078 
102 103 0.0029450632244581707 
103 104 0.002945063669095198 
104 105 0.0029450633088114572 
105 106 0.002945063161000985 
106 107 0.002945063826737934 
107 108 0.0029450690789173855 
108 109 0.0029450760411935104 
109 110 0.0029450383207022183 
110 111 0.002944843389135319 
111 112 0.002944682361720253 
112 113 0.0029464631240966018 
113 114 0.0029545649405258753 
114 115 0.002964831253725056 
115 116 0.002901294521730192 
116 117 0.0025853409472918203 
117 118 0.0022420175877479105 
