2 3 0.0012971961092945628 
3 4 0.0001408750312465285 
4 5 7.220724734393064e-05 
5 6 1.6179176569571104e-05 
6 7 6.752055415542203e-06 
7 8 2.4442010615848942e-06 
8 9 1.0587598437268043e-06 
9 10 4.790650458945989e-07 
10 11 2.29241559541175e-07 
11 12 1.1543693641214382e-07 
12 13 5.987935752046869e-08 
13 14 3.21388693416225e-08 
14 15 1.7625552176415864e-08 
15 16 9.882323490658444e-09 
16 17 5.635257834239893e-09 
17 18 3.2636579726883822e-09 
18 19 1.9155791112095147e-09 
19 20 1.1379962096815157e-09 
20 21 6.833627564525751e-10 
21 22 4.1432378337032534e-10 
22 23 2.5337253865236155e-10 
23 24 1.5613586951119754e-10 
24 25 9.687453024233861e-11 
25 26 6.047294495346341e-11 
26 27 3.795509789862626e-11 
27 28 2.3937778611392323e-11 
28 29 1.5163545343165755e-11 
29 30 9.642584594135142e-12 
30 31 6.153223198101205e-12 
31 32 3.937844524459122e-12 
32 33 2.5277506879880374e-12 
33 34 1.6255251292714975e-12 
34 35 1.0478164486104804e-12 
35 36 6.766403099748377e-13 
36 37 4.3754491037462917e-13 
37 38 2.8257103795769717e-13 
38 39 1.8272722837850343e-13 
39 40 1.1811784963700837e-13 
40 41 7.678821969738281e-14 
41 42 5.01093871326168e-14 
42 43 3.2531560184786853e-14 
43 44 2.134953197177425e-14 
44 45 1.4635315281106903e-14 
45 46 9.963973395736239e-15 
46 47 7.118861263974493e-15 
47 48 5.0880581814761524e-15 
48 49 2.732779416724328e-15 
49 50 2.1688000342899187e-15 
50 51 1.4952251651192495e-15 
51 52 1.0379821554807586e-15 
52 53 2.61077493601444e-16 
53 54 3.7926009835741427e-17 
54 55 -1.1885333864103468e-16 
55 56 2.165845281861009e-16 
56 57 3.6792791087682306e-16 
57 58 1.008826413059228e-16 
58 59 7.359240069653172e-17 
59 60 5.881012069793496e-17 
60 61 -3.9027429802734035e-16 
61 62 5.766844485357904e-17 
62 63 7.116834122878331e-17 
63 64 9.712253865672528e-17 
64 65 3.627811507398674e-16 
65 66 -2.3331409258549807e-16 
66 67 5.43365914247695e-16 
67 68 4.946108649352151e-16 
68 69 7.655181002318202e-16 
69 70 1.410596031611156e-15 
70 71 1.84885436740901e-15 
71 72 3.101408249891304e-15 
72 73 4.7096969872142266e-15 
73 74 7.442031835257451e-15 
74 75 1.1138720160313415e-14 
75 76 1.7701550124014612e-14 
76 77 2.7035571424854606e-14 
77 78 4.263165454818613e-14 
78 79 6.640839544364405e-14 
79 80 1.0467220668153474e-13 
80 81 1.6286451693230272e-13 
81 82 2.5511647914507153e-13 
82 83 4.000303924678117e-13 
83 84 6.260913363611352e-13 
84 85 9.82765633435522e-13 
85 86 1.543093206718312e-12 
86 87 2.4271087755565325e-12 
87 88 3.821954706205452e-12 
88 89 6.029772002397685e-12 
89 90 9.536272368813813e-12 
90 91 1.5106746636770504e-11 
91 92 2.4025917036769676e-11 
92 93 3.8315808101723195e-11 
93 94 6.149001509675496e-11 
94 95 9.881317713601717e-11 
95 96 1.5960111670590034e-10 
96 97 2.5904628393142135e-10 
97 98 4.2311563110359827e-10 
98 99 6.965500036410581e-10 
99 100 1.1572684015175253e-09 
100 101 1.9435104008606303e-09 
101 102 3.303433079249685e-09 
102 103 5.6887004121024325e-09 
103 104 9.959618333583015e-09 
104 105 1.7723115076147785e-08 
105 106 3.2256446817014276e-08 
106 107 6.001439376871957e-08 
107 108 1.1558107798171376e-07 
108 109 2.2936750190860638e-07 
109 110 4.79172364283376e-07 
110 111 1.0588538190561185e-06 
111 112 2.444371472283806e-06 
112 113 6.7522824037905845e-06 
113 114 1.6179287045272753e-05 
114 115 7.22073614344227e-05 
115 116 0.00014087510273639155 
116 117 0.0012971961392414324 
117 118 0.0012674252781804667 
