2 3 0.36193823335215436 
3 4 0.38788107344386674 
4 5 0.38593394702085226 
5 6 0.4268131896770595 
6 7 0.47496137914069514 
7 8 0.48578677898084205 
8 9 0.4850684557708758 
9 10 0.5073551274417573 
10 11 0.5371123087937941 
11 12 0.5453086087962375 
12 13 0.5425685249982584 
13 14 0.5550283212726732 
14 15 0.5767365975505009 
15 16 0.583996479838366 
16 17 0.5798922764635881 
17 18 0.5860045664143467 
18 19 0.6025763627848388 
19 20 0.6093978961099875 
20 21 0.6044209142718816 
21 22 0.605827219614824 
22 23 0.6184494813401822 
23 24 0.6249827686428236 
24 25 0.6194248274599794 
25 26 0.6169757353618862 
26 27 0.6261562242027232 
27 28 0.6324263502061396 
28 29 0.6264619495017744 
29 30 0.6205812996866574 
30 31 0.6264619495159756 
31 32 0.6324263502195057 
32 33 0.626156224214958 
33 34 0.6169757353809157 
34 35 0.6194248274965343 
35 36 0.624982768681449 
36 37 0.6184494813763131 
37 38 0.6058272196463134 
38 39 0.6044209143189798 
39 40 0.6093978961645228 
40 41 0.6025763628359256 
41 42 0.5860045664498383 
42 43 0.5798922765051482 
43 44 0.5839964798985026 
44 45 0.5767365976120551 
45 46 0.5550283213104715 
46 47 0.5425685250087736 
47 48 0.5453086088494121 
48 49 0.5371123088604887 
49 50 0.5073551274887111 
50 51 0.4850684556897109 
51 52 0.485786778957822 
52 53 0.4749613791904292 
53 54 0.4268131895333772 
54 55 0.3859339468703681 
55 56 0.3878810734491551 
56 57 0.36193823308622264 
57 58 0.23262793636968893 
