-175.42565208335392 
-175.4558956050898 
-175.47950855547015 
-175.49326708151312 
-175.5001715119134 
-175.5028102838237 
-175.50345748739727 
-175.50352399583218 
-175.5035657680516 
-175.50374393714682 
-175.5233641899377 
-175.53607120748413 
-175.5430984236029 
-175.5464491974539 
-175.5476910815165 
-175.54792774440793 
-175.54794871378203 
-175.54815717002214 
-175.54879198372456 
-175.5607070926909 
-175.56846204946015 
-175.57273253749395 
-175.57463423858437 
-175.57521287169936 
-175.5753022039439 
-175.57532436720857 
-175.57607564332739 
-175.5764157302728 
-175.58539168153345 
-175.59089010193898 
-175.59364024698306 
-175.59475625125881 
-175.595069270665 
-175.59510749331247 
-175.59515278120537 
-175.59656198651408 
-175.5970564916757 
-175.603153139494 
-175.60656023846565 
-175.60815386499306 
-175.60871599984998 
-175.60883075696452 
-175.60885019295648 
-175.6089860447257 
-175.61114952805445 
-175.61384453048592 
-175.6178926617462 
-175.61991977364704 
-175.6207160560789 
-175.62094815573838 
-175.62099182597416 
-175.62100618715965 
-175.62103316711418 
-175.62108888065723 
-175.62112801488036 
-175.62135621154758 
-175.62135623511438 
-175.62135623511378 
-175.6213562351137 
-175.6213562351142 
-175.62135623511446 
-175.6213562351141 
-175.62135624332373 
-175.62135626101232 
-175.62135629600786 
-175.62135637994808 
-175.6213565505585 
-175.6213569970874 
-175.62135809140813 
-175.62136056988936 
-175.62136642518905 
-175.62138737795414 
-175.62142979109123 
-175.6214749147696 
-175.6215004537795 
-175.62151536404616 
-175.62152864767515 
-175.62154142004428 
-175.62155752809298 
-175.62158810978164 
-175.6217138459678 
-175.62183421246485 
-175.6219281521125 
-175.62196675909013 
-175.6219937804423 
-175.62202023071742 
-175.6220486940054 
-175.62208505513115 
-175.6221653408445 
-175.6225196211176 
-175.62287269388273 
-175.62304844103494 
-175.62312451005948 
-175.62317596357252 
-175.62322815783185 
-175.6232819444604 
-175.62335459759004 
-175.6235427347254 
-175.62428100141815 
-175.6249707518902 
-175.62519419806713 
-175.62530678483728 
-175.62538781164346 
-175.6254606303319 
-175.62553132043257 
-175.62563969707742 
-175.62597795913993 
-175.62751883127947 
-175.62878506588 
-175.62915722178764 
-175.62929930564 
-175.62939527043088 
-175.6294848054817 
-175.62963876470906 
-175.62990214674986 
-175.62990214674986 
-175.63189425306183 
-175.63778156176556 
-175.6422501666216 
-175.6446108220241 
-175.64558301893615 
-175.64584778534652 
-175.64588969648048 
-175.64592741802568 
-175.6467363276519 
-175.64837399484645 
-175.6545046189432 
-175.6581937810937 
-175.6599852624583 
-175.66067909021424 
-175.6608638215225 
-175.66089158213217 
-175.66094351016287 
-175.66198755387055 
-175.6642170873132 
-175.66901411810198 
-175.6718615671536 
-175.67323017698294 
-175.6737253096728 
-175.67383573942425 
-175.67385725467395 
-175.67392117675746 
-175.67610624430807 
-175.6769807174648 
-175.68122522179303 
-175.68360133940985 
-175.68464399063853 
-175.68499142985675 
-175.68506637461155 
-175.68508829259775 
-175.6851966786174 
-175.68826746329083 
-175.68901170881458 
-175.6922599990451 
-175.69392592688172 
-175.69461458795817 
-175.6948165498898 
-175.69485258008382 
-175.69487990921482 
-175.69512566433917 
-175.6987573592533 
-175.70045642066725 
-175.7028547659927 
-175.7039716845956 
-175.7043676150088 
-175.70446730241272 
-175.7044866803685 
-175.7045043182819 
-175.70453681940134 
-175.70460115080985 
-175.7046310498913 
-175.7048199443008 
-175.70481996419164 
-175.7048199641926 
-175.7048199641914 
-175.7048199641928 
-175.70481996419133 
-175.70481996419122 
-175.7048199705862 
-175.7048199834203 
-175.70482001120948 
-175.70482008254828 
-175.70482020725507 
-175.7048205142396 
-175.7048213034373 
-175.7048231299391 
-175.7048271781173 
-175.70483918330675 
-175.70485759778458 
-175.70489933779572 
-175.70493585114278 
-175.70495927319072 
-175.70497650158964 
-175.70498868409373 
-175.70500033844743 
-175.70501664000608 
-175.70506453576755 
-175.70510867463636 
-175.70521125773428 
-175.70526852957266 
-175.70530652561928 
-175.70533567658774 
-175.70535971542097 
-175.70538328759682 
-175.70541734129662 
-175.70552247587176 
-175.70562282263123 
-175.70572235356602 
-175.7057864564756 
-175.70583408293768 
-175.70587480523469 
-175.70591057994844 
-175.70594757175385 
-175.70600625585948 
-175.70620442593807 
-175.7064125857328 
-175.70655335159614 
-175.7066340707068 
-175.70669275882506 
-175.70674517883035 
-175.70679541575444 
-175.7068517815147 
-175.70695238184527 
-175.70733943061185 
-175.70772684842308 
-175.70801311210806 
-175.7081400908074 
-175.7082278763134 
-175.70831305582357 
-175.70839887685614 
-175.70850560740192 
-175.70877911093447 
-175.70990218746036 
-175.7121432337227 
-175.71223871356858 
-175.71246106236026 
-175.7127004182057 
-175.7128516830023 
-175.71295532836672 
-175.71300745565355 
-175.71304484710456 
-175.71309050408286 
-175.7131471598144 
-175.7131899042643 
-175.71323754841228 
-175.71327310604443 
-175.7132979555019 
-175.71331536676337 
-175.71332689738483 
-175.71334106862113 
-175.7133571037941 
-175.7133727246398 
-175.71338957746997 
-175.71340449009637 
-175.71341457286582 
-175.71342145673103 
-175.71342594563743 
-175.71343015938245 
-175.7134355153563 
-175.7134412505752 
-175.71344722131943 
-175.71345315805843 
-175.713457751975 
-175.71346064237554 
-175.71346252117905 
-175.71346375008181 
-175.71346496528164 
-175.71346685747832 
-175.71346857474947 
-175.71347004765747 
-175.7134715220659 
-175.71347251392083 
-175.7134731009758 
-175.7134734719792 
-175.7134737184017 
-175.71347387259112 
-175.7134739585901 
-175.71347405599047 
-175.71347412861536 
-175.7134741837969 
-175.7134742005662 
-175.7134742055325 
-175.71347420663315 
-175.71347420689523 
-175.7134742069655 
-175.7134742069833 
-175.7134742069833 
-175.71347420698334 
-175.7134742069832 
-175.7134742069831 
-175.71347420698282 
-175.71347420698294 
-175.71347420698325 
-175.71347420698294 
-175.71347420698288 
-175.71347420698297 
-175.71347420698294 
-175.71347420698297 
-175.71347420698288 
-175.71347420698376 
-175.71347420698632 
-175.71347420699303 
-175.7134742070157 
-175.7134742070651 
-175.71347420715867 
-175.71347420729094 
-175.7134742075095 
-175.7134742078556 
-175.7134742083059 
-175.71347420908944 
-175.71347421082 
-175.71347421417704 
-175.71347421906856 
-175.7134742243921 
-175.7134742315171 
-175.7134742420375 
-175.71347425143594 
-175.71347425891983 
-175.71347426687564 
-175.71347428142124 
-175.71347430299622 
-175.71347432483702 
-175.7134743440696 
-175.71347436522174 
-175.71347438809266 
-175.71347441271212 
-175.71347443481196 
-175.71347446437852 
-175.71347451102193 
-175.71347456609857 
-175.7134746077837 
-175.71347464899026 
-175.7134746885296 
-175.71347473442614 
-175.71347477400852 
-175.71347481695412 
-175.71347487581812 
-175.71347494695945 
-175.71347500503728 
-175.71347505813526 
-175.71347511924247 
-175.7134751664243 
-175.71347520782447 
-175.7134752487055 
-175.71347528538098 
-175.71347534864742 
-175.7134754223812 
-175.71347542238118 
-175.71348070013772 
-175.7135005871635 
-175.7135310636823 
-175.71357095177146 
-175.71359990022015 
-175.713616727331 
-175.7136274251741 
-175.713635418719 
-175.71364214711826 
-175.71365246113587 
-175.71368088471874 
-175.7137246024818 
-175.71376330746725 
-175.71378760577244 
-175.7138037284395 
-175.71381345438263 
-175.71382051499594 
-175.71382542772471 
-175.7138316884837 
-175.71385028511534 
-175.7138791784437 
-175.71390276380214 
-175.71391720124288 
-175.7139259725245 
-175.71393169911164 
-175.71393537976633 
-175.7139384901746 
-175.71394430023304 
-175.71395619700127 
-175.7139717136952 
-175.71398158160565 
-175.7139872933829 
-175.7139908218876 
-175.7139929202991 
-175.7139943110211 
-175.7139958603469 
-175.7139980341167 
-175.71400172853643 
-175.71400527456828 
-175.71400732853422 
-175.71400843362972 
-175.714009022861 
-175.71400935064156 
-175.71400954408404 
-175.71400969812802 
-175.71400991990237 
-175.71401013178559 
-175.7140102598707 
-175.71401030143014 
-175.71401031185243 
-175.71401031405014 
-175.7140103145292 
-175.71401031463637 
-175.7140103146588 
-175.71401031465908 
-175.71401031465885 
-175.71401031466053 
-175.7140103146594 
-175.7140103146589 
-175.71401031465948 
-175.71401031465894 
-175.7140103146591 
-175.71401031465922 
-175.7140103146594 
-175.71401031465956 
-175.71401031465933 
-175.7140103146598 
-175.71401031466064 
-175.71401031466328 
-175.71401031467073 
-175.71401031469404 
-175.71401031475813 
-175.7140103148784 
-175.71401031505252 
-175.71401031533603 
-175.71401031573117 
-175.71401031625305 
-175.71401031712023 
-175.71401031890034 
-175.71401032317465 
-175.7140103303403 
-175.71401033722978 
-175.7140103442381 
-175.71401035266223 
-175.7140103640582 
-175.71401037297704 
-175.71401038181543 
-175.71401039788765 
-175.71401043761787 
-175.71401049453692 
-175.71401053348916 
-175.71401056634994 
-175.7140105944757 
-175.71401062342542 
-175.7140106512999 
-175.71401068434486 
-175.71401076456175 
-175.71401092653917 
-175.71401111225651 
-175.71401120714162 
-175.71401128775713 
-175.71401134702984 
-175.71401139995768 
-175.7140114579472 
-175.71401154943683 
-175.7140117872015 
-175.7140122085307 
-175.71401262586386 
-175.71401282911185 
-175.71401299575015 
-175.71401308190354 
-175.71401316697174 
-175.7140132805009 
-175.71401354933505 
-175.7140141743041 
-175.7140149573991 
-175.71401546952123 
-175.71401602432587 
-175.7140161120587 
-175.71401617657125 
-175.71401620056787 
-175.7140162101969 
-175.71401621567347 
-175.71401622035575 
-175.71401622695225 
-175.7140162377108 
-175.7140162462778 
-175.71401625003242 
-175.71401625204743 
-175.71401625335213 
-175.71401625441112 
-175.71401625552656 
-175.7140162569474 
-175.714016258952 
-175.71401626045918 
-175.7140162613562 
-175.714016261951 
-175.71401626238358 
-175.71401626279285 
-175.71401626320318 
-175.71401626354907 
-175.71401626385813 
-175.71401626415192 
-175.71401626436702 
-175.71401626451342 
-175.7140162646344 
-175.71401626474534 
-175.71401626484865 
-175.71401626492835 
-175.71401626497234 
-175.71401626499673 
-175.71401626501128 
-175.71401626502055 
-175.71401626502814 
-175.71401626503396 
-175.71401626503896 
-175.71401626504255 
-175.71401626504434 
-175.71401626504473 
-175.71401626504465 
-175.71401626504516 
-175.71401626504542 
-175.7140162650455 
-175.71401626504556 
-175.71401626504564 
-175.71401626504567 
-175.71401626504584 
-175.71401626504598 
-175.7140162650459 
-175.71401626504613 
-175.7140162650464 
-175.71401626504675 
-175.71401626504715 
-175.71401626504664 
-175.71401626504647 
-175.71401626504775 
-175.7140162650467 
-175.71401626504698 
-175.71401626504655 
-175.71401626504652 
-175.7140162650469 
-175.71401626504598 
-175.71401626504607 
-175.7140162650458 
-175.71401626504596 
-175.7140162650456 
-175.71401626504579 
-175.71401626504564 
-175.71401626504536 
-175.7140162650453 
-175.71401626504547 
-175.71401626504561 
-175.71401626504564 
-175.71401626504576 
-175.7140162650461 
-175.71401626504596 
-175.71401626504587 
-175.71401626504598 
-175.7140162650459 
-175.7140162650461 
-175.71401626504627 
-175.71401626504624 
-175.7140162650463 
-175.71401626504684 
-175.71401626504735 
-175.71401626504797 
-175.7140162650487 
-175.7140162650497 
-175.7140162650513 
-175.71401626505423 
-175.71401626505653 
-175.71401626505818 
-175.71401626505974 
-175.71401626506113 
-175.71401626506312 
-175.71401626506594 
-175.71401626506992 
-175.71401626507645 
-175.71401626508617 
-175.7140162650928 
-175.71401626509737 
-175.71401626510138 
-175.71401626510527 
-175.71401626511044 
-175.71401626511752 
-175.71401626512827 
-175.71401626514543 
-175.71401626515703 
-175.7140162651647 
-175.71401626517155 
-175.71401626517928 
-175.714016265186 
-175.71401626579632 
-175.7140162664202 
-175.71401626760226 
-175.7140162691339 
-175.71401627099956 
-175.71401627342058 
-175.7140162758786 
-175.71401627734045 
-175.71401627837693 
-175.71401627915589 
-175.7140162800437 
-175.7140162811927 
-175.71401628252946 
-175.7140162841578 
-175.71401628584516 
-175.71401628712488 
-175.7140162879363 
-175.71401628850717 
-175.7140162889225 
-175.7140162893923 
-175.7140162899305 
-175.7140162905639 
-175.71401629127084 
-175.71401629190746 
-175.7140162922741 
-175.7140162925142 
-175.7140162926856 
-175.71401629282465 
-175.7140162929646 
-175.71401629311 
-175.71401629327568 
-175.71401629341545 
-175.71401629351286 
-175.7140162935588 
-175.71401629358525 
-175.71401629360213 
-175.71401629361338 
-175.71401629362484 
-175.71401629363356 
-175.71401629364075 
-175.7140162936448 
-175.71401629364686 
-175.71401629364777 
-175.71401629364826 
-175.71401629364823 
-175.7140162936485 
-175.71401629364885 
-175.71401629364894 
-175.71401629364905 
-175.7140162936489 
-175.71401629364885 
-175.71401629364829 
-175.71401629364863 
-175.71401629364834 
-175.7140162936489 
-175.71401629364894 
-175.71401629364976 
-175.71401629364968 
-175.71401629364857 
-175.71401629364922 
-175.7140162936499 
-175.71401629364883 
-175.71401629364857 
-175.7140162936482 
-175.71401629364757 
-175.71401629364777 
-175.7140162936478 
-175.71401629364806 
-175.71401629364834 
-175.71401629364865 
-175.7140162936483 
-175.7140162936483 
-175.7140162936482 
-175.71401629364826 
-175.71401629364834 
-175.7140162936481 
-175.7140162936477 
-175.71401629364775 
-175.7140162936473 
-175.71401629364735 
-175.71401629364715 
-175.714016293647 
-175.71401629364718 
-175.71401629364703 
-175.71401629364712 
-175.71401629364772 
-175.71401629364757 
-175.71401629364757 
-175.7140162936482 
-175.71401629364885 
-175.71401629364965 
-175.71401629365076 
-175.71401629365192 
-175.71401629365354 
-175.7140162936561 
-175.7140162936586 
-175.7140162936607 
-175.71401629366295 
-175.71401629366503 
-175.71401629366738 
-175.7140162936695 
-175.7140162936724 
-175.71401629367807 
-175.714016293687 
-175.7140162936946 
-175.71401629370087 
-175.71401629370638 
-175.71401629371044 
-175.71401629371434 
-175.71401629371854 
-175.7140162937241 
-175.71401629373577 
-175.71401629375126 
-175.71401629376376 
-175.71401629377306 
-175.71401629378042 
-175.71401629378587 
-175.71401629379176 
-175.71401629379446 
-175.71401629379596 
-175.71401629379736 
-175.71401629379798 
-175.7140162937986 
-175.71401629379932 
-175.71401629379957 
-175.71401629379963 
-175.71401629379974 
-175.7140162937999 
-175.71401629379986 
-175.7140162937997 
-175.71401629379935 
-175.71401629379972 
-175.71401629379986 
-175.71401629379943 
-175.7140162937993 
-175.714016293799 
-175.71401629379903 
-175.71401629379884 
-175.71401629379875 
-175.71401629379875 
-175.71401629379858 
-175.71401629379866 
-175.71401629379875 
-175.71401629379878 
-175.71401629379844 
-175.7140162937986 
-175.71401629379827 
-175.71401629379855 
-175.71401629379878 
-175.7140162937988 
-175.71401629379878 
-175.71401629379884 
-175.71401629379892 
-175.7140162937987 
-175.71401629379855 
-175.7140162937984 
-175.71401629379858 
-175.71401629379827 
-175.7140162937984 
-175.71401629379835 
-175.71401629379807 
-175.7140162937981 
-175.71401629379847 
-175.7140162937983 
-175.7140162937987 
-175.71401629379866 
-175.7140162937984 
-175.71401629379764 
-175.71401629379835 
-175.71401629379787 
-175.7140162937982 
-175.71401629379775 
-175.71401629380057 
-175.7140162937989 
-175.7140162937979 
-175.71401629379923 
-175.7140162938004 
-175.71401629379784 
-175.71401629379812 
-175.71401629379787 
-175.71401629379795 
-175.71401629379807 
-175.71401629379895 
-175.71401629379926 
-175.71401629379918 
-175.714016293799 
-175.71401629379935 
-175.71401629379923 
-175.71401629379935 
-175.7140162937992 
-175.71401629379938 
-175.7140162937992 
-175.71401629379938 
-175.71401629379932 
-175.7140162937992 
-175.71401629379923 
-175.7140162937997 
-175.71401629379997 
-175.71401629379994 
-175.7140162937999 
-175.7140162937999 
-175.71401629379972 
-175.7140162937996 
-175.7140162937997 
-175.71401629379966 
-175.7140162937999 
-175.71401629380009 
-175.71401629380017 
-175.7140162938001 
-175.7140162938 
-175.7140162938001 
-175.7140162938005 
-175.71401629380065 
-175.71401629380085 
-175.7140162938008 
-175.71401629380134 
-175.7140162938018 
-175.71401629380176 
-175.71401629380176 
-175.71401629380202 
-175.71401629380242 
-175.7140162938025 
-175.7140162938024 
-175.71401629380264 
-175.71401629380247 
-175.71401629380225 
-175.71401629380244 
-175.71401629380244 
-175.7140162938026 
-175.71401629380244 
-175.71401629380267 
-175.71401629380296 
-175.714016293803 
-175.71401629380267 
-175.7140162938027 
-175.7140162938028 
-175.71401629380307 
-175.71401629380316 
-175.71401629380335 
-175.71401629380412 
-175.71401629380412 
-175.71401629380415 
-175.71401629380418 
-175.7140162938037 
-175.71401629380364 
-175.7140162938035 
-175.71401629380338 
-175.7140162938036 
-175.71401629380384 
-175.71401629380364 
-175.71401629380352 
-175.71401629380318 
-175.71401629380304 
-175.71401629380287 
-175.71401629380273 
-175.7140162938027 
-175.71401629380284 
-175.7140162938029 
-175.71401629380262 
-175.7140162938027 
-175.7140162938026 
-175.71401629380236 
-175.71401629380244 
-175.71401629380247 
-175.7140162938022 
-175.7140162938022 
-175.71401629380208 
-175.71401629380242 
-175.71401629380244 
-175.71401629380284 
-175.71401629380242 
-175.7140162938027 
-175.7140162938027 
-175.71401629380264 
-175.71401629380287 
-175.7140162938028 
-175.7140162938026 
-175.7140162938028 
-175.7140162938027 
-175.7140162938029 
-175.71401629380247 
-175.7140162938024 
-175.7140162938025 
-175.7140162938024 
-175.71401629380227 
-175.7140162938025 
-175.71401629380264 
-175.71401629380256 
-175.7140162938023 
-175.7140162938028 
-175.7140162938026 
