2 0.004312989546497563 
3 -8.610780677931212e-07 
4 -6.707039553474639e-05 
5 5.412790025910359e-07 
6 1.3346387892164143e-06 
7 -7.886725655788927e-08 
8 -8.279027857851535e-09 
9 5.3272186023782206e-08 
10 -7.974707456524838e-08 
11 5.198409315186695e-09 
12 -1.4219375479988745e-09 
13 -1.0706478987222245e-10 
14 -2.5115979779841275e-11 
15 -1.9160707302672757e-12 
16 8.699159057163902e-15 
17 1.5539591772801793e-14 
18 -1.578242283224929e-13 
19 -8.22927810061956e-14 
20 -4.689929767258468e-15 
21 2.5659704533264482e-15 
22 3.1069576421678933e-16 
23 5.136919534910275e-16 
24 1.1147904092094608e-15 
25 1.604866562465393e-15 
26 1.1147904092094673e-15 
27 -1.546476658448677e-15 
28 -5.1895301283397804e-15 
29 3.2780912115074053e-15 
30 5.200298993229517e-15 
31 1.1147904092094687e-15 
32 2.3169873206463483e-15 
33 5.787273125476719e-16 
34 -2.656699683073828e-15 
35 -5.679606281595711e-15 
36 3.297441798675445e-16 
37 2.251951961589694e-15 
38 -1.0849731286689414e-15 
39 -1.4180400360564814e-15 
40 3.814154308169187e-15 
41 -6.418665567531733e-15 
42 2.9450243041198583e-15 
43 1.5588796190595165e-15 
44 4.239195102368461e-15 
45 -5.522597035727327e-15 
46 -5.522597035727329e-15 
47 -8.147401367805007e-15 
48 7.363599795527449e-15 
49 -2.237114317075969e-17 
50 -2.8137089289422057e-15 
51 -2.5361531727859173e-15 
52 1.3363426049165323e-14 
53 -4.5424447292154775e-15 
54 5.487378957211202e-15 
55 -6.139453910638015e-16 
56 -2.2126104732237655e-15 
57 -1.251506582362708e-15 
58 4.0361989130942215e-15 
59 6.624540509591426e-15 
60 -6.918265928613059e-15 
61 3.925176610631703e-15 
62 1.447857316597013e-15 
63 -1.241982374537312e-15 
64 4.082185856500083e-15 
65 1.7158888649279087e-15 
66 -1.1434502998248177e-16 
67 -1.7415827356186339e-15 
68 3.343126570564058e-15 
69 -1.0849731286689406e-15 
70 -2.904026915016506e-16 
71 6.5595051505347704e-15 
72 6.226438243147225e-15 
73 5.598401259673713e-15 
74 -5.346539374208159e-15 
75 2.0489557723154496e-15 
76 4.5262750663501464e-15 
77 -5.022996674646007e-15 
78 -4.107879727190814e-15 
79 -5.679606281595706e-15 
80 4.8862805014927616e-15 
81 4.507226650699341e-15 
82 -3.13725162850436e-15 
83 2.2059650181838244e-15 
84 -3.1277274206789613e-15 
85 -1.389467412580299e-15 
86 -9.279638828005589e-16 
87 8.007719174727128e-16 
88 4.258243518019253e-15 
89 -4.5424447292154775e-15 
90 -5.199054336165176e-15 
91 1.5368651834841197e-16 
92 6.247142559535424e-16 
93 5.284382767936963e-15 
94 -5.189530128339781e-15 
95 5.755410505542095e-15 
96 4.8402935580868906e-15 
97 3.1210819656390277e-15 
98 7.252577493064935e-15 
99 -4.708978184513724e-15 
100 8.271161531698239e-15 
101 -1.221245351163143e-15 
102 1.992850305505164e-14 
103 -2.801292555324541e-13 
104 -4.606315509240575e-13 
105 1.3512857232222512e-11 
106 1.529665055178932e-11 
107 -5.465216148131115e-12 
108 -5.878037463407485e-11 
109 4.495843279199173e-10 
110 1.6919400390876605e-09 
111 -2.5276538069613208e-08 
112 -4.0277844943989806e-08 
113 1.335077920805525e-06 
114 5.415074738912857e-07 
115 -6.707060984526739e-05 
116 -8.610057819555138e-07 
117 0.004312989928183423 
