2 0.7903949181020504 
3 0.7557978992740347 
4 0.7315666825733185 
5 0.7131870356570702 
6 0.6985620950005268 
7 0.6865541477779536 
8 0.6764797915744876 
9 0.6678979197930268 
10 0.660508204042931 
11 0.6540976086670856 
12 0.6485100818128195 
13 0.6436283592411062 
14 0.6393625209725422 
15 0.6356425144866839 
16 0.6324131131763867 
17 0.6296304257317297 
18 0.6272594272749089 
19 0.6252721838189701 
20 0.6236465603270686 
21 0.6223652753883842 
22 0.621415211478171 
23 0.6207869197338937 
24 0.6204742784033647 
25 0.6204742783481674 
26 0.6207869195670004 
27 0.6214152111964936 
28 0.6223652749896247 
29 0.6236465598145012 
30 0.6252721832086281 
31 0.6272594266050091 
32 0.6296304250723068 
33 0.6324131126330539 
34 0.6356425141864923 
35 0.6393625210096986 
36 0.6436283595404244 
37 0.6485100820096397 
38 0.654097608547774 
39 0.6605082037606077 
40 0.667897919703167 
41 0.6764797914484181 
42 0.6865541476811542 
43 0.6985620949269482 
44 0.7131870356038885 
45 0.7315666825374334 
46 0.7557978992523219 
47 0.7903949180912003 
