2 -0.9607145611245413 
3 0.9612118750308337 
4 -0.9609361668380564 
5 0.9609203251347639 
6 -0.9609321760598826 
7 0.9609337427078307 
8 -0.9609335491158234 
9 0.9609333863429621 
10 -0.9609333663722018 
11 0.9609333821417645 
12 -0.9609333864983098 
13 0.9609333851715742 
14 -0.9609333844618588 
15 0.9609333845251693 
16 -0.9609333846269423 
17 0.9609333846282176 
18 -0.9609333846099296 
19 0.9609333846730712 
20 -0.960933384629938 
21 0.9609333846290418 
22 -0.9609333846246318 
23 0.9609333846211721 
24 -0.9609333846082014 
25 0.9609333846067022 
26 -0.9609333845499497 
27 0.9609333850118453 
28 -0.9609333847530401 
29 0.9609333846483622 
30 -0.960933384623422 
31 0.9609333845859948 
32 -0.9609333845949984 
33 0.9609333847437965 
34 -0.9609333849496686 
35 0.9609333861714904 
36 -0.9609333787760592 
37 0.9609333822787913 
38 -0.9609333842014565 
39 0.9609333845277909 
40 -0.9609333845988766 
41 0.9609333846175984 
42 -0.9609333846209155 
43 0.9609333846215959 
44 -0.960933384621565 
45 0.9609333846215257 
46 -0.9609333846215808 
47 0.9609333846216674 
48 -0.9609333846218548 
49 0.96093338462217 
50 -0.9609333846214664 
51 0.9609333846182228 
52 -0.960933384619023 
53 0.9609333846389199 
54 -0.9609333846469756 
55 0.9609333845416047 
56 -0.9609333843869483 
57 0.9609333838475509 
58 -0.9609333871655751 
59 0.9609333861619189 
60 -0.9609333848067353 
61 0.9609333846458 
62 -0.9609333846351613 
63 0.9609333846239437 
64 -0.960933384621981 
65 0.9609333846217495 
66 -0.9609333846217366 
67 0.9609333846219352 
68 -0.9609333846221069 
69 0.9609333846215912 
70 -0.9609333846198511 
71 0.9609333846187075 
72 -0.9609333846303234 
73 0.9609333846405865 
74 -0.9609333845129677 
75 0.9609333846044225 
76 -0.9609333846178066 
77 0.960933384617058 
78 -0.9609333846206932 
79 0.9609333846215504 
80 -0.9609333846218326 
81 0.9609333846217994 
82 -0.9609333846217345 
83 0.9609333846217072 
84 -0.9609333846217297 
85 0.9609333846217241 
86 -0.9609333846217049 
87 0.9609333846217163 
88 -0.9609333846216072 
89 0.9609333846209176 
90 -0.9609333846208379 
91 0.9609333846215204 
92 -0.9609333846217402 
93 0.9609333846218678 
94 -0.9609333846214394 
95 0.9609333846201988 
96 -0.9609333846216045 
97 0.960933384621512 
98 -0.960933384621355 
99 0.9609333846205156 
100 -0.9609333846222591 
101 0.9609333846312391 
102 -0.9609333846312841 
103 0.9609333845632515 
104 -0.9609333844777129 
105 0.9609333848644771 
106 -0.9609333861068794 
107 0.960933384556751 
108 -0.9609333726276581 
109 0.9609333730851614 
110 -0.960933454216413 
111 0.9609335146278478 
112 -0.9609336123347364 
113 0.9609304710175872 
114 -0.9609098224565413 
115 0.9610444561339656 
116 -0.961105546980526 
117 0.9561078597420899 
