2 3 0.0005784484537998128 
3 4 0.000633567180028502 
4 5 0.000642856390597741 
5 6 0.0006401929053982326 
6 7 0.0006394354295456409 
7 8 0.000639421729445913 
8 9 0.0006394515023448851 
9 10 0.0006394552728048777 
10 11 0.0006394542234141048 
11 12 0.0006394540686406475 
12 13 0.0006394540945766618 
13 14 0.0006394541088105912 
14 15 0.000639454111166356 
15 16 0.0006394541103857156 
16 17 0.0006394541108761369 
17 18 0.0006394541187511189 
18 19 0.0006394541207845921 
19 20 0.0006394541126082801 
20 21 0.0006394541131986831 
21 22 0.0006394541109733849 
22 23 0.000639454108595956 
23 24 0.0006394541070667042 
24 25 0.0006394540882763793 
25 26 0.0006394541924942551 
26 27 0.000639454132077817 
27 28 0.0006394541151551723 
28 29 0.0006394541094212275 
29 30 0.0006394541109593107 
30 31 0.0006394541119875577 
31 32 0.0006394541110506212 
32 33 0.0006394541096927885 
33 34 0.0006394541069505888 
34 35 0.0006394541172758287 
35 36 0.0006394541102046421 
36 37 0.0006394540523009779 
37 38 0.0006394541087885063 
38 39 0.0006394541109210054 
39 40 0.0006394541108265394 
40 41 0.0006394541110119708 
41 42 0.0006394541124129154 
42 43 0.0006394541151451439 
43 44 0.0006394541172152497 
44 45 0.0006394540949854108 
45 46 0.0006394541618967414 
46 47 0.000639454102506365 
47 48 0.0006394540854602018 
48 49 0.0006394539829977808 
49 50 0.0006394541160918476 
50 51 0.0006394541119355834 
51 52 0.0006394541105053385 
52 53 0.000639454109412774 
53 54 0.0006394541085656905 
54 55 0.0006394540933640859 
55 56 0.0006394542518183705 
56 57 0.0006394541325443511 
57 58 0.000639454110863824 
58 59 0.000639454046573996 
59 60 0.0006394541029827221 
60 61 0.0006394541062332077 
61 62 0.0006394541084099512 
62 63 0.0006394541748508359 
63 64 0.0006394542265212123 
64 65 0.0006394541631008159 
65 66 0.0006394541339196045 
66 67 0.0006394540605856876 
67 68 0.0006394541507282856 
68 69 0.0006394541154675304 
69 70 0.000639454111567037 
70 71 0.0006394541110246761 
71 72 0.0006394541109280236 
72 73 0.0006394541109650838 
73 74 0.0006394541111794927 
74 75 0.0006394541122287377 
75 76 0.0006394541097845103 
76 77 0.0006394541553057765 
77 78 0.0006394541055337273 
78 79 0.0006394541612287747 
79 80 0.0006394541140354915 
80 81 0.000639454107754868 
81 82 0.0006394541083971501 
82 83 0.0006394541421661944 
83 84 0.0006394540922575002 
84 85 0.0006394541097689561 
85 86 0.0006394541126967642 
86 87 0.0006394541155121357 
87 88 0.0006394541073821072 
88 89 0.0006394541245727826 
89 90 0.000639454112596551 
90 91 0.0006394541111743769 
91 92 0.0006394541107699601 
92 93 0.0006394541115092644 
93 94 0.0006394541112763767 
94 95 0.00063945411143045 
95 96 0.0006394541101407464 
96 97 0.0006394541112173965 
97 98 0.0006394541114018061 
98 99 0.0006394541107760225 
99 100 0.0006394541153755609 
100 101 0.0006394541121454758 
101 102 0.0006394540973590597 
102 103 0.0006394539140651541 
103 104 0.0006394532717587273 
104 105 0.0006394540563338037 
105 106 0.0006394541077471314 
106 107 0.0006394541112026376 
107 108 0.0006394541099022192 
108 109 0.0006394541099013619 
109 110 0.0006394541077623482 
110 111 0.0006394541201579958 
111 112 0.0006394541079612737 
112 113 0.0006394541095723685 
113 114 0.0006394540231734978 
114 115 0.0006394541027614389 
115 116 0.0006394541106682266 
116 117 0.0006394541119554814 
117 118 0.0006394541124982651 
118 119 0.0006394541120678678 
119 120 0.0006394541035181096 
120 121 0.0006394541151927728 
121 122 0.0006394539404509223 
122 123 0.0006394540920174986 
123 124 0.0006394541099312114 
124 125 0.0006394541110875619 
125 126 0.0006394541181043874 
126 127 0.0006394541371723704 
127 128 0.0006394541084201498 
128 129 0.0006394540695672875 
129 130 0.0006394541055135737 
130 131 0.0006394541107302635 
131 132 0.0006394541104137166 
132 133 0.0006394541091078252 
133 134 0.0006394540983575056 
134 135 0.0006394540856640558 
135 136 0.000639454126843241 
136 137 0.0006394541223428313 
137 138 0.0006394541121447091 
138 139 0.0006394541110210808 
139 140 0.0006394541110156492 
140 141 0.0006394541109686551 
141 142 0.0006394541111025318 
142 143 0.000639454108666273 
143 144 0.0006394541094127138 
144 145 0.0006394541420471489 
145 146 0.0006394540744865545 
146 147 0.0006394541042912964 
147 148 0.0006394541094024472 
148 149 0.0006394541110248504 
149 150 0.0006394541200107627 
150 151 0.0006394540814270392 
151 152 0.0006394540930386935 
152 153 0.0006394541079498917 
153 154 0.0006394552758174033 
154 155 0.000639453988153468 
155 156 0.0006394540944103675 
156 157 0.0006394541103260589 
157 158 0.0006394541112135199 
158 159 0.0006394541105345513 
159 160 0.0006394541112651412 
160 161 0.0006394541112487354 
161 162 0.0006394541134852492 
162 163 0.0006394540990152193 
163 164 0.0006394541368716154 
164 165 0.0006394541232426603 
165 166 0.0006394541253923871 
166 167 0.0006394541117440498 
167 168 0.0006394541112568351 
168 169 0.0006394541111013909 
169 170 0.0006394541111223446 
170 171 0.0006394541088772966 
171 172 0.0006394541122663711 
172 173 0.0006394541105985757 
173 174 0.0006394541111178573 
174 175 0.0006394541107039691 
175 176 0.0006394541110168051 
176 177 0.000639454111173396 
177 178 0.0006394541110243495 
178 179 0.0006394541110445248 
179 180 0.0006394541110734863 
180 181 0.0006394541111587186 
181 182 0.0006394541107342975 
182 183 0.0006394541149142684 
183 184 0.0006394541115141819 
184 185 0.0006394541117475008 
185 186 0.000639454111263286 
186 187 0.0006394540971418382 
187 188 0.0006394540820376371 
188 189 0.0006394543466295014 
189 190 0.0006394552587293637 
190 191 0.0006394514491693767 
191 192 0.0006394217588263174 
192 193 0.0006394354453062982 
193 194 0.0006401929264889171 
194 195 0.0006428563535994544 
195 196 0.0006335671729561192 
196 197 0.00057844844614182 
197 198 0.0005951649082941941 
