2 -0.4954891282588245 
3 -0.5087021691241799 
4 -0.5145378932102759 
5 -0.5175510263719554 
6 -0.5192585028730846 
7 -0.5202877921023236 
8 -0.520936180817879 
9 -0.5213582863828079 
10 -0.5216401750884342 
11 -0.5218322873705304 
12 -0.5219653996446788 
13 -0.5220589058220089 
14 -0.5221253530870517 
15 -0.5221730381661608 
16 -0.5222075487096353 
17 -0.5222327068824734 
18 -0.5222511622323897 
19 -0.5222647725804099 
20 -0.5222748532106259 
21 -0.5222823435830732 
22 -0.5222879187513348 
23 -0.5222920663823375 
24 -0.5222951398055505 
25 -0.5222973947136575 
26 -0.5222990149208925 
27 -0.5223001301441113 
28 -0.5223008285083868 
29 -0.5223011646258806 
30 -0.522301164630339 
31 -0.5223008283490608 
32 -0.5223001300345418 
33 -0.5222990146135065 
34 -0.5222973945469958 
35 -0.5222951397532409 
36 -0.5222920662977883 
37 -0.5222879186083139 
38 -0.5222823434368876 
39 -0.5222748530912578 
40 -0.5222647724104731 
41 -0.5222511621414428 
42 -0.5222327068008847 
43 -0.5222075486800735 
44 -0.5221730381046562 
45 -0.5221253530367866 
46 -0.5220589057853541 
47 -0.5219653996006518 
48 -0.5218322873272031 
49 -0.5216401750470356 
50 -0.5213582863854843 
51 -0.5209361808177971 
52 -0.5202877920861015 
53 -0.5192585028571064 
54 -0.5175510263710902 
55 -0.5145378932265119 
56 -0.5087021691488173 
57 -0.49548912828058717 
