2 -0.093170272444574 
3 -0.09957972686938235 
4 -0.10081146846912026 
5 -0.1005670596512898 
6 -0.10049567761916563 
7 -0.10050839115273331 
8 -0.10051291153459298 
9 -0.10051183649115047 
10 -0.1005115293377593 
11 -0.10051164993697341 
12 -0.10051167057360948 
13 -0.10051165573360163 
14 -0.10051165469874078 
15 -0.1005116565649958 
16 -0.10051165651993926 
17 -0.10051165628750788 
18 -0.10051165631371144 
19 -0.10051165634219686 
20 -0.10051165633623521 
21 -0.10051165633246271 
22 -0.10051165633405862 
23 -0.10051165633440809 
24 -0.100511656334232 
25 -0.10051165633408879 
26 -0.10051165633453585 
27 -0.10051165633423316 
28 -0.10051165633528412 
29 -0.10051165633434592 
30 -0.10051165633420052 
31 -0.10051165633297293 
32 -0.1005116563325851 
33 -0.10051165633398121 
34 -0.10051165633391179 
35 -0.10051165633400717 
36 -0.1005116563341049 
37 -0.100511656334148 
38 -0.10051165633413174 
39 -0.10051165633412369 
40 -0.1005116563341352 
41 -0.10051165633415267 
42 -0.1005116563341395 
43 -0.10051165633411122 
44 -0.10051165633416895 
45 -0.10051165633407175 
46 -0.10051165633409687 
47 -0.10051165633415668 
48 -0.10051165633416045 
49 -0.1005116563341582 
50 -0.10051165633413267 
51 -0.1005116563341825 
52 -0.10051165633417879 
53 -0.10051165633416753 
54 -0.10051165633408074 
55 -0.10051165633415046 
56 -0.10051165633416209 
57 -0.1005116563341556 
58 -0.10051165633424394 
59 -0.10051165633420915 
60 -0.10051165633594933 
61 -0.1005116563267182 
62 -0.10051165633527323 
63 -0.10051165633039807 
64 -0.10051165633690445 
65 -0.1005116563355634 
66 -0.1005116563337999 
67 -0.10051165633268902 
68 -0.1005116563348465 
69 -0.10051165633450672 
70 -0.10051165633466244 
71 -0.10051165633425868 
72 -0.10051165633416471 
73 -0.10051165633578073 
74 -0.100511656334255 
75 -0.10051165633197491 
76 -0.10051165633429937 
77 -0.10051165633418838 
78 -0.10051165633373137 
79 -0.10051165633322169 
80 -0.10051165633372326 
81 -0.10051165633036346 
82 -0.10051165633308431 
83 -0.10051165633479571 
84 -0.10051165633428703 
85 -0.10051165633411663 
86 -0.10051165633406821 
87 -0.10051165633416528 
88 -0.1005116563341388 
89 -0.10051165633413975 
90 -0.10051165633415257 
91 -0.10051165633411946 
92 -0.10051165633482986 
93 -0.10051165633402598 
94 -0.10051165633396167 
95 -0.10051165633410834 
96 -0.10051165633439768 
97 -0.10051165633397861 
98 -0.10051165633267041 
99 -0.10051165633671244 
100 -0.1005116563435253 
101 -0.1005116563122172 
102 -0.10051165628194607 
103 -0.10051165653863162 
104 -0.10051165653929033 
105 -0.10051165264375082 
106 -0.10051165575589534 
107 -0.1005116697095905 
108 -0.10051165053252686 
109 -0.10051152840974774 
110 -0.10051183710302407 
111 -0.1005129116616891 
112 -0.10050839116496535 
113 -0.10049567785057488 
114 -0.10056705990937911 
115 -0.10081146834144922 
116 -0.0995797269121666 
117 -0.09317027232318141 
