2 0.19729994990892696 
3 -0.20756419710047305 
4 0.2182886140677154 
5 -0.22819167129553292 
6 0.23232386654057266 
7 -0.23470519044751537 
8 0.23625079400135326 
9 -0.23714852812538392 
10 0.2376949936892138 
11 -0.23803627948264475 
12 0.2382491120115758 
13 -0.23838334806078423 
14 0.2384688766971108 
15 -0.23852373872183297 
16 0.2385591916080938 
17 -0.2385822606870762 
18 0.23859736653989363 
19 -0.23860731746401403 
20 0.23861390974029148 
21 -0.23861830011720728 
22 0.23862123894713672 
23 -0.2386232154519062 
24 0.23862455073360764 
25 -0.23862545668576815 
26 0.2386260738209836 
27 -0.23862649580052997 
28 0.23862678531950482 
29 -0.23862698461880483 
30 0.2386271223034711 
31 -0.23862721771419187 
32 0.2386272840231884 
33 -0.23862733022733243 
34 0.23862736249407304 
35 -0.238627385078066 
36 0.23862740091914392 
37 -0.2386274120529791 
38 0.23862741989351366 
39 -0.2386274254248256 
40 0.23862742933398018 
41 -0.23862743210116588 
42 0.23862743406315393 
43 -0.23862743545624093 
44 0.23862743644676732 
45 -0.23862743715196863 
46 0.2386274376546571 
47 -0.23862743801359276 
48 0.23862743827040633 
49 -0.2386274384543437 
50 0.2386274385864283 
51 -0.2386274386808781 
52 0.23862743874619577 
53 -0.23862743879591297 
54 0.2386274388310441 
55 -0.23862743885554746 
56 0.23862743887173332 
57 -0.23862743888853016 
58 0.23862743889603405 
59 -0.23862743890004467 
60 0.23862743890125246 
61 -0.23862743889940866 
62 0.2386274388938153 
63 -0.2386274388831144 
64 0.2386274388693768 
65 -0.23862743884713378 
66 0.23862743881287724 
67 -0.23862743876405604 
68 0.2386274386987217 
69 -0.23862743860606364 
70 0.23862743847568538 
71 -0.23862743829291932 
72 0.23862743803693628 
73 -0.23862743768812159 
74 0.23862743718839294 
75 -0.23862743648651796 
76 0.23862743549812154 
77 -0.23862743410839773 
78 0.23862743215093002 
79 -0.23862742938951242 
80 0.23862742549006044 
81 -0.23862741997303438 
82 0.23862741214794111 
83 -0.2386274010349416 
84 0.2386273852255924 
85 -0.23862736268473084 
86 0.23862733048149898 
87 -0.23862728435460448 
88 0.23862721810547027 
89 -0.23862712274798323 
90 0.23862698504447993 
91 -0.2386267856456615 
92 0.23862649603010885 
93 -0.2386260739896218 
94 0.23862545679151242 
95 -0.23862455075744643 
96 0.23862321537722395 
97 -0.23862123881514097 
98 0.23861830001125894 
99 -0.23861390957036227 
100 0.23860731737803817 
101 -0.23859736654918642 
102 0.23858226073948163 
103 -0.23855919150743676 
104 0.23852373861741508 
105 -0.2384688765829152 
106 0.23838334782337114 
107 -0.23824911160404083 
108 0.2380362790778198 
109 -0.23769499317835138 
110 0.23714852820738724 
111 -0.2362507943662283 
112 0.2347051905069134 
113 -0.2323238661544744 
114 0.2281916709276994 
115 -0.21828861392672377 
116 0.20756419673275545 
117 -0.19729994941458623 
