2 -0.9106780259370459 
3 0.9048713738801443 
4 -0.9018800381484506 
5 0.9013558019640988 
6 -0.9014501873158364 
7 0.9016241546323187 
8 -0.9017337285671305 
9 0.901775794222613 
10 -0.9017830101924282 
11 0.901779157835039 
12 -0.9017747966618237 
13 0.9017725107519663 
14 -0.9017718300071426 
15 0.9017718485449868 
16 -0.9017720200326983 
17 0.9017721358874845 
18 -0.9017721798897177 
19 0.9017721849255012 
20 -0.9017721788133913 
21 0.9017721735440913 
22 -0.9017721712543535 
23 0.9017721709568881 
24 -0.9017721713552451 
25 0.9017721717469166 
26 -0.9017721719525538 
27 0.9017721720244588 
28 -0.9017721720369493 
29 0.9017721720350597 
30 -0.9017721720341586 
31 0.9017721720352982 
32 -0.9017721720368919 
33 0.9017721720379793 
34 -0.9017721720384596 
35 0.9017721720385674 
36 -0.9017721720385268 
37 0.9017721720384816 
38 -0.9017721720384486 
39 0.9017721720384311 
40 -0.9017721720383828 
41 0.901772172038438 
42 -0.9017721720384461 
43 0.9017721720383896 
44 -0.9017721720383478 
45 0.9017721720383517 
46 -0.9017721720383591 
47 0.901772172038349 
48 -0.901772172038379 
49 0.9017721720384423 
50 -0.9017721720383118 
51 0.901772172038372 
52 -0.901772172038372 
53 0.9017721720383777 
54 -0.9017721720383988 
55 0.9017721720384406 
56 -0.9017721720383681 
57 0.9017721720383562 
58 -0.9017721720383842 
59 0.90177217203841 
60 -0.9017721720384143 
61 0.9017721720384231 
62 -0.9017721720384185 
63 0.9017721720384033 
64 -0.9017721720383904 
65 0.9017721720384002 
66 -0.9017721720383942 
67 0.9017721720384019 
68 -0.9017721720383949 
69 0.9017721720384138 
70 -0.9017721720384121 
71 0.9017721720383753 
72 -0.9017721720383769 
73 0.901772172038365 
74 -0.9017721720383788 
75 0.9017721720382509 
76 -0.9017721720386168 
77 0.9017721720386248 
78 -0.9017721720382745 
79 0.9017721720380759 
80 -0.9017721720380625 
81 0.901772172038232 
82 -0.9017721720386007 
83 0.9017721720389184 
84 -0.9017721720385968 
85 0.9017721720367562 
86 -0.9017721720366119 
87 0.9017721720184636 
88 -0.9017721720293514 
89 0.9017721720680534 
90 -0.9017721720824975 
91 0.9017721720684204 
92 -0.9017721720587885 
93 0.9017721720249867 
94 -0.9017721718973637 
95 0.9017721716369895 
96 -0.90177217141176 
97 0.9017721718867364 
98 -0.9017721743588425 
99 0.9017721799095253 
100 -0.9017721861813978 
101 0.9017721811058883 
102 -0.9017721373787653 
103 0.9017720224443599 
104 -0.9017718538592931 
105 0.9017718307450519 
106 -0.9017725104687195 
107 0.9017748008693101 
108 -0.9017791597665176 
109 0.901783010121102 
110 -0.9017757942366593 
111 0.9017337286071077 
112 -0.9016241546754725 
113 0.9014501873738362 
114 -0.9013558020732431 
115 0.9018800382704822 
116 -0.9048713738919361 
117 0.9106780258654935 
