2 -0.9650920401284964 
3 0.9647476576700086 
4 -0.9646906217884177 
5 0.964680813747279 
6 -0.9646789882146372 
7 0.96467863156179 
8 -0.9646785595772825 
9 0.964678544684475 
10 -0.9646785415442626 
11 0.964678540872259 
12 -0.9646785407267725 
13 0.9646785406950186 
14 -0.964678540687999 
15 0.964678540686512 
16 -0.9646785406860766 
17 0.9646785406859966 
18 -0.9646785406860061 
19 0.9646785406862113 
20 -0.9646785406862951 
21 0.9646785406858032 
22 -0.9646785406859502 
23 0.9646785406859603 
24 -0.964678540685907 
25 0.9646785406834696 
26 -0.9646785406554993 
27 0.9646785406764223 
28 -0.9646785406844994 
29 0.964678540685877 
30 -0.9646785406860573 
31 0.9646785406860268 
32 -0.9646785406860253 
33 0.9646785406860038 
34 -0.9646785406859688 
35 0.9646785406859588 
36 -0.9646785406859939 
37 0.9646785406860022 
38 -0.9646785406859931 
39 0.964678540686005 
40 -0.9646785406859579 
41 0.9646785406859796 
42 -0.9646785406860338 
43 0.9646785406860781 
44 -0.9646785406860215 
45 0.9646785406859425 
46 -0.9646785406859856 
47 0.9646785406859932 
48 -0.9646785406859946 
49 0.964678540686013 
50 -0.9646785406860063 
51 0.9646785406859997 
52 -0.9646785406859986 
53 0.9646785406860111 
54 -0.9646785406859476 
55 0.9646785406858717 
56 -0.9646785406859596 
57 0.9646785406859957 
58 -0.9646785406860671 
59 0.9646785406860382 
60 -0.9646785406859104 
61 0.9646785406859784 
62 -0.9646785406859975 
63 0.9646785406860098 
64 -0.9646785406860667 
65 0.9646785406864299 
66 -0.9646785406861309 
67 0.9646785406860343 
68 -0.96467854068602 
69 0.9646785406860494 
70 -0.964678540686026 
71 0.9646785406860137 
72 -0.9646785406860159 
73 0.964678540686018 
74 -0.9646785406861015 
75 0.9646785406864749 
76 -0.9646785406861482 
77 0.9646785406860565 
78 -0.9646785406860156 
79 0.964678540685997 
80 -0.9646785406860137 
81 0.964678540685992 
82 -0.9646785406860156 
83 0.9646785406860103 
84 -0.964678540686008 
85 0.9646785406860127 
86 -0.9646785406859967 
87 0.9646785406860094 
88 -0.9646785406860142 
89 0.9646785406863917 
90 -0.9646785406861192 
91 0.9646785406860628 
92 -0.9646785406862599 
93 0.9646785406856003 
94 -0.964678540685648 
95 0.964678540685921 
96 -0.9646785406859191 
97 0.9646785406854483 
98 -0.9646785406800452 
99 0.9646785406318736 
100 -0.9646785406788257 
101 0.9646785406849585 
102 -0.9646785406858427 
103 0.9646785406859392 
104 -0.9646785406859906 
105 0.9646785406860029 
106 -0.9646785406860116 
107 0.9646785406860342 
108 -0.9646785406863322 
109 0.964678540686099 
110 -0.9646785406860295 
111 0.9646785406860424 
112 -0.964678540686136 
113 0.964678540687288 
114 -0.9646785406990067 
115 0.9646785406896997 
116 -0.9646785406867767 
117 0.9646785406861696 
118 -0.9646785406828388 
119 0.9646785406891956 
120 -0.9646785406856524 
121 0.9646785406858284 
122 -0.9646785406859589 
123 0.9646785406864893 
124 -0.9646785406866119 
125 0.9646785406863095 
126 -0.964678540686078 
127 0.9646785406859919 
128 -0.9646785406858739 
129 0.9646785406850876 
130 -0.9646785406856478 
131 0.9646785406858707 
132 -0.96467854068582 
133 0.9646785406828366 
134 -0.9646785406860314 
135 0.9646785406859639 
136 -0.9646785406859962 
137 0.9646785406860009 
138 -0.9646785406859966 
139 0.9646785406860051 
140 -0.964678540686018 
141 0.9646785406860081 
142 -0.964678540686007 
143 0.964678540685975 
144 -0.9646785406859825 
145 0.9646785406860029 
146 -0.96467854068601 
147 0.9646785406859334 
148 -0.9646785406859962 
149 0.9646785406860129 
150 -0.9646785406859244 
151 0.9646785406859811 
152 -0.9646785406859895 
153 0.9646785406859603 
154 -0.9646785406858907 
155 0.9646785406857145 
156 -0.9646785406858983 
157 0.9646785406859296 
158 -0.9646785406856075 
159 0.9646785406858918 
160 -0.9646785406859737 
161 0.9646785406858934 
162 -0.9646785406862803 
163 0.9646785406826582 
164 -0.9646785406850745 
165 0.9646785406871805 
166 -0.9646785406907028 
167 0.9646785406882872 
168 -0.9646785406865213 
169 0.9646785406861302 
170 -0.9646785406860412 
171 0.9646785406860168 
172 -0.9646785406860008 
173 0.9646785406859963 
174 -0.9646785406859584 
175 0.9646785406860463 
176 -0.9646785406860331 
177 0.9646785406860213 
178 -0.9646785406860207 
179 0.9646785406860242 
180 -0.9646785406859919 
181 0.9646785406860412 
182 -0.9646785406839212 
183 0.9646785406854015 
184 -0.9646785406862829 
185 0.9646785406886892 
186 -0.9646785406949275 
187 0.9646785407267768 
188 -0.9646785408717865 
189 0.9646785415431092 
190 -0.9646785446818137 
191 0.9646785595687616 
192 -0.9646786315342848 
193 0.96467898815893 
194 -0.9646808147933013 
195 0.9646906224455176 
196 -0.9647476577159438 
197 0.9650920401506357 
