-183.98272897660925 
-183.9827289766091 
-183.98272897665197 
-183.98272897669582 
-183.9827289767395 
-183.98272897678333 
-183.98272897682696 
-183.9827289768704 
-183.98272897691413 
-183.98272897695807 
-183.9827289770016 
-183.9827289770454 
-183.9827289770888 
-183.98272897713275 
-183.9827289771765 
-183.98272897721986 
-183.98272897726343 
-183.98272897730718 
-183.98272897735097 
-183.98272897739477 
-183.98272897743848 
-183.98272897748225 
-183.98272897752582 
-183.98272897756942 
-183.9827289776132 
-183.9827289776569 
-183.98272897770082 
-183.98272897774436 
-183.98272897778816 
-183.9827289778319 
-183.98272897787558 
-183.98272897791924 
-183.9827289779633 
-183.98272897800683 
-183.9827289780503 
-183.98272897809414 
-183.98272897813757 
-183.98272897818106 
-183.98272897822505 
-183.98272897826885 
-183.98272897831254 
-183.98272897835616 
-183.9827289784005 
-183.98272897844453 
-183.98272897848761 
-183.98272897853104 
-183.9827289785775 
-183.98272897863268 
-183.9827289787009 
-183.98272897878934 
-183.98272897907557 
-183.9827289794195 
-183.98272898002864 
-183.9827289812178 
-183.9827289819959 
-183.9827289826794 
-183.98272898269607 
-183.98272898269596 
-183.98272898269587 
-183.98272898269627 
-183.9827289826966 
-183.98272898269602 
-183.98272898269607 
-183.9827289826958 
-183.98272898269676 
-183.98272898269764 
-183.98272898269747 
-183.9827289827002 
-183.9827289827039 
-183.98272898270557 
-183.98272898270693 
-183.9827289827072 
-183.98272898270736 
-183.98272898270795 
-183.98272898270798 
-183.98272898270812 
-183.98272898270798 
-183.98272898270847 
-183.98272898270852 
-183.98272898270844 
-183.98272898270864 
-183.98272898270898 
-183.982728982709 
-183.9827289827093 
-183.98272898270963 
-183.98272898270966 
-183.98272898270986 
-183.9827289827101 
-183.98272898271034 
-183.98272898271048 
-183.98272898271082 
-183.98272898271074 
-183.98272898271085 
-183.98272898271108 
-183.98272898271134 
-183.9827289827117 
-183.98272898271162 
-183.98272898271156 
-183.98272898271162 
-183.9827289827121 
-183.9827289827122 
-183.98272898271242 
-183.9827289827125 
-183.98272898271284 
-183.9827289827129 
-183.98272898271304 
-183.98272898271324 
-183.98272898271347 
-183.98272898271355 
-183.98272898271392 
-183.9827289827143 
-183.9827289827145 
-183.98272898271475 
-183.98272898271517 
-183.98272898271483 
-183.9827289827154 
-183.98272898275982 
-183.9827289828035 
-183.98272898284725 
-183.98272898289096 
-183.9827289829347 
-183.98272898297853 
-183.98272898302247 
-183.982728983066 
-183.98272898310984 
-183.9827289831535 
-183.98272898319746 
-183.98272898324083 
-183.9827289832846 
-183.9827289833286 
-183.98272898337234 
-183.98272898341577 
-183.98272898345985 
-183.98272898350362 
-183.9827289835473 
-183.982728983591 
-183.9827289836347 
-183.9827289836786 
-183.98272898372238 
-183.9827289837662 
-183.9827289838098 
-183.98272898385372 
-183.98272898389723 
-183.98272898394052 
-183.9827289839847 
-183.9827289840285 
-183.98272898407248 
-183.98272898411616 
-183.98272898415973 
-183.98272898420373 
-183.98272898424761 
-183.98272898429119 
-183.98272898433518 
-183.98272898437912 
-183.98272898442264 
-183.98272898446626 
-183.98272898451035 
-183.982728984554 
-183.98272898459763 
-183.9827289846408 
-183.98272898468437 
-183.98272898472754 
-183.9827289847747 
-183.98272898482995 
-183.98272898489816 
-183.98272898498692 
-183.9827289852729 
-183.98272898561666 
-183.982728986227 
-183.98272898741638 
-183.98272898819442 
-183.9827289888773 
-183.98272898889437 
-183.9827289888941 
-183.98272898889311 
-183.98272898889437 
-183.98272898889397 
-183.9827289888937 
-183.98272898889377 
-183.9827289888936 
-183.98272898889442 
-183.98272898889456 
-183.98272898889456 
-183.98272898889738 
-183.98272898890065 
-183.9827289889026 
-183.9827289889043 
-183.98272898890474 
-183.98272898890502 
-183.98272898890556 
-183.98272898890588 
-183.98272898890656 
-183.98272898890664 
-183.98272898890696 
-183.982728988907 
-183.98272898890718 
-183.9827289889072 
-183.9827289889074 
-183.98272898890752 
-183.98272898890755 
-183.98272898890755 
-183.98272898890798 
-183.98272898890812 
-183.98272898890818 
-183.9827289889083 
-183.98272898890838 
-183.9827289889085 
-183.9827289889086 
-183.98272898890897 
-183.982728988909 
-183.98272898890914 
-183.9827289889091 
-183.98272898890895 
-183.98272898890897 
-183.98272898890892 
-183.98272898890926 
-183.98272898890934 
-183.98272898890923 
-183.98272898890937 
-183.9827289889093 
-183.98272898890937 
-183.98272898890932 
-183.98272898890957 
-183.98272898890943 
-183.98272898890966 
-183.9827289889097 
-183.98272898890974 
-183.98272898891017 
-183.9827289889099 
-183.98272898891014 
-183.98272898891034 
-183.98272898891057 
-183.98272898891074 
-183.98272898891113 
-183.98272898891008 
-183.98272898891017 
-183.98272898891003 
-183.98272898890988 
-183.98272898890983 
-183.98272898890974 
-183.98272898890954 
-183.98272898890949 
-183.98272898890943 
-183.98272898890934 
-183.98272898890943 
-183.98272898890949 
-183.98272898890963 
-183.98272898890966 
-183.98272898890954 
-183.98272898890937 
-183.98272898890932 
-183.9827289889092 
-183.98272898890932 
-183.98272898890943 
-183.98272898890943 
-183.98272898890937 
-183.98272898890917 
-183.98272898890897 
-183.9827289889088 
-183.9827289889087 
-183.98272898890875 
-183.98272898890855 
-183.98272898890852 
-183.98272898890863 
-183.98272898890858 
-183.9827289889085 
-183.9827289889085 
-183.98272898890838 
-183.98272898890835 
-183.98272898890815 
-183.98272898890812 
-183.98272898890806 
-183.98272898890824 
-183.98272898890843 
-183.98272898890858 
-183.98272898890835 
-183.98272898890838 
-183.98272898890838 
-183.98272898890858 
-183.9827289889086 
-183.9827289889088 
-183.98272898890914 
-183.98272898890923 
-183.9827289889092 
-183.98272898890926 
-183.98272898890963 
-183.98272898890926 
-183.9827289889093 
-183.98272898890937 
-183.9827289889108 
-183.98272898890934 
-183.98272898890988 
-183.98272898890946 
-183.9827289889095 
-183.98272898890914 
-183.98272898890946 
-183.9827289889096 
-183.98272898890946 
-183.9827289889095 
-183.98272898890957 
-183.98272898890934 
-183.9827289889093 
-183.98272898890937 
-183.98272898890914 
-183.9827289889092 
-183.9827289889094 
-183.98272898890949 
-183.98272898890932 
-183.98272898890917 
-183.98272898890906 
-183.98272898890923 
-183.98272898890937 
-183.98272898890954 
-183.98272898890968 
-183.9827289889097 
-183.98272898890966 
-183.98272898890963 
-183.98272898890988 
-183.98272898890994 
-183.98272898891 
-183.98272898890983 
-183.98272898890974 
-183.98272898890994 
-183.98272898890994 
-183.98272898890988 
-183.98272898891 
-183.98272898891034 
-183.98272898890997 
-183.98272898890974 
-183.98272898890957 
-183.9827289889095 
-183.98272898890949 
-183.98272898890937 
-183.98272898890943 
-183.9827289889095 
-183.98272898890946 
-183.98272898890949 
-183.98272898890946 
-183.98272898890954 
-183.98272898890974 
-183.98272898890994 
-183.98272898891 
-183.9827289889098 
-183.9827289889098 
-183.98272898891 
-183.98272898891008 
-183.98272898891034 
-183.98272898891076 
-183.98272898891076 
-183.9827289889107 
-183.9827289889106 
-183.9827289889106 
-183.98272898891057 
-183.98272898891037 
-183.98272898891034 
-183.98272898891048 
-183.98272898891037 
-183.98272898891034 
-183.98272898891017 
-183.98272898891003 
-183.98272898891025 
-183.98272898891037 
-183.98272898891065 
-183.9827289889106 
-183.98272898891074 
-183.98272898891074 
-183.98272898891074 
-183.98272898891068 
-183.98272898891082 
-183.9827289889107 
-183.98272898891076 
-183.9827289889106 
-183.9827289889106 
-183.9827289889106 
-183.9827289889109 
-183.9827289889109 
-183.982728988911 
-183.98272898891105 
-183.98272898891113 
-183.9827289889109 
-183.98272898891102 
-183.98272898891116 
-183.9827289889112 
-183.98272898891136 
-183.98272898891142 
-183.98272898891145 
-183.98272898891136 
-183.9827289889115 
-183.98272898891167 
-183.98272898891176 
-183.98272898891176 
-183.98272898891187 
-183.98272898891182 
-183.9827289889118 
-183.9827289889118 
-183.98272898891156 
-183.9827289889117 
-183.98272898891176 
-183.98272898891207 
-183.98272898891227 
-183.98272898891304 
-183.98272898891125 
-183.98272898891148 
-183.98272898891193 
-183.9827289889119 
-183.9827289889128 
-183.98272898891034 
