2 -0.36664625314235255 
3 -0.3740295173549999 
4 -0.3777280393065264 
5 -0.3777069441696189 
6 -0.3772589626034139 
7 -0.3769616903524838 
8 -0.376861001828907 
9 -0.37686532814470364 
10 -0.37689129175774577 
11 -0.37690633092741477 
12 -0.37690906939678154 
13 -0.3769068434863684 
14 -0.37690480828629824 
15 -0.3769042239897439 
16 -0.37690446559000435 
17 -0.376904773830762 
18 -0.3769048763661844 
19 -0.37690483956667364 
20 -0.37690478474656774 
21 -0.3769047642968371 
22 -0.3769047702254373 
23 -0.3769047804106956 
24 -0.3769047842012578 
25 -0.3769047827475192 
26 -0.37690478045030434 
27 -0.3769047795614285 
28 -0.37690477989357796 
29 -0.3769047804541815 
30 -0.3769047807716521 
31 -0.37690478063002153 
32 -0.3769047804053284 
33 -0.37690478013531453 
34 -0.3769047801247247 
35 -0.37690478028796814 
36 -0.3769047804849838 
37 -0.3769047806253751 
38 -0.37690478050618836 
39 -0.3769047804473653 
40 -0.3769047800370165 
41 -0.37690477892392554 
42 -0.3769047803419096 
43 -0.37690478072816674 
44 -0.3769047804451167 
45 -0.37690478054946563 
46 -0.3769047806326915 
47 -0.37690478060802407 
48 -0.3769047803824656 
49 -0.3769047803672573 
50 -0.37690478037977965 
51 -0.3769047804822184 
52 -0.3769047807900496 
53 -0.37690478063785415 
54 -0.3769047802915308 
55 -0.3769047815465421 
56 -0.37690477959673424 
57 -0.37690477986201404 
58 -0.37690477849037235 
59 -0.3769047804373974 
60 -0.3769047809868099 
61 -0.3769047819540786 
62 -0.3769047796751125 
63 -0.3769047792924163 
64 -0.37690478079518863 
65 -0.3769047799472335 
66 -0.3769047831744266 
67 -0.37690477351852314 
68 -0.3769047827534337 
69 -0.3769047827705355 
70 -0.3769047793730653 
71 -0.3769047802836441 
72 -0.37690477600791716 
73 -0.37690478371106667 
74 -0.37690477668200323 
75 -0.37690477786453114 
76 -0.3769047804970559 
77 -0.37690478044422426 
78 -0.3769047800324543 
79 -0.37690478043573744 
80 -0.3769047803099665 
81 -0.3769047803314234 
82 -0.3769047804071797 
83 -0.3769047804481721 
84 -0.3769047804392942 
85 -0.3769047804032524 
86 -0.37690478039048164 
87 -0.37690478045466835 
88 -0.37690478058455157 
89 -0.3769047807096328 
90 -0.3769047809166186 
91 -0.3769047800962117 
92 -0.376904779341602 
93 -0.37690478052879445 
94 -0.37690478306229436 
95 -0.3769047844346156 
96 -0.37690478043064835 
97 -0.3769047698486543 
98 -0.3769047630885919 
99 -0.37690478194367644 
100 -0.3769048343242514 
101 -0.37690486891462527 
102 -0.37690476703670717 
103 -0.376904467279605 
104 -0.376904236560684 
105 -0.3769048171147832 
106 -0.3769068406390558 
107 -0.37690904966682526 
108 -0.37690632602798085 
109 -0.37689129593749177 
110 -0.37686531225485015 
111 -0.37686094606096054 
112 -0.3769616959969248 
113 -0.3772589660751276 
114 -0.37770694606431693 
115 -0.377728040719622 
116 -0.37402951796690864 
117 -0.36664625327192446 
