2 3 0.5992587763004634 
3 4 0.4990489717330823 
4 5 0.58531625012115 
5 6 0.6582761174559537 
6 7 0.6435747365938416 
7 8 0.6577566933589293 
8 9 0.7155125366611391 
9 10 0.7233663254908406 
10 11 0.7201745572256 
11 12 0.7549215030165494 
12 13 0.7771108813018631 
13 14 0.7722280009660478 
14 15 0.7858343307767691 
15 16 0.8129248857035415 
16 17 0.8134832239989355 
17 18 0.8146077764965755 
18 19 0.836244506790943 
19 20 0.8444563383617173 
20 21 0.8413014849397797 
21 22 0.8526688659187408 
22 23 0.8661565502522517 
23 24 0.8640339397452432 
24 25 0.8668496188584246 
25 26 0.8800071973233051 
26 27 0.8818974936264079 
27 28 0.8805313856978353 
28 29 0.8891072532959543 
29 30 0.8951076174133804 
30 31 0.8934318466897654 
31 32 0.8971955333232057 
32 33 0.9046574450412136 
33 34 0.9052507594384216 
34 35 0.9064554151374687 
35 36 0.9126357098015844 
36 37 0.9161522702657772 
37 38 0.9171913965596765 
38 39 0.9214943588222294 
39 40 0.926476493942879 
40 41 0.928963841213786 
41 42 0.9323573053584019 
42 43 0.9369288530226039 
43 44 0.9410900415590226 
44 45 0.9446098130636301 
45 46 0.9482480600713558 
46 47 0.9526830992291327 
47 48 0.9569041139775123 
48 49 0.960119952748177 
49 50 0.963165560745884 
50 51 0.96781889323715 
51 52 0.9710143509501244 
52 53 0.9723628860631143 
53 54 0.9760142173531173 
54 55 0.9792544834644064 
55 56 0.9796838227830095 
56 57 0.980775751618085 
57 58 0.9837284448117278 
58 59 0.9838319620239817 
59 60 0.9822738974366514 
60 61 0.983831597524468 
61 62 0.9837275017894981 
62 63 0.9807744033368293 
63 64 0.979682208469578 
64 65 0.9792523686651896 
65 66 0.9760117424830379 
66 67 0.9723602963970603 
67 68 0.9710114426098927 
68 69 0.9678157628027918 
69 70 0.9631624965389989 
70 71 0.9601168547739186 
71 72 0.9569009786358265 
72 73 0.9526802392290297 
73 74 0.948245493816515 
74 75 0.9446073780451852 
75 76 0.9410880689234568 
76 77 0.93692740200118 
77 78 0.9323561428807289 
78 79 0.9289631519400291 
79 80 0.9264763797663463 
80 81 0.9214945898552437 
81 82 0.9171919188149112 
82 83 0.9161532343969339 
83 84 0.9126368701732075 
84 85 0.9064566545192918 
85 86 0.905252119486303 
86 87 0.9046587815017252 
87 88 0.8971967387316623 
88 89 0.8934328660212236 
89 90 0.8951084126443372 
90 91 0.889107720461956 
91 92 0.8805315983057455 
92 93 0.8818973107975756 
93 94 0.8800066524363016 
94 95 0.866848909704929 
95 96 0.8640328499673704 
96 97 0.86615519360501 
97 98 0.8526674743611903 
98 99 0.8413000036888069 
99 100 0.8444546684714083 
100 101 0.8362429794509185 
101 102 0.8146064924318244 
102 103 0.8134818675090815 
103 104 0.8129237838189864 
104 105 0.7858336411357587 
105 106 0.772227397307677 
106 107 0.7771104449507511 
107 108 0.7549214547874689 
108 109 0.7201746811470493 
109 110 0.7233664618777094 
110 111 0.7155128970850716 
111 112 0.6577571689909286 
112 113 0.6435751112939315 
113 114 0.6582765259393903 
114 115 0.5853166667049257 
115 116 0.4990492752941794 
116 117 0.5992590130674034 
117 118 0.4672347193828401 
