-191.53948504680565 
-191.53948504680628 
-191.53948504784037 
-191.5394850488811 
-191.5394850499231 
-191.53948505096565 
-191.53948505200808 
-191.53948505304956 
-191.53948505409028 
-191.53948505513088 
-191.53948505617123 
-191.53948505721226 
-191.53948505825264 
-191.53948505929392 
-191.53948506033473 
-191.53948506137593 
-191.53948506241707 
-191.53948506345813 
-191.53948506449888 
-191.53948506553996 
-191.53948506658068 
-191.53948506762103 
-191.53948506866158 
-191.53948506970275 
-191.5394850707441 
-191.53948507178652 
-191.53948507282902 
-191.5394850738703 
-191.53948507491057 
-191.53948507594842 
-191.53948507698448 
-191.53948507802113 
-191.5394850790619 
-191.53948508011223 
-191.53948508117207 
-191.53948508223553 
-191.5394850832961 
-191.53948508435053 
-191.53948508539753 
-191.5394850864321 
-191.53948508746598 
-191.53948508872804 
-191.53948509030872 
-191.53948509191832 
-191.5394850935294 
-191.5394850952358 
-191.53948509738788 
-191.53948510360468 
-191.53948511133004 
-191.53948511955795 
-191.53948514822872 
-191.53948517152003 
-191.53948518586847 
-191.53948519950455 
-191.53948520952247 
-191.53948521559536 
-191.53948521577442 
-191.5394852157743 
-191.53948521577405 
-191.53948521577476 
-191.53948521577527 
-191.5394852157745 
-191.53948521577425 
-191.53948521577485 
-191.53948521577612 
-191.539485215781 
-191.5394852158212 
-191.53948521601149 
-191.53948521610045 
-191.53948521618057 
-191.53948521632796 
-191.53948521645282 
-191.53948521653973 
-191.5394852165975 
-191.53948521664725 
-191.53948521686397 
-191.53948521729768 
-191.53948521754506 
-191.5394852177316 
-191.5394852178904 
-191.53948521802684 
-191.53948521814215 
-191.53948521824117 
-191.53948521832797 
-191.53948521840397 
-191.5394852184686 
-191.53948521852382 
-191.5394852185737 
-191.53948521861997 
-191.53948521866195 
-191.53948521869862 
-191.5394852187295 
-191.53948521875463 
-191.5394852187747 
-191.53948521879164 
-191.5394852188066 
-191.53948521882057 
-191.53948521883282 
-191.53948521884345 
-191.53948521885235 
-191.5394852188592 
-191.5394852188648 
-191.53948521886895 
-191.53948521887284 
-191.53948521887608 
-191.53948521887952 
-191.53948521888245 
-191.5394852188853 
-191.53948521888807 
-191.53948521889035 
-191.53948521889274 
-191.539485218895 
-191.53948521889745 
-191.5394852188998 
-191.5394852189021 
-191.53948521890246 
-191.53948521994369 
-191.53948522098457 
-191.53948522202475 
-191.53948522306504 
-191.53948522410568 
-191.53948522514676 
-191.53948522618776 
-191.53948522722865 
-191.53948522826948 
-191.5394852293108 
-191.53948523035166 
-191.5394852313926 
-191.5394852324334 
-191.53948523347407 
-191.53948523451513 
-191.53948523555601 
-191.53948523659716 
-191.53948523763836 
-191.5394852386794 
-191.53948523972056 
-191.53948524076105 
-191.5394852418017 
-191.5394852428424 
-191.5394852438832 
-191.5394852449245 
-191.5394852459668 
-191.5394852470092 
-191.5394852480509 
-191.53948524909111 
-191.53948525012868 
-191.53948525116468 
-191.5394852522013 
-191.53948525324242 
-191.53948525429257 
-191.53948525535196 
-191.53948525641528 
-191.53948525747563 
-191.5394852585304 
-191.53948525957782 
-191.53948526061257 
-191.53948526164638 
-191.53948526290802 
-191.53948526448875 
-191.53948526609847 
-191.53948526771006 
-191.53948526941676 
-191.53948527156868 
-191.53948527778553 
-191.53948528551106 
-191.53948529373918 
-191.53948532240955 
-191.53948534570054 
-191.5394853600495 
-191.53948537368598 
-191.5394853837041 
-191.53948538977852 
-191.53948538995598 
-191.5394853899572 
-191.53948538995607 
-191.53948538995616 
-191.53948538995593 
-191.5394853899558 
-191.5394853899559 
-191.5394853899562 
-191.5394853899574 
-191.5394853899623 
-191.53948539000285 
-191.539485390193 
-191.53948539028192 
-191.53948539036202 
-191.53948539050936 
-191.53948539063435 
-191.53948539072096 
-191.5394853907781 
-191.5394853908275 
-191.5394853910444 
-191.53948539147805 
-191.53948539172524 
-191.5394853919119 
-191.53948539207076 
-191.5394853922069 
-191.53948539232252 
-191.53948539242134 
-191.53948539250848 
-191.53948539258454 
-191.53948539264917 
-191.53948539270482 
-191.53948539275487 
-191.5394853928014 
-191.53948539284374 
-191.5394853928807 
-191.53948539291196 
-191.5394853929371 
-191.5394853929575 
-191.53948539297485 
-191.5394853929901 
-191.539485393004 
-191.53948539301672 
-191.5394853930276 
-191.539485393037 
-191.53948539304398 
-191.53948539304943 
-191.53948539305406 
-191.5394853930582 
-191.539485393062 
-191.53948539306555 
-191.53948539306867 
-191.5394853930715 
-191.5394853930737 
-191.53948539307595 
-191.53948539307814 
-191.53948539308024 
-191.5394853930826 
-191.53948539308516 
-191.53948539308766 
-191.53948539309013 
-191.53948539309266 
-191.53948539309553 
-191.53948539309562 
-191.53948539309548 
-191.5394853930954 
-191.53948539309553 
-191.53948539309567 
-191.53948539309576 
-191.53948539309567 
-191.53948539309528 
-191.53948539309528 
-191.5394853930955 
-191.53948539309576 
-191.53948539309653 
-191.53948539309732 
-191.53948539309866 
-191.53948539310022 
-191.53948539310275 
-191.5394853931046 
-191.53948539310744 
-191.53948539311023 
-191.53948539311463 
-191.53948539312367 
-191.53948539313703 
-191.53948539315573 
-191.53948539318276 
-191.53948539320618 
-191.53948539322352 
-191.5394853932362 
-191.53948539325356 
-191.53948539328928 
-191.539485393361 
-191.53948539348048 
-191.53948539362472 
-191.53948539377814 
-191.53948539389697 
-191.53948539396706 
-191.53948539400864 
-191.53948539404624 
-191.53948539408975 
-191.53948539413625 
-191.5394853941731 
-191.53948539423223 
-191.53948539425133 
-191.53948539425684 
-191.53948539425858 
-191.53948539425906 
-191.53948539425934 
-191.5394853942594 
-191.53948539425946 
-191.5394853942595 
-191.53948539425966 
-191.5394853942599 
-191.5394853942602 
-191.53948539426045 
-191.53948539426003 
-191.53948539426037 
-191.53948539426034 
-191.53948539425988 
-191.53948539426017 
-191.53948539426077 
-191.5394853942602 
-191.5394853942605 
-191.53948539426074 
-191.53948539426003 
-191.53948539426005 
-191.53948539425986 
-191.53948539425966 
-191.53948539425951 
-191.53948539425977 
-191.53948539425977 
-191.5394853942598 
-191.53948539425943 
-191.53948539425954 
-191.53948539425954 
-191.53948539425951 
-191.5394853942596 
-191.53948539426025 
-191.53948539426113 
-191.53948539426236 
-191.5394853942648 
-191.53948539426946 
-191.5394853942801 
-191.5394853943012 
-191.53948539433367 
-191.53948539438196 
-191.53948539443851 
-191.53948539450874 
-191.53948539457127 
-191.53948539464594 
-191.53948539472546 
-191.5394853948059 
-191.53948539489534 
-191.5394853949748 
-191.53948539511157 
-191.53948539566625 
-191.53948539611326 
-191.53948539628803 
-191.53948539658336 
-191.53948539687326 
-191.53948539703435 
-191.53948539719704 
-191.539485397327 
-191.5394853986239 
-191.53948540048663 
-191.5394854012809 
-191.53948540247015 
-191.53948540307226 
-191.53948540336816 
-191.5394854035545 
-191.53948540365622 
-191.53948540374424 
-191.53948540387822 
-191.53948540396144 
-191.53948540401362 
-191.5394854040147 
-191.5394854085595 
-191.5394854130767 
-191.5394854172727 
-191.5394854211679 
-191.53948542506365 
-191.53948542979805 
-191.53948543628186 
-191.53948544473303 
-191.53948545456143 
-191.53948546411016 
-191.53948547445373 
-191.5394854827344 
-191.53948549115853 
-191.539485502305 
-191.53948551891366 
-191.5394855432815 
-191.53948557656696 
-191.5394856162722 
-191.53948565330865 
-191.5394856790379 
-191.53948569943879 
-191.5394857327201 
-191.53948581814277 
-191.53948599666575 
-191.5394864644682 
-191.53948832449052 
-191.5395051330647 
-191.5397383516992 
-191.53993935319036 
-191.54024076006752 
-191.54079740693982 
-191.54153558689615 
-191.54229642142158 
-191.542951062625 
-191.54341684327144 
-191.54368441870622 
-191.54381697205972 
-191.54389034305825 
-191.54394846319042 
-191.54400367639093 
-191.54404955670412 
-191.54407629731006 
-191.54411602848893 
-191.54412674039546 
-191.54412930495678 
-191.54412981161704 
-191.54412988626453 
-191.5441298955916 
-191.54412989797453 
-191.54412989918404 
-191.54412990007515 
-191.54412990030357 
-191.5441299003448 
-191.5441299004036 
-191.5441299004039 
-191.5441299004044 
-191.5441299004054 
-191.54412990040535 
-191.5441299004047 
-191.54412990040572 
-191.54412990040626 
-191.54412990040484 
-191.54412990040467 
-191.54412990040433 
-191.54412990040532 
-191.54412990040467 
-191.5441299004045 
-191.5441299004046 
-191.5441299004046 
-191.54412990040484 
-191.5441299004051 
-191.5441299004054 
-191.54412990040834 
-191.5441299004371 
-191.54412990066112 
-191.54412990254832 
-191.54412990976397 
-191.54412992745694 
-191.54412994256242 
-191.54412997323868 
-191.54413001898007 
-191.54413006263965 
-191.54413013007024 
-191.54413025902002 
-191.54413048556836 
-191.5441310424052 
-191.54413150351908 
-191.54413173234596 
-191.54413191225072 
-191.544132025313 
-191.5441397552503 
-191.5442988004156 
-191.5444156531726 
-191.54449977433086 
-191.54457425870396 
-191.54464211076183 
-191.54479696666394 
-191.54505657761067 
-191.54534668656626 
-191.5455282811468 
-191.54564117152213 
-191.54571563442045 
-191.5457677057259 
-191.54582516536166 
-191.54598840892595 
-191.54616600851503 
-191.5462748675817 
-191.54644262701652 
-191.54656754263723 
-191.54669274863411 
-191.54683740612646 
-191.5470035335309 
-191.54716389478165 
-191.54729569085413 
-191.54740241157577 
-191.54751517225043 
-191.5476772522807 
-191.54816693677844 
-191.54819329098228 
-191.54821976678846 
-191.54826161514436 
-191.5483152787786 
-191.54829194794456 
-191.54830099701314 
-191.54836353274194 
-191.54838247244834 
-191.5483638349476 
-191.54843169471502 
-191.54846312089737 
-191.54857050302374 
-191.54858424988095 
-191.54858948038716 
-191.54856794936873 
-191.54860709131336 
-191.54860732763981 
-191.54862295196264 
-191.54862909976396 
-191.54863095891582 
-191.54863440300306 
-191.5486346212046 
-191.54863271997647 
-191.5486347418257 
-191.54863554087095 
-191.54863733459985 
-191.5486358179526 
-191.5486374055 
-191.5486367540046 
-191.5486374670832 
-191.54863765154474 
-191.5486342326367 
-191.5486371891678 
-191.54863052451464 
-191.54863637651675 
-191.54863645454932 
-191.54863638353856 
-191.5486362897222 
-191.5486359991045 
-191.5486364026557 
-191.5486364163971 
-191.54863641769558 
-191.5486364177387 
-191.54863641777453 
-191.54863641778624 
-191.5486364177942 
-191.548636417796 
-191.5486364177953 
-191.54863641779673 
-191.5486364177969 
-191.54863641779704 
-191.54863641779696 
-191.54863641779812 
-191.5486364177968 
-191.5486364177974 
-191.54863641779636 
-191.5486364177963 
-191.54863641779642 
-191.54863641779647 
-191.54863641779684 
-191.5486364177964 
-191.5486364177964 
-191.54863641779642 
-191.54863641779653 
-191.54863641779622 
-191.54863641779693 
-191.54863641779656 
-191.54863641779195 
-191.5486364177952 
-191.54863641779383 
-191.54863641699845 
-191.54863641760272 
-191.54863641728173 
-191.54863640302614 
-191.54863637203718 
-191.5486364652735 
-191.54863632145006 
-191.5486364358555 
-191.54863641509593 
-191.54863712073328 
-191.54863684729372 
-191.548637564342 
-191.5486375831745 
-191.54863757472447 
-191.54863737770677 
-191.54863751612703 
-191.54863765474835 
-191.54863772603053 
-191.5486208145256 
-191.54863708483535 
-191.54863600863396 
-191.54863704604836 
-191.5486142108312 
-191.548636226398 
-191.54863669672682 
-191.54863643633485 
-191.5486370674996 
-191.5486358576542 
-191.54862704271633 
-191.5486360549353 
-191.54863778412593 
-191.5486381766413 
-191.54864259449812 
-191.5486366613339 
-191.54864591732237 
-191.5486457821545 
-191.54864626305985 
-191.54865453928062 
-191.54865907937628 
-191.5486584723905 
-191.54866175939196 
-191.54865790237477 
-191.54863639006626 
-191.54866370118847 
-191.54865803880347 
-191.54866335696045 
-191.54866217638792 
-191.54866565077327 
-191.54865673545436 
-191.54866450846993 
-191.54866694855957 
-191.54866459026834 
-191.54866616374738 
-191.54866705362952 
-191.54866942090354 
-191.54866444603826 
-191.54867279348554 
-191.54866860446583 
-191.5486756499579 
-191.5486743378323 
-191.54867603448 
-191.54867715490778 
-191.5486775863174 
-191.54867869578337 
-191.54867921895575 
-191.54867871782446 
-191.54867945723322 
-191.54867937959972 
-191.5486797021297 
-191.54867972348853 
-191.5486797457271 
-191.54867974612347 
-191.54867973454552 
-191.54867975427547 
-191.54867976014236 
-191.5486797606472 
-191.5486797560689 
-191.5486797553969 
-191.54867975004083 
-191.548679758235 
-191.5486797538252 
-191.54867975009827 
-191.54867946831732 
-191.54867972718552 
-191.54867972866322 
-191.5486797289001 
-191.54867972888965 
-191.5486797289966 
-191.54867972900166 
-191.5486797290022 
-191.54867972900252 
-191.54867972900243 
-191.54867972900223 
-191.54867972900226 
-191.54867972900223 
-191.5486797290023 
-191.5486797290025 
-191.54867972900254 
-191.54867972900283 
-191.54867972900252 
-191.5486797290033 
-191.5486797290032 
-191.548679729002 
-191.54867972900303 
-191.54867972900306 
-191.5486797290027 
-191.54867972900297 
-191.5486797290028 
-191.54867972900237 
-191.54867972900223 
-191.54867972900234 
-191.54867972900234 
-191.5486797290023 
-191.54867972900166 
-191.5486797289629 
-191.5486797289978 
-191.5486797289982 
-191.5486797288933 
-191.54867972893226 
-191.54867972781935 
-191.54867972829288 
-191.54867972734567 
-191.54867970274103 
-191.54867975446717 
-191.54867952474018 
-191.54867206567133 
-191.54867965519756 
-191.54867966183505 
-191.54867965594624 
-191.5486796691374 
-191.54867967024066 
-191.5486796616655 
-191.54867966801635 
-191.54867967135536 
-191.54867966052532 
-191.54867956586367 
-191.54867931162104 
-191.54867965680137 
-191.54867952707286 
-191.54867946755246 
-191.5486796524814 
-191.54867949085335 
-191.54866527484256 
-191.54867747508752 
-191.54867916766835 
-191.54865172170057 
-191.5486785466713 
-191.54867856603548 
-191.54867850951044 
-191.54861710904888 
-191.54865201454706 
-191.54866787380348 
-191.548665327288 
-191.548655341606 
-191.5486582135967 
-191.54866599735618 
-191.5486403938415 
-191.54865510582235 
-191.54863672830334 
-191.54750225258337 
-191.54862788619127 
-191.5486251832405 
-191.54863910993282 
-191.5482751723129 
-191.54860228330648 
-191.54862094261762 
-191.54857128120182 
-191.548619863899 
-191.54858331630183 
-191.54862561316378 
-191.54860822552814 
-191.54856341156483 
-191.5486135225713 
-191.54854545545828 
-191.54855082273966 
-191.54861994263044 
-191.5486152303545 
-191.54855130052198 
-191.54861083583063 
-191.54859392631198 
-191.54861536136306 
-191.54861330039125 
-191.54842882648254 
-191.54858378371483 
-191.54853309039316 
-191.54859621052609 
-191.54859659758577 
-191.5485893258549 
-191.5485974932402 
-191.54856318014774 
-191.5485908418419 
-191.54858885605415 
-191.54859176175773 
-191.5485921587277 
-191.54859188327913 
-191.54859220617502 
-191.54858354238257 
-191.5485912510257 
-191.54859128812157 
-191.54859129572182 
-191.54859087869565 
-191.54859125450284 
-191.54859125421078 
-191.54859125492717 
-191.54859125533818 
-191.54859125541887 
-191.54859125549754 
-191.54859125549828 
-191.54859125549828 
-191.5485912554985 
-191.54859125549814 
-191.54859125549828 
-191.54859125549828 
-191.54859125549797 
-191.5485912554983 
-191.54859125549888 
-191.5485912554982 
-191.54859125549928 
-191.54859125549834 
-191.54859125549848 
-191.54859125549876 
-191.54859125549822 
-191.54859125549882 
-191.5485912554981 
-191.54859125549828 
-191.5485912554979 
-191.54859125549822 
-191.54859125549834 
-191.54859125549748 
-191.54859125549794 
-191.5485912554974 
-191.54859125532775 
-191.54859125547299 
-191.5485912380892 
-191.54859119686455 
-191.5485911706996 
-191.5485912391017 
-191.54859127557955 
-191.54859126888016 
-191.5485912848591 
-191.54859104402084 
-191.54857807600106 
-191.54859204722234 
-191.54858874382722 
-191.54858781911716 
-191.54858509999133 
-191.54845779712596 
-191.54859277472013 
-191.54859029460033 
-191.54859450927768 
-191.54859319999392 
-191.54850646738564 
-191.54858669445665 
-191.5485915736033 
-191.54859718456672 
-191.54860990305002 
-191.54860529270033 
-191.54860789763953 
-191.54859801969315 
-191.5485942464411 
-191.54860499232262 
-191.54851562410255 
-191.54860636813274 
-191.54858964435175 
-191.54858769289748 
-191.54860205906127 
-191.54853620546226 
-191.54857692361114 
-191.54853317391246 
-191.54859736246235 
-191.5486072817675 
-191.54861555003055 
-191.54861825093573 
-191.54853901954968 
-191.54844629495165 
-191.54861303947834 
-191.54857728083567 
-191.54858324893107 
-191.54864005137273 
-191.54857654046856 
-191.5486446895015 
-191.54864506579847 
-191.54864600337694 
-191.54864156023226 
-191.54863901951606 
-191.54861893024332 
-191.54862375229123 
-191.54864762991642 
-191.54864838944766 
-191.54864751905438 
-191.54864695106167 
-191.54863942801504 
-191.54864707940126 
-191.54864843595678 
-191.5486490826686 
-191.54864906860772 
-191.54864610505857 
-191.54864888741741 
-191.5486490173153 
-191.54864896186064 
-191.54864894455918 
-191.54864903360587 
-191.54864903624394 
-191.5486490374653 
-191.54864902494435 
-191.5486490347903 
-191.5486490410871 
-191.548649039722 
-191.54864903462257 
-191.5486488923342 
-191.54864903294683 
-191.54864910127418 
-191.54864910321942 
-191.54864910660783 
-191.54864912211687 
-191.54864911729518 
-191.54864903874375 
-191.54864911294646 
-191.54864911297213 
-191.548649113008 
-191.54864911297693 
-191.548649113016 
-191.54864911305 
-191.5486491130501 
-191.54864911305074 
-191.54864911305054 
-191.54864911305074 
-191.54864911305046 
-191.54864911305035 
-191.5486491130506 
-191.54864911305046 
-191.54864911305043 
-191.54864911305185 
-191.54864911305148 
-191.5486491130501 
-191.5486491130507 
-191.5486491130504 
-191.54864911305046 
-191.54864911305046 
-191.5486491130507 
-191.54864911305032 
-191.5486491130503 
-191.54864911305017 
-191.5486491130502 
-191.54864911305015 
-191.54864911305032 
-191.5486491130444 
-191.54864911305012 
-191.5486491130536 
-191.54864911279938 
-191.54864911295 
-191.5486491127955 
-191.54864911665473 
-191.54864911146558 
-191.5486491099706 
-191.5486491182317 
-191.54864912336532 
-191.54864911907245 
-191.54864910800265 
-191.5486491045984 
-191.54864912029848 
-191.54864912998147 
-191.54864911754953 
-191.54864912727024 
-191.54864912050277 
-191.54864909730358 
-191.54864910810207 
-191.54864911917707 
-191.54864905852253 
-191.54864901003543 
-191.548649079437 
-191.54864906650582 
-191.54864893707372 
-191.54864728095095 
-191.5486486498807 
-191.54864862966014 
-191.54864903110783 
-191.54864926923773 
-191.5486482086129 
-191.54864892115592 
-191.5486487033773 
-191.5486488095541 
-191.54864477583214 
-191.54861648931927 
-191.5486485803213 
-191.54864638925142 
-191.54860770385204 
-191.54864380617752 
-191.54864409272577 
-191.54864169607671 
-191.54856351731885 
-191.548574892473 
-191.54757610064047 
-191.54860337470103 
-191.54858311363245 
-191.5485942984672 
-191.5486077614308 
-191.54838267180472 
-191.5481933776081 
-191.5484935672765 
-191.54857567385054 
-191.54851158799534 
-191.54857213137956 
-191.54856176126745 
-191.54855459801487 
-191.54843439075006 
-191.54852592995633 
-191.54852510136908 
-191.54856361385063 
-191.5485619171025 
-191.54857286577138 
-191.54856804457899 
-191.54857247654448 
-191.5485716996491 
-191.54857132184597 
-191.54856399465842 
-191.5485116690219 
-191.54857313707677 
-191.54857448671856 
-191.54857504940585 
-191.54856186808948 
-191.54857282859925 
-191.54856979597213 
-191.54857503732856 
-191.54857213370119 
-191.54857703953655 
-191.5485770060407 
-191.54850665149664 
-191.548568355725 
-191.54856843129423 
-191.54856819413538 
-191.54856839693417 
-191.5485684310025 
-191.54856842647675 
-191.5485683349491 
-191.54856845267628 
-191.54856845247207 
-191.54856845267167 
-191.54856845268736 
-191.54856845268878 
-191.54856845268895 
-191.54856845268895 
-191.54856845268904 
-191.54856845268893 
-191.54856845268904 
-191.54856845268907 
-191.548568452689 
-191.54856845268958 
-191.5485684526903 
-191.54856845268998 
-191.54856845268904 
-191.54856845269032 
-191.5485684526894 
-191.54856845268935 
-191.548568452689 
-191.54856845268907 
-191.5485684526889 
-191.54856845268895 
-191.54856845268893 
-191.54856845268876 
-191.54856845257902 
-191.54856845267986 
-191.54856845268054 
-191.5485684526871 
-191.5485684525147 
-191.54856845231475 
-191.54856845552584 
-191.54856845902296 
-191.54856845426008 
-191.54856845704646 
-191.5485677048373 
-191.54856813886772 
-191.54856690284882 
-191.54857697693234 
-191.5485764063237 
-191.5485726358092 
-191.54857717270306 
-191.54857609208366 
-191.5485084148988 
-191.54857320213006 
-191.54857494340612 
-191.54857631203683 
-191.54857525314665 
-191.548577338324 
-191.5485788243073 
-191.54848027992767 
-191.54856500054996 
-191.54857353376806 
-191.54857156878887 
-191.54857299276358 
-191.54856055488682 
-191.5485712563326 
-191.54856235709644 
-191.54854894420302 
-191.54854109690146 
-191.54857380426134 
-191.54857640547257 
-191.54829519316172 
-191.54857356470922 
-191.548566307594 
-191.548561370207 
-191.5485772839532 
-191.54854529605979 
-191.5483831100568 
-191.54859190005513 
-191.54856836755891 
-191.54849325090302 
-191.548504626605 
-191.54862577273005 
-191.54862999330706 
-191.54849291026719 
-191.54861462881075 
-191.54863066304557 
-191.54861885849547 
-191.54862963220472 
-191.5486246942484 
-191.5486217767206 
-191.5486329969499 
-191.54863413119716 
-191.5486327052319 
-191.54863512263015 
-191.54863517622672 
-191.54863042965567 
-191.5486339283882 
-191.54857612106292 
-191.54862994562924 
-191.54862975475663 
-191.54862995566992 
-191.5486295990833 
-191.54862991056916 
-191.54863006840966 
-191.54863008591863 
-191.54863004338085 
-191.54863008779114 
-191.54863007170025 
-191.54863008604084 
-191.5486300928554 
-191.54863008147282 
-191.5486300939163 
-191.548630096329 
-191.54863004086477 
-191.54863009156682 
-191.54862998937955 
-191.5486300688311 
-191.54863008625537 
-191.54863008504964 
-191.54863007129424 
-191.5486300467098 
-191.54863008358095 
-191.54863008163343 
-191.54863008375617 
-191.5486300838188 
-191.54863008380164 
-191.54863008382125 
-191.5486300838239 
-191.54863008382392 
-191.54863008382395 
-191.54863008382424 
-191.5486300838238 
-191.54863008382375 
-191.54863008382387 
-191.54863008382358 
-191.54863008382415 
-191.54863008382446 
-191.54863008382702 
-191.5486300838259 
-191.54863008382395 
-191.54863008382404 
-191.5486300838246 
-191.54863008382446 
-191.54863008382418 
-191.5486300838239 
-191.54863008382378 
-191.5486300838238 
-191.54863008382412 
-191.54863008382466 
-191.54863008382452 
-191.54863008382452 
-191.54863008382006 
-191.54863008382057 
-191.54863008374923 
-191.5486300831187 
-191.54863008371666 
-191.5486300837637 
-191.54863008186163 
-191.5486300431014 
-191.54863008602447 
-191.54863007757066 
-191.54863007768543 
-191.54863005971262 
-191.548629888752 
-191.5486299625045 
-191.54863005663847 
-191.54863008963113 
-191.54863009201378 
-191.5486300804052 
-191.5486300876626 
-191.5486300821194 
-191.5486300239483 
-191.5486300765776 
-191.54862969642184 
-191.54862824619045 
-191.54862486766487 
-191.548629863119 
-191.54861162800512 
-191.54862936935103 
-191.54862888394572 
-191.54862963771706 
-191.54863466416697 
-191.54863415559674 
-191.5486334098902 
-191.54863409724092 
-191.54863446330782 
-191.5486031526891 
-191.5486318625265 
-191.54862832385842 
-191.5486334898726 
-191.54862850984767 
-191.54858647674664 
-191.54862660388412 
-191.54860706867822 
-191.54859537949102 
-191.54863672642227 
-191.54863112066516 
-191.54862996535292 
-191.54841573357646 
-191.54863233723594 
-191.54854003766425 
-191.54863494323567 
-191.54840968276383 
-191.54852403708014 
-191.54863381299933 
-191.54831919940898 
-191.54679600650516 
-191.5485497682762 
-191.54852358239688 
-191.54857208456363 
-191.54858140615616 
-191.5485811433851 
-191.54856764331853 
-191.54857822667446 
-191.5485848090154 
-191.5485680062418 
-191.54858100082816 
-191.54857104816077 
-191.5485806586927 
-191.54858508736532 
-191.54856374769744 
-191.5485867066912 
-191.5485898293383 
-191.5485895322638 
-191.5485881108332 
-191.54859169704233 
-191.5485748274341 
-191.54849980854067 
-191.54858486703077 
-191.5485855733051 
-191.54858281256088 
-191.5485857679759 
-191.54858571073154 
-191.54858548365144 
-191.5485857282881 
-191.54858483566963 
-191.54858567687336 
-191.54858565749763 
-191.54858366034844 
-191.54858543239587 
-191.5485854288722 
-191.54858543340333 
-191.54858543317718 
-191.54858543337147 
-191.5485854333932 
-191.54858543339478 
-191.5485854333946 
-191.54858543339475 
-191.54858543339475 
-191.54858543339475 
-191.5485854333946 
-191.54858543339506 
-191.5485854333944 
-191.54858543339517 
-191.5485854333953 
-191.54858543339424 
-191.5485854333956 
-191.5485854333948 
-191.54858543339446 
-191.54858543339495 
-191.54858543339432 
-191.5485854333949 
-191.5485854333949 
-191.54858543339472 
-191.5485854333945 
-191.54858543339262 
-191.5485854333914 
-191.54858543338284 
-191.548585433419 
-191.54858543327455 
-191.54858543323124 
-191.5485853792832 
-191.54858531605166 
-191.54858548213372 
-191.5485852973326 
-191.54858566217115 
-191.54858573263425 
-191.54858550853857 
-191.54858581905793 
-191.54858578228465 
-191.54858425637403 
-191.5485855731551 
-191.5485811577675 
-191.54856873437805 
-191.548588724821 
-191.54858960243158 
-191.54859007512383 
-191.54858977105343 
-191.54859037951965 
-191.54633157503787 
-191.54854452123797 
-191.5485622352946 
-191.5484730787493 
-191.54855947898292 
-191.54855887456102 
-191.54855150091709 
-191.548560208761 
-191.54845707724135 
-191.54855784475626 
-191.54838859427852 
-191.5484859977704 
-191.546960035173 
-191.54848843054748 
-191.54851647518325 
-191.5484640937167 
-191.5485789070797 
-191.54844286604623 
-191.54857694229528 
-191.54838401203227 
-191.54855973462338 
-191.54857541009542 
-191.54857564663382 
-191.54858297726915 
-191.548569019486 
-191.54858233785774 
-191.54823252338937 
-191.54855521756866 
-191.5485606825431 
-191.54834371875108 
-191.54855552516992 
-191.54854733162887 
-191.5485505231512 
-191.548514133378 
-191.54854551382832 
-191.54855404312323 
-191.548554588782 
-191.54854715618973 
-191.5485479874535 
-191.548556726103 
-191.5485580977248 
-191.5485583023042 
-191.54855829008176 
-191.5485511419697 
-191.5485579419963 
-191.54855494142723 
-191.5485582598793 
-191.54855827982234 
-191.54855834058634 
-191.5485582117591 
-191.54855833432373 
-191.5485583454682 
-191.548557921822 
-191.5485583435726 
-191.54855834025824 
-191.54855834421699 
-191.5485583443164 
-191.54855834487984 
-191.54855812854973 
-191.54855832777878 
-191.54855832293055 
-191.5485583271882 
-191.54855832870035 
-191.54855832209535 
-191.54855832855034 
-191.5485583283688 
-191.54855831864506 
-191.54855832734268 
-191.54855832742055 
-191.54855832741782 
-191.5485583274196 
-191.5485583274208 
-191.54855832742064 
-191.54855832742058 
-191.5485583274203 
-191.5485583274198 
-191.54855832741984 
-191.54855832741987 
-191.54855832742 
-191.54855832742024 
-191.54855832742155 
-191.5485583274225 
-191.54855832742007 
