2 3 0.02662857684850999 
3 4 0.03669842387132992 
4 5 0.044798721977198634 
5 6 0.05231225521073219 
6 7 0.06107025736941058 
7 8 0.07223501448240091 
8 9 0.0863117708427317 
9 10 0.10327617513608928 
10 11 0.12283931216113678 
11 12 0.14466102461841807 
12 13 0.16845812628320112 
13 14 0.1940168202472674 
14 15 0.2211489559548967 
15 16 0.2496385852553191 
16 17 0.2792120639851545 
17 18 0.3095427174801904 
18 19 0.34028117697406146 
19 20 0.37109248673305634 
20 21 0.4016816767781182 
21 22 0.43179510622774075 
22 23 0.46120811193874073 
23 24 0.4896903780249735 
24 25 0.5169873761316406 
25 26 0.5428322559751974 
26 27 0.5669690275282828 
27 28 0.5891836127655551 
28 29 0.6093310584004625 
29 30 0.6273323521988561 
30 31 0.6431631861601875 
31 32 0.6567875269003878 
32 33 0.668124959447377 
33 34 0.6770796665525087 
34 35 0.6835751378536418 
35 36 0.6876111812713916 
36 37 0.6893001798829167 
37 38 0.6888422817387542 
38 39 0.6864627351871578 
39 40 0.6823540175285697 
40 41 0.6766219583598407 
41 42 0.6693071127080472 
42 43 0.6604509848947833 
43 44 0.650199006786148 
44 45 0.6388565567912532 
45 46 0.6267762670354 
46 47 0.6143792251223713 
47 48 0.6019586242016524 
48 49 0.5896788929449955 
49 50 0.5776312183603508 
50 51 0.5657481411769819 
51 52 0.5541378347560659 
52 53 0.5430225912890175 
53 54 0.5328236200788417 
54 55 0.5239726458499399 
55 56 0.5167630204695128 
56 57 0.5111366985919795 
57 58 0.5070970604829352 
58 59 0.5043472376487008 
59 60 0.502845752433073 
60 61 0.5027107760065599 
61 62 0.5037954583774326 
62 63 0.5061874256551141 
63 64 0.5103238633851144 
64 65 0.5162062632824332 
65 66 0.523660013231209 
66 67 0.5323435413077663 
67 68 0.5417690701470659 
68 69 0.5518797023992275 
69 70 0.5627181374271848 
70 71 0.5744603222340655 
71 72 0.5871111470246448 
72 73 0.6003388790062019 
73 74 0.613583066043519 
74 75 0.6263214682174523 
75 76 0.6380386257680273 
76 77 0.648162885872214 
77 78 0.6571819147665432 
78 79 0.6651801553701855 
79 80 0.6725693867243056 
80 81 0.6791028448483213 
81 82 0.6842176270648043 
82 83 0.6871160995316201 
83 84 0.6869817348439227 
84 85 0.6835172259919001 
85 86 0.6772818721841671 
86 87 0.6690453912323766 
87 88 0.6591163279660771 
88 89 0.6477985149229838 
89 90 0.6341608416554672 
90 91 0.6173174714437235 
91 92 0.5971197495085511 
92 93 0.57429126353948 
93 94 0.5499339085134094 
94 95 0.5246913196444521 
95 96 0.498440010883881 
96 97 0.47075230332513124 
97 98 0.441389272513194 
98 99 0.4106865163165793 
99 100 0.37923185637581236 
100 101 0.34762197420653224 
101 102 0.3162764138445646 
102 103 0.2854312941427232 
103 104 0.255298592828785 
104 105 0.2261701543655118 
105 106 0.19837005236452093 
106 107 0.1721744072989894 
107 108 0.1477905083484588 
108 109 0.12541359152409307 
109 110 0.10531616967592028 
110 111 0.08785022055458118 
111 112 0.07332168831127739 
112 113 0.0617718919600692 
113 114 0.05271169571218928 
114 115 0.044991556292749785 
115 116 0.036774725610206074 
116 117 0.02665248105285814 
117 118 0.015470329783895191 
