2 3 0.01352928494680834 
3 4 0.016497408648280115 
4 5 0.017589691310545417 
5 6 0.017666235735610537 
6 7 0.017467102722974005 
7 8 0.017296568567154995 
8 9 0.01722110824244825 
9 10 0.017209046682304656 
10 11 0.01721948414815336 
11 12 0.017230093514529796 
12 13 0.01723498370490345 
13 14 0.01723569890248992 
14 15 0.017234923618704698 
15 16 0.01723419044591188 
16 17 0.0172338834391259 
17 18 0.01723386534338473 
18 19 0.017233935142144878 
19 20 0.01723398809924111 
20 21 0.017234005424223417 
21 22 0.017234002705731822 
22 23 0.017233996007173093 
23 24 0.01723399216743537 
24 25 0.01723399143006213 
25 26 0.01723399202612772 
26 27 0.017233992654223197 
27 28 0.017233992916714277 
28 29 0.01723399291427993 
29 30 0.017233992834025866 
30 31 0.017233992777929006 
31 32 0.017233992762323333 
32 33 0.017233992768199445 
33 34 0.017233992777182468 
34 35 0.01723399278184988 
35 36 0.01723399278245058 
36 37 0.01723399278145357 
37 38 0.01723399278058335 
38 39 0.017233992780237718 
39 40 0.017233992780262376 
40 41 0.017233992780367247 
41 42 0.017233992780438682 
42 43 0.017233992780458278 
43 44 0.017233992780438804 
44 45 0.017233992780425936 
45 46 0.017233992780469824 
46 47 0.017233992780482293 
47 48 0.017233992780178023 
48 49 0.017233992780485066 
49 50 0.01723399278043083 
50 51 0.017233992780407485 
51 52 0.01723399278042917 
52 53 0.01723399278042233 
53 54 0.01723399278044057 
54 55 0.017233992780454007 
55 56 0.01723399278046148 
56 57 0.017233992780466924 
57 58 0.017233992780464412 
58 59 0.017233992780438245 
59 60 0.017233992780437107 
60 61 0.01723399278043999 
61 62 0.01723399278042467 
62 63 0.017233992780424416 
63 64 0.017233992780408384 
64 65 0.017233992780411735 
65 66 0.017233992780440167 
66 67 0.017233992780439873 
67 68 0.017233992780447325 
68 69 0.017233992780446825 
69 70 0.017233992780442943 
70 71 0.0172339927804395 
71 72 0.017233992780442166 
72 73 0.017233992780448022 
73 74 0.017233992780450316 
74 75 0.017233992780458517 
75 76 0.017233992780430887 
76 77 0.017233992780426782 
77 78 0.017233992780438606 
78 79 0.017233992780442003 
79 80 0.01723399278049588 
80 81 0.017233992780455672 
81 82 0.017233992780429135 
82 83 0.017233992780420714 
83 84 0.017233992780445483 
84 85 0.017233992780449216 
85 86 0.01723399278043593 
86 87 0.017233992780452276 
87 88 0.017233992780403773 
88 89 0.017233992780406632 
89 90 0.017233992780408235 
90 91 0.017233992780470282 
91 92 0.017233992780482685 
92 93 0.017233992780460675 
93 94 0.01723399278045673 
94 95 0.01723399278047119 
95 96 0.017233992780458677 
96 97 0.017233992780469408 
97 98 0.017233992780445205 
98 99 0.017233992780441167 
99 100 0.01723399278042447 
100 101 0.01723399278044969 
101 102 0.017233992780446013 
102 103 0.017233992780446426 
103 104 0.017233992780451943 
104 105 0.017233992780411114 
105 106 0.017233992780444653 
106 107 0.01723399278045217 
107 108 0.017233992780446825 
108 109 0.01723399278043442 
109 110 0.017233992780451946 
110 111 0.017233992780457105 
111 112 0.017233992780453452 
112 113 0.017233992780449677 
113 114 0.017233992780451093 
114 115 0.017233992780418803 
115 116 0.01723399278043001 
116 117 0.017233992780452935 
117 118 0.017233992780476777 
118 119 0.017233992780477932 
119 120 0.01723399278054703 
120 121 0.017233992780368308 
121 122 0.01723399278037591 
122 123 0.017233992780403943 
123 124 0.01723399278043644 
124 125 0.017233992780445802 
125 126 0.0172339927804423 
126 127 0.017233992780419816 
127 128 0.017233992780423625 
128 129 0.017233992780402115 
129 130 0.017233992780538686 
130 131 0.017233992780563732 
131 132 0.01723399278054219 
132 133 0.017233992780506004 
133 134 0.017233992780485628 
134 135 0.01723399278047409 
135 136 0.01723399278046481 
136 137 0.017233992780467 
137 138 0.017233992780476205 
138 139 0.017233992780457813 
139 140 0.017233992780445982 
140 141 0.01723399278043262 
141 142 0.01723399278041441 
142 143 0.017233992780422314 
143 144 0.0172339927804346 
144 145 0.017233992780447363 
145 146 0.017233992780446742 
146 147 0.017233992780455926 
147 148 0.01723399278044228 
148 149 0.017233992780445084 
149 150 0.017233992780419163 
150 151 0.01723399278044163 
151 152 0.017233992780455856 
152 153 0.01723399278043488 
153 154 0.01723399278042775 
154 155 0.01723399278042921 
155 156 0.017233992780453726 
156 157 0.01723399278048336 
157 158 0.01723399278040737 
158 159 0.01723399278034746 
159 160 0.017233992780219337 
160 161 0.017233992780196244 
161 162 0.017233992780544972 
162 163 0.017233992781466843 
163 164 0.017233992782459642 
164 165 0.01723399278187515 
165 166 0.01723399277721008 
166 167 0.01723399276820942 
167 168 0.01723399276223315 
168 169 0.017233992777787862 
169 170 0.01723399283374942 
170 171 0.017233992913875867 
171 172 0.01723399291639417 
172 173 0.01723399265444464 
173 174 0.017233992027318058 
174 175 0.017233991431380945 
175 176 0.01723399216513713 
176 177 0.01723399599398023 
177 178 0.01723400267350431 
178 179 0.017234005372591645 
179 180 0.017233988046751452 
180 181 0.017233935126920973 
181 182 0.017233865381162967 
182 183 0.017233883454606056 
183 184 0.01723419027193914 
184 185 0.017234923117567892 
185 186 0.01723569817921437 
186 187 0.017234983239848088 
187 188 0.017230093868899836 
188 189 0.017219485084945797 
189 190 0.017209047162021287 
190 191 0.017221107792440696 
191 192 0.017296567888865983 
192 193 0.017467101955742435 
193 194 0.01766623519499285 
194 195 0.01758969128093315 
195 196 0.01649740837504725 
196 197 0.013529284720420509 
197 198 0.009139935067613998 
