2 0.015667837649931 
3 -0.005729827666222307 
4 0.0021825458176993997 
5 -0.00046865871636900627 
6 -0.0001877896162194392 
7 0.00022118747284434925 
8 -0.00011494918606900954 
9 3.049922696947395e-05 
10 5.720820534684934e-06 
11 -1.1297337841857666e-05 
12 6.488825797332975e-06 
13 -1.7257636110111998e-06 
14 -4.214226133014197e-07 
15 7.220794923943133e-07 
16 -3.863502343984256e-07 
17 7.810631618948455e-08 
18 4.665172596389424e-08 
19 -5.1548434334288195e-08 
20 2.207243782113047e-08 
21 -8.08609738529521e-10 
22 -5.636115240613016e-09 
23 4.196308181126054e-09 
24 -1.4417670613439849e-09 
25 -2.34700377703275e-11 
26 2.3877671000140564e-10 
27 3.5919294290304106e-11 
28 -2.880740483172451e-10 
29 3.81906849450697e-10 
30 -3.722651606432972e-10 
31 3.372622778898665e-10 
32 -3.1546223217323624e-10 
33 3.1058325130646067e-10 
34 -3.137769980112301e-10 
35 3.175678092686753e-10 
36 -3.1929818987768803e-10 
37 3.1936998811966633e-10 
38 -3.1892185442833187e-10 
39 3.185476776505086e-10 
40 -3.1845173170154167e-10 
41 3.184545065806344e-10 
42 -3.1852621571703224e-10 
43 3.1852978202071666e-10 
44 -3.185630514068199e-10 
45 3.1853157372876983e-10 
46 -3.185340530364456e-10 
47 3.1860613382459723e-10 
48 -3.189188122656678e-10 
49 3.183928505939947e-10 
50 -3.1826905366670025e-10 
51 3.1837369168128565e-10 
52 -3.1845051622464425e-10 
53 3.184766913152876e-10 
54 -3.185018270037499e-10 
55 3.1852319472227764e-10 
56 -3.185372743974146e-10 
57 3.1854204570451875e-10 
58 -3.185701898291534e-10 
59 3.1854914621577095e-10 
60 -3.185496738301758e-10 
61 3.185540566823787e-10 
62 -3.1854817033023533e-10 
63 3.185437523856838e-10 
64 -3.185164092395652e-10 
65 3.185138282686488e-10 
66 -3.1852333871729143e-10 
67 3.185242415439297e-10 
68 -3.185378435912567e-10 
69 3.185442792379903e-10 
70 -3.185516353780061e-10 
71 3.185476278102118e-10 
72 -3.185379023430511e-10 
73 3.1854042741680063e-10 
74 -3.185523679330945e-10 
75 3.1854654553350473e-10 
76 -3.185437727288134e-10 
77 3.185258124000268e-10 
78 -3.1849952181614986e-10 
79 3.1863598476268633e-10 
80 -3.1848616495268334e-10 
81 3.185166685342673e-10 
82 -3.185271625744655e-10 
83 3.1852144344691745e-10 
84 -3.185367954356307e-10 
85 3.1854772553053994e-10 
86 -3.185506617780955e-10 
87 3.185709654927308e-10 
88 -3.1855148165443637e-10 
89 3.185047315797849e-10 
90 -3.185021072358494e-10 
91 3.185306486099225e-10 
92 -3.1855455432420246e-10 
93 3.185428639256668e-10 
94 -3.185172730658089e-10 
95 3.185025078129472e-10 
96 -3.186289521103933e-10 
97 3.185656492175047e-10 
98 -3.1854779008291724e-10 
99 3.185332797336876e-10 
100 -3.1853051288008933e-10 
101 3.1853136853196285e-10 
102 -3.1853651356785976e-10 
103 3.1853845388571214e-10 
104 -3.185727614365437e-10 
105 3.184975412163257e-10 
106 -3.1849639351280495e-10 
107 3.185140024342248e-10 
108 -3.1852852994286245e-10 
109 3.1851985637973993e-10 
110 -3.185324300961376e-10 
111 3.1853716466550383e-10 
112 -3.185249065670569e-10 
113 3.185524836770934e-10 
114 -3.185459772369506e-10 
115 3.1851654200195316e-10 
116 -3.1851067262854394e-10 
117 3.1851425202210926e-10 
118 -3.185250095337066e-10 
119 3.1844894087086067e-10 
120 -3.184863315463201e-10 
121 3.186258656156215e-10 
122 -3.1855782163897524e-10 
123 3.185521307227355e-10 
124 -3.185559862453862e-10 
125 3.185533411932515e-10 
126 -3.1856512477135184e-10 
127 3.185453932452436e-10 
128 -3.1852081635263594e-10 
129 3.182597222956833e-10 
130 -3.1835754550739284e-10 
131 3.184893136007681e-10 
132 -3.1848252363865277e-10 
133 3.185447176944801e-10 
134 -3.185842785428043e-10 
135 3.185321863136116e-10 
136 -3.1853112070520307e-10 
137 3.185420465383131e-10 
138 -3.1856652485321747e-10 
139 3.18546792283091e-10 
140 -3.1854392464730076e-10 
141 3.1853993766129567e-10 
142 -3.185219722121974e-10 
143 3.1852194854294746e-10 
144 -3.185334275491778e-10 
145 3.1854183908413673e-10 
146 -3.1854740231066085e-10 
147 3.18546212895566e-10 
148 -3.1854025446322437e-10 
149 3.1854305527402636e-10 
150 -3.185206171172873e-10 
151 3.185416626322609e-10 
152 -3.1855778355580923e-10 
153 3.1855133818776564e-10 
154 -3.185378051426598e-10 
155 3.1851235359821617e-10 
156 -3.185041259582963e-10 
157 3.1858711471437325e-10 
158 -3.186041615662157e-10 
159 3.185727639220516e-10 
160 -3.184701427098588e-10 
161 3.1810987118018794e-10 
162 -3.176582592685533e-10 
163 3.1777086001717453e-10 
164 -3.1951660921506727e-10 
165 3.2333359148406855e-10 
166 -3.265593875164759e-10 
167 3.217457727374144e-10 
168 -2.997852337279695e-10 
169 2.646866491763053e-10 
170 -2.5483767225447785e-10 
171 3.4844290190940007e-10 
172 -6.007254593166924e-10 
173 8.764113375124477e-10 
174 -6.631487352528838e-10 
175 -8.002562021686884e-10 
176 3.556754622388368e-09 
177 -5.007090021854475e-09 
178 -1.4166087214108213e-09 
179 2.2658869967860684e-08 
180 -5.213922485687021e-08 
181 4.7308041342435455e-08 
182 7.732786027358504e-08 
183 -3.854093556384498e-07 
184 7.209854938252308e-07 
185 -4.203394732556285e-07 
186 -1.726393718573863e-06 
187 6.488913045980773e-06 
188 -1.1297102066247558e-05 
189 5.721763357402296e-06 
190 3.0498184694336703e-05 
191 -0.00011494825665498462 
192 0.0002211872142043713 
193 -0.00018778954060616194 
194 -0.000468658002680719 
195 0.002182546004001089 
196 -0.005729828289926525 
197 0.01566783745433103 
