-1010.4106061780651 
-1010.4762472636959 
-1010.9446989782414 
-1010.9691400931863 
-1011.0167161043147 
-1011.1556707368511 
-1011.2325152557679 
-1011.2515900728735 
-1011.2983697940392 
-1011.5272979293259 
-1011.5672999628373 
-1011.5992176382947 
-1011.7353171065942 
-1011.8154991878316 
-1011.838835991137 
-1011.8721911339151 
-1012.0159919425612 
-1012.0659117637449 
-1012.0842471985328 
-1012.25104259809 
-1012.3264786310006 
-1012.3467823454414 
-1012.3903287849454 
-1012.5088488526444 
-1012.5557942292946 
-1012.570108151278 
-1012.7464194399208 
-1012.8177610812294 
-1012.8348515993671 
-1012.8996499625993 
-1013.0113309337811 
-1013.0491321224755 
-1013.0670670812921 
-1013.2084014562299 
-1013.2759385782086 
-1013.29101673571 
-1013.3827854501997 
-1013.4812528319221 
-1013.5110912124509 
-1013.5359531706578 
-1013.6647292977096 
-1013.7246935154495 
-1013.7382440259292 
-1013.8621271277766 
-1013.9416022503109 
-1013.9663255339749 
-1013.9963497390639 
-1014.1073519636856 
-1014.1580283828273 
-1014.1736442749461 
-1014.3180085784526 
-1014.3950291401809 
-1014.4185359436899 
-1014.445970792675 
-1014.5618352003042 
-1014.6488388424267 
-1014.650492954025 
-1014.6504929540273 
-1014.6504929540238 
-1014.6504929540263 
-1014.6504929540255 
-1014.6504997606127 
-1014.6516180675255 
-1014.6530771401415 
-1014.6539524367911 
-1014.6552453627367 
-1014.6576013523888 
-1014.6595967311953 
-1014.6613967171803 
-1014.6642981450625 
-1014.6674477916076 
-1014.6694406999513 
-1014.6720980361008 
-1014.6765078309386 
-1014.6796283295255 
-1014.682791474864 
-1014.6873127315969 
-1014.6911150134836 
-1014.6943476787845 
-1014.6980386005017 
-1014.7030963654948 
-1014.7068601645561 
-1014.7108061056337 
-1014.7167177827533 
-1014.7204665524052 
-1014.724618953688 
-1014.7290618612628 
-1014.7347279264219 
-1014.7389539389345 
-1014.7433623962316 
-1014.7500205276713 
-1014.7554819062432 
-1014.7613641346601 
-1014.7674324482784 
-1014.774378281437 
-1014.7798131794857 
-1014.7847125465208 
-1014.7927229740726 
-1014.802215584565 
-1014.8109748519129 
-1014.8198344006217 
-1014.8298616563359 
-1014.8388639159866 
-1014.844982821108 
-1014.855831784179 
-1014.8663688294246 
-1014.8769366623711 
-1014.8860193150338 
-1014.8995997388556 
-1014.9120907010546 
-1014.9191040235903 
-1014.9306849354333 
-1014.9386175450144 
-1014.9452180461803 
-1014.9508920409392 
-1014.9508920409388 
-1014.9976880400144 
-1015.0159660834694 
-1015.2188726652512 
-1015.2862294071921 
-1015.3056172545323 
-1015.3695740067329 
-1015.4791293548126 
-1015.5168344382856 
-1015.534953670818 
-1015.6865729819126 
-1015.7531695089996 
-1015.7684999907673 
-1015.8581344597642 
-1015.9597519399027 
-1015.9907771095202 
-1016.0116877719075 
-1016.1360806102427 
-1016.20084656306 
-1016.2131099602369 
-1016.3473492630786 
-1016.4337886764758 
-1016.4567799333664 
-1016.4932427159998 
-1016.612698283139 
-1016.6675735601739 
-1016.6799172826321 
-1016.8370981180623 
-1016.9148719011395 
-1016.9327403111279 
-1016.9917913633841 
-1017.1076284830847 
-1017.1496759702534 
-1017.1660908223784 
-1017.3001048693097 
-1017.3716151826984 
-1017.3867954549456 
-1017.4734613745975 
-1017.5749851599624 
-1017.6070864103674 
-1017.6305912824133 
-1017.757427483521 
-1017.8198143290002 
-1017.8332530338702 
-1017.9528139317042 
-1018.0341494942304 
-1018.0600717536179 
-1018.0893231276103 
-1018.20068879797 
-1018.2527242567384 
-1018.2681222021079 
-1018.4092275007293 
-1018.487418480277 
-1018.5114612410563 
-1018.5385475481105 
-1018.6549115430087 
-1018.7431132760976 
-1018.7447535328378 
-1018.74475353284 
-1018.7447535328353 
-1018.7447535328388 
-1018.7447535328369 
-1018.7447603717138 
-1018.745878450201 
-1018.7473359724671 
-1018.7482115198827 
-1018.7495383338352 
-1018.7519070992862 
-1018.7539103573216 
-1018.7557037111175 
-1018.7586193175397 
-1018.7616975238674 
-1018.7636771632586 
-1018.76642825598 
-1018.7707952900786 
-1018.7738391894202 
-1018.7769859994557 
-1018.7815674759341 
-1018.7851958815496 
-1018.7883034583436 
-1018.7922062050453 
-1018.7970284397744 
-1018.8006524545219 
-1018.8046408690302 
-1018.8105297523687 
-1018.8139755327695 
-1018.8177207352555 
-1018.8225727943075 
-1018.8275470312216 
-1018.8315125366966 
-1018.8361442222742 
-1018.8425180115769 
-1018.846831578912 
-1018.8511983371965 
-1018.857491162632 
-1018.8622339704964 
-1018.8664811977578 
-1018.8713540734349 
-1018.8775371187543 
-1018.8835124640967 
-1018.8885247148047 
-1018.8955620038103 
-1018.9005041391034 
-1018.905254043708 
-1018.9100204007826 
-1018.9161233874522 
-1018.9213097368535 
-1018.926368696703 
-1018.9334160629425 
-1018.9384201197233 
-1018.9441804063406 
-1018.9493403686904 
-1018.9563582792226 
-1018.9617976006974 
-1018.967214340164 
-1018.9749640112423 
-1018.9868107058205 
-1019.0019997336465 
-1019.0255842101319 
-1019.02970364032 
-1019.0322658344163 
-1019.034425219328 
-1019.0364133816231 
-1019.0379446118747 
-1019.0391843465466 
-1019.0406487378048 
-1019.0419658798495 
-1019.0430923339114 
-1019.0444726150997 
-1019.045702463575 
-1019.0469030910278 
-1019.0479938449924 
-1019.049339528668 
-1019.0506128783766 
-1019.0517597520342 
-1019.0538187903494 
-1019.0554998876233 
-1019.0571214092625 
-1019.0589787241245 
-1019.0607173153692 
-1019.062192975631 
-1019.0635698577398 
-1019.0661327074363 
-1019.0678471442144 
-1019.0695685101355 
-1019.071887748669 
-1019.0738163531827 
-1019.0754799282219 
-1019.0770170385462 
-1019.0792083207479 
-1019.0808286385114 
-1019.0823673608406 
-1019.084784309254 
-1019.0865607592594 
-1019.0881760031104 
-1019.0896612964209 
-1019.0913687798324 
-1019.0927632636117 
-1019.0939661642317 
-1019.0962693708811 
-1019.0976126095919 
-1019.0989527155214 
-1019.100024500653 
-1019.1010448412444 
-1019.1018442737956 
-1019.1025846921659 
-1019.1034836524649 
-1019.1039157701234 
-1019.1042415195601 
-1019.1045317930897 
-1019.1046390435803 
-1019.1046403116208 
-1019.1046403116211 
-1019.1046403116209 
-1019.104640311624 
-1019.1046403116145 
-1019.1046403116238 
-1019.1046403116193 
-1019.1046403116194 
-1019.1046403116186 
-1019.1046403136725 
-1019.1046407661605 
-1019.1046423500516 
-1019.1046451981006 
-1019.1046494338513 
-1019.1046601741754 
-1019.1046726180757 
-1019.1046873110458 
-1019.1047107038823 
-1019.1047432668493 
-1019.1047746186558 
-1019.1048162682034 
-1019.1049051396612 
-1019.1049774237506 
-1019.1050651648135 
-1019.1051758333202 
-1019.1052965705277 
-1019.1054042092845 
-1019.1055418324125 
-1019.1057624758384 
-1019.1059405750505 
-1019.1061513543771 
-1019.1064159477738 
-1019.1066517646508 
-1019.1068671415069 
-1019.1071287395445 
-1019.1074853308436 
-1019.1077679523444 
-1019.1080814968418 
-1019.108508790384 
-1019.1088462611326 
-1019.1091497246179 
-1019.1095216002075 
-1019.1099302430395 
-1019.1102412062257 
-1019.1106062391443 
-1019.1110603515265 
-1019.1114053296056 
-1019.1117488566872 
-1019.1121194190616 
-1019.1124302378462 
-1019.1126715348632 
-1019.1129489576995 
-1019.1132449820799 
-1019.1134431166683 
-1019.1136357001996 
-1019.1138664918844 
-1019.114012793962 
-1019.1141313238004 
-1019.1142652400488 
-1019.1143561469491 
-1019.1144090106324 
-1019.1144090106332 
-1019.1154295057248 
-1019.1171534525869 
-1019.1186369282109 
-1019.1201543282405 
-1019.1220122133184 
-1019.1237450732972 
-1019.1251452484288 
-1019.1265250864008 
-1019.1285680663216 
-1019.1300589423014 
-1019.1314707463398 
-1019.1337528378774 
-1019.1355012030024 
-1019.1370465700919 
-1019.1385836422677 
-1019.1405067180735 
-1019.1419261071569 
-1019.1432750578879 
-1019.1458571795613 
-1019.1475156904354 
-1019.1491804603332 
-1019.1508401117113 
-1019.1527750901436 
-1019.154087271228 
-1019.1554223316763 
-1019.1579990439259 
-1019.1594048204917 
-1019.1609192488206 
-1019.1627520282946 
-1019.1644607296707 
-1019.1657928221575 
-1019.1670656929331 
-1019.169051913223 
-1019.1702705480908 
-1019.1715500880584 
-1019.1734185749445 
-1019.1748345993378 
-1019.1760783838312 
-1019.1772374544765 
-1019.1786964919025 
-1019.1797561281535 
-1019.1807476381947 
-1019.1825315973347 
-1019.1835781516422 
-1019.184634305652 
-1019.1854954010126 
-1019.186343559845 
-1019.1869853790356 
-1019.1876254631718 
-1019.1883788653665 
-1019.1887477775756 
-1019.1890322306809 
-1019.1892900605251 
-1019.1893861544262 
-1019.1893873271059 
-1019.1893873271079 
-1019.1893873271117 
-1019.1893873271131 
-1019.189387327105 
-1019.1893873271123 
-1019.1893873271104 
-1019.1893873271079 
-1019.1893873271048 
-1019.1893873291061 
-1019.1893877650099 
-1019.1893892720904 
-1019.1893918634013 
-1019.1893956864174 
-1019.1894049052014 
-1019.1894155705363 
-1019.1894274561281 
-1019.1894473342871 
-1019.1894737784525 
-1019.1894979827838 
-1019.1895291796285 
-1019.1895945181843 
-1019.1896465859157 
-1019.1897051138642 
-1019.1897903308698 
-1019.1898763810879 
-1019.189950807474 
-1019.1900478323364 
-1019.1901966721016 
-1019.1903183995024 
-1019.1904495374768 
-1019.1906426458402 
-1019.1908075162448 
-1019.1909613275867 
-1019.1911563533629 
-1019.1914061250792 
-1019.1916100291273 
-1019.1918297810662 
-1019.1921736496505 
-1019.1924445014902 
-1019.1927180995667 
-1019.1930460375274 
-1019.1934072677716 
-1019.1937081630377 
-1019.1940538558717 
-1019.1945581217607 
-1019.1949713924778 
-1019.1954255269459 
-1019.1959243166511 
-1019.1964018133166 
-1019.1968047568087 
-1019.1972692248769 
-1019.1979004970879 
-1019.1984020463391 
-1019.1989756681135 
-1019.1996413507776 
-1019.2002245957352 
-1019.2007423971121 
-1019.2013591353117 
-1019.2021694676009 
-1019.2028473805725 
-1019.2036586897435 
-1019.2047998692947 
-1019.2069018961113 
-1019.2072195224522 
-1019.2074473334796 
-1019.2076090828234 
-1019.2077639009135 
-1019.207885221841 
-1019.207980309433 
-1019.208066157639 
-1019.2081568782465 
-1019.2082245697715 
-1019.2082834813508 
-1019.208345883493 
-1019.2083997664448 
-1019.2084442658437 
-1019.2084881700238 
-1019.2085344282441 
-1019.208573672722 
-1019.2086095812803 
-1019.208647045538 
-1019.2086789424907 
-1019.2087079491716 
-1019.2087371204763 
-1019.2087636935141 
-1019.2087868210832 
-1019.2088094896741 
-1019.2088321237135 
-1019.2088505343255 
-1019.208869588114 
-1019.2088866190666 
-1019.2089009033699 
-1019.208913582246 
-1019.20892581693 
-1019.2089371824335 
-1019.2089459136304 
-1019.208954960064 
-1019.2089622228959 
-1019.2089674941933 
-1019.2089720973362 
-1019.2089760690606 
-1019.2089792228691 
-1019.2089814676904 
-1019.2089834738669 
-1019.208984912211 
-1019.2089859141048 
-1019.2089866434535 
-1019.2089871799407 
-1019.2089875372893 
-1019.2089877438241 
-1019.20898786236 
-1019.2089879116678 
-1019.2089879231485 
-1019.2089879230731 
-1019.2089879230729 
-1019.2089879230741 
-1019.2089879230756 
-1019.2089879230799 
-1019.2089879230791 
-1019.2089879230736 
-1019.2089879230807 
-1019.2089879230799 
-1019.2089879230768 
-1019.2089879230747 
-1019.2089879230729 
-1019.2089879230723 
-1019.2089879232346 
-1019.2089879242403 
-1019.2089879258731 
-1019.2089879291949 
-1019.2089879335255 
-1019.2089879390537 
-1019.2089879467162 
-1019.2089879562527 
-1019.2089879667748 
-1019.2089879822605 
-1019.2089880027872 
-1019.2089880258023 
-1019.2089880570629 
-1019.208988095883 
-1019.2089881464573 
-1019.2089882037474 
-1019.2089882803737 
-1019.2089883807764 
-1019.2089884939038 
-1019.2089886379971 
-1019.2089888053669 
-1019.2089890059424 
-1019.2089892313174 
-1019.2089894973229 
-1019.2089898108723 
-1019.208990133344 
-1019.2089905207226 
-1019.2089909353723 
-1019.2089913947705 
-1019.208991898067 
-1019.2089924401314 
-1019.2089930202338 
-1019.2089936069827 
-1019.2089942890221 
-1019.2089949533586 
-1019.2089956707661 
-1019.2089964546244 
-1019.2089972143972 
-1019.2089979991757 
-1019.2089987996126 
-1019.2089996931921 
-1019.2090005679244 
-1019.2090014615311 
-1019.2090024152802 
-1019.2090033555414 
-1019.2090043285723 
-1019.2090052673241 
-1019.209006220217 
-1019.2090071333049 
-1019.2090079421705 
-1019.209008439615 
-1019.2090262489683 
-1019.2090511631294 
-1019.2090814496019 
-1019.2091114545851 
-1019.2091487522981 
-1019.2091872087018 
-1019.2092239883219 
-1019.2092610587604 
-1019.2092999283174 
-1019.2093482782716 
-1019.209387763247 
-1019.2094365784784 
-1019.2094866785525 
-1019.209531008109 
-1019.2095751078862 
-1019.2096190511597 
-1019.2096718752057 
-1019.2097140660826 
-1019.2097646640246 
-1019.2098144030391 
-1019.2098563419222 
-1019.2098990656968 
-1019.2099424065099 
-1019.2099843149838 
-1019.2100177574113 
-1019.2100563214627 
-1019.2100945805217 
-1019.2101239530616 
-1019.2101565543486 
-1019.2101861752564 
-1019.2102116116156 
-1019.2102323439854 
-1019.2102547278674 
-1019.2102751155119 
-1019.2102903715058 
-1019.21030653278 
-1019.2103193775603 
-1019.2103286056304 
-1019.2103360971545 
-1019.2103430820315 
-1019.2103483283455 
-1019.2103520363804 
-1019.2103551397419 
-1019.2103574221294 
-1019.2103589273654 
-1019.2103599595496 
-1019.2103606905586 
-1019.210361193847 
-1019.210361474519 
-1019.2103616344361 
-1019.210361693922 
-1019.2103617076199 
-1019.21036170755 
-1019.2103617075509 
-1019.2103617075513 
-1019.2103617075514 
-1019.2103617075486 
-1019.2103617075508 
-1019.2103617075485 
-1019.2103617075468 
-1019.210361707548 
-1019.210361707551 
-1019.2103617075499 
-1019.2103617075489 
-1019.2103617075479 
-1019.2103617077101 
-1019.2103617087222 
-1019.210361710361 
-1019.2103617137069 
-1019.210361718081 
-1019.210361723795 
-1019.2103617316055 
-1019.2103617413682 
-1019.2103617523993 
-1019.210361768789 
-1019.2103617907752 
-1019.2103618157894 
-1019.210361850114 
-1019.2103618944423 
-1019.210361950946 
-1019.21036201702 
-1019.2103621062321 
-1019.2103622252473 
-1019.2103623593116 
-1019.2103625328874 
-1019.2103627451289 
-1019.2103629904351 
-1019.2103632782402 
-1019.2103636223258 
-1019.2103640325307 
-1019.210364452674 
-1019.210364968354 
-1019.2103655426258 
-1019.2103661521904 
-1019.210366849585 
-1019.2103676005751 
-1019.2103684257162 
-1019.2103692426083 
-1019.2103701959112 
-1019.2103712192863 
-1019.210372213519 
-1019.2103733354097 
-1019.2103744535348 
-1019.2103755867658 
-1019.2103767113207 
-1019.2103779460182 
-1019.2103792608507 
-1019.2103804530489 
-1019.2103818390991 
-1019.210383184987 
-1019.2103844754741 
-1019.2103858824969 
-1019.2103873001171 
-1019.2103888096714 
-1019.2103903021061 
-1019.2103919192883 
-1019.2103935445369 
-1019.2103952510404 
-1019.2103964247773 
-1019.2103971086902 
-1019.2103976981866 
-1019.2103982941849 
-1019.2103987127233 
-1019.2103990897815 
-1019.2103994524371 
-1019.2103997743154 
-1019.2104000409063 
-1019.2104002836019 
-1019.2104005367427 
-1019.2104007259757 
-1019.2104009073161 
-1019.2104010791716 
-1019.2104012186226 
-1019.2104013541019 
-1019.2104014710258 
-1019.2104015733121 
-1019.2104016567806 
-1019.2104017282251 
-1019.210401795369 
-1019.2104018397968 
-1019.210401885574 
-1019.2104019236779 
-1019.2104019443148 
-1019.2104019663283 
-1019.2104019767016 
-1019.2104019852071 
-1019.2104019855149 
-1019.2104019846884 
-1019.2104019833507 
-1019.2104019738298 
-1019.2104019685431 
-1019.2104019585081 
-1019.2104019476523 
-1019.2104019383083 
-1019.2104019278304 
-1019.2104019182719 
-1019.210401908724 
-1019.21040190148 
-1019.2104018932197 
-1019.2104018857282 
-1019.2104018807995 
-1019.2104018749312 
-1019.2104018696102 
-1019.21040186539 
-1019.2104018617052 
-1019.2104018585769 
-1019.2104018569706 
-1019.2104018559526 
-1019.2104018557858 
-1019.210401855787 
-1019.2104018557885 
-1019.2104018557885 
-1019.2104018557894 
-1019.2104018557914 
-1019.2104018557897 
-1019.2104018557882 
-1019.2104018557882 
-1019.2104018557885 
-1019.2104018557882 
-1019.2104018557867 
-1019.2104018557862 
-1019.2104018559521 
-1019.2104018569681 
-1019.210401858576 
-1019.2104018617115 
-1019.2104018654117 
-1019.2104018696771 
-1019.2104018750813 
-1019.2104018810479 
-1019.2104018860731 
-1019.2104018937813 
-1019.2104019024518 
-1019.2104019101665 
-1019.2104019204531 
-1019.2104019315207 
-1019.2104019438933 
-1019.2104019555401 
-1019.2104019706316 
-1019.2104019862048 
-1019.2104019989185 
-1019.2104020183986 
-1019.2104020329853 
-1019.2104020506542 
-1019.2104020681398 
-1019.2104020869879 
-1019.2104021055673 
-1019.2104021195911 
-1019.2104021457632 
-1019.2104021598883 
-1019.210402176696 
-1019.2104021976198 
-1019.2104022147845 
-1019.2104022325788 
-1019.2104022468441 
-1019.2104022721884 
-1019.2104022829816 
-1019.2104022976474 
-1019.210402320369 
-1019.2104023329206 
-1019.2104023476445 
-1019.2104023645824 
-1019.2104023809886 
-1019.210402391418 
-1019.2104024064562 
-1019.2104024287019 
-1019.2104024400685 
-1019.2104024546578 
-1019.2104024785286 
-1019.2104024921533 
-1019.210402511857 
-1019.2104025346428 
-1019.2104025656193 
-1019.2104026028757 
-1019.2104026485749 
-1019.2104027121753 
-1019.2104027638053 
-1019.2104028263323 
-1019.210402894035 
-1019.2104029557006 
-1019.2104030220323 
-1019.2104030895241 
-1019.2104031574426 
-1019.210403215637 
-1019.2104032817266 
-1019.2104033446129 
-1019.2104033976173 
-1019.2104034547223 
-1019.2104035106394 
-1019.2104035566934 
-1019.2104036051596 
-1019.210403655091 
-1019.2104036914172 
-1019.2104037267101 
-1019.2104037592222 
-1019.2104037898064 
-1019.2104038097808 
-1019.2104038322353 
-1019.2104038523063 
-1019.2104038591488 
-1019.210403870781 
-1019.2104038748977 
-1019.2104038769855 
-1019.2104038741479 
-1019.2104038707214 
-1019.2104038672717 
-1019.210403856682 
-1019.2104038505425 
-1019.2104038402825 
-1019.2104038290976 
-1019.2104038196717 
-1019.2104038091719 
-1019.2104037995913 
-1019.2104037900334 
-1019.2104037827918 
-1019.2104037745336 
-1019.2104037670445 
-1019.2104037621078 
-1019.2104037562415 
-1019.2104037509206 
-1019.2104037467001 
-1019.2104037430172 
-1019.2104037398889 
-1019.2104037382787 
-1019.2104037372625 
-1019.2104037370977 
-1019.2104037370959 
-1019.2104037370989 
-1019.2104037371023 
-1019.2104037371063 
-1019.2104037371079 
-1019.2104037370963 
-1019.2104037371095 
-1019.2104037371075 
-1019.2104037371039 
-1019.210403737101 
-1019.2104037370996 
-1019.2104037371006 
-1019.2104037372649 
-1019.2104037382811 
-1019.210403739892 
-1019.2104037430277 
-1019.2104037467258 
-1019.2104037509934 
-1019.210403756397 
-1019.2104037623615 
-1019.210403767387 
-1019.2104037750936 
-1019.2104037837641 
-1019.2104037914696 
-1019.2104038017636 
-1019.2104038128223 
-1019.2104038252048 
-1019.2104038368639 
-1019.2104038519478 
-1019.210403867551 
-1019.2104038802499 
-1019.2104038997601 
-1019.2104039144355 
-1019.2104039320722 
-1019.210403949576 
-1019.2104039685711 
-1019.2104039871625 
-1019.2104040011952 
-1019.2104040273492 
-1019.21040404173 
-1019.210404057771 
-1019.2104040787347 
-1019.2104040960321 
-1019.2104041131599 
-1019.2104041268353 
-1019.2104041517271 
-1019.2104041613792 
-1019.2104041736293 
-1019.2104041947665 
-1019.2104042061645 
-1019.2104042173486 
-1019.2104042310705 
-1019.2104042448525 
-1019.2104042500024 
-1019.2104042589083 
-1019.2104042749098 
-1019.2104042796525 
-1019.2104042840665 
-1019.2104042987129 
-1019.2104043009001 
-1019.2104043068213 
-1019.2104043147734 
-1019.2104043192601 
-1019.2104043247404 
-1019.2104043277279 
-1019.2104043338179 
-1019.2104043323517 
-1019.2104043343348 
-1019.2104043387862 
-1019.2104043301845 
-1019.2104043330366 
-1019.2104043317659 
-1019.2104043220193 
-1019.2104043175931 
-1019.2104043145785 
-1019.2104043061505 
-1019.2104042940216 
-1019.2104042865933 
-1019.2104042773825 
-1019.2104042584599 
-1019.2104042486034 
-1019.210404239286 
-1019.2104042166263 
-1019.2104042031999 
-1019.210404186862 
-1019.2104041700471 
-1019.2104041487527 
-1019.2104041332799 
-1019.210404118267 
-1019.2104040920665 
-1019.2104040774941 
-1019.210404058588 
-1019.2104040388887 
-1019.210404020528 
-1019.210404002695 
-1019.2104039871805 
-1019.2104039670501 
-1019.2104039539416 
-1019.2104039378914 
-1019.2104039223137 
-1019.2104039102707 
-1019.2104038976644 
-1019.2104038863467 
-1019.210403875843 
-1019.2104038680258 
-1019.2104038592387 
-1019.2104038514436 
-1019.2104038463652 
-1019.2104038403471 
-1019.2104038349003 
-1019.2104038306105 
-1019.2104038269006 
-1019.2104038237565 
-1019.2104038221448 
-1019.2104038211271 
-1019.2104038209613 
-1019.210403820961 
-1019.2104038209611 
-1019.2104038209618 
-1019.2104038209627 
-1019.2104038209624 
-1019.2104038209615 
-1019.2104038209623 
-1019.2104038209623 
-1019.2104038209608 
-1019.2104038209598 
-1019.2104038209596 
-1019.2104038209607 
-1019.2104038211271 
-1019.2104038221439 
-1019.2104038237546 
-1019.210403826898 
-1019.2104038306088 
-1019.2104038348976 
-1019.2104038403409 
-1019.2104038463547 
-1019.2104038514229 
-1019.2104038592 
-1019.210403867972 
-1019.2104038757617 
-1019.2104038862357 
-1019.2104038975198 
-1019.2104039100572 
-1019.2104039220307 
-1019.210403937526 
-1019.2104039534436 
-1019.2104039664124 
-1019.2104039864602 
-1019.2104040017176 
-1019.2104040193723 
-1019.2104040373647 
-1019.210404057018 
-1019.2104040753744 
-1019.2104040897161 
-1019.2104041158688 
-1019.2104041303992 
-1019.2104041456047 
-1019.2104041664139 
-1019.2104041833772 
-1019.210404199123 
-1019.2104042122269 
-1019.2104042352212 
-1019.2104042442403 
-1019.2104042540979 
-1019.2104042730516 
-1019.2104042823594 
-1019.2104042910889 
-1019.210404302892 
-1019.2104043130407 
-1019.2104043166662 
-1019.2104043220554 
-1019.2104043343006 
-1019.2104043362551 
-1019.2104043371717 
-1019.2104043474723 
-1019.2104043454794 
-1019.2104043474193 
-1019.2104043507231 
-1019.2104043498509 
-1019.2104043507896 
-1019.2104043491405 
-1019.2104043498268 
-1019.2104043453548 
-1019.2104043434886 
-1019.2104043440831 
-1019.21040433316 
-1019.2104043324781 
-1019.2104043293396 
-1019.2104043166919 
-1019.2104043103457 
-1019.2104043061909 
-1019.2104042945177 
-1019.2104042821799 
-1019.2104042732321 
-1019.2104042625697 
-1019.2104042429613 
-1019.2104042322808 
-1019.2104042226216 
-1019.2104041990276 
-1019.2104041853165 
-1019.2104041688242 
-1019.2104041513466 
-1019.210404130009 
-1019.2104041143909 
-1019.2104040991754 
-1019.2104040728514 
-1019.2104040582004 
-1019.2104040392912 
-1019.2104040194581 
-1019.2104040011195 
-1019.210403983286 
-1019.2104039677388 
-1019.2104039476064 
-1019.2104039344987 
-1019.210403918438 
-1019.2104039028666 
-1019.2104038908171 
-1019.2104038782087 
-1019.2104038668977 
-1019.2104038563934 
-1019.2104038485768 
-1019.2104038397908 
-1019.2104038319958 
-1019.2104038269189 
-1019.2104038209033 
-1019.2104038154574 
-1019.2104038111655 
-1019.2104038074556 
-1019.2104038043124 
-1019.2104038027011 
-1019.210403801685 
-1019.210403801519 
-1019.2104038015177 
-1019.2104038015223 
-1019.2104038015234 
-1019.2104038015253 
-1019.2104038015273 
-1019.2104038015183 
