2 3 0.05838324042043522 
3 4 0.0828540267624544 
4 5 0.10350506643567464 
5 6 0.1206437539197391 
6 7 0.1351185690380779 
7 8 0.14753123083777747 
8 9 0.158340174044531 
9 10 0.16788096520353696 
10 11 0.1763998731890407 
11 12 0.1840804148970705 
12 13 0.19106150306635894 
13 14 0.19745015762844315 
14 15 0.20333025615119524 
15 16 0.20876860412260806 
16 17 0.21381920065170312 
17 18 0.21852627860181817 
18 19 0.2229265059663283 
19 20 0.22705060555622225 
20 21 0.23092456650257198 
21 22 0.23457056272094484 
22 23 0.2380076587237012 
23 24 0.2412523598883699 
24 25 0.2443190453750116 
25 26 0.24722031286102059 
26 27 0.24996725613606802 
27 28 0.25256969017968833 
28 29 0.2550363352611541 
29 30 0.2573749687876029 
30 31 0.25959255142739623 
31 32 0.2616953324968554 
32 33 0.263688938580658 
33 34 0.2655784484369669 
34 35 0.26736845667849374 
35 36 0.2690631281549327 
36 37 0.27066624460222977 
37 38 0.2721812448221559 
38 39 0.2736112594203335 
39 40 0.2749591409395553 
40 41 0.2762274900816834 
41 42 0.27741867858780456 
42 43 0.27853486925046933 
43 44 0.279578033453437 
44 45 0.28054996656972125 
45 46 0.2814523014957736 
46 47 0.28228652055632153 
47 48 0.28305396597757515 
48 49 0.28375584909674856 
49 50 0.28439325844965246 
50 51 0.2849671668581364 
51 52 0.28547843761842273 
52 53 0.2859278298790323 
53 54 0.2863160032803942 
54 55 0.2866435219191521 
55 56 0.28691085768815416 
56 57 0.2871183930352431 
57 58 0.2872664231756178 
58 59 0.2873551577852063 
59 60 0.28738472219549316 
60 61 0.2873551581049727 
61 62 0.28726642381509215 
62 63 0.2871183939941991 
63 64 0.28691085896634255 
64 65 0.28664352351622036 
65 66 0.286316005195824 
66 67 0.2859278321121751 
67 68 0.2854784401686225 
68 69 0.28496716972451186 
69 70 0.28439326163113926 
70 71 0.2837558525919621 
71 72 0.28305396978499575 
72 73 0.28228652467384513 
73 74 0.28145230592070525 
74 75 0.2805499712986046 
75 76 0.27957803848194884 
76 77 0.27853487457325626 
77 78 0.2774186841982116 
78 79 0.2762274959717602 
79 80 0.2749591470997422 
80 81 0.2736112658392681 
81 82 0.2721812514860852 
82 83 0.270666251494629 
83 84 0.2690631352560702 
84 85 0.26736846396381786 
85 86 0.26557845587659173 
86 87 0.26368894613796223 
87 88 0.26169534012580925 
88 89 0.25959255906902684 
89 90 0.2573749763680187 
90 91 0.25503634267214903 
91 92 0.2525696972723157 
92 93 0.24996726272121517 
93 94 0.24722031874764078 
94 95 0.24431905040944218 
95 96 0.2412523639250672 
96 97 0.23800766158883688 
97 98 0.2345705643855967 
98 99 0.23092456705220427 
99 100 0.22705060489811668 
100 101 0.22292650395748062 
101 102 0.218526274866916 
102 103 0.213819194494716 
103 104 0.20876859505568765 
104 105 0.20333024392807175 
105 106 0.19745014198835206 
106 107 0.1910614835548261 
107 108 0.18408039125372389 
108 109 0.1763998458168312 
109 110 0.16788093613412702 
110 111 0.15834014817036257 
111 112 0.14753121787443804 
112 113 0.13511857940706945 
113 114 0.12064377695614559 
114 115 0.10350508938822174 
115 116 0.08285403898072921 
116 117 0.05838324545050992 
117 118 0.030969208391759973 
