-172.65880246827584 
-172.658802468276 
-172.65880246827666 
-172.65880246827754 
-172.65880246827857 
-172.65880246827925 
-172.6588024682804 
-172.65880246828104 
-172.65880246828243 
-172.65880246828334 
-172.65880246828385 
-172.65880246828516 
-172.65880246828604 
-172.65880246828706 
-172.65880246828814 
-172.65880246828908 
-172.65880246829008 
-172.65880246829116 
-172.65880246829224 
-172.65880246829283 
-172.6588024682939 
-172.65880246829488 
-172.65880246829636 
-172.6588024682971 
-172.6588024682976 
-172.65880246829857 
-172.65880246829974 
-172.65880246830062 
-172.65880246830162 
-172.65880246830193 
-172.6588024683038 
-172.65880246830443 
-172.65880246830562 
-172.65880246830622 
-172.65880246830716 
-172.65880246830852 
-172.65880246830946 
-172.65880246831048 
-172.65880246831153 
-172.65880246831273 
-172.65880246831367 
-172.65880246831463 
-172.65880246831526 
-172.6588024683164 
-172.65880246831688 
-172.65880246831782 
-172.65880246831904 
-172.65880246831932 
-172.6588024683205 
-172.65880246832182 
-172.65880246832347 
-172.65880246832674 
-172.6588024683327 
-172.6588024683382 
-172.65880246838285 
-172.6588024684322 
-172.65880246843406 
-172.65880246843588 
-172.6588024684333 
-172.65880246843497 
-172.65880246843386 
-172.65880246843412 
-172.65880246843398 
-172.6588024684347 
-172.65880246843443 
-172.65880246843497 
-172.65880246843545 
-172.6588024684354 
-172.65880246843537 
-172.6588024684351 
-172.65880246843537 
-172.658802468435 
-172.65880246843483 
-172.6588024684352 
-172.65880246843517 
-172.65880246843514 
-172.65880246843517 
-172.6588024684351 
-172.65880246843514 
-172.65880246843489 
-172.65880246843483 
-172.65880246843463 
-172.65880246843423 
-172.65880246843446 
-172.6588024684347 
-172.65880246843454 
-172.65880246843435 
-172.65880246843437 
-172.6588024684343 
-172.6588024684342 
-172.65880246843435 
-172.65880246843415 
-172.6588024684342 
-172.65880246843406 
-172.65880246843383 
-172.65880246843363 
-172.6588024684343 
-172.65880246843383 
-172.658802468434 
-172.65880246843386 
-172.65880246843355 
-172.65880246843358 
-172.65880246843383 
-172.65880246843335 
-172.65880246843346 
-172.65880246843312 
-172.65880246843292 
-172.65880246843307 
-172.6588024684331 
-172.65880246843298 
-172.6588024684331 
-172.65880246843327 
-172.65880246843346 
-172.65880246843338 
-172.65880246843338 
-172.65880246843344 
-172.65880246843457 
-172.65880246843557 
-172.65880246843622 
-172.65880246843741 
-172.6588024684385 
-172.6588024684392 
-172.65880246844034 
-172.6588024684413 
-172.65880246844173 
-172.6588024684428 
-172.65880246844404 
-172.6588024684443 
-172.65880246844497 
-172.65880246844623 
-172.65880246844713 
-172.6588024684479 
-172.65880246844858 
-172.65880246844958 
-172.65880246845032 
-172.6588024684511 
-172.65880246845208 
-172.65880246845313 
-172.6588024684539 
-172.65880246845518 
-172.65880246845546 
-172.65880246845646 
-172.65880246845745 
-172.65880246845825 
-172.65880246845919 
-172.65880246846004 
-172.65880246846078 
-172.65880246846174 
-172.6588024684628 
-172.65880246846365 
-172.6588024684641 
-172.65880246846498 
-172.6588024684658 
-172.65880246846743 
-172.65880246846748 
-172.65880246846842 
-172.65880246846936 
-172.6588024684702 
-172.6588024684709 
-172.65880246847175 
-172.6588024684725 
-172.6588024684733 
-172.65880246847482 
-172.6588024684752 
-172.65880246847595 
-172.65880246847718 
-172.6588024684806 
-172.65880246848343 
-172.6588024684897 
-172.65880246849568 
-172.65880246854056 
-172.6588024685903 
-172.65880246859223 
-172.65880246859183 
-172.6588024685914 
-172.65880246859277 
-172.658802468592 
-172.65880246859336 
-172.65880246859237 
-172.65880246859183 
-172.6588024685919 
-172.65880246859226 
-172.65880246859282 
-172.658802468592 
-172.65880246859177 
-172.65880246859172 
-172.65880246859186 
-172.65880246859135 
-172.6588024685912 
-172.65880246859155 
-172.6588024685915 
-172.6588024685913 
-172.65880246859132 
-172.6588024685914 
-172.65880246859135 
-172.65880246859138 
-172.65880246859138 
-172.65880246859172 
-172.6588024685915 
-172.6588024685921 
-172.65880246859209 
-172.6588024685918 
-172.65880246859183 
-172.65880246859206 
-172.65880246859186 
-172.65880246859192 
-172.65880246859192 
-172.6588024685922 
-172.65880246859223 
-172.658802468592 
-172.65880246859223 
-172.65880246859226 
-172.65880246859203 
-172.65880246859217 
-172.65880246859209 
-172.6588024685923 
-172.65880246859217 
-172.65880246859223 
-172.65880246859228 
-172.65880246859257 
-172.65880246859237 
-172.65880246859248 
-172.65880246859282 
-172.65880246859263 
-172.65880246859257 
-172.65880246859257 
-172.65880246859297 
-172.65880246859265 
-172.65880246859274 
-172.65880246859268 
-172.65880246859257 
-172.6588024685927 
-172.65880246859263 
-172.65880246859228 
-172.6588024685925 
-172.6588024685925 
-172.65880246859257 
-172.65880246859243 
-172.6588024685923 
-172.6588024685923 
-172.65880246859234 
-172.6588024685923 
-172.65880246859263 
-172.65880246859254 
-172.65880246859248 
-172.65880246859246 
-172.65880246859263 
-172.65880246859274 
-172.65880246859265 
-172.65880246859254 
-172.65880246859243 
-172.6588024685925 
-172.6588024685928 
-172.65880246859297 
-172.6588024685928 
-172.65880246859274 
-172.65880246859282 
-172.65880246859285 
-172.65880246859302 
-172.65880246859294 
-172.65880246859314 
-172.6588024685928 
-172.65880246859294 
-172.65880246859297 
-172.6588024685931 
-172.65880246859305 
-172.65880246859282 
-172.65880246859285 
-172.658802468593 
-172.65880246859308 
-172.65880246859325 
-172.6588024685933 
-172.65880246859325 
-172.65880246859334 
-172.65880246859376 
-172.6588024685936 
-172.6588024685936 
-172.65880246859376 
-172.65880246859376 
-172.65880246859362 
-172.65880246859356 
-172.65880246859348 
-172.6588024685935 
-172.65880246859328 
-172.6588024685934 
-172.65880246859413 
-172.65880246859305 
-172.65880246859354 
-172.65880246859254 
-172.65880246859382 
-172.65880246859186 
-172.658802468594 
-172.6588024685935 
-172.65880246859294 
-172.6588024685927 
-172.65880246859336 
-172.65880246859422 
-172.65880246859325 
-172.65880246859336 
-172.65880246859345 
-172.65880246859362 
-172.6588024685935 
-172.65880246859345 
-172.65880246859334 
-172.65880246859322 
-172.65880246859305 
-172.65880246859308 
-172.6588024685933 
-172.65880246859285 
-172.6588024685927 
-172.65880246859274 
-172.65880246859294 
-172.6588024685924 
-172.65880246859234 
-172.65880246859234 
-172.6588024685924 
-172.65880246859223 
-172.65880246859234 
-172.6588024685919 
-172.65880246859177 
-172.65880246859192 
-172.6588024685919 
-172.65880246859194 
-172.65880246859243 
-172.65880246859217 
-172.65880246859203 
-172.6588024685918 
-172.65880246859174 
-172.65880246859183 
-172.65880246859163 
-172.65880246859186 
-172.65880246859166 
-172.6588024685915 
-172.65880246859138 
-172.658802468591 
-172.6588024685915 
-172.6588024685916 
-172.6588024685912 
-172.65880246859092 
-172.65880246859084 
-172.65880246859084 
-172.6588024685907 
-172.65880246859098 
-172.65880246859092 
-172.65880246859032 
-172.65880246859044 
-172.6588024685903 
-172.65880246859027 
-172.6588024685901 
-172.65880246859012 
-172.65880246859007 
-172.6588024685901 
-172.65880246858993 
-172.65880246859024 
-172.65880246859012 
-172.65880246858987 
-172.6588024685897 
-172.65880246858998 
-172.65880246859007 
-172.65880246858978 
-172.65880246859012 
-172.6588024685899 
-172.65880246858939 
-172.65880246858939 
-172.65880246858939 
-172.65880246858927 
-172.658802468589 
-172.6588024685893 
-172.65880246858924 
-172.65880246858913 
-172.658802468589 
-172.6588024685892 
-172.6588024685891 
-172.65880246858924 
-172.65880246858904 
-172.65880246858882 
-172.65880246858893 
-172.65880246858885 
-172.65880246858882 
-172.658802468589 
-172.658802468589 
-172.658802468589 
-172.658802468589 
-172.6588024685891 
-172.65880246858887 
-172.6588024685889 
-172.65880246858896 
-172.65880246858907 
-172.658802468589 
-172.65880246858896 
-172.65880246858896 
-172.6588024685888 
-172.65880246858862 
-172.65880246858848 
-172.6588024685891 
-172.65880246858896 
-172.65880246858882 
-172.65880246858913 
-172.65880246858913 
-172.6588024685887 
-172.6588024685883 
-172.6588024685889 
-172.65880246858822 
-172.65880246858853 
-172.65880246858842 
-172.65880246858862 
-172.6588024685881 
