-217.74165204257312 
-217.7492057121871 
-217.77204246823786 
-217.7764633817072 
-217.7793892178016 
-217.78651394714797 
-217.80749380320606 
-217.80935164243326 
-217.8180842088663 
-217.8331959516354 
-217.84446472324814 
-217.8458161907752 
-217.85727709557688 
-217.87546171170882 
-217.88048757021934 
-217.88372354128026 
-217.89126132895782 
-217.90864536927174 
-217.91055779061176 
-217.9179328366742 
-217.9255285997889 
-217.93616120336938 
-217.93709421498423 
-217.94446184595577 
-217.95177958345286 
-217.9578290306179 
-217.95783760335888 
-217.95783760335945 
-217.9578376033585 
-217.95783760335905 
-217.95783760335954 
-217.95783760608344 
-217.95785951505974 
-217.95789155210738 
-217.9579151544914 
-217.95795699630006 
-217.95811138022754 
-217.95822156405305 
-217.95829148184814 
-217.95841231292917 
-217.9587007387003 
-217.95886059711518 
-217.95899351545734 
-217.9592759165911 
-217.959560898814 
-217.95973566174314 
-217.95991323950875 
-217.9604157674521 
-217.9607409508277 
-217.96090612899127 
-217.96113430593306 
-217.96171219029432 
-217.96198838924232 
-217.96213903523505 
-217.96238770837334 
-217.9623877083734 
-217.96461931743684 
-217.9768496918107 
-217.99713379807608 
-218.00126631996005 
-218.00763125546428 
-218.01487850416248 
-218.03351565388698 
-218.035375852777 
-218.04854473996062 
-218.0621883467202 
-218.07200172297775 
-218.07382471414152 
-218.08796785350253 
-218.1041525971706 
-218.10849945600825 
-218.1129175907451 
-218.12099896321558 
-218.13642448371832 
-218.1381469213185 
-218.14712035543056 
-218.15450456808458 
-218.16395030437576 
-218.16491997099527 
-218.17308204162714 
-218.18004772458167 
-218.18553464750758 
-218.1855435983711 
-218.18554359837154 
-218.1855435983709 
-218.1855435983713 
-218.18554359837125 
-218.1855436011306 
-218.18556464227575 
-218.1855965196057 
-218.18562066192393 
-218.18566351131125 
-218.18580902071344 
-218.18591902931962 
-218.18599409718814 
-218.18611762079647 
-218.1864286358426 
-218.18659890231544 
-218.1867508226709 
-218.18704454878778 
-218.18739804951986 
-218.1876060816681 
-218.1878340033882 
-218.18842680988755 
-218.18883921465067 
-218.18908337929574 
-218.18942640357747 
-218.19049409518945 
-218.19097663802046 
-218.19136066664458 
-218.19209611988063 
-218.1931262538349 
-218.19376971324164 
-218.19508076952917 
-218.19516348299194 
-218.19523785390396 
-218.19530494647157 
-218.19534860097497 
-218.19539702971952 
-218.19543196899718 
-218.19546738244983 
-218.19549372511193 
-218.19551836424105 
-218.19553679200683 
-218.19555226132195 
-218.1955653201836 
-218.19557623576847 
-218.1955876981969 
-218.19559485643666 
-218.19559985348792 
-218.19560363592052 
-218.19560776799014 
-218.1956100202855 
-218.19561135856796 
-218.1956121302301 
-218.19561258080458 
-218.19561258090258 
-218.1956125809026 
-218.19561258090263 
-218.19561258090272 
-218.19561258090158 
-218.19561258090332 
-218.19561258090292 
-218.1956125809029 
-218.19561258090292 
-218.19561258090215 
-218.19561258228546 
-218.1956125851504 
-218.19561259082272 
-218.19561260061687 
-218.19561261675886 
-218.19561263959227 
-218.19561266633423 
-218.19561270597515 
-218.1956127674267 
-218.1956128359022 
-218.19561291904844 
-218.19561302395186 
-218.19561313864838 
-218.19561328957553 
-218.1956134441071 
-218.1956136173226 
-218.19561378784675 
-218.19561398092495 
-218.19561417446621 
-218.19561434790245 
-218.1956144855489 
-218.19561448554907 
-218.19562564834038 
-218.1956416922081 
-218.19565735256367 
-218.19567427193456 
-218.19569956561074 
-218.1957202529042 
-218.19574201242276 
-218.19575939367377 
-218.19578013712393 
-218.19579631390533 
-218.19581441587962 
-218.19583007801288 
-218.1958440099902 
-218.1958539175044 
-218.1958631812062 
-218.1958748506574 
-218.19588189628658 
-218.19588655124295 
-218.19589018737574 
-218.1958944515054 
-218.19589672231467 
-218.19589814537304 
-218.19589896317854 
-218.19589943243318 
-218.19589943253433 
-218.19589943253425 
-218.19589943253413 
-218.19589943253447 
-218.195899432534 
-218.19589943253476 
-218.19589943253536 
-218.19589943253493 
-218.1958994325346 
-218.19589943253467 
-218.19589943392867 
-218.195899436873 
-218.19589944279932 
-218.1958994525949 
-218.19589946854904 
-218.1958994923794 
-218.19589952030222 
-218.1958995616033 
-218.19589962760134 
-218.19589970187542 
-218.19589979077455 
-218.1958999028412 
-218.19590003161602 
-218.19590020095464 
-218.19590037143325 
-218.19590058674825 
-218.19590079632545 
-218.19590104127113 
-218.19590132185803 
-218.19590163720645 
-218.1959019360063 
-218.19590225132862 
-218.195902617328 
-218.19590307758423 
-218.1959030940296 
-218.1959031031426 
-218.19590310851916 
-218.1959031123468 
-218.19590311534623 
-218.1959031174852 
-218.19590311907905 
-218.19590312047495 
-218.19590312153514 
-218.19590312234556 
-218.1959031229791 
-218.1959031234492 
-218.19590312376218 
-218.19590312402462 
-218.1959031241925 
-218.19590312429872 
-218.1959031243601 
-218.19590312440124 
-218.19590312441824 
-218.1959031244233 
-218.19590312442298 
-218.19590312442307 
-218.19590312442304 
-218.19590312442367 
-218.19590312442267 
-218.19590312442315 
-218.19590312442222 
-218.19590312442318 
-218.19590312442324 
-218.19590312442378 
-218.19590312442344 
-218.19590312442324 
-218.19590312442293 
-218.19590312442304 
-218.1959031244236 
-218.19590312442443 
-218.19590312442548 
-218.1959031244266 
-218.19590312442804 
-218.1959031244303 
-218.19590312443316 
-218.1959031244364 
-218.1959031244405 
-218.1959031244459 
-218.19590312445175 
-218.19590312445823 
-218.19590312446587 
-218.1959031244737 
-218.19590312448256 
-218.1959031244933 
-218.19590312450387 
-218.19590312451268 
-218.19590312452297 
-218.19590312452243 
-218.19590312590893 
-218.19590312751376 
-218.19590312923012 
-218.19590313080684 
-218.19590313243881 
-218.19590313409094 
-218.19590313561324 
-218.1959031368931 
-218.19590313799134 
-218.19590313903205 
-218.19590313986194 
-218.19590314056526 
-218.19590314111238 
-218.19590314153126 
-218.19590314182352 
-218.19590314206505 
-218.1959031422264 
-218.19590314232866 
-218.195903142389 
-218.19590314242865 
-218.19590314244547 
-218.1959031424508 
-218.1959031424509 
-218.19590314245096 
-218.1959031424509 
-218.19590314245136 
-218.19590314245076 
-218.19590314245175 
-218.1959031424492 
-218.1959031424519 
-218.1959031424509 
-218.19590314245127 
-218.1959031424511 
-218.19590314245113 
-218.19590314245102 
-218.19590314245087 
-218.19590314245167 
-218.19590314245158 
-218.19590314245247 
-218.195903142454 
-218.19590314245565 
-218.19590314245826 
-218.19590314246088 
-218.19590314246398 
-218.19590314246756 
-218.19590314247245 
-218.19590314247807 
-218.19590314248472 
-218.19590314249206 
-218.19590314250033 
-218.19590314250888 
-218.19590314251892 
-218.19590314252963 
-218.19590314253833 
-218.19590314254816 
-218.19590314255882 
-218.1959031425689 
-218.19590314257673 
-218.19590314257792 
-218.19590314257653 
-218.1959031425754 
-218.19590314257218 
-218.1959031425686 
-218.1959031425651 
-218.19590314256163 
-218.19590314255754 
-218.19590314255387 
-218.1959031425503 
-218.1959031425467 
-218.19590314254395 
-218.19590314254137 
-218.19590314253912 
-218.19590314253745 
-218.19590314253625 
-218.1959031425352 
-218.19590314253406 
-218.19590314253352 
-218.19590314253261 
-218.1959031425326 
-218.195903142533 
-218.19590314253344 
-218.1959031425335 
-218.1959031425339 
-218.19590314253344 
-218.1959031425329 
-218.19590314253412 
-218.19590314253347 
-218.19590314253333 
-218.1959031425329 
-218.19590314253287 
-218.1959031425328 
-218.19590314253264 
-218.19590314253355 
-218.19590314253398 
-218.19590314253477 
-218.19590314253566 
-218.19590314253745 
-218.19590314253915 
-218.1959031425416 
-218.19590314254378 
-218.19590314254637 
-218.19590314254987 
-218.1959031425534 
-218.19590314255734 
-218.19590314256163 
-218.19590314256502 
-218.19590314256826 
-218.19590314257147 
-218.19590314257496 
-218.19590314257627 
-218.19590314257846 
-218.19590314257866 
-218.1959031425796 
-218.1959031425782 
-218.1959031425774 
-218.19590314257556 
-218.19590314257383 
-218.1959031425703 
-218.19590314256683 
-218.1959031425635 
-218.1959031425588 
-218.1959031425552 
-218.19590314255106 
-218.1959031425474 
-218.19590314254373 
-218.19590314254032 
-218.19590314253784 
-218.19590314253566 
-218.19590314253372 
-218.1959031425324 
-218.19590314253105 
-218.19590314253026 
-218.19590314252954 
-218.19590314252898 
-218.19590314252906 
-218.195903142529 
-218.19590314252878 
-218.19590314252827 
-218.195903142528 
-218.19590314252804 
-218.19590314252818 
