-270.16662269344357 
-270.1805473415952 
-270.2179074797999 
-270.2247867186788 
-270.2269834478253 
-270.2758078390695 
-270.2881456780874 
-270.2918414221249 
-270.2989146203794 
-270.3451797137196 
-270.35528717761645 
-270.3574154555448 
-270.38652249216443 
-270.4011386883485 
-270.4088085208762 
-270.4122784474362 
-270.4559448807363 
-270.46767352329033 
-270.4709798810672 
-270.4808721685325 
-270.5017860376114 
-270.5118177649309 
-270.5135574286313 
-270.5301833056954 
-270.54118532164597 
-270.54922274783377 
-270.5492540121834 
-270.5492540121835 
-270.5492540121825 
-270.5492540121833 
-270.5492540121833 
-270.5492540356676 
-270.5492934755671 
-270.5493631308424 
-270.54942494956373 
-270.54951082559904 
-270.54966066042624 
-270.5498391952406 
-270.55000573421336 
-270.55016755459246 
-270.5504919432847 
-270.55075348115923 
-270.5510769985369 
-270.55141474581615 
-270.55184625230544 
-270.5523263571996 
-270.5526451371017 
-270.5534387657491 
-270.554006218159 
-270.5545960246214 
-270.5549412770571 
-270.55563824335525 
-270.5562509418783 
-270.55668737146243 
-270.5572862199658 
-270.5572862199652 
-270.5619390161689 
-270.57274748468075 
-270.60263971276834 
-270.61511702340465 
-270.61767507834537 
-270.65497383327016 
-270.66863414249804 
-270.6763161491689 
-270.6817614049005 
-270.71980042133623 
-270.73310895660603 
-270.7362056069491 
-270.7592074977344 
-270.7736424075852 
-270.78490014142284 
-270.7878672793692 
-270.8246377958354 
-270.83802039833955 
-270.84265552183757 
-270.85080387443656 
-270.87014947310377 
-270.8822486378081 
-270.88408148991425 
-270.8987275078374 
-270.9099376649389 
-270.9194535306707 
-270.91948370193165 
-270.9194837019315 
-270.9194837019312 
-270.9194837019314 
-270.9194837019318 
-270.91948372617225 
-270.9195288897653 
-270.9196023251863 
-270.9196660370159 
-270.919760644103 
-270.9199325115703 
-270.9201231848085 
-270.9202959927905 
-270.9205091431241 
-270.92086096065935 
-270.9211365979754 
-270.9214775140898 
-270.92197127125877 
-270.9224498120628 
-270.92295036783395 
-270.9233843226764 
-270.9242922248152 
-270.92493143041384 
-270.92561820624127 
-270.92623672975947 
-270.92719669244445 
-270.9280711472051 
-270.92889737003304 
-270.930558474894 
-270.9320912307688 
-270.93385562664565 
-270.93608171586305 
-270.93630661848215 
-270.93652482396186 
-270.9367017925761 
-270.9368203880275 
-270.93689964750473 
-270.9369898599845 
-270.93708990962153 
-270.9371441352983 
-270.93719090535285 
-270.9372416535776 
-270.9372886688488 
-270.9373177724521 
-270.93734683804803 
-270.9373786121662 
-270.9373956139092 
-270.9374089726661 
-270.9374210335573 
-270.93743373433244 
-270.93743969389294 
-270.9374433330525 
-270.93744646988216 
-270.9374479252447 
-270.93744792635033 
-270.9374479263505 
-270.93744792635056 
-270.937447926351 
-270.9374479263506 
-270.93744792635124 
-270.93744792635084 
-270.9374479263508 
-270.93744792635107 
-270.9374479263521 
-270.93744793208214 
-270.93744794679316 
-270.9374479723716 
-270.9374480054748 
-270.937448064483 
-270.93744814499854 
-270.93744823771203 
-270.93744836652075 
-270.93744856575256 
-270.9374487802794 
-270.9374490218078 
-270.9374493286627 
-270.93744974053664 
-270.9374501135395 
-270.93745053883526 
-270.93745104509185 
-270.93745163807534 
-270.93745214031185 
-270.9374526691574 
-270.93745318773256 
-270.937453643018 
-270.93745364301793 
-270.93748214928985 
-270.9375194043868 
-270.93755991717484 
-270.9376203554464 
-270.9376741521901 
-270.93771629867 
-270.9377629720777 
-270.93780655561386 
-270.9378583532241 
-270.93789164002357 
-270.93793537139777 
-270.9379732896451 
-270.9380065188833 
-270.9380326380654 
-270.93805486666025 
-270.93807919802805 
-270.93809240204035 
-270.9381052898421 
-270.9381149870984 
-270.9381260578343 
-270.9381314209774 
-270.9381348198561 
-270.938137610146 
-270.93813892631886 
-270.9381389273859 
-270.938138927387 
-270.938138927387 
-270.938138927387 
-270.9381389273857 
-270.93813892738723 
-270.93813892738643 
-270.93813892738643 
-270.93813892738564 
-270.938138927386 
-270.9381389330893 
-270.9381389474534 
-270.9381389723343 
-270.93813900595984 
-270.93813906974214 
-270.9381391505593 
-270.9381392501762 
-270.93813938252697 
-270.93813958971646 
-270.93813982008027 
-270.938140092406 
-270.93814042487526 
-270.9381408408488 
-270.93814125558055 
-270.9381417685105 
-270.93814239472886 
-270.9381430442528 
-270.93814373669846 
-270.9381445092708 
-270.93814535316665 
-270.938146236398 
-270.93814726737065 
-270.93814832577306 
-270.9381496932591 
-270.93814975016886 
-270.93814977940997 
-270.93814980057664 
-270.93814981639 
-270.9381498282916 
-270.93814983675526 
-270.9381498442218 
-270.93814985085595 
-270.93814985540536 
-270.9381498590606 
-270.93814986207457 
-270.9381498646732 
-270.93814986622493 
-270.93814986743666 
-270.9381498682883 
-270.93814986888316 
-270.93814986924235 
-270.93814986947575 
-270.93814986958597 
-270.9381498696192 
-270.9381498696186 
-270.9381498696186 
-270.93814986961877 
-270.93814986961905 
-270.9381498696192 
-270.9381498696194 
-270.9381498696178 
-270.93814986961934 
-270.93814986961894 
-270.93814986961894 
-270.93814986961826 
-270.938149869618 
-270.9381498696181 
-270.9381498696183 
-270.9381498696214 
-270.93814986962445 
-270.93814986962866 
-270.9381498696361 
-270.93814986964446 
-270.93814986965526 
-270.9381498696674 
-270.93814986968397 
-270.9381498697071 
-270.9381498697315 
-270.93814986975866 
-270.93814986978964 
-270.9381498698297 
-270.9381498698707 
-270.9381498699114 
-270.9381498699618 
-270.93814987001133 
-270.9381498700631 
-270.93814987009927 
-270.93814987009216 
-270.93814987491817 
-270.93814988121215 
-270.93814988807515 
-270.93814989461515 
-270.9381499010079 
-270.9381499071623 
-270.93814991340224 
-270.9381499183545 
-270.93814992338145 
-270.9381499279075 
-270.93814993145475 
-270.9381499343067 
-270.93814993679626 
-270.93814993902123 
-270.9381499404271 
-270.93814994151336 
-270.938149942291 
-270.9381499428634 
-270.9381499432096 
-270.9381499434377 
-270.9381499435442 
-270.9381499435761 
-270.9381499435755 
-270.93814994357547 
-270.9381499435758 
-270.93814994357604 
-270.9381499435758 
-270.93814994357666 
-270.93814994357587 
-270.9381499435763 
-270.93814994357643 
-270.9381499435767 
-270.93814994357604 
-270.9381499435761 
-270.9381499435758 
-270.93814994357655 
-270.9381499435787 
-270.9381499435817 
-270.93814994358644 
-270.93814994359326 
-270.93814994360224 
-270.93814994361304 
-270.93814994362623 
-270.9381499436426 
-270.9381499436656 
-270.93814994369086 
-270.93814994371763 
-270.9381499437501 
-270.9381499437907 
-270.93814994383325 
-270.9381499438753 
-270.9381499439282 
-270.9381499439775 
-270.93814994402953 
-270.9381499440766 
-270.9381499441352 
-270.93814994419154 
-270.93814994423724 
-270.93814994424133 
-270.9381499442463 
-270.9381499442385 
-270.9381499442258 
-270.93814994421257 
-270.938149944201 
-270.9381499441855 
-270.938149944165 
-270.93814994415106 
-270.9381499441354 
-270.938149944121 
-270.9381499441057 
-270.9381499440939 
-270.93814994408507 
-270.9381499440764 
-270.9381499440686 
-270.9381499440633 
-270.9381499440591 
-270.9381499440556 
-270.9381499440529 
-270.9381499440529 
-270.9381499440529 
-270.93814994405307 
-270.93814994405363 
-270.9381499440536 
-270.93814994405307 
-270.93814994405244 
-270.9381499440527 
-270.93814994405375 
-270.93814994405415 
-270.9381499440531 
-270.93814994405255 
-270.93814994405204 
-270.9381499440522 
-270.93814994405557 
-270.9381499440584 
-270.93814994406256 
-270.9381499440679 
-270.9381499440759 
-270.93814994408456 
-270.93814994409394 
-270.938149944106 
-270.9381499441213 
-270.9381499441358 
-270.9381499441516 
-270.93814994416545 
-270.93814994418653 
-270.93814994420285 
-270.9381499442151 
-270.93814994422974 
-270.9381499442439 
-270.93814994425395 
-270.9381499442541 
-270.93814994426435 
-270.9381499442667 
-270.9381499442642 
-270.9381499442539 
-270.93814994425315 
-270.938149944242 
-270.9381499442278 
-270.93814994421297 
-270.9381499442007 
-270.93814994418517 
-270.938149944164 
-270.9381499441497 
-270.9381499441343 
-270.938149944119 
-270.93814994410315 
-270.93814994409126 
-270.93814994408103 
-270.93814994407194 
-270.938149944065 
-270.93814994405926 
-270.93814994405506 
-270.9381499440523 
-270.93814994404994 
-270.9381499440498 
-270.93814994404966 
-270.9381499440497 
-270.9381499440497 
-270.93814994404954 
-270.9381499440492 
-270.93814994404846 
