2 -0.5243771007391187 
3 -0.5615252076980636 
4 -0.5818016625442631 
5 -0.5875271690573863 
6 -0.5837579807119649 
7 -0.5743792504755222 
8 -0.5640363683795822 
9 -0.5564371729934207 
10 -0.5536228202685035 
11 -0.5555644971842627 
12 -0.5605414362108628 
13 -0.5660440088753473 
14 -0.5698385511091517 
15 -0.5707625873172224 
16 -0.5689834838368173 
17 -0.5656989412181852 
18 -0.5624839705009557 
19 -0.5605998125746813 
20 -0.5605485697579116 
21 -0.5620136688341058 
22 -0.5641424979178092 
23 -0.5659896233069776 
24 -0.5669059843397308 
25 -0.5667278740908448 
26 -0.5657353391441513 
27 -0.5644478647735142 
28 -0.5633767920376092 
29 -0.5628426509391693 
30 -0.5629138488956137 
31 -0.5634540171766018 
32 -0.5642201709326707 
33 -0.5649570152469214 
34 -0.5654600171984159 
35 -0.5656078793122399 
36 -0.5653752425296623 
37 -0.5648342739687201 
38 -0.5641455315930131 
39 -0.5635289675379793 
40 -0.5632053755290601 
41 -0.56331572520634 
42 -0.5638507544001689 
43 -0.5646316240937473 
44 -0.5653626771837552 
45 -0.5657426786639609 
46 -0.5655922453325861 
47 -0.5649430649855656 
48 -0.5640429435677452 
49 -0.5632629152715394 
50 -0.5629402880802027 
51 -0.5632279810358585 
52 -0.5640205665638421 
53 -0.5649917144583729 
54 -0.5657288459145154 
55 -0.565910112304936 
56 -0.5654481116295906 
57 -0.5645337727895664 
58 -0.5635563503463145 
59 -0.5629343953418381 
60 -0.5629343986800041 
61 -0.5635563585000848 
62 -0.5645337815173933 
63 -0.56544811746667 
64 -0.5659101154518458 
65 -0.5657288508870026 
66 -0.5649917279172004 
67 -0.5640205933208083 
68 -0.5632280204978304 
69 -0.5629403335159004 
70 -0.5632629565847657 
71 -0.5640429723397434 
72 -0.5649430791391784 
73 -0.5655922512000184 
74 -0.5657426888374671 
75 -0.5653627044718201 
76 -0.5646316738996734 
77 -0.5638508204766561 
78 -0.5633157939197928 
79 -0.5632054366188735 
80 -0.5635290216256761 
81 -0.5641455863724666 
82 -0.5648343341750116 
83 -0.5653753045950582 
84 -0.5656079362912537 
85 -0.5654600640437706 
86 -0.5649570480136945 
87 -0.5642201851226264 
88 -0.5634540093879847 
89 -0.5629138233525124 
90 -0.5628426025400146 
91 -0.5633768193934592 
92 -0.5644479142131282 
93 -0.5657353538024146 
94 -0.5667278924747868 
95 -0.5669059627239152 
96 -0.5659896216092292 
97 -0.564142498047386 
98 -0.5620136682550769 
99 -0.5605485742841455 
100 -0.5605998214768808 
101 -0.562483985779326 
102 -0.5656989480401408 
103 -0.5689834844413945 
104 -0.5707625801671774 
105 -0.569838539237434 
106 -0.5660439945110882 
107 -0.5605414254658752 
108 -0.5555644949608487 
109 -0.5536228213581463 
110 -0.5564371746102798 
111 -0.5640363715002321 
112 -0.5743792499440773 
113 -0.5837579777938544 
114 -0.5875271603271419 
115 -0.581801653805267 
116 -0.5615251979663018 
117 -0.5243770925162282 
