2 -0.999611456053716 
3 0.9997276312092704 
4 -0.9999778176382331 
5 0.9999890281974939 
6 -0.9999978593844865 
7 0.9999991533681611 
8 -0.9999997140912698 
9 0.9999998821871219 
10 -0.9999999490747169 
11 0.9999999765916205 
12 -0.999999988621934 
13 0.9999999942864745 
14 -0.9999999970212916 
15 0.9999999984095806 
16 -0.999999999129736 
17 0.9999999995149268 
18 -0.9999999997249568 
19 0.9999999998418043 
20 -0.9999999999078454 
21 0.9999999999457188 
22 -0.9999999999677052 
23 0.9999999999806236 
24 -0.9999999999882815 
25 0.9999999999928627 
26 -0.9999999999956254 
27 0.9999999999973029 
28 -0.9999999999983291 
29 0.9999999999989595 
30 -0.9999999999993492 
31 0.9999999999995913 
32 -0.9999999999997425 
33 0.9999999999998376 
34 -0.9999999999998973 
35 0.9999999999999333 
36 -0.9999999999999585 
37 0.9999999999999728 
38 -0.9999999999999829 
39 0.9999999999999889 
40 -0.9999999999999932 
41 0.999999999999996 
42 -0.9999999999999978 
43 0.9999999999999986 
44 -0.9999999999999994 
45 0.9999999999999996 
46 -0.9999999999999999 
47 0.9999999999999998 
48 -1.0 
49 1.0 
50 -1.0000000000000002 
51 1.0000000000000002 
52 -0.9999999999999998 
53 0.9999999999999998 
54 -1.0000000000000004 
55 0.9999999999999997 
56 -1.0 
57 1.0000000000000002 
58 -1.0 
59 1.0000000000000002 
60 -0.9999999999999998 
61 1.0000000000000002 
62 -1.0000000000000002 
63 0.9999999999999997 
64 -1.0000000000000002 
65 1.0000000000000002 
66 -1.0000000000000004 
67 1.0 
68 -1.0000000000000002 
69 1.0000000000000002 
70 -1.0000000000000004 
71 0.9999999999999997 
72 -0.9999999999999992 
73 0.9999999999999986 
74 -0.9999999999999992 
75 0.9999999999999991 
76 -0.9999999999999984 
77 0.999999999999998 
78 -0.9999999999999962 
79 0.9999999999999953 
80 -0.9999999999999909 
81 0.9999999999999853 
82 -0.9999999999999749 
83 0.9999999999999591 
84 -0.9999999999999329 
85 0.9999999999998936 
86 -0.999999999999831 
87 0.9999999999997332 
88 -0.9999999999995789 
89 0.9999999999993336 
90 -0.9999999999989366 
91 0.9999999999982991 
92 -0.9999999999972641 
93 0.999999999995577 
94 -0.9999999999927982 
95 0.9999999999881973 
96 -0.9999999999805025 
97 0.9999999999675403 
98 -0.999999999945446 
99 0.9999999999074158 
100 -0.9999999998410758 
101 0.9999999997240175 
102 -0.9999999995136513 
103 0.9999999991282083 
104 -0.9999999984078433 
105 0.9999999970195391 
106 -0.9999999942844537 
107 0.9999999886196219 
108 -0.9999999765882605 
109 0.9999999490711194 
110 -0.9999998821819438 
111 0.9999997140842043 
112 -0.9999991533603056 
113 0.9999978593762641 
114 -0.999989028189792 
115 0.9999778176316392 
116 -0.9997276312044064 
117 0.9996114560510965 
