-646.2164031150628 
-646.3905926716877 
-646.457464503781 
-646.4653130838112 
-646.5985196983718 
-646.7009289950463 
-646.7306209933255 
-646.740105903058 
-646.8869497903913 
-646.9406777617318 
-646.9472759537891 
-646.9921096129278 
-647.0732548683679 
-647.0969241300254 
-647.110512013979 
-647.2250308788645 
-647.2700230343876 
-647.276400338999 
-647.3199505485721 
-647.3895995017115 
-647.40877017412 
-647.425391867293 
-647.5199235741218 
-647.5597882137008 
-647.5660497270426 
-647.6176469957546 
-647.681945633871 
-647.6970955329698 
-647.7169730584958 
-647.8039603119055 
-647.8394149971688 
-647.8457474439904 
-647.9227264083286 
-647.9819836885478 
-647.9940031100476 
-648.0166214539663 
-648.1430979922671 
-648.1749528282761 
-648.1837151678106 
-648.2244443950659 
-648.2845870754074 
-648.2984653820674 
-648.3150088356058 
-648.4124047059765 
-648.4450854761299 
-648.4537267035141 
-648.4862721485046 
-648.5467381068493 
-648.5639152211498 
-648.5718462893377 
-648.6314151598364 
-648.6646996004478 
-648.673450920594 
-648.6894679319494 
-648.7375774092046 
-648.7669210729387 
-648.7671278385386 
-648.7671278385387 
-648.7671278385385 
-648.7671278385388 
-648.7671278385388 
-648.7671282514563 
-648.7673980988792 
-648.7677907826059 
-648.7680910039975 
-648.7685115532553 
-648.7693729311882 
-648.7700257532023 
-648.7706303180777 
-648.7714585640547 
-648.773085366805 
-648.7740726075443 
-648.7751511708034 
-648.7772379731192 
-648.7790630827399 
-648.780654306374 
-648.7827913560021 
-648.7860188071547 
-648.7879838093 
-648.7899600659787 
-648.7937560245583 
-648.7967034363841 
-648.7996827840566 
-648.8040154916949 
-648.8095043022579 
-648.8125890390048 
-648.8151847228033 
-648.8210880880517 
-648.8243992271244 
-648.8275336253135 
-648.8331097455435 
-648.8384378583665 
-648.8420474070336 
-648.8447291950562 
-648.8513892661869 
-648.8555613256901 
-648.8589175950272 
-648.8658471733643 
-648.8721207981343 
-648.8764526722905 
-648.8796167890675 
-648.8874222685555 
-648.8930714023202 
-648.8967900356085 
-648.9058808142333 
-648.913436437182 
-648.9187673697969 
-648.9231939443747 
-648.9322891324433 
-648.9398531476803 
-648.9438400548754 
-648.9541447967416 
-648.9619394227298 
-648.9682335206081 
-648.9724518784313 
-648.9724518784315 
-649.0213318128165 
-649.0957394338636 
-649.1156141138748 
-649.1298895662311 
-649.2171271322765 
-649.2599879719561 
-649.2697301258863 
-649.3089853533379 
-649.3863058153923 
-649.4071078333856 
-649.4167655264565 
-649.4742965335 
-649.5161984275419 
-649.5253132875586 
-649.5601729882912 
-649.6331246573917 
-649.654527652074 
-649.6623591164271 
-649.7311968103869 
-649.7732510593747 
-649.7819549724103 
-649.8146381495926 
-649.884091194113 
-649.9063698678236 
-649.9136516525507 
-649.990973016673 
-650.034844795965 
-650.043034190722 
-650.0759522902468 
-650.1461064178477 
-650.1688996784966 
-650.1763858483872 
-650.2833146114734 
-650.3263300423969 
-650.3342773388191 
-650.3669254202671 
-650.4700366381039 
-650.4928207164102 
-650.5034084037567 
-650.5546894891224 
-650.6026001348558 
-650.6123010279955 
-650.6344981073239 
-650.7231746997404 
-650.7491896486221 
-650.7581032366057 
-650.7969483712028 
-650.8496939943344 
-650.8628857562181 
-650.8724804556995 
-650.9374467222785 
-650.9666270233276 
-650.9749323070912 
-650.9927983102 
-651.038869841355 
-651.0648683541699 
-651.065086426331 
-651.0650864263303 
-651.0650864263287 
-651.0650864263299 
-651.06508642633 
-651.0650868297877 
-651.0653416020672 
-651.0657276865968 
-651.0660226765818 
-651.0663865618916 
-651.0671945384031 
-651.0678759845391 
-651.0685143264992 
-651.069209008171 
-651.0708741041099 
-651.0718123770564 
-651.0727659056955 
-651.0746004664376 
-651.0764054409215 
-651.0780692401775 
-651.0797491271268 
-651.0828398931012 
-651.0845804140741 
-651.0862904042117 
-651.089233663111 
-651.0918263019914 
-651.0945867364101 
-651.0974172370327 
-651.1018913080568 
-651.1041085051656 
-651.1065327331106 
-651.1102207550545 
-651.11289848689 
-651.1157089959365 
-651.1187273779675 
-651.1229018195121 
-651.1250234656034 
-651.1274305131446 
-651.1309200197585 
-651.133867638516 
-651.1366723801717 
-651.1397206712844 
-651.1440520726786 
-651.1462118424249 
-651.1485563710901 
-651.1519674940375 
-651.1551976043213 
-651.158062289851 
-651.1612249678224 
-651.1657817478133 
-651.1684390097112 
-651.1708305712883 
-651.1745831755529 
-651.1784737591729 
-651.1816767418511 
-651.1854630285399 
-651.1916054397602 
-651.1955602218148 
-651.1992134386625 
-651.2070797082733 
-651.2154519946056 
-651.230738943964 
-651.2322580624926 
-651.2340450352505 
-651.2362777541041 
-651.2372459940711 
-651.2384091920624 
-651.2397662539573 
-651.2407746029768 
-651.2415165264348 
-651.24237706338 
-651.2432220585235 
-651.2437065845565 
-651.244397130283 
-651.2452950522799 
-651.245862487995 
-651.2463642179371 
-651.2470223025718 
-651.2476671673837 
-651.2480500200368 
-651.2486144984597 
-651.2494277773657 
-651.2498788570573 
-651.2503525456116 
-651.2510094893802 
-651.2515924370038 
-651.2519410189418 
-651.2524926825142 
-651.2533742508525 
-651.2537705607969 
-651.2542793181763 
-651.2550639460788 
-651.2556533582011 
-651.2560809159711 
-651.2566467191223 
-651.2576078848805 
-651.2580654861937 
-651.2585529150709 
-651.2592966905744 
-651.2598250214108 
-651.2602476005346 
-651.2606821010176 
-651.2613612934406 
-651.2617169643427 
-651.2620682012546 
-651.2625161845205 
-651.2628128908802 
-651.2630608465716 
-651.2632607339567 
-651.2634611290596 
-651.2635611868467 
-651.2636328583275 
-651.2637136548205 
-651.2637410181054 
-651.2637410807972 
-651.2637410807972 
-651.2637410807973 
-651.2637410807966 
-651.2637410807968 
-651.2637410807976 
-651.2637410807972 
-651.2637410807977 
-651.2637410807977 
-651.263741080855 
-651.2637411852922 
-651.2637415305155 
-651.2637420327006 
-651.2637427377463 
-651.2637444484092 
-651.2637463730616 
-651.2637487086716 
-651.2637528908349 
-651.2637602851897 
-651.2637663357928 
-651.2637747329051 
-651.2637918588148 
-651.2638067988576 
-651.2638223452686 
-651.2638475140902 
-651.2638801075 
-651.2639075012884 
-651.2639437771912 
-651.263998054691 
-651.2640523175462 
-651.2641136289654 
-651.2641852463119 
-651.2642551916674 
-651.2643384295857 
-651.264422761129 
-651.2645175411998 
-651.2646377449179 
-651.2647581940357 
-651.26486384259 
-651.2649631132612 
-651.265102248295 
-651.2652341853424 
-651.2653727745552 
-651.2655865471736 
-651.265774827647 
-651.2659523126069 
-651.2661695634646 
-651.2664189453247 
-651.2666838761511 
-651.2670082510954 
-651.2674685409447 
-651.2678981378895 
-651.268376097433 
-651.2690043484007 
-651.2695703318504 
-651.270170159151 
-651.2708324257267 
-651.2714326556195 
-651.2718869072307 
-651.2722190349618 
-651.2724676217244 
-651.2724676217238 
-651.2743957989501 
-651.2764197267933 
-651.2788640136117 
-651.28129640789 
-651.2836368305701 
-651.2859818564066 
-651.288835865762 
-651.2914100172812 
-651.2935025930274 
-651.2957664372261 
-651.2983746133424 
-651.3003092088791 
-651.3023166001298 
-651.3046776594058 
-651.3067615090611 
-651.3085629345079 
-651.3103679666249 
-651.3132306876674 
-651.3147791759806 
-651.3166053030643 
-651.3187815711151 
-651.3209317377655 
-651.3227378760403 
-651.3244973834236 
-651.3274589634606 
-651.3290807329001 
-651.3308764359717 
-651.3329940013413 
-651.3350893919536 
-651.3367326384565 
-651.3383300204739 
-651.3409874548863 
-651.3424629456431 
-651.3439513080049 
-651.345592710911 
-651.3470859274433 
-651.3482730288682 
-651.349253861613 
-651.3506915835745 
-651.3516909158618 
-651.3525706977344 
-651.3533668288446 
-651.3540613453937 
-651.3546470881068 
-651.3551329264423 
-651.3557240908688 
-651.3560895110742 
-651.3564226569258 
-651.3566508275726 
-651.3568495059054 
-651.3569669371249 
-651.3570495269844 
-651.3571332720268 
-651.3571627243048 
-651.357162776695 
-651.3571627766962 
-651.3571627766971 
-651.357162776698 
-651.3571627766923 
-651.3571627766974 
-651.3571627766966 
-651.3571627766953 
-651.3571627766953 
-651.3571627767444 
-651.3571628903306 
-651.3571632816286 
-651.3571639074883 
-651.3571647438223 
-651.3571665885638 
-651.3571690376735 
-651.3571724174716 
-651.3571772274832 
-651.3571864827767 
-651.3571962452961 
-651.3572078499808 
-651.3572252809696 
-651.3572470988494 
-651.3572706152002 
-651.3573016607918 
-651.3573515700415 
-651.3573979057893 
-651.3574430362271 
-651.3575052666141 
-651.3575858267063 
-651.3576550110288 
-651.3577414545248 
-651.3578776182989 
-651.3579817421053 
-651.3580914514481 
-651.3582600447402 
-651.3584296630586 
-651.35858066284 
-651.3587834930008 
-651.3591594011839 
-651.3594200934065 
-651.35977576636 
-651.360374024305 
-651.3610516318189 
-651.3618320313205 
-651.3627818999868 
-651.3642397524792 
-651.3659046535403 
-651.3677223697727 
-651.3697665160721 
-651.3728472555331 
-651.3761537580579 
-651.3800365555244 
-651.3842191282149 
-651.3898871224059 
-651.3947660908012 
-651.4000865835408 
-651.407845257312 
-651.4151282991816 
-651.4223547544747 
-651.4299757985104 
-651.439512628873 
-651.4485159184626 
-651.4695705249266 
-651.4724044615525 
-651.4744340503611 
-651.4762516122944 
-651.4776504372536 
-651.4787475205311 
-651.4798125051035 
-651.4808444990095 
-651.4817647337079 
-651.482510215517 
-651.4834276373377 
-651.4844466549953 
-651.4852562501829 
-651.4863016081142 
-651.4873889121711 
-651.4883230423585 
-651.4891208201777 
-651.4901859354432 
-651.4914437541939 
-651.4923133669599 
-651.493530835311 
-651.4948363007096 
-651.4958274946094 
-651.4967374996022 
-651.4978704651279 
-651.4990780430244 
-651.4998585047822 
-651.5009119370338 
-651.502014228077 
-651.5027633574255 
-651.5034289861055 
-651.5041549767527 
-651.5047544352707 
-651.505097185247 
-651.5054931500549 
-651.5057879560061 
-651.5059643428561 
-651.5060786568539 
-651.5061797362516 
-651.5062407489673 
-651.5062734369716 
-651.5062988636718 
-651.5063141186955 
-651.5063233118858 
-651.5063276478287 
-651.5063304386413 
-651.5063319326591 
-651.5063325867443 
-651.5063329011405 
-651.5063329922657 
-651.506333011575 
-651.5063330115589 
-651.5063330115581 
-651.5063330115586 
-651.5063330115578 
-651.5063330115574 
-651.5063330115596 
-651.5063330115561 
-651.5063330115577 
-651.5063330115581 
-651.5063330115574 
-651.5063330115582 
-651.5063330115579 
-651.506333011558 
-651.5063330115819 
-651.5063330117398 
-651.5063330119925 
-651.5063330124493 
-651.5063330131266 
-651.5063330138945 
-651.5063330151557 
-651.5063330168756 
-651.5063330192312 
-651.5063330227733 
-651.5063330282268 
-651.5063330375324 
-651.506333050825 
-651.5063330770239 
-651.5063331177591 
-651.5063331889456 
-651.5063333029024 
-651.5063335351986 
-651.5063338563555 
-651.5063343248826 
-651.5063350993945 
-651.5063361528163 
-651.5063375013883 
-651.5063391151532 
-651.5063412084162 
-651.5063435484082 
-651.5063460630122 
-651.506348692698 
-651.5063514031709 
-651.5063540392794 
-651.5063568036677 
-651.5063596999561 
-651.5063624497785 
-651.5063653560246 
-651.506368467652 
-651.5063715925854 
-651.506374521688 
-651.5063779477819 
-651.5063816292463 
-651.5063852752521 
-651.5063897557884 
-651.5063951776812 
-651.5064002449113 
-651.5064067232645 
-651.5064164712987 
-651.5064265019602 
-651.5064380231453 
-651.5064513016632 
-651.5064633824987 
-651.5064719411976 
-651.5064765841857 
-651.5065260173716 
-651.5065861515696 
-651.5066579105627 
-651.5067209855725 
-651.5067851214712 
-651.5068515901561 
-651.5069302953143 
-651.507003144488 
-651.5070756253377 
-651.5071515626391 
-651.5072412174237 
-651.5073465574063 
-651.5074380159915 
-651.507556659954 
-651.5077102853259 
-651.5078471517277 
-651.5080022458365 
-651.5081912010361 
-651.5084184569737 
-651.5086011718948 
-651.5088923114618 
-651.5091507462348 
-651.5093903132225 
-651.5096005832814 
-651.5098238525502 
-651.5099933211732 
-651.5101088180003 
-651.5102324258282 
-651.5103234811958 
-651.5103842102927 
-651.5104332601136 
-651.5104800350905 
-651.5105100512371 
-651.5105290116425 
-651.5105483307599 
-651.5105609484617 
-651.5105686107025 
-651.5105745599344 
-651.5105798900984 
-651.5105834027017 
-651.5105854729676 
-651.5105871774176 
-651.5105882192645 
-651.5105889299506 
-651.5105893647568 
-651.5105896913992 
-651.5105899015779 
-651.5105900276652 
-651.5105901000554 
-651.510590141752 
-651.5105901581553 
-651.5105901620108 
-651.5105901619878 
-651.5105901619893 
-651.510590161989 
-651.5105901619881 
-651.510590161988 
-651.5105901619877 
-651.5105901619878 
-651.5105901619892 
-651.510590161989 
-651.5105901619891 
-651.51059016199 
-651.5105901619895 
-651.5105901619884 
-651.5105901620148 
-651.5105901621741 
-651.5105901624275 
-651.5105901628785 
-651.5105901635325 
-651.5105901642453 
-651.5105901653575 
-651.5105901667966 
-651.5105901684793 
-651.5105901708004 
-651.510590173888 
-651.5105901783201 
-651.5105901836125 
-651.5105901912874 
-651.5105902020775 
-651.5105902157954 
-651.5105902329406 
-651.5105902572916 
-651.51059029047 
-651.5105903313736 
-651.5105903868578 
-651.510590463948 
-651.5105905664758 
-651.5105907053724 
-651.5105909005239 
-651.5105911772913 
-651.5105915325757 
-651.5105920418524 
-651.5105927607307 
-651.510593790198 
-651.5105951219344 
-651.5105968735573 
-651.5105992246544 
-651.5106017774524 
-651.5106044375214 
-651.5106071873917 
-651.5106098314551 
-651.5106121463563 
-651.51061432931 
-651.5106163807245 
-651.510618381558 
-651.5106202354258 
-651.5106219574432 
-651.5106236399706 
-651.5106252734131 
-651.5106269988162 
-651.5106286619445 
-651.5106305334143 
-651.5106323666063 
-651.5106344542726 
-651.5106366123962 
-651.5106390662611 
-651.5106418797651 
-651.5106440982411 
-651.5106459786732 
-651.510647483926 
-651.5106490427218 
-651.510650670911 
-651.5106519571849 
-651.5106531663533 
-651.5106544615783 
-651.5106554541242 
-651.5106562743639 
-651.5106569891034 
-651.5106575871501 
-651.5106580171474 
-651.5106583821366 
-651.5106586540769 
-651.51065887616 
-651.5106590351826 
-651.5106591641464 
-651.5106592677629 
-651.5106593440244 
-651.5106594040142 
-651.5106594530613 
-651.5106594884279 
-651.5106595144301 
-651.5106595396286 
-651.5106595581346 
-651.5106595712068 
-651.5106595813961 
-651.5106595915968 
-651.5106595956247 
-651.5106595994583 
-651.5106596028859 
-651.5106596042831 
-651.5106596043554 
-651.5106596038111 
-651.5106596035511 
-651.5106596020095 
-651.5106596005438 
-651.5106595991018 
-651.5106595976694 
-651.510659596293 
-651.5106595950393 
-651.5106595940716 
-651.510659593131 
-651.5106595923359 
-651.5106595918135 
-651.5106595912825 
-651.5106595908625 
-651.5106595906188 
-651.5106595904589 
-651.5106595904336 
-651.5106595904341 
-651.510659590434 
-651.5106595904319 
-651.5106595904322 
-651.5106595904323 
-651.5106595904319 
-651.5106595904322 
-651.5106595904318 
-651.5106595904325 
-651.5106595904326 
-651.5106595904331 
-651.510659590433 
-651.5106595904588 
-651.5106595906188 
-651.5106595908634 
-651.510659591285 
-651.510659591822 
-651.5106595923565 
-651.5106595931807 
-651.5106595941687 
-651.5106595952399 
-651.5106595966566 
-651.510659598344 
-651.5106596002336 
-651.5106596023945 
-651.5106596050582 
-651.5106596081068 
-651.5106596107246 
-651.5106596142903 
-651.5106596183725 
-651.5106596222729 
-651.5106596257041 
-651.5106596309405 
-651.5106596364922 
-651.5106596406712 
-651.5106596459017 
-651.5106596525693 
-651.5106596582199 
-651.5106596625802 
-651.5106596696747 
-651.5106596767831 
-651.5106596823142 
-651.5106596877077 
-651.5106596965556 
-651.5106597032116 
-651.5106597092085 
-651.5106597168113 
-651.5106597250087 
-651.5106597325013 
-651.510659739636 
-651.5106597510639 
-651.5106597603938 
-651.5106597727604 
-651.5106597860363 
-651.5106598025561 
-651.510659818509 
-651.5106598411487 
-651.5106598595484 
-651.5106598833614 
-651.5106599103989 
-651.5106599396998 
-651.5106599684741 
-651.510660001554 
-651.5106600527592 
-651.5106600995646 
-651.5106601570885 
-651.5106602083329 
-651.5106602695745 
-651.510660321695 
-651.5106603769437 
-651.5106604265472 
-651.5106604710414 
-651.5106605143867 
-651.5106605513654 
-651.5106605885568 
-651.5106606212101 
-651.5106606529242 
-651.5106606779565 
-651.5106607060625 
-651.5106607339176 
-651.5106607596549 
-651.5106607833637 
-651.5106608105078 
-651.5106608331388 
-651.510660853454 
-651.5106608718226 
-651.510660889107 
-651.5106609006384 
-651.5106609087342 
-651.5106609182417 
-651.5106609236254 
-651.5106609265789 
-651.510660928341 
-651.5106609304282 
-651.510660929462 
-651.5106609279411 
-651.510660927183 
-651.5106609254047 
-651.5106609229109 
-651.5106609203945 
-651.5106609185735 
-651.5106609160283 
-651.5106609137152 
-651.5106609117595 
-651.5106609099844 
-651.5106609083774 
-651.5106609069932 
-651.510660905944 
-651.5106609049616 
-651.510660904144 
-651.5106609036092 
-651.5106609030727 
-651.5106609026524 
-651.5106609024069 
-651.5106609022454 
-651.510660902219 
-651.510660902219 
-651.5106609022196 
-651.5106609022196 
-651.510660902219 
-651.5106609022189 
-651.5106609022188 
-651.5106609022201 
-651.5106609022181 
-651.5106609022182 
-651.5106609022193 
-651.5106609022204 
-651.5106609022198 
-651.5106609022454 
-651.5106609024076 
-651.5106609026536 
-651.5106609030745 
-651.5106609036126 
-651.5106609041491 
-651.510660904974 
-651.5106609059634 
-651.5106609070372 
-651.5106609084572 
-651.5106609101505 
-651.5106609120444 
-651.5106609142108 
-651.5106609168782 
-651.5106609199341 
-651.5106609225486 
-651.5106609261059 
-651.5106609301799 
-651.5106609340404 
-651.5106609374718 
-651.5106609426267 
-651.5106609481146 
-651.5106609522348 
-651.5106609573597 
-651.5106609639246 
-651.5106609694141 
-651.5106609736875 
-651.510660980635 
-651.5106609875389 
-651.5106609930161 
-651.5106609981035 
-651.5106610065912 
-651.5106610128774 
-651.5106610181126 
-651.5106610249242 
-651.5106610316267 
-651.5106610376338 
-651.510661041389 
-651.5106610493267 
-651.5106610534453 
-651.5106610585235 
-651.5106610627818 
-651.5106610689894 
-651.5106610729032 
-651.5106610772484 
-651.5106610807918 
-651.5106610840938 
-651.5106610883755 
-651.5106610913737 
-651.510661095636 
-651.5106610961653 
-651.5106610999889 
-651.5106611011839 
-651.5106611052436 
-651.5106611042766 
-651.5106611076569 
-651.5106611059662 
-651.5106611070454 
-651.5106611070544 
-651.510661106285 
-651.5106611055623 
-651.5106611018217 
-651.5106611009434 
-651.5106610975386 
-651.5106610956179 
-651.5106610892576 
-651.5106610869927 
-651.5106610820643 
-651.5106610763088 
-651.5106610706688 
-651.510661065864 
-651.5106610601389 
-651.5106610519873 
-651.5106610472076 
-651.510661041941 
-651.5106610349108 
-651.5106610279042 
-651.5106610236044 
-651.5106610178921 
-651.5106610112482 
-651.5106610059822 
-651.5106610018017 
-651.5106609960678 
-651.5106609908031 
-651.5106609873045 
-651.5106609833344 
-651.5106609791745 
-651.510660975546 
-651.5106609728638 
-651.5106609697476 
-651.51066096704 
-651.510660964839 
-651.5106609629171 
-651.5106609612034 
-651.5106609597701 
-651.5106609586871 
-651.5106609576897 
-651.5106609568601 
-651.510660956321 
-651.5106609557826 
-651.5106609553625 
-651.5106609551171 
-651.5106609549579 
-651.5106609549324 
-651.5106609549332 
-651.5106609549331 
-651.510660954936 
-651.5106609549375 
-651.5106609549365 
-651.510660954931 
-651.5106609549362 
-651.5106609549366 
-651.5106609549351 
-651.5106609549332 
-651.5106609549332 
-651.5106609549322 
-651.5106609549571 
-651.5106609551168 
-651.5106609553615 
-651.5106609557824 
-651.5106609563207 
-651.510660956859 
-651.510660957689 
-651.5106609586848 
-651.5106609597674 
-651.5106609611971 
-651.5106609629066 
-651.5106609648217 
-651.5106609670132 
-651.5106609697127 
-651.5106609728126 
-651.51066097548 
-651.5106609790818 
-651.5106609832167 
-651.5106609871589 
-651.5106609906077 
-651.5106609958481 
-651.5106610015149 
-651.5106610056607 
-651.5106610108304 
-651.5106610173998 
-651.5106610230275 
-651.5106610272549 
-651.5106610341655 
-651.510661041071 
-651.5106610463084 
-651.5106610510236 
-651.5106610591695 
-651.5106610650361 
-651.5106610698244 
-651.5106610757279 
-651.5106610817331 
-651.5106610871147 
-651.5106610901524 
-651.5106610969458 
-651.5106611002795 
-651.5106611046435 
-651.5106611074192 
-651.5106611125041 
-651.5106611151457 
-651.5106611183643 
-651.5106611197623 
-651.5106611212735 
-651.5106611242132 
-651.5106611246164 
-651.5106611266604 
-651.5106611250483 
-651.5106611266297 
-651.510661124762 
-651.510661126605 
-651.5106611242426 
-651.510661124095 
-651.5106611207892 
-651.5106611193445 
-651.510661117387 
-651.5106611145153 
-651.5106611113501 
-651.5106611060345 
-651.5106611032011 
-651.5106610983145 
-651.5106610946531 
-651.5106610874727 
-651.5106610841951 
-651.5106610785401 
-651.5106610721971 
-651.510661065995 
-651.5106610610073 
-651.5106610549614 
-651.5106610467354 
-651.5106610418013 
-651.5106610364538 
-651.5106610294075 
-651.510661022359 
-651.5106610180352 
-651.5106610123069 
-651.5106610056721 
-651.5106610004032 
-651.5106609962087 
-651.5106609904886 
-651.5106609852285 
-651.5106609817274 
-651.5106609777612 
-651.5106609736026 
-651.5106609699778 
-651.5106609672963 
-651.5106609641808 
-651.5106609614734 
-651.510660959271 
-651.5106609573503 
-651.5106609556367 
-651.5106609542023 
-651.5106609531194 
-651.5106609521224 
-651.5106609512934 
-651.510660950754 
-651.5106609502158 
-651.5106609497936 
-651.5106609495483 
-651.5106609493878 
-651.5106609493621 
-651.510660949365 
-651.5106609493653 
-651.5106609493656 
-651.5106609493678 
-651.5106609493673 
-651.5106609493629 
