-176.51499258072707 
-176.51499258072676 
-176.5149925807369 
-176.51499258074693 
-176.5149925807574 
-176.51499258076717 
-176.5149925807774 
-176.51499258078744 
-176.51499258079767 
-176.51499258080776 
-176.5149925808178 
-176.51499258082765 
-176.51499258083788 
-176.51499258084814 
-176.51499258085812 
-176.51499258086804 
-176.5149925808784 
-176.51499258088845 
-176.51499258089848 
-176.51499258090868 
-176.51499258091889 
-176.51499258092895 
-176.51499258093935 
-176.5149925809494 
-176.5149925809597 
-176.51499258096973 
-176.51499258097985 
-176.5149925809901 
-176.51499258099997 
-176.5149925810103 
-176.51499258102086 
-176.51499258103075 
-176.51499258104138 
-176.51499258105162 
-176.51499258106153 
-176.51499258107182 
-176.51499258108214 
-176.5149925810925 
-176.5149925811027 
-176.51499258111272 
-176.5149925811226 
-176.51499258113273 
-176.51499258114265 
-176.514992581153 
-176.51499258116306 
-176.51499258117286 
-176.5149925811831 
-176.51499258119352 
-176.5149925812036 
-176.51499258121342 
-176.5149925812243 
-176.51499258124136 
-176.51499258125966 
-176.51499258129283 
-176.51499258144273 
-176.51499258147888 
-176.51499258148124 
-176.5149925814819 
-176.51499258148058 
-176.5149925814812 
-176.51499258148152 
-176.51499258148073 
-176.5149925814813 
-176.51499258148087 
-176.51499258148144 
-176.5149925814811 
-176.51499258148104 
-176.51499258148095 
-176.51499258148127 
-176.5149925814812 
-176.51499258148095 
-176.51499258148098 
-176.51499258148107 
-176.5149925814811 
-176.514992581481 
-176.5149925814811 
-176.5149925814813 
-176.5149925814814 
-176.51499258148112 
-176.51499258148118 
-176.5149925814813 
-176.5149925814809 
-176.51499258148104 
-176.51499258148087 
-176.5149925814809 
-176.5149925814804 
-176.51499258148036 
-176.51499258148024 
-176.5149925814802 
-176.51499258148033 
-176.51499258148033 
-176.51499258148024 
-176.51499258148024 
-176.51499258148024 
-176.51499258148024 
-176.5149925814801 
-176.51499258148013 
-176.51499258148013 
-176.51499258148002 
-176.51499258148013 
-176.51499258147993 
-176.5149925814798 
-176.51499258147973 
-176.51499258147976 
-176.51499258147987 
-176.5149925814799 
-176.51499258147996 
-176.51499258148 
-176.51499258148 
-176.51499258148004 
-176.51499258148016 
-176.51499258148004 
-176.51499258148027 
-176.51499258148013 
-176.51499258148002 
-176.51499258147985 
-176.5149925814901 
-176.5149925815005 
-176.514992581511 
-176.51499258152097 
-176.5149925815307 
-176.51499258154092 
-176.51499258155079 
-176.51499258156082 
-176.51499258157085 
-176.51499258158088 
-176.51499258159083 
-176.51499258160052 
-176.5149925816107 
-176.5149925816206 
-176.51499258163062 
-176.5149925816411 
-176.51499258165114 
-176.51499258166146 
-176.51499258167155 
-176.51499258168207 
-176.5149925816923 
-176.514992581702 
-176.51499258171188 
-176.5149925817221 
-176.51499258173183 
-176.514992581742 
-176.51499258175204 
-176.51499258176202 
-176.51499258177205 
-176.51499258178245 
-176.5149925817925 
-176.51499258180252 
-176.51499258181246 
-176.51499258182298 
-176.514992581833 
-176.51499258184361 
-176.51499258185416 
-176.51499258186396 
-176.51499258187374 
-176.51499258188443 
-176.51499258189455 
-176.5149925819041 
-176.5149925819144 
-176.51499258192442 
-176.5149925819344 
-176.51499258194454 
-176.51499258195471 
-176.51499258196512 
-176.5149925819754 
-176.5149925819863 
-176.51499258199675 
-176.51499258201437 
-176.51499258203185 
-176.5149925820659 
-176.51499258221563 
-176.5149925822514 
-176.5149925822536 
-176.51499258225402 
-176.51499258225346 
-176.5149925822537 
-176.51499258225417 
-176.51499258225456 
-176.51499258225445 
-176.51499258225428 
-176.5149925822538 
-176.51499258225445 
-176.51499258225482 
-176.51499258225465 
-176.51499258225422 
-176.5149925822543 
-176.51499258225437 
-176.51499258225405 
-176.51499258225408 
-176.51499258225428 
-176.51499258225456 
-176.51499258225425 
-176.5149925822547 
-176.5149925822547 
-176.5149925822545 
-176.51499258225468 
-176.51499258225485 
-176.51499258225476 
-176.5149925822546 
-176.5149925822543 
-176.5149925822542 
-176.51499258225456 
-176.51499258225448 
-176.51499258225434 
-176.5149925822545 
-176.5149925822546 
-176.51499258225476 
-176.51499258225454 
-176.51499258225493 
-176.5149925822552 
-176.5149925822553 
-176.51499258225567 
-176.51499258225562 
-176.51499258225593 
-176.51499258225604 
-176.51499258225599 
-176.51499258225604 
-176.5149925822561 
-176.5149925822561 
-176.51499258225607 
-176.51499258225644 
-176.51499258225653 
-176.5149925822568 
-176.51499258225692 
-176.51499258225718 
-176.5149925822571 
-176.51499258225726 
-176.51499258225724 
-176.5149925822574 
-176.5149925822576 
-176.5149925822577 
-176.51499258225775 
-176.51499258225783 
-176.51499258225795 
-176.51499258225752 
-176.5149925822575 
-176.5149925822579 
-176.51499258225775 
-176.51499258225772 
-176.51499258225743 
-176.51499258225726 
-176.51499258225726 
-176.5149925822574 
-176.51499258225738 
-176.5149925822572 
-176.51499258225698 
-176.51499258225712 
-176.5149925822572 
-176.514992582257 
-176.51499258225775 
-176.5149925822576 
-176.51499258225786 
-176.51499258225772 
-176.51499258225772 
-176.5149925822578 
-176.5149925822578 
-176.51499258225786 
-176.51499258225786 
-176.5149925822581 
-176.51499258225792 
-176.5149925822579 
-176.51499258225775 
-176.51499258225797 
-176.51499258225803 
-176.5149925822581 
-176.51499258225806 
-176.51499258225823 
-176.5149925822581 
-176.5149925822581 
-176.51499258225786 
-176.51499258225795 
-176.51499258225817 
-176.5149925822581 
-176.51499258225832 
-176.5149925822584 
-176.51499258225834 
-176.5149925822586 
-176.5149925822585 
-176.51499258225851 
-176.51499258225874 
-176.5149925822585 
-176.5149925822586 
-176.5149925822587 
-176.51499258225857 
-176.5149925822585 
-176.51499258225866 
-176.5149925822592 
-176.5149925822587 
-176.5149925822589 
-176.51499258225934 
-176.51499258225883 
-176.5149925822603 
-176.5149925822592 
-176.5149925822588 
-176.5149925822586 
-176.51499258225905 
-176.51499258225883 
-176.51499258225888 
-176.5149925822593 
-176.51499258225934 
-176.5149925822592 
-176.5149925822594 
-176.5149925822595 
-176.51499258225954 
-176.5149925822593 
-176.51499258225937 
-176.5149925822593 
-176.51499258225937 
-176.514992582259 
-176.51499258225883 
-176.51499258225877 
-176.5149925822588 
-176.5149925822589 
-176.5149925822588 
-176.51499258225883 
-176.5149925822589 
-176.5149925822589 
-176.51499258225903 
-176.51499258225886 
-176.5149925822589 
-176.514992582259 
-176.51499258225908 
-176.5149925822595 
-176.51499258225942 
-176.51499258225945 
-176.51499258225948 
-176.51499258225923 
-176.5149925822593 
-176.51499258225925 
-176.51499258225945 
-176.51499258225928 
-176.51499258225942 
-176.51499258225914 
-176.51499258225888 
-176.51499258225917 
-176.5149925822592 
-176.51499258225925 
-176.51499258225937 
-176.5149925822593 
-176.51499258225923 
-176.51499258225928 
-176.51499258225945 
-176.5149925822594 
-176.51499258225988 
-176.51499258226002 
-176.51499258225985 
-176.5149925822598 
-176.51499258225996 
-176.5149925822601 
-176.51499258225988 
-176.5149925822598 
-176.51499258225977 
-176.51499258225988 
-176.5149925822599 
-176.51499258225977 
-176.51499258225988 
-176.51499258226008 
-176.5149925822599 
-176.51499258225968 
-176.51499258226 
-176.51499258225917 
-176.51499258225917 
-176.51499258225905 
-176.5149925822589 
-176.51499258225854 
-176.51499258225854 
-176.51499258225843 
-176.51499258225869 
-176.51499258225863 
-176.51499258225846 
-176.5149925822584 
-176.51499258225834 
-176.5149925822583 
-176.51499258225834 
-176.51499258225834 
-176.5149925822583 
-176.5149925822578 
-176.51499258225758 
-176.51499258225752 
-176.5149925822573 
-176.51499258225715 
-176.51499258225704 
-176.51499258225707 
-176.51499258225715 
-176.51499258225692 
-176.51499258225698 
-176.51499258225718 
-176.514992582257 
-176.51499258225704 
-176.51499258225678 
-176.51499258225692 
-176.5149925822567 
-176.51499258225667 
-176.5149925822565 
-176.5149925822566 
-176.51499258225653 
-176.5149925822567 
-176.5149925822569 
-176.51499258225687 
-176.5149925822569 
-176.51499258225644 
-176.51499258225869 
-176.5149925822568 
-176.51499258225675 
-176.5149925822583 
-176.51499258225726 
-176.51499258225704 
