0.0 
174.396563671626 
171.89516300106604 
169.84393324276405 
167.3552026014295 
165.37114436299922 
162.81538577118104 
161.03384482998698 
158.27291008330704 
156.5908565386962 
153.73023320032505 
152.048515308571 
149.1875529056379 
147.50390424876102 
144.644875262194 
142.96078549570552 
140.1021982158276 
138.41806091974323 
135.55952123097407 
133.87538489394268 
131.01684424405008 
129.33270933532344 
126.47416725509049 
124.79003263245056 
121.93149026574106 
120.24735566866545 
117.38881327635903 
115.70467867749886 
112.84613628697987 
111.16200168707505 
108.30345929760226 
106.6193246975158 
103.76078230822493 
102.07664770812585 
99.21810531884752 
97.5339707187504 
94.67542832947011 
92.99129372937382 
90.1327513400927 
88.4486167399965 
85.59007435071537 
83.90593975061914 
81.04739736133804 
79.36326276124176 
76.50472037196063 
74.82058577186437 
71.96204338258325 
70.27790878248702 
67.41936639320585 
65.73523179310958 
62.876689403828486 
61.19255480373219 
58.3340124144511 
56.649877814354866 
53.791335425073754 
52.107200824977454 
49.24865843569635 
47.56452383560009 
44.705981446318965 
43.021846846222694 
40.16330445694155 
38.47916985684528 
35.62062746756417 
33.93649286746793 
31.07795047818679 
29.39381587809053 
26.535273488809413 
24.851138888713166 
21.992596499432036 
20.30846189933577 
17.449919510054645 
15.765784909958377 
12.907242520677263 
11.223107920581 
8.364565531299869 
6.6804309312036 
3.821888541922479 
2.1377539418262073 
-0.7207884474549162 
-2.4049230475511942 
-5.263465436832317 
-6.9476000369286 
-9.80614242620972 
-11.490277026305998 
-14.348819415587137 
-16.032954015683412 
-18.891496404964546 
-20.575631005060824 
-23.43417339434195 
-25.11830799443823 
-27.976850383719363 
-29.66098498381566 
-32.519527373096786 
-34.20366197319306 
-37.06220436247418 
-38.74633896257048 
-41.60488135185158 
-43.28901595194785 
-46.14755834122901 
-47.831692941325265 
-50.69023533060644 
-52.374369930702656 
-55.232912319983804 
-56.91704692008004 
-59.775589309361216 
-61.45972390945751 
-64.31826629873862 
-66.002400898835 
-68.86094328811605 
-70.54507788821228 
-73.4036202774934 
-75.08775487758969 
-77.94629726687076 
-79.63043186696707 
-82.48897425624814 
-84.17310885634448 
-87.03165124562558 
-88.71578584572185 
-91.57432823500295 
-93.25846283509908 
-96.11700522438036 
-97.80113982447659 
-100.65968221375779 
-102.34381681385396 
-105.20235920313523 
-106.88649380323142 
-109.74503619251261 
-111.42917079260886 
-114.28771318189003 
-115.97184778198624 
-118.83039017126741 
-120.51452477136364 
-123.3730671606447 
-125.05720176074095 
-127.91574415002215 
-129.5998787501184 
-132.4584211393994 
-134.1425557394957 
-137.00109812877687 
-138.68523272887296 
-141.54377511815412 
-143.22790971825034 
-146.08645210753136 
-147.7705867076276 
-150.62912909690883 
-152.313263697005 
-155.17180608628615 
-156.85594068638244 
-159.7144830756636 
-161.39861767575968 
-164.25716006504095 
-165.94129466513718 
-168.7998370544183 
-170.48397165451442 
-173.34251404379577 
-175.0266486438919 
-177.88519103317307 
-179.5693256332692 
-182.42786802255043 
-184.11200262264666 
-186.97054501192773 
-188.65467961202395 
-191.51322200130508 
-193.19735660140128 
-196.0558989906826 
-197.74003359077875 
-200.5985759800598 
-202.28271058015605 
-205.14125296943726 
-206.8253875695334 
-209.68392995881462 
-211.36806455891062 
-214.22660694819186 
-215.91074154828817 
-218.76928393756955 
-220.453418537667 
-223.31196092695475 
-224.9960955270859 
-227.85463791655502 
-229.53877251761335 
-232.39731491196204 
-234.08144953744517 
-236.93999205710693 
-238.6241272918404 
-241.48267282032907 
-243.16682201393192 
-246.02543196770708 
-247.70985363641424 
-250.56953731151816 
-252.25736665750614 
-255.1219597865015 
-256.7646966418734 
-258.9767643774092 
-259.2332172589907 
-260.68384239198974 
-263.56478803835154 
-265.5307807603237 
-265.5860057799329 
-265.5867201216604 
-265.6260000938874 
-265.65458338958746 
-265.6547280812749 
-265.67485243424443 
-265.67505888799434 
-265.68920295433094 
-265.689424673239 
-265.6997689491218 
-265.6999911992091 
-265.70776841356525 
-265.707984623008 
-265.7139524395039 
-265.7141601087963 
-265.71880975532207 
-265.7190083660323 
-265.72267247792126 
-265.72286243706844 
-265.7257745963039 
-265.7259567073765 
-265.72828596162947 
-265.72846115911346 
-265.7303329234273 
-265.73050214114414 
-265.7320113617407 
-265.7321754704115 
-265.7333952162549 
-265.7335549973547 
-265.73454225118206 
-265.7346983898205 
-265.7354980663576 
-265.73565115391557 
-265.73629896082167 
-265.73644950229647 
-265.73697402403496 
-265.73712244730996 
-265.7375466936451 
-265.7376933591702 
-265.7380359353548 
-265.73818114544196 
-265.73845714974414 
-265.73860115708015 
-265.73882287771283 
-265.73896589295464 
-265.73914335539723 
-265.73928555379035 
-265.739426953993 
-265.739568481092 
-265.73968053127084 
-265.7398215078229 
-265.73990971422296 
-265.7400502403124 
-265.7401191274576 
-265.74025928600173 
-265.74031257839107 
-265.74045243807774 
-265.74049320781154 
-265.74063282555807 
-265.7406636122749 
-265.74080303527677 
-265.7408259433134 
-265.74096521073847 
-265.74098198721646 
-265.74112113160317 
-265.74113322819636 
-265.74127227658477 
-265.7412808969819 
-265.74141987182026 
-265.7414260064591 
-265.7415649263109 
-265.74156937604874 
-265.7417082561338 
-265.74171164738226 
-265.7418504999885 
-265.7418532953683 
-265.7419921301577 
-265.74199463985536 
-265.74213346400626 
-265.7421358641583 
-265.74227468236563 
-265.742277049636 
-265.742415864843 
-265.7424182237359 
-265.74255703776015 
-265.74255939464257 
-265.7426982082954 
-265.742700564701 
-265.7428393782517 
-265.74284173454413 
-265.7429805480684 
-265.7429829043339 
-265.74312171785135 
-265.7431240741103 
-265.7432628876265 
-265.7432652438838 
-265.74340405739935 
-265.7434064136565 
-265.74354522717186 
-265.7435475834289 
-265.7436863969446 
-265.7436887532015 
-265.74382756671724 
-265.74382992297393 
-265.7439687364894 
-265.7439710927464 
-265.7441099062618 
-265.7441122625183 
-265.7442510760339 
-265.74425343229046 
-265.74439224580607 
-265.7443946020631 
-265.7445334155785 
-265.7445357718356 
-265.7446745853509 
-265.7446769416081 
-265.7448157551235 
-265.74481811138054 
-265.74495692489603 
-265.74495928115306 
-265.7450980946684 
-265.74510045092535 
-265.74523926444084 
-265.74524162069787 
-265.74538043421313 
-265.74538279046976 
-265.74552160398525 
-265.7455239602421 
-265.7456627737578 
-265.74566513001446 
-265.7458039435298 
-265.74580629978647 
-265.74594511330196 
-265.7459474695591 
-265.7460862830745 
-265.7460886393315 
-265.74622745284717 
-265.74622980910425 
-265.7463686226196 
-265.74637097887654 
-265.74650979239215 
-265.7465121486492 
-265.7466509621643 
-265.74665331842147 
-265.74679213193696 
-265.7467944881941 
-265.7469333017095 
-265.74693565796645 
-265.7470744714821 
-265.7470768277396 
-265.7472156412552 
-265.74721799751416 
-265.74735681102965 
-265.74735916728724 
-265.7474979808027 
-265.7475003370598 
-265.74763915057514 
-265.74764150683217 
-265.7477803203478 
-265.7477826766049 
-265.7479214901212 
-265.7479238463785 
-265.74806265989395 
-265.74806501615114 
-265.7482038296661 
-265.74820618592327 
-265.74834499943864 
-265.74834735569544 
-265.748486169209 
-265.74848852546626 
-265.74862733897436 
-265.7486296952314 
-265.74876850877575 
-265.7487708650353 
-265.74890967908374 
-265.7489120353561 
-265.7490508522656 
-265.7490532085487 
-265.7491920300625 
-265.74919438594253 
-265.74933313521825 
-265.7493354872476 
-265.7494734486501 
-265.7494757834207 
-265.74960987798585 
-265.74961221251107 
-265.74974705930083 
-265.7497500193795 
-265.7501131560787 
-265.7501184357945 
-265.75327034853234 
-265.7532767736744 
-265.75690097703836 
-265.7569009772439 
-265.75690097723077 
-267.7745834200183 
-267.8374656545985 
-267.8881486348312 
-267.89870488400317 
-267.9104089668535 
-267.9121647611292 
-267.9201419679519 
-267.92140443604416 
-267.9277116818935 
-267.9287536158967 
-267.933903815616 
-267.93501680352534 
-267.93909069275975 
-267.9399872068066 
-267.94325090700164 
-267.94396850685524 
-267.94662234482786 
-267.9472085049255 
-267.9493930011183 
-267.94987891291004 
-267.9516964039621 
-267.95210218496135 
-267.95362698300016 
-267.95396881310717 
-267.95525719443555 
-267.9555470128906 
-267.9566417406614 
-267.9568893808468 
-267.95782509798056 
-267.9580367445337 
-267.9588396281168 
-267.95902163725805 
-267.95971308051077 
-267.9598701229873 
-267.9604675484201 
-267.96060351806113 
-267.96112069536093 
-267.96123854837805 
-267.9616877351824 
-267.9617901702249 
-267.9621809087085 
-267.96227009598334 
-267.96261056316615 
-267.9626883530752 
-267.96298543061374 
-267.963053308553 
-267.96331276176346 
-267.9633722058639 
-267.96359916886246 
-267.96365112047624 
-267.9638497749897 
-267.9638952727095 
-267.96406928381913 
-267.9641091502496 
-267.9642616641526 
-267.96429661822964 
-267.96443036003865 
-267.9644610163621 
-267.9645783416908 
-267.9646052407383 
-267.96470820056976 
-267.96473180365587 
-267.96482211835263 
-267.96484282514695 
-267.96492199466167 
-267.9649401374522 
-267.96500952379455 
-267.96502542444995 
-267.96508623798405 
-267.9651001741974 
-267.9651534658578 
-267.96516569513716 
-267.9652124098514 
-267.96522311551365 
-267.9652640537009 
-267.9652734346095 
-267.9653093035982 
-267.9653175205419 
-267.96534893611573 
-267.9653561328301 
-267.96538363780263 
-267.96538993681537 
-267.9654140023072 
-267.9654195173999 
-267.9654405662347 
-267.96544538439525 
-267.96546377846124 
-267.9654679869056 
-267.96548404648917 
-267.96548771842316 
-267.9655016849957 
-267.965504869962 
-267.9655169834911 
-267.96551974482423 
-267.96553024401607 
-267.96553263769925 
-267.96554173436465 
-267.96554380711854 
-267.965551671549 
-267.9655534600542 
-267.9655602430793 
-267.96556178512543 
-267.9655676319898 
-267.96556896112935 
-267.96557399949046 
-267.9655751447597 
-267.96557948711444 
-267.9655804749486 
-267.96558422655113 
-267.96558508368327 
-267.9655883677879 
-267.9655891345812 
-267.96559221150295 
-267.96559301678514 
-267.96559732707186 
-267.9655996185359 
-268.01703593232816 
-268.10227233530617 
-268.3828850568413 
-268.46039124418013 
-268.60454208492325 
-268.63959800383697 
-268.7024875956587 
-268.7193505166661 
-268.7502768416704 
-268.7593156739147 
-268.7766421980844 
-268.78194461230083 
-268.79268042802283 
-268.7960225903291 
-268.8031633275571 
-268.8053932930582 
-268.8103820812145 
-268.8119384748689 
-268.8155490249028 
-268.8166746384225 
-268.81935868331544 
-268.8201964619304 
-268.8222346607362 
-268.8228727835579 
-268.82444836978874 
-268.82494388267224 
-268.82618048610124 
-268.8265716441793 
-268.82755515456626 
-268.827868476363 
-268.828659811544 
-268.82891408123857 
-268.8295574705939 
-268.8297663938328 
-268.8302942704235 
-268.83046796967363 
-268.83090452711343 
-268.83105060746817 
-268.8314141135871 
-268.83153833033185 
-268.8318426053598 
-268.8319493693377 
-268.8322051353717 
-268.83229783471194 
-268.8325133150266 
-268.83259454131127 
-268.8327761824774 
-268.83284790605404 
-268.8330008073255 
-268.83306450663116 
-268.8331927505404 
-268.8332495055759 
-268.8333564437954 
-268.8334070175891 
-268.83349544159097 
-268.8335403486355 
-268.8336126472598 
-268.8336522149073 
-268.83371047322584 
-268.8337449007594 
-268.8337909660848 
-268.83382037872553 
-268.83385591133396 
-268.8338804141958 
-268.833906913739 
-268.83392663913594 
-268.83394547273946 
-268.83396061976117 
-268.83397306049443 
-268.83398392330713 
-268.8339912179577 
-268.8339982068815 
-268.83400168001305 
-268.8340053644493 
-268.8340064867818 
-268.834007707014 
-268.8340078688777 
-268.8340079815919 
-268.8340079816173 
-268.83400798162774 
-268.83400798161546 
-268.83400798162774 
-268.83400798161546 
-268.83400798161637 
-268.83400798161716 
-268.8340079816192 
-268.8340079816218 
-268.83400798162415 
-268.8340079816267 
-268.8340079816292 
-268.8340079816401 
-268.8340079816523 
-268.8340079816663 
-268.83400798168134 
-268.83400798168856 
-268.83400798170584 
-268.8340079817148 
-268.8340079817338 
-268.8340079817446 
-268.8340079817647 
-268.8340079817898 
-268.83400798181145 
-268.83400798183953 
-268.83400798186227 
-268.8340079818932 
-268.8340079819172 
-268.8340079819508 
-268.8340079819756 
-268.83400798201166 
-268.8340079820379 
-268.83400798207657 
-268.8340079821036 
-268.83400798214467 
-268.83400798217275 
-268.8340079822156 
-268.8340079822446 
-268.83400798228934 
-268.8340079823194 
-268.8340079823657 
-268.83400798239643 
-268.83400798244423 
-268.83400798247584 
-268.8340079825246 
-268.8340079825568 
-268.83400798260715 
-268.83400798263955 
-268.8340079826914 
-268.83400798272424 
-268.83400798277654 
-268.8340079828062 
-268.8340079830264 
-268.8340079830569 
-268.8340079832661 
-268.8340079834364 
-268.8340079836439 
-268.834007983821 
-268.8340079840414 
-268.8340079842273 
-268.83400798446 
-268.8340079846576 
-268.83400798490845 
-268.83400798512145 
-268.8340079853999 
-268.83400798563406 
-268.83400798595466 
-268.83400798622034 
-268.8340079866089 
-268.83400798692384 
-268.8340079874334 
-268.8340079878321 
-268.83400798860123 
-268.8340079888158 
-268.8340079893523 
-268.83400798963925 
-268.8340079904486 
-268.83400799086 
-268.83400799174507 
-268.83400799226723 
-268.83400799289814 
-268.83400799369036 
-268.8340079980307 
-268.83401741743745 
-268.83402467784225 
-268.83404644846775 
-268.83405683605116 
-268.8340803280103 
-268.8340904635601 
-268.8341127167251 
-268.8341219781792 
-268.8341425838999 
-268.83415092941397 
-268.83416995358107 
-268.8341774651006 
-268.8341950520747 
-268.8342018174498 
-268.8342181174968 
-268.83422422417704 
-268.83423939623725 
-268.83424494356154 
-268.8342593263404 
-268.8342648948157 
-268.83427052379574 
-268.83427562089827 
-268.83428062736226 
-268.8342852883649 
-268.8342897324248 
-268.8342940212861 
-268.83429797166826 
-268.8343019894482 
-268.8343059098856 
-268.83430730380377 
-268.83431078522693 
-268.83431201830837 
-268.83431510025355 
-268.83431619420475 
-268.83431894003434 
-268.83431991379956 
-268.83432235530796 
-268.83432322500886 
-268.8343253987949 
-268.83432617751646 
-268.8343281160774 
-268.8343288152399 
-268.83433054663755 
-268.83433117613737 
-268.8343327266651 
-268.83433329433916 
-268.8343346862234 
-268.83433519959823 
-268.8343364529846 
-268.83433691861325 
-268.83433805197825 
-268.83433847584985 
-268.83433950615273 
-268.834339893185 
-268.8343408892138 
-268.83434118751717 
-268.8343416753427 
-268.83434194818136 
-268.83434238591366 
-268.83434263605403 
-268.83434302896666 
-268.83434325882666 
-268.8343436120144 
-268.83434382382944 
-268.83434414061134 
-268.8343443361376 
-268.8343446211619 
-268.83434480214413 
-268.8343450584089 
-268.83434522657257 
-268.8343454571845 
-268.8343456128178 
-268.8343458202709 
-268.83434596543094 
-268.83434615216544 
-268.83434628746437 
-268.8343464554503 
-268.83434658170484 
-268.8343467328115 
-268.8343468506727 
-268.8343469863394 
-268.8343470963461 
-268.8343472182448 
-268.83434732083714 
-268.83434743002175 
-268.83434752551324 
-268.8343476226309 
-268.8343477111693 
-268.8343477977193 
-268.8343478792919 
-268.83434795563875 
-268.8343480304175 
-268.83434809707734 
-268.83434816474283 
-268.8343482221713 
-268.8343482823811 
-268.8343483308791 
-268.83434838304976 
-268.8343484227939 
-268.834348466481 
-268.83434849763984 
-268.8343485320518 
-268.8343485547529 
-268.83434857911783 
-268.83434860702135 
-268.83434862373093 
-268.8343486379991 
-268.8343486448254 
-268.83434864939323 
-268.83434865212695 
-268.8343486529022 
-268.83434865320766 
-268.8343486532413 
-268.8343486532411 
-268.8343486532501 
-268.83434865323795 
-268.8343486532502 
-268.83434865323807 
-268.83434865323903 
-268.8343486532404 
-268.8343486532427 
-268.83434865324506 
-268.83434865324153 
-268.83434865323653 
-268.834348653237 
-268.8343486532373 
-268.83434865323744 
-268.8343486532375 
-268.83434865323756 
-268.83434865323744 
-268.83434865323756 
-268.83434865323744 
-268.83434865323756 
-268.83434865323744 
-268.8343486532378 
-268.8343486532378 
-268.8343486532378 
-268.83434865323756 
-268.83434865323767 
-268.83434865323767 
-268.83434865323767 
-268.8343486532378 
-268.8343486532378 
-268.8343486532381 
-268.8343486532386 
-268.8343486532389 
-268.83434865323903 
-268.83434865323926 
-268.8343486532395 
-268.83434865324006 
-268.8343486532405 
-268.83434865324074 
-268.8343486532414 
-268.834348653242 
-268.83434865324233 
-268.83434865324267 
-268.83434865324307 
-268.8343486532437 
-268.8343486532445 
-268.8343486532453 
-268.8343486532462 
-268.834348653247 
-268.8343486532479 
-268.8343486532487 
-268.8343486532496 
-268.8343486532505 
-268.8343486532513 
-268.834348653268 
-268.83434865328576 
-268.8343486533035 
-268.8343486533225 
-268.834348653341 
-268.834348653361 
-268.83434865338086 
-268.83434865340155 
-268.83434865342184 
-268.8343486534439 
-268.8343486534673 
-268.83434865349403 
-268.83434865351825 
-268.8343486535459 
-268.834348653571 
-268.8343486535999 
-268.83434865362614 
-268.83434865365604 
-268.83434865368315 
-268.83434865371413 
-268.83434865374244 
-268.83434865377484 
-268.8343486538036 
-268.8343486538376 
-268.8343486538675 
-268.8343486539033 
-268.8343486539341 
-268.8343486539713 
-268.8343486540031 
-268.8343486540429 
-268.834348654076 
-268.8343486541183 
-268.83434865415285 
-268.8343486541982 
-268.8343486542343 
-268.83434865428313 
-268.8343486543203 
-268.8343486543973 
-268.83434865443957 
-268.83434865462374 
-268.8343486546682 
-268.83434865485964 
-268.8343486549057 
-268.8343486551037 
-268.83434865515136 
-268.8343486553453 
-268.83434865552914 
-268.8343486557364 
-268.8343486559292 
-268.8343486561433 
-268.83434865634337 
-268.8343486565638 
-268.8343486567707 
-268.83434865699695 
-268.8343486572101 
-268.8343486574417 
-268.8343486576611 
-268.8343486578979 
-268.8343486581236 
-268.83434865836495 
-268.8343486585963 
-268.83434865884186 
-268.8343486590771 
-268.83434865932435 
-268.8343486595541 
-268.8343486595831 
-268.8343486595997 
-268.83434865960027 
-268.83434865960015 
-268.83434865960015 
-268.83434865960015 
-268.83434865960027 
-268.83434865960015 
-268.83434865960004 
-268.83434865960015 
-268.8343486596004 
-268.8343486596006 
-268.8343486596008 
-268.8343486596009 
-268.8343486596012 
-268.8343486596013 
-268.83434865960123 
-268.83434865960135 
-268.83434865960163 
-268.8343486596015 
-268.83434865960163 
-268.8343486596014 
-268.83434865960106 
-268.83434865960106 
-268.83434865960083 
-268.83434865960083 
-268.83434865960095 
-268.83434865960083 
-268.83434865960106 
-268.834348659601 
-268.83434865960095 
-268.8343486596012 
-268.8343486596014 
-268.8343486596012 
-268.83434865960083 
-268.8343486596012 
-268.83434865960095 
-268.83434865960095 
-268.83434865960083 
-268.8343486596007 
-268.8343486596006 
-268.83434865960055 
-268.8343486596004 
-268.83434865960027 
-268.8343486596004 
-268.8343486596004 
-268.8343486596005 
-268.8343486596006 
-268.8343486596006 
-268.8343486596007 
-268.8343486596007 
-268.8343486596004 
-268.83434865960044 
-268.8343486596004 
-268.8343486596004 
-268.8343486596005 
-268.8343486596004 
-268.83434865960027 
-268.83434865960015 
-268.83434865960015 
-268.83434865960004 
-268.83434865959964 
-268.8343486595996 
-268.83434865959924 
-268.83434865959947 
-268.83434865959913 
-268.8343486595989 
-268.8343486595988 
-268.83434865959856 
-268.8343486595982 
-268.83434865959765 
-268.834348659604 
-268.8343486596089 
-268.83434865960606 
-268.83434865960334 
-268.8343486596014 
-268.8343486595999 
-268.83434865959924 
-268.83434865961135 
-268.8343486595993 
-268.8343486596111 
-268.83434865959885 
-268.83434865959947 
-268.8343486596007 
-268.83434865960265 
-268.83434865960527 
-268.8343486596081 
-268.8343486596031 
-268.834348659604 
-268.8343486596045 
-268.8343486596048 
-268.8343486596049 
-268.8343486596048 
-268.8343486596049 
-268.8343486596049 
-268.8343486596047 
-268.8343486596047 
-268.8343486596047 
-268.83434865960515 
-268.83434865960515 
-268.834348659605 
-268.8343486596049 
-268.8343486596048 
-268.83434865960515 
-268.83434865960504 
-268.8343486596049 
-268.8343486596049 
-268.8343486596049 
-268.83434865960515 
-268.83434865960515 
-268.8343486596048 
-268.8343486596048 
-268.8343486596047 
-268.83434865960464 
-268.8343486596047 
-268.8343486596046 
-268.8343486596045 
-268.8343486596045 
-268.8343486596045 
-268.8343486596045 
-268.8343486596046 
-268.8343486596046 
-268.83434865960436 
-268.83434865960436 
-268.83434865960425 
-268.83434865960436 
-268.8343486596045 
-268.83434865960425 
-268.83434865960425 
-268.83434865960425 
-268.83434865960425 
-268.83434865960425 
-268.83434865960436 
-268.8343486596046 
-268.8343486596046 
-268.8343486596049 
-268.8343486596049 
-268.83434865960515 
-268.83434865960527 
-268.83434865960527 
-268.83434865960515 
-268.83434865960515 
-268.83434865960504 
-268.83434865960527 
-268.83434865960527 
-268.83434865960515 
-268.83434865960515 
-268.8343486596052 
-268.83434865960515 
-268.83434865960515 
-268.83434865960504 
-268.83434865960515 
-268.8343486596054 
-268.8343486596053 
-268.8343486596053 
-268.83434865960515 
-268.83434865960515 
-268.8343486596049 
-268.83434865960453 
-268.8343486596045 
-268.8343486596047 
-268.8343486596049 
-268.83434865960504 
-268.83434865960515 
-268.83434865960527 
-268.83434865960515 
-268.8343486596055 
-268.83434865960584 
-268.83434865960606 
-268.83434865960595 
-268.83434865960606 
-268.8343486596063 
-268.83434865960606 
-268.83434865960595 
-268.8343486596059 
-268.83434865960595 
-268.8343486596062 
-268.8343486596063 
-268.8343486596065 
-268.83434865960675 
-268.83434865960675 
-268.834348659607 
-268.8343486596072 
-268.8343486596073 
-268.83434865960743 
-268.83434865960743 
-268.8343486596071 
-268.834348659607 
-268.83434865960675 
-268.8343486596065 
-268.8343486596063 
-268.83434865960606 
-268.83434865960595 
-268.83434865960584 
-268.83434865960584 
-268.8343486596056 
-268.83434865960584 
-268.83434865960606 
-268.8343486596062 
-268.83434865960623 
-268.8343486596064 
-268.83434865960635 
-268.8343486596065 
-268.8343486596066 
-268.8343486596063 
-268.8343486596066 
-268.83434865960663 
-268.83434865960686 
-268.83434865960675 
-268.83434865960663 
-268.83434865960663 
-268.83434865960663 
-268.83434865960675 
-268.83434865960663 
-268.8343486596068 
-268.8343486596065 
-268.8343486596063 
-268.8343486596064 
-268.8343486596062 
-268.8343486596063 
-268.83434865960606 
-268.83434865960595 
-268.83434865960606 
-268.83434865960595 
-268.83434865960595 
-268.8343486596063 
-268.8343486596064 
-268.83434865960663 
-268.8343486596066 
-268.83434865960675 
-268.8343486596065 
-268.83434865960686 
-268.83434865960686 
-268.8343486596069 
-268.83434865960686 
-268.834348659607 
-268.83434865960754 
-268.83434865960766 
-268.83434865960777 
-268.83434865960777 
-268.834348659608 
-268.834348659608 
-268.834348659608 
-268.8343486596081 
-268.83434865960845 
-268.8343486596087 
-268.83434865960857 
-268.8343486596087 
-268.8343486596087 
-268.8343486596087 
-268.8343486596088 
-268.834348659609 
-268.83434865960913 
-268.834348659609 
-268.83434865960936 
-268.83434865960936 
-268.8343486596097 
-268.8343486596097 
-268.83434865960993 
-268.83434865961004 
-268.83434865961016 
-268.83434865961004 
-268.83434865960993 
-268.83434865960993 
-268.8343486596098 
-268.83434865960993 
-268.8343486596096 
-268.834348659609 
-268.834348659614 
-268.8343486596114 
-268.83434865960936 
-268.83434865960754 
-268.8343486596064 
-268.8343486596057 
-268.8343486596179 
-268.8343486596056 
-268.834348659618 
-268.8343486596058 
-268.83434865960686 
-268.83434865960777 
-268.83434865960976 
-268.83434865961186 
-268.8343486596147 
-268.8343486596096 
-268.83434865961027 
-268.83434865961027 
-268.8343486596104 
-268.8343486596104 
-268.8343486596104 
-268.8343486596105 
-268.8343486596105 
-268.83434865961016 
-268.8343486596104 
-268.83434865961016 
-268.83434865961004 
-268.8343486596098 
-268.8343486596097 
-268.8343486596095 
-268.8343486596097 
-268.8343486596098 
-268.83434865960993 
-268.8343486596097 
-268.8343486596098 
-268.83434865960993 
-268.8343486596098 
-268.8343486596095 
-268.8343486596096 
-268.8343486596094 
-268.83434865960925 
-268.8343486596095 
-268.83434865960936 
-268.83434865960925 
-268.83434865960936 
-268.83434865960913 
-268.83434865960913 
-268.83434865960913 
-268.83434865960936 
-268.8343486596096 
-268.83434865960936 
-268.83434865960913 
-268.834348659609 
-268.83434865960925 
-268.83434865960925 
-268.83434865960965 
-268.8343486596096 
-268.8343486596097 
-268.8343486596097 
-268.8343486596098 
-268.83434865961027 
-268.8343486596104 
-268.83434865961016 
-268.8343486596104 
-268.8343486596104 
-268.83434865961027 
-268.83434865961016 
-268.8343486596104 
-268.8343486596105 
-268.8343486596105 
-268.8343486596105 
-268.8343486596104 
-268.83434865961027 
-268.83434865961027 
-268.8343486596103 
-268.8343486596104 
-268.8343486596102 
-268.83434865961004 
-268.83434865961004 
-268.83434865961027 
-268.8343486596104 
-268.8343486596104 
-268.8343486596105 
-268.8343486596104 
-268.83434865961027 
-268.83434865961016 
-268.8343486596104 
-268.8343486596104 
-268.8343486596105 
-268.83434865961055 
-268.8343486596105 
-268.8343486596104 
-268.8343486596107 
-268.8343486596106 
-268.83434865961055 
-268.83434865961084 
-268.83434865961095 
-268.8343486596112 
-268.8343486596112 
-268.83434865961095 
-268.83434865961095 
-268.83434865961084 
-268.8343486596107 
-268.83434865961055 
-268.8343486596106 
-268.8343486596106 
-268.83434865961084 
-268.83434865961084 
-268.8343486596109 
-268.8343486596112 
-268.83434865961124 
-268.83434865961135 
-268.83434865961135 
-268.8343486596113 
-268.8343486596116 
-268.8343486596116 
-268.8343486596114 
-268.8343486596112 
-268.83434865961135 
-268.8343486596114 
-268.83434865961163 
-268.83434865961186 
-268.8343486596121 
-268.8343486596123 
-268.83434865961243 
-268.83434865961266 
-268.8343486596129 
-268.8343486596129 
-268.8343486596131 
-268.8343486596131 
-268.83434865961283 
-268.8343486596128 
-268.83434865961266 
-268.83434865961243 
-268.8343486596123 
-268.8343486596123 
-268.83434865961243 
-268.8343486596129 
-268.8343486596129 
-268.834348659613 
-268.8343486596129 
-268.8343486596128 
-268.83434865961266 
-268.83434865961254 
-268.83434865961266 
-268.8343486596128 
-268.8343486596128 
-268.83434865961266 
-268.8343486596128 
-268.8343486596128 
-268.83434865961243 
-268.8343486596123 
-268.83434865961243 
-268.83434865961254 
-268.83434865961266 
-268.8343486596128 
-268.83434865961243 
-268.8343486596126 
-268.8343486596128 
-268.8343486596128 
-268.8343486596129 
-268.8343486596129 
-268.8343486596131 
-268.83434865961334 
-268.83434865961334 
-268.83434865961345 
-268.83434865961345 
-268.83434865961357 
-268.8343486596137 
-268.8343486596136 
-268.8343486596138 
-268.8343486596137 
-268.8343486596139 
-268.834348659614 
-268.83434865961425 
-268.83434865961425 
-268.83434865961436 
-268.8343486596146 
-268.83434865961436 
-268.8343486596147 
-268.8343486596146 
-268.83434865961493 
-268.83434865961493 
-268.8343486596151 
-268.83434865961505 
-268.83434865961505 
-268.83434865961505 
-268.834348659615 
-268.83434865961493 
-268.83434865961505 
-268.83434865961516 
-268.8343486596152 
-268.83434865961516 
-268.8343486596147 
-268.83434865961414 
-268.83434865961345 
-268.83434865961823 
-268.8343486596153 
-268.8343486596128 
-268.8343486596107 
-268.83434865960936 
-268.8343486596088 
-268.83434865962084 
-268.834348659609 
-268.83434865962124 
-268.834348659609 
-268.83434865960993 
-268.8343486596112 
-268.83434865961317 
-268.8343486596156 
-268.83434865961846 
-268.8343486596097 
-268.83434865961016 
-268.8343486596107 
-268.8343486596112 
-268.8343486596113 
-268.8343486596114 
-268.8343486596112 
-268.83434865961107 
-268.8343486596112 
-268.8343486596112 
-268.83434865961107 
-268.83434865961095 
-268.8343486596111 
-268.83434865961107 
-268.8343486596111 
-268.83434865961107 
-268.83434865961107 
-268.8343486596106 
-268.8343486596107 
-268.8343486596106 
-268.8343486596104 
-268.8343486596104 
-268.83434865961027 
-268.83434865961027 
-268.8343486596102 
-268.83434865961044 
-268.83434865961016 
-268.8343486596104 
-268.83434865961027 
-268.8343486596104 
-268.8343486596104 
-268.83434865961027 
-268.83434865961027 
-268.83434865961016 
-268.83434865960993 
-268.83434865961016 
-268.83434865960993 
-268.83434865961 
-268.83434865960993 
-268.8343486596098 
-268.83434865961027 
-268.83434865961004 
-268.83434865961027 
-268.83434865961027 
-268.83434865961004 
-268.8343486596098 
-268.8343486596098 
-268.83434865960993 
-268.8343486596096 
-268.8343486596097 
-268.8343486596096 
-268.8343486596095 
-268.8343486596096 
-268.8343486596097 
-268.8343486596099 
-268.83434865960993 
-268.83434865961016 
-268.83434865961027 
-268.83434865961027 
-268.8343486596098 
-268.8343486596095 
-268.8343486596095 
-268.8343486596096 
-268.8343486596096 
-268.8343486596095 
-268.8343486596096 
-268.83434865961004 
-268.83434865961004 
-268.8343486596098 
-268.83434865960993 
-268.83434865961 
-268.83434865960993 
-268.8343486596097 
-268.83434865960936 
-268.83434865960913 
-268.834348659609 
-268.8343486596087 
-268.83434865960857 
-268.83434865960874 
-268.83434865960857 
-268.8343486596087 
-268.8343486596087 
-268.83434865960845 
-268.8343486596086 
-268.83434865960845 
-268.8343486596082 
-268.83434865960845 
-268.83434865960834 
-268.83434865960834 
-268.83434865960845 
-268.8343486596082 
-268.8343486596079 
-268.8343486596079 
-268.834348659608 
-268.83434865960794 
-268.8343486596079 
-268.83434865960777 
-268.8343486596079 
-268.8343486596078 
-268.8343486596079 
-268.83434865960777 
-268.83434865960754 
-268.8343486596079 
-268.83434865960777 
-268.83434865960766 
-268.83434865960766 
-268.8343486596079 
-268.8343486596079 
-268.8343486596079 
-268.83434865960777 
-268.83434865960766 
-268.83434865960743 
-268.83434865960766 
-268.83434865960754 
-268.83434865960766 
-268.8343486596078 
-268.83434865960766 
-268.83434865960743 
-268.8343486596073 
-268.8343486596073 
-268.83434865960754 
-268.83434865960743 
-268.83434865960743 
-268.8343486596073 
-268.8343486596073 
-268.83434865960726 
-268.8343486596071 
-268.83434865960703 
-268.8343486596071 
-268.834348659607 
-268.8343486596069 
-268.83434865960686 
-268.83434865960675 
-268.83434865960646 
-268.83434865960663 
-268.8343486596064 
-268.8343486596062 
-268.8343486596062 
-268.83434865960606 
-268.83434865960584 
-268.8343486596056 
-268.8343486596054 
-268.83434865960527 
-268.8343486596052 
-268.83434865960504 
-268.8343486596055 
-268.8343486596057 
-268.83434865960584 
-268.8343486596056 
-268.8343486596056 
-268.83434865960584 
-268.83434865960606 
-268.83434865960584 
-268.8343486596061 
-268.8343486596064 
-268.8343486596062 
-268.8343486596062 
-268.83434865960606 
-268.83434865960606 
-268.83434865960606 
-268.83434865960595 
-268.83434865960595 
-268.83434865960584 
-268.83434865960595 
-268.83434865960584 
-268.83434865960584 
-268.83434865960567 
-268.83434865960606 
-268.8343486596062 
-268.83434865960623 
-268.83434865960606 
-268.8343486596062 
-268.83434865960584 
-268.83434865960606 
-268.83434865960595 
-268.83434865960595 
-268.8343486596056 
-268.83434865960584 
-268.83434865960555 
-268.8343486596054 
-268.8343486596047 
-268.83434865960993 
-268.8343486596072 
-268.8343486596049 
-268.8343486596031 
-268.8343486596023 
-268.83434865960106 
-268.83434865961317 
-268.8343486596009 
-268.8343486596131 
-268.8343486596012 
-268.83434865960197 
-268.83434865960277 
-268.8343486596046 
-268.83434865960686 
-268.8343486596095 
-268.83434865960436 
-268.83434865960504 
-268.8343486596054 
-268.8343486596056 
-268.8343486596054 
-268.8343486596056 
-268.8343486596057 
-268.8343486596057 
-268.8343486596059 
-268.83434865960606 
-268.83434865960595 
-268.8343486596062 
-268.83434865960623 
-268.8343486596061 
-268.83434865960595 
-268.83434865960595 
-268.8343486596059 
-268.83434865960584 
-268.83434865960595 
-268.8343486596062 
-268.83434865960606 
-268.8343486596062 
-268.8343486596064 
-268.83434865960635 
-268.83434865960646 
-268.83434865960663 
-268.83434865960686 
-268.83434865960675 
-268.83434865960675 
-268.83434865960663 
-268.83434865960663 
-268.8343486596066 
-268.8343486596066 
-268.83434865960663 
-268.8343486596065 
-268.8343486596064 
-268.8343486596063 
-268.8343486596063 
-268.8343486596064 
-268.8343486596064 
-268.8343486596066 
-268.83434865960675 
-268.83434865960675 
-268.83434865960663 
-268.83434865960663 
-268.8343486596066 
-268.83434865960663 
-268.83434865960663 
-268.834348659607 
-268.83434865960686 
-268.834348659607 
-268.8343486596073 
-268.83434865960766 
-268.8343486596079 
-268.834348659608 
-268.8343486596082 
-268.8343486596087 
-268.8343486596087 
-268.8343486596088 
-268.8343486596087 
-268.8343486596089 
-268.8343486596087 
-268.8343486596089 
-268.83434865960913 
-268.834348659609 
-268.83434865960925 
-268.83434865960925 
-268.834348659609 
-268.834348659609 
-268.83434865960885 
-268.83434865960896 
-268.83434865960896 
-268.8343486596089 
-268.83434865960913 
-268.834348659609 
-268.83434865960913 
-268.83434865960925 
-268.83434865960925 
-268.83434865960936 
-268.83434865960925 
-268.8343486596095 
-268.8343486596097 
-268.8343486596097 
-268.8343486596097 
-268.8343486596098 
-268.8343486596098 
-268.8343486596097 
-268.83434865960993 
-268.8343486596102 
-268.8343486596102 
-268.8343486596104 
-268.83434865961016 
-268.83434865961016 
-268.83434865961016 
-268.83434865961004 
-268.83434865960993 
-268.83434865961004 
-268.83434865961027 
-268.83434865961027 
-268.8343486596104 
-268.8343486596106 
-268.8343486596105 
-268.8343486596104 
-268.8343486596104 
-268.8343486596107 
-268.83434865961084 
-268.83434865961095 
-268.8343486596112 
-268.8343486596114 
-268.8343486596112 
-268.8343486596114 
-268.8343486596113 
-268.8343486596113 
-268.8343486596113 
-268.8343486596113 
-268.8343486596113 
-268.8343486596113 
-268.8343486596115 
-268.83434865961175 
-268.83434865961163 
-268.834348659612 
-268.8343486596122 
-268.83434865961266 
-268.83434865961266 
-268.8343486596124 
-268.8343486596122 
-268.8343486596123 
-268.8343486596122 
-268.8343486596123 
-268.8343486596122 
-268.834348659612 
-268.8343486596122 
-268.8343486596123 
-268.8343486596123 
-268.8343486596122 
-268.83434865961215 
-268.8343486596123 
-268.8343486596123 
-268.8343486596122 
-268.8343486596121 
-268.83434865961243 
-268.8343486596122 
-268.8343486596122 
-268.8343486596121 
-268.83434865961186 
-268.8343486596122 
-268.83434865961243 
-268.83434865961254 
-268.83434865961266 
-268.83434865961266 
-268.8343486596129 
-268.8343486596129 
-268.8343486596129 
-268.8343486596129 
-268.834348659613 
-268.83434865961334 
-268.83434865961345 
-268.8343486596137 
-268.83434865961357 
-268.83434865961334 
-268.8343486596134 
-268.83434865961357 
-268.8343486596137 
-268.8343486596138 
-268.8343486596139 
-268.8343486596139 
-268.83434865961357 
-268.8343486596137 
-268.8343486596139 
-268.834348659614 
-268.83434865961414 
-268.83434865961425 
-268.83434865961436 
-268.834348659614 
-268.834348659614 
-268.834348659614 
-268.834348659614 
-268.8343486596138 
-268.83434865961345 
-268.834348659613 
-268.83434865961266 
-268.8343486596214 
-268.83434865961857 
-268.83434865961596 
-268.83434865961425 
-268.8343486596133 
-268.83434865961254 
-268.8343486596248 
-268.83434865961254 
-268.8343486596248 
-268.83434865961243 
-268.8343486596131 
-268.83434865961425 
-268.83434865961607 
-268.8343486596187 
-268.83434865962175 
-268.83434865961686 
-268.83434865961743 
-268.83434865961783 
-268.83434865961834 
-268.83434865961857 
-268.8343486596188 
-268.8343486596188 
-268.8343486596188 
-268.83434865961914 
-268.8343486596189 
-268.8343486596188 
-268.8343486596189 
-268.8343486596187 
-268.83434865961834 
-268.83434865961846 
-268.83434865961857 
-268.83434865961857 
-268.83434865961857 
-268.83434865961857 
-268.83434865961857 
-268.83434865961846 
-268.83434865961834 
-268.83434865961846 
-268.83434865961857 
-268.8343486596181 
-268.8343486596178 
-268.83434865961766 
-268.83434865961743 
-268.8343486596173 
-268.8343486596172 
-268.8343486596171 
-268.8343486596172 
-268.8343486596172 
-268.8343486596173 
-268.8343486596172 
-268.834348659617 
-268.83434865961686 
-268.83434865961686 
-268.83434865961675 
-268.834348659617 
-268.83434865961675 
-268.8343486596165 
-268.8343486596165 
-268.83434865961664 
-268.8343486596165 
-268.83434865961664 
-268.83434865961675 
-268.83434865961686 
-268.834348659617 
-268.83434865961686 
-268.8343486596165 
-268.8343486596168 
-268.83434865961675 
-268.83434865961675 
-268.8343486596165 
-268.8343486596166 
-268.83434865961675 
-268.83434865961686 
-268.834348659617 
-268.8343486596165 
-268.8343486596164 
-268.8343486596162 
-268.8343486596163 
-268.8343486596163 
-268.8343486596162 
-268.83434865961607 
-268.8343486596161 
-268.8343486596162 
-268.8343486596161 
-268.83434865961624 
-268.8343486596162 
-268.83434865961584 
-268.83434865961607 
-268.83434865961596 
-268.8343486596158 
-268.8343486596157 
-268.83434865961556 
-268.8343486596153 
-268.8343486596153 
-268.8343486596155 
-268.8343486596156 
-268.8343486596155 
-268.8343486596157 
-268.8343486596156 
-268.8343486596155 
-268.8343486596154 
-268.8343486596156 
-268.8343486596157 
-268.8343486596158 
-268.8343486596155 
-268.8343486596157 
-268.8343486596156 
-268.8343486596156 
-268.8343486596155 
-268.83434865961516 
-268.8343486596151 
-268.83434865961516 
-268.8343486596153 
-268.8343486596153 
-268.83434865961516 
-268.83434865961505 
-268.83434865961505 
-268.83434865961505 
-268.83434865961505 
-268.83434865961505 
-268.83434865961493 
-268.8343486596149 
-268.8343486596147 
-268.8343486596146 
-268.8343486596146 
-268.8343486596146 
-268.8343486596147 
-268.8343486596147 
-268.83434865961493 
-268.83434865961505 
-268.83434865961505 
-268.83434865961505 
-268.83434865961493 
-268.8343486596148 
-268.83434865961476 
-268.8343486596148 
-268.8343486596147 
-268.8343486596148 
-268.8343486596148 
-268.8343486596147 
-268.83434865961425 
-268.8343486596139 
-268.8343486596136 
-268.83434865961357 
-268.8343486596133 
-268.834348659613 
-268.8343486596129 
-268.834348659613 
-268.8343486596129 
-268.8343486596129 
-268.83434865961306 
-268.8343486596132 
-268.8343486596132 
-268.83434865961334 
-268.83434865961345 
-268.83434865961345 
-268.8343486596132 
-268.834348659613 
-268.8343486596129 
-268.8343486596129 
-268.834348659613 
-268.8343486596131 
-268.8343486596131 
-268.834348659613 
-268.834348659613 
-268.8343486596129 
-268.8343486596128 
-268.834348659613 
-268.8343486596129 
-268.8343486596129 
-268.8343486596128 
-268.8343486596129 
-268.83434865961266 
-268.8343486596129 
-268.83434865961266 
-268.83434865961283 
-268.8343486596128 
-268.83434865961243 
-268.8343486596122 
-268.8343486596122 
-268.8343486596122 
-268.8343486596122 
-268.8343486596122 
-268.8343486596122 
-268.8343486596121 
-268.8343486596121 
-268.8343486596122 
-268.83434865961226 
-268.8343486596122 
-268.8343486596121 
-268.8343486596122 
-268.834348659612 
-268.8343486596121 
-268.8343486596121 
-268.83434865961186 
-268.8343486596112 
-268.83434865961607 
-268.83434865961334 
-268.83434865961095 
-268.83434865960913 
-268.834348659608 
-268.83434865960743 
-268.8343486596196 
-268.8343486596073 
-268.8343486596196 
-268.8343486596074 
-268.8343486596082 
-268.83434865960936 
-268.8343486596112 
-268.8343486596133 
-268.83434865961596 
-268.83434865961095 
-268.8343486596115 
-268.83434865961175 
-268.834348659612 
-268.834348659612 
-268.8343486596121 
-268.8343486596123 
-268.8343486596122 
-268.8343486596122 
-268.834348659612 
-268.8343486596121 
-268.8343486596121 
-268.8343486596122 
-268.8343486596123 
-268.8343486596122 
-268.8343486596123 
-268.8343486596123 
-268.8343486596122 
-268.8343486596123 
-268.83434865961254 
-268.83434865961283 
-268.83434865961254 
-268.8343486596128 
-268.8343486596128 
-268.83434865961266 
-268.83434865961254 
-268.83434865961266 
-268.83434865961254 
-268.83434865961266 
-268.8343486596128 
-268.834348659613 
-268.8343486596132 
-268.83434865961306 
-268.8343486596132 
-268.8343486596132 
-268.834348659613 
-268.8343486596128 
-268.83434865961266 
-268.83434865961266 
-268.8343486596128 
-268.8343486596127 
-268.8343486596129 
-268.834348659613 
-268.834348659613 
-268.8343486596131 
-268.8343486596131 
-268.8343486596131 
-268.834348659613 
-268.8343486596129 
-268.83434865961294 
-268.834348659613 
-268.8343486596131 
-268.834348659613 
-268.83434865961283 
-268.834348659613 
-268.8343486596135 
-268.83434865961345 
-268.83434865961357 
-268.83434865961357 
-268.83434865961345 
-268.83434865961345 
-268.8343486596137 
-268.8343486596137 
-268.8343486596138 
-268.8343486596139 
-268.8343486596138 
-268.83434865961374 
-268.8343486596138 
-268.8343486596135 
-268.8343486596138 
-268.8343486596135 
-268.8343486596138 
-268.8343486596137 
-268.83434865961374 
-268.83434865961374 
-268.83434865961357 
-268.83434865961357 
-268.83434865961357 
-268.83434865961357 
-268.83434865961345 
-268.83434865961345 
-268.8343486596137 
-268.8343486596137 
-268.83434865961357 
-268.8343486596135 
-268.83434865961317 
-268.8343486596131 
-268.8343486596131 
-268.8343486596131 
-268.8343486596132 
-268.8343486596135 
-268.8343486596134 
-268.83434865961357 
-268.8343486596138 
-268.8343486596138 
-268.83434865961357 
-268.8343486596137 
-268.83434865961357 
-268.8343486596134 
-268.8343486596131 
-268.8343486596131 
-268.83434865961294 
-268.834348659613 
-268.8343486596131 
-268.83434865961334 
-268.8343486596134 
-268.83434865961334 
-268.83434865961345 
-268.83434865961345 
-268.83434865961345 
-268.8343486596138 
-268.83434865961357 
-268.83434865961334 
-268.83434865961357 
-268.8343486596138 
-268.8343486596138 
-268.8343486596137 
-268.834348659614 
-268.83434865961414 
-268.8343486596139 
-268.8343486596139 
-268.8343486596139 
-268.8343486596138 
-268.83434865961357 
-268.83434865961374 
-268.8343486596136 
-268.83434865961334 
-268.83434865961374 
-268.8343486596139 
-268.8343486596137 
-268.8343486596137 
-268.83434865961357 
-268.83434865961345 
-268.8343486596137 
-268.834348659614 
-268.834348659614 
-268.8343486596139 
-268.8343486596142 
-268.83434865961436 
-268.83434865961414 
-268.83434865961414 
-268.83434865961425 
-268.834348659614 
-268.83434865961425 
-268.83434865961414 
-268.83434865961425 
-268.83434865961425 
-268.8343486596145 
-268.83434865961436 
-268.83434865961425 
-268.8343486596141 
-268.83434865961425 
-268.83434865961414 
-268.83434865961425 
-268.8343486596144 
-268.83434865961425 
-268.8343486596145 
-268.8343486596148 
-268.8343486596147 
-268.8343486596147 
-268.8343486596147 
-268.8343486596147 
-268.8343486596146 
-268.8343486596148 
-268.8343486596148 
-268.8343486596148 
-268.834348659615 
-268.83434865961493 
-268.83434865961505 
-268.83434865961505 
-268.83434865961493 
-268.8343486596147 
-268.83434865961493 
-268.83434865961493 
-268.8343486596148 
-268.8343486596147 
-268.83434865961436 
-268.83434865961414 
-268.83434865961374 
-268.8343486596132 
-268.83434865961254 
-268.83434865961743 
-268.8343486596146 
-268.8343486596122 
-268.83434865961016 
-268.8343486596088 
-268.8343486596081 
-268.83434865962033 
-268.834348659608 
-268.8343486596203 
-268.8343486596081 
-268.8343486596088 
-268.83434865961004 
-268.834348659612 
-268.83434865961414 
-268.8343486596172 
-268.8343486596122 
-268.8343486596128 
-268.8343486596131 
-268.83434865961345 
-268.8343486596137 
-268.8343486596139 
-268.834348659614 
-268.83434865961414 
-268.83434865961414 
-268.8343486596139 
-268.83434865961414 
-268.8343486596141 
-268.83434865961414 
-268.8343486596142 
-268.8343486596143 
-268.83434865961425 
-268.83434865961436 
-268.83434865961436 
-268.834348659614 
-268.8343486596139 
-268.8343486596139 
-268.834348659614 
-268.834348659614 
-268.83434865961414 
-268.8343486596139 
-268.8343486596138 
-268.83434865961385 
-268.8343486596137 
-268.83434865961357 
-268.83434865961357 
-268.8343486596134 
-268.83434865961345 
-268.83434865961357 
-268.83434865961357 
-268.83434865961345 
-268.83434865961345 
-268.83434865961334 
-268.83434865961334 
-268.83434865961357 
-268.8343486596138 
-268.8343486596138 
-268.8343486596139 
-268.83434865961425 
-268.834348659614 
-268.834348659614 
-268.834348659614 
-268.834348659614 
-268.834348659614 
-268.83434865961385 
-268.83434865961414 
-268.83434865961425 
-268.83434865961436 
-268.8343486596146 
-268.8343486596145 
-268.83434865961436 
-268.83434865961436 
-268.8343486596145 
-268.8343486596144 
-268.8343486596147 
-268.8343486596147 
-268.8343486596147 
-268.8343486596147 
-268.83434865961493 
-268.8343486596148 
-268.8343486596146 
-268.8343486596148 
-268.8343486596146 
-268.83434865961425 
-268.8343486596143 
-268.83434865961425 
-268.83434865961436 
-268.8343486596142 
-268.83434865961397 
-268.834348659614 
-268.834348659614 
-268.834348659614 
-268.834348659614 
-268.8343486596139 
-268.8343486596137 
-268.8343486596138 
-268.8343486596138 
-268.8343486596137 
-268.834348659614 
-268.83434865961414 
-268.83434865961414 
-268.83434865961414 
-268.8343486596145 
-268.83434865961436 
-268.83434865961414 
-268.834348659614 
-268.83434865961414 
-268.8343486596139 
-268.8343486596139 
-268.8343486596139 
-268.834348659614 
-268.83434865961414 
-268.8343486596145 
-268.8343486596147 
-268.83434865961465 
-268.8343486596145 
-268.83434865961436 
-268.83434865961414 
-268.83434865961436 
-268.8343486596145 
-268.83434865961425 
-268.83434865961425 
-268.8343486596144 
-268.83434865961436 
-268.8343486596145 
-268.83434865961436 
-268.83434865961425 
-268.8343486596143 
-268.83434865961425 
-268.8343486596144 
-268.83434865961436 
-268.8343486596146 
-268.8343486596147 
-268.8343486596149 
-268.83434865961465 
-268.8343486596145 
-268.83434865961425 
-268.83434865961425 
-268.83434865961414 
-268.83434865961425 
-268.83434865961436 
-268.83434865961436 
-268.8343486596139 
-268.8343486596138 
-268.834348659614 
-268.8343486596142 
-268.83434865961414 
-268.83434865961414 
-268.83434865961414 
-268.834348659614 
-268.834348659614 
-268.834348659614 
-268.83434865961414 
-268.834348659614 
-268.8343486596141 
-268.8343486596138 
-268.8343486596139 
-268.8343486596138 
-268.8343486596139 
-268.83434865961374 
-268.8343486596139 
-268.8343486596141 
-268.8343486596143 
-268.83434865961436 
-268.83434865961414 
-268.83434865961436 
-268.83434865961436 
-268.83434865961436 
-268.834348659614 
-268.834348659614 
-268.8343486596141 
-268.8343486596138 
-268.83434865961357 
-268.8343486596137 
-268.83434865961357 
-268.83434865961357 
-268.83434865961357 
-268.83434865961357 
-268.8343486596132 
-268.8343486596132 
-268.8343486596131 
-268.8343486596132 
-268.8343486596132 
-268.8343486596132 
-268.8343486596133 
-268.8343486596132 
-268.8343486596132 
-268.83434865961334 
-268.8343486596132 
-268.8343486596131 
-268.83434865961334 
-268.834348659613 
-268.8343486596128 
-268.8343486596129 
-268.83434865961254 
-268.8343486596123 
-268.83434865961175 
-268.83434865961675 
-268.8343486596139 
-268.83434865961186 
-268.83434865961016 
-268.83434865960913 
-268.8343486596082 
-268.8343486596205 
-268.834348659608 
-268.8343486596203 
-268.834348659608 
-268.834348659609 
-268.83434865960993 
-268.8343486596121 
-268.8343486596145 
-268.8343486596173 
-268.83434865961226 
-268.8343486596131 
-268.83434865961357 
-268.8343486596139 
-268.8343486596137 
-268.8343486596138 
-268.8343486596137 
-268.8343486596137 
-268.8343486596137 
-268.834348659614 
-268.8343486596137 
-268.8343486596137 
-268.8343486596135 
-268.83434865961345 
-268.8343486596138 
-268.8343486596138 
-268.8343486596138 
-268.834348659614 
-268.83434865961414 
-268.8343486596142 
-268.83434865961436 
-268.83434865961414 
-268.83434865961414 
-268.8343486596141 
-268.83434865961436 
-268.8343486596145 
-268.8343486596146 
-268.83434865961476 
-268.8343486596147 
-268.83434865961493 
-268.8343486596149 
-268.8343486596146 
-268.8343486596145 
-268.8343486596147 
-268.8343486596146 
-268.83434865961436 
-268.83434865961425 
-268.83434865961425 
-268.83434865961425 
-268.8343486596146 
-268.83434865961476 
-268.8343486596146 
-268.8343486596147 
-268.8343486596145 
-268.8343486596147 
-268.8343486596146 
-268.83434865961465 
-268.8343486596146 
-268.8343486596148 
-268.8343486596148 
-268.8343486596148 
-268.8343486596145 
-268.83434865961425 
-268.83434865961414 
-268.83434865961436 
-268.8343486596145 
-268.8343486596145 
-268.83434865961436 
-268.83434865961436 
-268.83434865961436 
-268.83434865961425 
-268.8343486596143 
-268.83434865961436 
-268.83434865961425 
-268.8343486596141 
-268.8343486596139 
-268.834348659614 
-268.83434865961425 
-268.8343486596141 
-268.8343486596139 
-268.8343486596139 
-268.8343486596138 
-268.834348659614 
-268.8343486596143 
-268.8343486596145 
-268.83434865961465 
-268.83434865961436 
-268.83434865961425 
-268.83434865961436 
-268.83434865961436 
-268.83434865961425 
-268.83434865961425 
-268.83434865961414 
-268.8343486596145 
-268.8343486596144 
-268.8343486596145 
-268.83434865961425 
-268.8343486596143 
-268.83434865961436 
-268.83434865961436 
-268.8343486596142 
-268.83434865961414 
-268.83434865961425 
-268.8343486596146 
-268.83434865961436 
-268.83434865961436 
-268.83434865961436 
-268.83434865961425 
-268.83434865961436 
-268.83434865961436 
-268.83434865961436 
-268.83434865961436 
-268.83434865961425 
-268.83434865961425 
-268.83434865961414 
-268.83434865961436 
-268.8343486596147 
-268.8343486596147 
-268.8343486596147 
-268.83434865961493 
-268.83434865961505 
-268.8343486596153 
-268.8343486596154 
-268.8343486596154 
-268.8343486596153 
-268.83434865961516 
-268.83434865961516 
-268.83434865961505 
-268.83434865961516 
-268.83434865961516 
-268.8343486596153 
-268.8343486596153 
-268.8343486596155 
-268.8343486596155 
-268.83434865961544 
-268.8343486596154 
-268.8343486596155 
-268.83434865961556 
-268.8343486596155 
-268.8343486596156 
-268.83434865961556 
-268.8343486596155 
-268.8343486596157 
-268.83434865961584 
-268.8343486596156 
-268.8343486596155 
-268.83434865961596 
-268.834348659616 
-268.83434865961607 
-268.834348659616 
-268.83434865961596 
-268.83434865961596 
-268.83434865961596 
-268.83434865961596 
-268.83434865961584 
-268.83434865961584 
-268.83434865961584 
-268.83434865961596 
-268.83434865961607 
-268.83434865961596 
-268.83434865961596 
-268.83434865961596 
-268.83434865961607 
-268.8343486596162 
-268.8343486596163 
-268.8343486596162 
-268.83434865961607 
-268.83434865961635 
-268.8343486596164 
-268.83434865961635 
-268.8343486596164 
-268.8343486596165 
-268.8343486596165 
-268.83434865961686 
-268.83434865961675 
-268.83434865961675 
-268.83434865961686 
-268.83434865961686 
-268.8343486596167 
-268.83434865961664 
-268.83434865961686 
-268.8343486596171 
-268.8343486596173 
-268.83434865961726 
-268.8343486596172 
-268.834348659617 
-268.8343486596171 
-268.8343486596171 
-268.83434865961686 
-268.83434865961664 
-268.83434865961596 
-268.83434865962107 
-268.8343486596179 
-268.8343486596156 
-268.8343486596138 
-268.83434865961266 
-268.834348659612 
-268.8343486596239 
-268.83434865961186 
-268.83434865962386 
-268.83434865961175 
-268.83434865961254 
-268.8343486596136 
-268.8343486596156 
-268.8343486596179 
-268.83434865962084 
-268.8343486596157 
-268.8343486596163 
-268.83434865961664 
-268.834348659617 
-268.8343486596171 
-268.8343486596169 
-268.8343486596172 
-268.8343486596173 
-268.8343486596173 
-268.8343486596171 
-268.834348659617 
-268.8343486596171 
-268.8343486596172 
-268.8343486596173 
-268.8343486596172 
-268.8343486596171 
-268.8343486596171 
-268.8343486596172 
-268.83434865961686 
-268.834348659617 
-268.83434865961686 
-268.83434865961686 
-268.83434865961686 
-268.8343486596168 
-268.8343486596165 
-268.8343486596165 
-268.8343486596165 
-268.83434865961647 
-268.8343486596163 
-268.8343486596165 
-268.8343486596165 
-268.83434865961664 
-268.8343486596165 
-268.8343486596165 
-268.8343486596164 
-268.8343486596165 
-268.8343486596164 
-268.83434865961664 
-268.8343486596165 
-268.8343486596165 
-268.8343486596164 
-268.8343486596165 
-268.83434865961647 
-268.8343486596164 
-268.8343486596164 
-268.83434865961596 
-268.83434865961596 
-268.83434865961607 
-268.8343486596162 
-268.8343486596156 
-268.8343486596155 
-268.8343486596156 
-268.8343486596155 
-268.8343486596155 
-268.8343486596154 
-268.8343486596153 
-268.8343486596153 
-268.83434865961516 
-268.8343486596148 
-268.8343486596147 
-268.8343486596148 
-268.8343486596148 
-268.8343486596147 
-268.8343486596146 
-268.8343486596146 
-268.8343486596146 
-268.83434865961476 
-268.8343486596147 
-268.8343486596146 
-268.8343486596146 
-268.83434865961436 
-268.83434865961414 
-268.8343486596141 
-268.8343486596139 
-268.834348659614 
-268.8343486596137 
-268.8343486596135 
-268.8343486596136 
-268.83434865961357 
-268.83434865961357 
-268.83434865961357 
-268.83434865961345 
-268.83434865961345 
-268.83434865961345 
-268.83434865961345 
-268.83434865961334 
-268.83434865961334 
-268.83434865961334 
-268.83434865961317 
-268.8343486596129 
-268.8343486596128 
-268.834348659613 
-268.8343486596131 
-268.8343486596129 
-268.8343486596129 
-268.8343486596129 
-268.8343486596129 
-268.8343486596129 
-268.83434865961266 
-268.83434865961266 
-268.83434865961254 
-268.83434865961266 
-268.8343486596126 
-268.83434865961254 
-268.8343486596128 
-268.8343486596129 
-268.8343486596128 
-268.83434865961254 
-268.8343486596122 
-268.834348659612 
-268.8343486596121 
-268.8343486596121 
-268.8343486596123 
-268.83434865961243 
-268.8343486596123 
-268.8343486596121 
-268.8343486596123 
-268.83434865961254 
-268.8343486596128 
-268.8343486596128 
-268.8343486596129 
-268.8343486596128 
-268.8343486596129 
-268.8343486596129 
-268.8343486596129 
-268.8343486596129 
-268.8343486596131 
-268.8343486596129 
-268.8343486596129 
-268.8343486596131 
-268.83434865961345 
-268.83434865961345 
-268.83434865961345 
-268.83434865961334 
-268.83434865961357 
-268.8343486596135 
-268.83434865961345 
-268.8343486596132 
-268.83434865961334 
-268.83434865961334 
-268.83434865961345 
-268.83434865961334 
-268.8343486596132 
-268.83434865961345 
-268.83434865961345 
-268.8343486596137 
-268.8343486596138 
-268.8343486596139 
-268.8343486596138 
-268.8343486596139 
-268.83434865961414 
-268.8343486596139 
-268.8343486596138 
-268.8343486596138 
-268.8343486596138 
-268.8343486596138 
-268.8343486596137 
-268.8343486596138 
-268.8343486596137 
-268.83434865961374 
-268.834348659614 
-268.8343486596138 
-268.8343486596139 
-268.8343486596137 
-268.8343486596132 
-268.8343486596132 
-268.8343486596131 
-268.83434865961266 
-268.8343486596128 
-268.8343486596128 
-268.8343486596128 
-268.8343486596129 
-268.83434865961266 
-268.8343486596128 
-268.8343486596128 
-268.8343486596131 
-268.83434865961306 
-268.8343486596131 
-268.83434865961294 
-268.8343486596124 
-268.8343486596113 
-268.8343486596164 
-268.8343486596139 
-268.8343486596115 
-268.83434865960936 
-268.83434865960845 
-268.83434865960743 
-268.8343486596195 
-268.8343486596073 
