2 -0.40635778876186596 
3 -0.41288893537101573 
4 -0.4151796393019895 
5 -0.4158470417841781 
6 -0.4160842184696762 
7 -0.41617503853858 
8 -0.41621182298717074 
9 -0.4162274933004083 
10 -0.41623439043310656 
11 -0.4162375002040207 
12 -0.41623892832058834 
13 -0.4162395930028967 
14 -0.41623990600030375 
15 -0.41624005481224624 
16 -0.41624012614183825 
17 -0.416240160571102 
18 -0.41624017729788054 
19 -0.4162401854667679 
20 -0.41624018947514363 
21 -0.4162401914505368 
22 -0.4162401924280516 
23 -0.41624019291349446 
24 -0.41624019315708705 
25 -0.4162401932770909 
26 -0.41624019333527984 
27 -0.4162401933661407 
28 -0.4162401933820304 
29 -0.4162401933899473 
30 -0.41624019339370877 
31 -0.4162401933956187 
32 -0.4162401933964223 
33 -0.41624019339678453 
34 -0.41624019339704704 
35 -0.416240193397028 
36 -0.4162401933981674 
37 -0.416240193397839 
38 -0.41624019339771506 
39 -0.4162401933972906 
40 -0.4162401933974258 
41 -0.41624019339729823 
42 -0.4162401933988181 
43 -0.41624019339581586 
44 -0.4162401933914672 
45 -0.41624019339273893 
46 -0.4162401933975537 
47 -0.416240193398064 
48 -0.41624019339786 
49 -0.41624019339761076 
50 -0.4162401933975352 
51 -0.4162401933974804 
52 -0.41624019339745655 
53 -0.41624019339749974 
54 -0.4162401933974697 
55 -0.4162401933974817 
56 -0.41624019339746415 
57 -0.4162401933974641 
58 -0.4162401933974613 
59 -0.41624019339745594 
60 -0.4162401933974342 
61 -0.41624019339744167 
62 -0.41624019339741936 
63 -0.4162401933974167 
64 -0.4162401933973433 
65 -0.41624019339732976 
66 -0.4162401933962375 
67 -0.41624019340574253 
68 -0.4162401933904658 
69 -0.41624019354820135 
70 -0.4162401934991329 
71 -0.4162401934554514 
72 -0.4162401934188407 
73 -0.4162401934144311 
74 -0.4162401934088193 
75 -0.4162401934033413 
76 -0.4162401934004104 
77 -0.41624019339903534 
78 -0.41624019339798823 
79 -0.41624019339775575 
80 -0.4162401933976534 
81 -0.4162401933973098 
82 -0.4162401934021513 
83 -0.41624019339375046 
84 -0.416240193392985 
85 -0.4162401933946737 
86 -0.41624019339633433 
87 -0.4162401933961678 
88 -0.41624019339636975 
89 -0.41624019339564455 
90 -0.41624019339127094 
91 -0.41624019333032786 
92 -0.4162401916877247 
93 -0.41624019509655746 
94 -0.4162401945243626 
95 -0.41624019403476975 
96 -0.4162401937397664 
97 -0.41624019357575726 
98 -0.4162401934891134 
99 -0.416240193444338 
100 -0.4162401934213168 
101 -0.41624019340959256 
102 -0.4162401934036808 
103 -0.4162401933974955 
104 -0.41624019337126184 
105 -0.4162401934137976 
106 -0.41624019341457824 
107 -0.41624019340646706 
108 -0.41624019340327945 
109 -0.416240193400683 
110 -0.41624019339916896 
111 -0.4162401933983913 
112 -0.41624019339796436 
113 -0.4162401933977949 
114 -0.416240193397536 
115 -0.4162401933975093 
116 -0.4162401933974735 
117 -0.4162401933974602 
118 -0.4162401933974577 
119 -0.41624019339742635 
120 -0.41624019339742613 
121 -0.4162401933974584 
122 -0.4162401933975552 
123 -0.4162401933978587 
124 -0.416240193399252 
125 -0.4162401933918233 
126 -0.4162401933941148 
127 -0.41624019339098656 
128 -0.4162401933697747 
129 -0.41624019339706514 
130 -0.41624019339324586 
131 -0.4162401934040631 
132 -0.4162401934076256 
133 -0.4162401933939695 
134 -0.4162401933942849 
135 -0.41624019339592705 
136 -0.416240193396441 
137 -0.4162401933970313 
138 -0.41624019339728047 
139 -0.4162401933973689 
140 -0.4162401933974047 
141 -0.41624019339717633 
142 -0.41624019339821877 
143 -0.41624019339630924 
144 -0.4162401933983652 
145 -0.4162401934093894 
146 -0.41624019340546364 
147 -0.4162401934056243 
148 -0.4162401934014097 
149 -0.41624019339917373 
150 -0.41624019339883284 
151 -0.4162401933980866 
152 -0.4162401933977604 
153 -0.4162401933976957 
154 -0.41624019339776297 
155 -0.4162401933974347 
156 -0.41624019339523205 
157 -0.4162401934066083 
158 -0.41624019317069005 
159 -0.4162401943953593 
160 -0.41624019288422154 
161 -0.41624019331876383 
162 -0.41624019335054924 
163 -0.41624019334947776 
164 -0.41624019335921864 
165 -0.41624019337100066 
166 -0.4162401933805782 
167 -0.4162401933867173 
168 -0.41624019338992957 
169 -0.41624019339037094 
170 -0.4162401933879726 
171 -0.4162401933811574 
172 -0.41624019336628626 
173 -0.4162401933361479 
174 -0.41624019327593303 
175 -0.4162401931555178 
176 -0.4162401929140698 
177 -0.4162401924307504 
178 -0.4162401914451753 
179 -0.41624018946666436 
180 -0.41624018546441804 
181 -0.41624017730314256 
182 -0.41624016059505636 
183 -0.41624012612740735 
184 -0.4162400547862242 
185 -0.41623990593744237 
186 -0.41623959286126194 
187 -0.41623892809956214 
188 -0.41623750038315926 
189 -0.4162343906923306 
190 -0.41622749340777865 
191 -0.4162118231742281 
192 -0.4161750387804801 
193 -0.4160842183669196 
194 -0.4158470418230578 
195 -0.41517963932598073 
196 -0.41288893545190103 
197 -0.40635778878665707 
