2 3 0.11725144182837015 
3 4 0.23366396017683172 
4 5 0.36040682275809216 
5 6 0.46371946889800797 
6 7 0.522472913125262 
7 8 0.5342590736783768 
8 9 0.5141560535513675 
9 10 0.48439970728065984 
10 11 0.46493455300711994 
11 12 0.4675400500212451 
12 13 0.49325094513542944 
13 14 0.5336135364606915 
14 15 0.5755996562938256 
15 16 0.6071645814101889 
16 17 0.6212160948266345 
17 18 0.6177033624002828 
18 19 0.6031879834326197 
19 20 0.5876181155135378 
20 21 0.5801226434748679 
21 22 0.585890733035162 
22 23 0.6045843853483409 
23 24 0.6305152585759806 
24 25 0.6551410807084088 
25 26 0.6709202734479253 
26 27 0.6743384716581085 
27 28 0.6669340061403523 
28 29 0.6543622368114506 
29 30 0.6438685410426368 
30 31 0.6412237183161466 
31 32 0.6486678699158603 
32 33 0.6644446219602639 
33 34 0.6835475460234742 
34 35 0.6995737078857006 
35 36 0.7074203574425324 
36 37 0.7055013120790443 
37 38 0.6962269586856427 
38 39 0.6848053572611652 
39 40 0.6770860340478804 
40 41 0.6771543965412177 
41 42 0.6856776949462239 
42 43 0.6998494928514389 
43 44 0.7147106640148322 
44 45 0.7250655681282866 
45 46 0.7274989662192507 
46 47 0.7218576533329157 
47 48 0.7112956631149379 
48 49 0.7008037748661476 
49 50 0.6951614048744245 
50 51 0.6971320504329163 
51 52 0.7063255074802527 
52 53 0.7192796259296337 
53 54 0.7309630332627053 
54 55 0.7369137506876406 
55 56 0.7349906450233339 
56 57 0.7262273786316371 
57 58 0.714467460873796 
58 59 0.7047097445807639 
59 60 0.7009586443877425 
60 61 0.7047097444860924 
61 62 0.7144674607342723 
62 63 0.7262273784992255 
63 64 0.7349906449488894 
64 65 0.7369137507260847 
65 66 0.7309630334207806 
66 67 0.7192796261396781 
67 68 0.7063255076564038 
68 69 0.6971320505400248 
69 70 0.6951614049080823 
70 71 0.7008037748215421 
71 72 0.7112956630235286 
72 73 0.7218576532747487 
73 74 0.7274989662604353 
74 75 0.725065568294117 
75 76 0.7147106643063114 
76 77 0.699849493223055 
77 78 0.6856776952760226 
78 79 0.6771543967350608 
79 80 0.677086034126495 
80 81 0.6848053572874993 
81 82 0.696226958703817 
82 83 0.7055013121571071 
83 84 0.7074203576674117 
84 85 0.6995737082793003 
85 86 0.6835475465315662 
86 87 0.6644446225085263 
87 88 0.648667870403107 
88 89 0.6412237186299803 
89 90 0.6438685411687936 
90 91 0.654362236869873 
91 92 0.666934006285012 
92 93 0.6743384720122108 
93 94 0.6709202741224328 
94 95 0.6551410817393815 
95 96 0.6305152598261667 
96 97 0.6045843865860635 
97 98 0.585890734105526 
98 99 0.5801226443273324 
99 100 0.5876181161063863 
100 101 0.6031879837378452 
101 102 0.6177033626047828 
102 103 0.6212160953046217 
103 104 0.6071645820887088 
104 105 0.5755996569539824 
105 106 0.5336135369451582 
106 107 0.49325094537545205 
107 108 0.46754004985961695 
108 109 0.4649345524317986 
109 110 0.48439970648410186 
110 111 0.5141560528653664 
111 112 0.5342590734345607 
112 113 0.522472913179234 
113 114 0.4637194690998364 
114 115 0.36040682301661464 
115 116 0.2336639604083282 
116 117 0.117251441970944 
117 118 0.03859996195556535 
