2 3 0.015500378794408694 
3 4 0.021559019730312177 
4 5 0.027495683656143313 
5 6 0.03470010366436871 
6 7 0.0443631202368278 
7 8 0.05685335455540914 
8 9 0.07208384867256148 
9 10 0.08983472184062188 
10 11 0.10993859785282663 
11 12 0.13227139102723717 
12 13 0.15666928402667912 
13 14 0.18289058800631813 
14 15 0.2106489160398653 
15 16 0.2396568125787537 
16 17 0.269624187258691 
17 18 0.30023455328701487 
18 19 0.33116602084394553 
19 20 0.3621612262482954 
20 21 0.3930503843549788 
21 22 0.4236446877668139 
22 23 0.4535792880102024 
23 24 0.4823144292212312 
24 25 0.5093880213719767 
25 26 0.5347154292676904 
26 27 0.5585807193905584 
27 28 0.5812015803057013 
28 29 0.6022454821143464 
29 30 0.6208636003930236 
30 31 0.6363444293689042 
31 32 0.6488047451757369 
32 33 0.6591709338738132 
33 34 0.6683073351787806 
34 35 0.6760760939158477 
35 36 0.6813546902631155 
36 37 0.6831029864848306 
37 38 0.6814921243920969 
38 39 0.6779304831957604 
39 40 0.673879864659578 
40 41 0.6695395823208032 
41 42 0.6637642833176443 
42 43 0.6553325758201756 
43 44 0.6442898431918527 
44 45 0.6320893660899282 
45 46 0.6203739952393791 
46 47 0.6096546253337443 
47 48 0.5990520611619724 
48 49 0.5874554724891612 
49 50 0.5747549003141638 
50 51 0.5620634144919411 
51 52 0.550768261886427 
52 53 0.5413313168035379 
53 54 0.5332403474921326 
54 55 0.5256875415793965 
55 56 0.5185361465832579 
56 57 0.5123762733726481 
57 58 0.5081516034556072 
58 59 0.5061286119881973 
59 60 0.5059916276696201 
60 61 0.5071457207566064 
61 62 0.5091026225306468 
62 63 0.5121603255663775 
63 64 0.5168267805441016 
64 65 0.5235257406085285 
65 66 0.532113218292145 
66 67 0.5418234333850211 
67 68 0.5517493113058051 
68 69 0.5615668159657613 
69 70 0.5717646684239519 
70 71 0.5835392092979844 
71 72 0.5966699241392943 
72 73 0.6104415054734593 
73 74 0.6229510945246852 
74 75 0.6330446853828812 
75 76 0.6415867918170046 
76 77 0.6505345232706687 
77 78 0.660580762134197 
78 79 0.6702700636395406 
79 80 0.6772254597028998 
80 81 0.6803132237301686 
81 82 0.6805840613956111 
82 83 0.6799063217185336 
83 84 0.6788931087375124 
84 85 0.6764284269546759 
85 86 0.6708081091634329 
86 87 0.661393182432508 
87 88 0.6489646875778684 
88 89 0.6347263876542466 
89 90 0.6191849280358245 
90 91 0.6018756604529761 
91 92 0.5820624395199553 
92 93 0.5595918985015175 
93 94 0.5349433959486402 
94 95 0.5087859995503197 
95 96 0.48151493095289466 
96 97 0.45317089138900724 
97 98 0.42370223611335694 
98 99 0.39325729479262095 
99 100 0.36221452227134787 
100 101 0.33100497730771444 
101 102 0.29999753493273335 
102 103 0.2694548862424084 
103 104 0.23958900689070906 
104 105 0.21063025217665846 
105 106 0.18287093967521742 
106 107 0.1566399339548117 
107 108 0.13224662233218668 
108 109 0.10992460912742097 
109 110 0.08982331129134091 
110 111 0.07206901565855839 
111 112 0.05684046774756681 
112 113 0.04436026842365206 
113 114 0.03470660385907467 
114 115 0.02750384638382794 
115 116 0.021563571906851597 
116 117 0.0155017447871944 
117 118 0.009647544558964547 
