2 -0.25772064855166354 
3 -0.2585182955692768 
4 -0.2586341158107129 
5 -0.25865350326039166 
6 -0.25865706287779866 
7 -0.2586577354584361 
8 -0.25865786958164316 
9 -0.2586578971965574 
10 -0.2586579030094672 
11 -0.2586579042691851 
12 -0.2586579045327199 
13 -0.2586579045928971 
14 -0.2586579046061421 
15 -0.25865790463276417 
16 -0.2586579045661286 
17 -0.2586579045938013 
18 -0.2586579046054585 
19 -0.2586579046083447 
20 -0.25865790460899846 
21 -0.25865790460908783 
22 -0.2586579046092387 
23 -0.25865790460937527 
24 -0.2586579045904522 
25 -0.2586579037512587 
26 -0.25865790593065435 
27 -0.2586579050911069 
28 -0.25865790472411043 
29 -0.2586579046362844 
30 -0.25865790461509436 
31 -0.2586579046102536 
32 -0.25865790460964483 
33 -0.2586579046093222 
34 -0.258657904609263 
35 -0.25865790460901034 
36 -0.25865790460906934 
37 -0.258657904608079 
38 -0.2586579046110617 
39 -0.25865790460995824 
40 -0.25865790460920207 
41 -0.2586579046090749 
42 -0.25865790460904364 
43 -0.25865790460914445 
44 -0.2586579046092178 
45 -0.25865790460829385 
46 -0.2586579046090591 
47 -0.25865790460901195 
48 -0.2586579046091064 
49 -0.25865790460910487 
50 -0.25865790460914106 
51 -0.2586579046091457 
52 -0.2586579046092386 
53 -0.25865790460923105 
54 -0.2586579046095675 
55 -0.25865790460917437 
56 -0.25865790460917865 
57 -0.25865790460918087 
58 -0.2586579046092328 
59 -0.2586579046089995 
60 -0.25865790461055765 
61 -0.2586579046030524 
62 -0.25865790460735666 
63 -0.25865790460944016 
64 -0.25865790460984606 
65 -0.25865790460791827 
66 -0.25865790460874527 
67 -0.2586579046090118 
68 -0.258657904608866 
69 -0.2586579046100036 
70 -0.25865790460873 
71 -0.2586579046147266 
72 -0.25865790459435795 
73 -0.258657904606122 
74 -0.25865790460879895 
75 -0.2586579046087655 
76 -0.25865790460942545 
77 -0.2586579046092278 
78 -0.25865790460908705 
79 -0.2586579046093874 
80 -0.2586579046080562 
81 -0.2586579046097578 
82 -0.25865790460761645 
83 -0.2586579045096981 
84 -0.2586579047902406 
85 -0.2586579046595232 
86 -0.25865790463163635 
87 -0.2586579046148816 
88 -0.2586579046104443 
89 -0.25865790460928034 
90 -0.2586579046083523 
91 -0.2586579046038397 
92 -0.2586579046233284 
93 -0.25865790461721583 
94 -0.25865790460197846 
95 -0.25865790460681476 
96 -0.25865790460833404 
97 -0.2586579046092165 
98 -0.258657904608646 
99 -0.2586579046090255 
100 -0.2586579046091126 
101 -0.25865790460926547 
102 -0.2586579046086621 
103 -0.25865790462037613 
104 -0.25865790460829624 
105 -0.25865790461427796 
106 -0.25865790458067695 
107 -0.258657904662603 
108 -0.2586579046281476 
109 -0.2586579046138384 
110 -0.25865790461046395 
111 -0.25865790462165006 
112 -0.25865790458591525 
113 -0.25865790460108595 
114 -0.2586579046073157 
115 -0.2586579046086515 
116 -0.25865790460899984 
117 -0.2586579046092138 
118 -0.25865790460922 
119 -0.25865790461017907 
120 -0.258657904606968 
121 -0.2586579046079243 
122 -0.25865790461008326 
123 -0.2586579046094058 
124 -0.25865790460903343 
125 -0.25865790461172244 
126 -0.2586579046098131 
127 -0.2586579046152744 
128 -0.25865790459677845 
129 -0.258657904604966 
130 -0.25865790460774785 
131 -0.2586579045849505 
132 -0.25865790467007754 
133 -0.25865790462230454 
134 -0.2586579046114713 
135 -0.25865790460391647 
136 -0.25865790461641 
137 -0.2586579046037773 
138 -0.25865790460254195 
139 -0.2586579046277802 
140 -0.2586579046151296 
141 -0.25865790461179305 
142 -0.258657904608838 
143 -0.25865790456898796 
144 -0.2586579046780434 
145 -0.2586579046369004 
146 -0.2586579046160263 
147 -0.2586579046062644 
148 -0.25865790461834276 
149 -0.25865790463058297 
150 -0.2586579045784202 
151 -0.25865790459780075 
152 -0.2586579046063009 
153 -0.25865790460834204 
154 -0.2586579046091256 
155 -0.2586579046088253 
156 -0.25865790460752275 
157 -0.25865790461367605 
158 -0.25865790461153954 
159 -0.25865790463712085 
160 -0.2586579045678427 
161 -0.2586579045922752 
162 -0.2586579046045059 
163 -0.25865790458800353 
164 -0.2586579046484944 
165 -0.25865790472195116 
166 -0.258657903339433 
167 -0.25865790565073005 
168 -0.25865790515589526 
169 -0.2586579047387188 
170 -0.25865790463741417 
171 -0.258657904634048 
172 -0.2586579045749329 
173 -0.25865790459640653 
174 -0.2586579046066749 
175 -0.258657904607104 
176 -0.2586579046028985 
177 -0.2586579046260567 
178 -0.2586579047247013 
179 -0.2586579043855942 
180 -0.2586579045431628 
181 -0.25865790519068466 
182 -0.25865790327702975 
183 -0.25865790435084185 
184 -0.2586579045642317 
185 -0.25865790462931887 
186 -0.25865790453124454 
187 -0.2586579045109505 
188 -0.25865790425297147 
189 -0.25865790299663444 
190 -0.2586578971128961 
191 -0.25865786915681904 
192 -0.2586577332074634 
193 -0.25865705352050056 
194 -0.2586535202911225 
195 -0.25863411807114123 
196 -0.25851829555102424 
197 -0.25772064854661647 
