2 3 0.7651490963629645 
3 4 0.6958515814645785 
4 5 0.6611293577214665 
5 6 0.739849656756317 
6 7 0.7835333131981386 
7 8 0.7524723780649125 
8 9 0.7523377453568599 
9 10 0.8004249582910054 
10 11 0.8030381587359469 
11 12 0.7800530649214567 
12 13 0.7969728162505055 
13 14 0.8215300961257342 
14 15 0.8071790704812466 
15 16 0.7960552626516829 
16 17 0.8174695562572147 
17 18 0.822222870152502 
18 19 0.8037975585118314 
19 20 0.8044154274096151 
20 21 0.8208667731171851 
21 22 0.8120081757234536 
22 23 0.7963833593954499 
23 24 0.8055518028054408 
24 25 0.8115327427855207 
25 26 0.7953067561243297 
26 27 0.7869400412578846 
27 28 0.7981898760397841 
28 29 0.793026103028453 
29 30 0.7748343981391166 
30 31 0.7751537845163698 
31 32 0.7817907783524014 
32 33 0.7676452164310076 
33 34 0.7526016581870144 
34 35 0.758758928328367 
35 36 0.7568326256631102 
36 37 0.7368209372674859 
37 38 0.7289423001615091 
38 39 0.7352274978725611 
39 40 0.7234097270383107 
40 41 0.701729821164476 
41 42 0.7016353545157858 
42 43 0.7024140449971533 
43 44 0.6803866040409345 
44 45 0.6622292323561378 
45 46 0.6663594554920504 
46 47 0.6566912609424445 
47 48 0.62517397821281 
48 49 0.6144861923008046 
49 50 0.6160727995231402 
50 51 0.5887832397904198 
51 52 0.5515847723906019 
52 53 0.5473920970118259 
53 54 0.5332535916872249 
54 55 0.4743880962245757 
55 56 0.4356208821095932 
56 57 0.45463263936478043 
57 58 0.34047557179186533 
