2 0.18452248348019584 
3 -0.24801802246347807 
4 -0.07109008138878033 
5 0.24820431000357954 
6 -0.2864332926623037 
7 0.08318148493441711 
8 0.1722824149711753 
9 -0.3061616664615246 
10 0.20473219533495773 
11 0.04834935514143501 
12 -0.269357666998015 
13 0.2885032873855598 
14 -0.09257728381829218 
15 -0.17470298494453868 
16 0.31478680959616345 
17 -0.22063721979302156 
18 -0.037936045771998286 
19 0.27263230438793556 
20 -0.3066840664893297 
21 0.11351794296720016 
22 0.16659010727727527 
23 -0.3277242511056925 
24 0.2471107932615867 
25 0.01714805696657391 
26 -0.273783466243161 
27 0.33130694029744695 
28 -0.14423689432268044 
29 -0.15261946855019684 
30 0.3425998991221328 
31 -0.2815847933674538 
32 0.011531813593335223 
33 0.2729986382506979 
34 -0.36118672843801125 
35 0.18353472350576916 
36 0.13354887758276324 
37 -0.3597722314782281 
38 0.32419005413824176 
39 -0.047973585621043896 
40 -0.27149306610654916 
41 0.3983336648165151 
42 -0.23290902280789177 
43 -0.11008315907979338 
44 0.3832494840676547 
45 -0.37973956882048754 
46 0.09400980506938732 
47 0.2740171051932836 
48 -0.4532428835555122 
49 0.3009608814670175 
50 0.08370194064905237 
51 -0.4309176638565118 
52 0.472623711845572 
53 -0.16491111701972466 
54 -0.3028155792737787 
55 0.5768440092118773 
56 -0.46590097558375143 
57 -0.0691480749527501 
