-197.69588003455814 
-197.6958800345583 
-197.6958800537962 
-197.6958800739878 
-197.69588009482587 
-197.69588011605683 
-197.6958801375171 
-197.6958801590987 
-197.6958801807346 
-197.69588020238783 
-197.69588022403934 
-197.6958802456814 
-197.6958802673124 
-197.69588028893423 
-197.69588031054835 
-197.69588033215712 
-197.69588035376253 
-197.6958803753659 
-197.69588039696777 
-197.6958804185689 
-197.6958804401697 
-197.69588046176966 
-197.69588048336922 
-197.69588050496793 
-197.69588052656582 
-197.6958805481623 
-197.69588056975772 
-197.69588059135236 
-197.6958806129476 
-197.69588063454628 
-197.69588065615264 
-197.69588067777295 
-197.69588069941713 
-197.69588072109613 
-197.6958807428235 
-197.69588076461045 
-197.6958807864616 
-197.69588080836627 
-197.69588083028782 
-197.6958808521527 
-197.69588087384093 
-197.69588089518444 
-197.69588091597612 
-197.69588093599597 
-197.69588095505574 
-197.69588097305967 
-197.6958809900728 
-197.69588100638535 
-197.6958810225682 
-197.69588103952455 
-197.69588105851187 
-197.69588108097483 
-197.6958811078953 
-197.69588114106614 
-197.69588117147117 
-197.69588118066392 
-197.6958811808995 
-197.69588118089996 
-197.69588118089928 
-197.6958811809 
-197.69588118090007 
-197.6958811808997 
-197.69588118090104 
-197.69588118090087 
-197.69588118090545 
-197.69588118091454 
-197.69588118093242 
-197.69588118096607 
-197.69588118102521 
-197.69588118111827 
-197.69588118125375 
-197.69588118143926 
-197.69588118168167 
-197.69588118198484 
-197.6958811823499 
-197.69588118277468 
-197.69588118325203 
-197.6958811837737 
-197.69588118432966 
-197.69588118490992 
-197.69588118550521 
-197.69588118610838 
-197.69588118671385 
-197.69588118731906 
-197.6958811879219 
-197.69588118852164 
-197.69588118911798 
-197.69588118971208 
-197.6958811903043 
-197.69588119089525 
-197.69588119148546 
-197.69588119207518 
-197.6958811926648 
-197.69588119325414 
-197.6958811938438 
-197.69588119443358 
-197.69588119502336 
-197.69588119561323 
-197.69588119620315 
-197.6958811967931 
-197.69588119738296 
-197.69588119797328 
-197.69588119856382 
-197.695881199155 
-197.69588119974668 
-197.69588120033936 
-197.6958812009331 
-197.69588120152767 
-197.6958812021214 
-197.6958812027115 
-197.6958812032886 
-197.69588120383665 
-197.69588120432937 
-197.69588120473372 
-197.69588120502536 
-197.69588120502542 
-197.6958812270519 
-197.69588124889293 
-197.6958812706107 
-197.69588129225824 
-197.69588131387098 
-197.69588133546844 
-197.69588135706107 
-197.69588137865375 
-197.69588140024803 
-197.6958814218444 
-197.69588144344235 
-197.69588146504162 
-197.69588148664232 
-197.69588150824345 
-197.695881529845 
-197.69588155144697 
-197.6958815730491 
-197.69588159465044 
-197.69588161625168 
-197.69588163785318 
-197.69588165945484 
-197.69588168105523 
-197.69588170265467 
-197.69588172425284 
-197.69588174585024 
-197.6958817674463 
-197.69588178904164 
-197.6958818106363 
-197.69588183223135 
-197.69588185383034 
-197.69588187543746 
-197.69588189705803 
-197.69588191870218 
-197.69588194038124 
-197.69588196210773 
-197.69588198389366 
-197.69588200574464 
-197.69588202765007 
-197.69588204957182 
-197.6958820714372 
-197.69588209312525 
-197.69588211446876 
-197.69588213526023 
-197.6958821552794 
-197.69588217433858 
-197.69588219234205 
-197.69588220935552 
-197.6958822256682 
-197.69588224185134 
-197.69588225880747 
-197.69588227779465 
-197.69588230025806 
-197.69588232717885 
-197.6958823603498 
-197.69588239075836 
-197.69588239994977 
-197.6958824002677 
-197.69588240026783 
-197.69588240026644 
-197.69588240026738 
-197.69588240026786 
-197.69588240026823 
-197.695882400268 
-197.69588240026778 
-197.69588240027304 
-197.69588240028244 
-197.69588240030012 
-197.69588240033323 
-197.69588240039238 
-197.6958824004851 
-197.69588240062023 
-197.6958824008053 
-197.69588240104758 
-197.69588240135093 
-197.69588240171757 
-197.69588240214077 
-197.6958824026199 
-197.69588240314172 
-197.6958824036988 
-197.6958824042755 
-197.69588240487056 
-197.69588240547313 
-197.69588240607942 
-197.69588240668526 
-197.69588240729126 
-197.69588240788767 
-197.695882408486 
-197.69588240907984 
-197.69588240967 
-197.69588241026318 
-197.6958824108508 
-197.69588241144064 
-197.69588241203047 
-197.69588241261945 
-197.69588241320687 
-197.6958824138015 
-197.6958824143915 
-197.69588241498116 
-197.6958824155698 
-197.69588241615918 
-197.69588241675166 
-197.69588241734186 
-197.69588241793033 
-197.69588241852074 
-197.6958824191105 
-197.69588241970013 
-197.69588242029008 
-197.6958824208796 
-197.69588242146875 
-197.6958824220576 
-197.6958824226459 
-197.6958824232343 
-197.6958824238221 
-197.69588242441014 
-197.69588242500183 
-197.6958824256009 
-197.69588242622882 
-197.69588242728375 
-197.6958824273185 
-197.6958824273318 
-197.69588242734042 
-197.69588242734673 
-197.69588242735242 
-197.69588242735807 
-197.6958824273634 
-197.6958824273688 
-197.69588242737416 
-197.69588242737996 
-197.6958824273855 
-197.6958824273911 
-197.69588242739707 
-197.69588242740278 
-197.69588242740872 
-197.69588242741455 
-197.6958824274202 
-197.69588242742563 
-197.69588242743131 
-197.69588242743703 
-197.69588242744297 
-197.69588242744837 
-197.69588242745388 
-197.69588242745968 
-197.69588242746516 
-197.69588242747085 
-197.69588242747693 
-197.69588242748262 
-197.69588242748875 
-197.69588242749472 
-197.69588242750064 
-197.69588242750592 
-197.69588242751132 
-197.69588242751638 
-197.69588242752056 
-197.69588242752434 
-197.69588242752727 
-197.69588242752994 
-197.69588242753207 
-197.69588242753363 
-197.69588242753483 
-197.69588242753534 
-197.69588242753565 
-197.69588242753585 
-197.6958824275358 
-197.69588242753588 
-197.6958824275358 
-197.69588242753545 
-197.69588242753548 
-197.6958824275359 
-197.6958824275357 
-197.69588242753542 
-197.69588242753542 
-197.69588242753522 
-197.6958824275349 
-197.6958824275349 
-197.69588242753514 
-197.6958824275351 
-197.6958824275362 
-197.69588242753508 
-197.69588242753488 
-197.69588242753517 
-197.69588242753525 
-197.6958824275351 
-197.69588242753514 
-197.69588242753505 
-197.69588242753522 
-197.69588242753522 
-197.69588242753505 
-197.69588242753505 
-197.69588242753494 
-197.69588242753494 
-197.69588242753505 
-197.6958824275349 
-197.69588242753505 
-197.69588242753505 
-197.69588242753505 
-197.69588242753522 
-197.69588242753525 
-197.6958824275354 
-197.69588242753522 
-197.69588242753528 
-197.69588242753545 
-197.6958824275355 
-197.69588242753554 
-197.6958824275357 
-197.69588242753588 
-197.6958824275357 
-197.69588242753568 
-197.69588242753565 
-197.69588242753565 
-197.6958824275358 
-197.69588242753585 
-197.6958824275357 
-197.69588242753588 
-197.69588242753554 
-197.69588242753574 
-197.69588242753613 
-197.69588242753585 
-197.69588242753565 
-197.69588242753557 
-197.69588242753542 
-197.69588242753545 
-197.69588242753554 
-197.69588242753562 
-197.6958824275355 
-197.69588242753528 
-197.69588242753545 
-197.69588242753522 
-197.69588242753525 
-197.6958824275349 
-197.6958824275347 
-197.6958824275345 
-197.69588242753449 
-197.6958824275394 
-197.6958824275449 
-197.6958824275505 
-197.69588242755634 
-197.69588242756214 
-197.69588242756788 
-197.69588242757362 
-197.69588242757945 
-197.69588242758496 
-197.69588242759087 
-197.6958824275966 
-197.695882427602 
-197.69588242760744 
-197.69588242761318 
-197.69588242761884 
-197.69588242762453 
-197.69588242763015 
-197.6958824276362 
-197.6958824276415 
-197.69588242764718 
-197.6958824276526 
-197.69588242765843 
-197.69588242766415 
-197.69588242766983 
-197.69588242767568 
-197.69588242768125 
-197.6958824276869 
-197.69588242769268 
-197.69588242769848 
-197.69588242770422 
-197.6958824277104 
-197.6958824277165 
-197.69588242772244 
-197.69588242772838 
-197.69588242773372 
-197.6958824277389 
-197.69588242774302 
-197.69588242774662 
-197.69588242775035 
-197.69588242775276 
-197.69588242775484 
-197.69588242775666 
-197.69588242775782 
-197.69588242775808 
-197.6958824277587 
-197.6958824277588 
-197.69588242775896 
-197.69588242775913 
-197.6958824277595 
-197.6958824277593 
-197.69588242775953 
-197.69588242775967 
-197.6958824277596 
-197.6958824277597 
-197.69588242775976 
-197.6958824277601 
-197.69588242776038 
-197.69588242775964 
-197.69588242775967 
