2 -0.4477729638653007 
3 -0.41389621414463185 
4 -0.4090969749675636 
5 -0.4192461401768788 
6 -0.43356961882003586 
7 -0.42441752570198676 
8 -0.4226391605249222 
9 -0.4295235251779116 
10 -0.42249864818671046 
11 -0.4207609618417155 
12 -0.43375939913087097 
13 -0.4309494526532469 
14 -0.414526885999538 
15 -0.4226440891887975 
16 -0.4410964937701653 
17 -0.42804786886293683 
18 -0.40932015457364934 
19 -0.4274600125272757 
20 -0.4453356283878667 
21 -0.4227772266888311 
22 -0.4070753672804299 
23 -0.43362819682167386 
24 -0.44633023241974956 
25 -0.41674016909935774 
26 -0.4078803129694445 
27 -0.4396608637297039 
28 -0.4442362289847577 
29 -0.41137591616423386 
30 -0.4113759081098192 
31 -0.44423622193070245 
32 -0.43966087193690573 
33 -0.40788032091248944 
34 -0.4167401612597598 
35 -0.4463302258338132 
36 -0.4336282058493251 
37 -0.4070753741375319 
38 -0.42277721894875586 
39 -0.44533562280597633 
40 -0.42746002157560553 
41 -0.40932016143939853 
42 -0.4280478609899892 
43 -0.44109649018990416 
44 -0.42264409834032607 
45 -0.41452689161093764 
46 -0.4309494454058984 
47 -0.4337593905030091 
48 -0.4207609662480102 
49 -0.4224986597410556 
50 -0.4295235242556004 
51 -0.4226391418598514 
52 -0.42441752581623704 
53 -0.43356963970907475 
54 -0.4192461318935421 
55 -0.40909697081231605 
56 -0.41389621669923204 
57 -0.4477729690160207 
