-169.00702284383274 
-169.0070228438328 
-169.00702284383289 
-169.00702284383263 
-169.0070228438327 
-169.00702284383277 
-169.00702284383274 
-169.0070228438328 
-169.00702284383274 
-169.00702284383277 
-169.00702284383274 
-169.0070228438329 
-169.00702284383266 
-169.00702284383271 
-169.00702284383254 
-169.00702284383254 
-169.0070228438326 
-169.00702284383254 
-169.0070228438325 
-169.00702284383246 
-169.0070228438323 
-169.0070228438321 
-169.00702284383206 
-169.0070228438321 
-169.00702284383217 
-169.0070228438321 
-169.0070228438321 
-169.00702284383226 
-169.007022843832 
-169.0070228438321 
-169.0070228438321 
-169.00702284383203 
-169.00702284383206 
-169.00702284383186 
-169.0070228438319 
-169.007022843832 
-169.00702284383195 
-169.007022843832 
-169.00702284383186 
-169.00702284383192 
-169.007022843832 
-169.00702284383178 
-169.00702284383178 
-169.00702284383175 
-169.00702284383163 
-169.0070228438317 
-169.00702284383166 
-169.00702284383308 
-169.00702284383365 
-169.00702284383578 
-169.00702284383195 
-169.00702284383192 
-169.0070228438317 
-169.0070228438321 
-169.00702284383246 
-169.0070228438318 
-169.00702284383314 
-169.0070228438324 
-169.00702284383172 
-169.00702284383257 
-169.00702284383203 
-169.00702284383254 
-169.00702284383217 
-169.00702284383215 
-169.0070228438319 
-169.00702284383232 
-169.0070228438318 
-169.00702284383223 
-169.0070228438321 
-169.00702284383195 
-169.00702284383166 
-169.00702284383192 
-169.00702284383178 
-169.0070228438318 
-169.0070228438319 
-169.007022843832 
-169.00702284383217 
-169.00702284383212 
-169.00702284383203 
-169.0070228438322 
-169.007022843832 
-169.00702284383203 
-169.00702284383198 
-169.00702284383203 
-169.00702284383215 
-169.0070228438322 
-169.00702284383215 
-169.0070228438323 
-169.0070228438322 
-169.00702284383226 
-169.0070228438323 
-169.00702284383212 
-169.0070228438323 
-169.00702284383223 
-169.00702284383226 
-169.0070228438324 
-169.00702284383254 
-169.0070228438327 
-169.00702284383263 
-169.00702284383271 
-169.00702284383271 
-169.00702284383274 
-169.00702284383289 
-169.00702284383294 
-169.00702284383289 
-169.00702284383303 
-169.00702284383294 
-169.00702284383297 
-169.00702284383289 
-169.00702284383289 
-169.00702284383308 
-169.007022843833 
-169.00702284383294 
-169.00702284383317 
-169.00702284383303 
-169.00702284383308 
-169.007022843833 
-169.007022843833 
-169.00702284383306 
-169.00702284383306 
-169.0070228438331 
-169.00702284383308 
-169.00702284383306 
-169.0070228438331 
-169.00702284383297 
-169.00702284383297 
-169.00702284383306 
-169.00702284383308 
-169.00702284383314 
-169.00702284383325 
-169.00702284383314 
-169.00702284383314 
-169.00702284383306 
-169.007022843833 
-169.00702284383297 
-169.00702284383286 
-169.00702284383283 
-169.00702284383289 
-169.00702284383294 
-169.00702284383303 
-169.00702284383303 
-169.00702284383308 
-169.00702284383306 
-169.00702284383325 
-169.00702284383345 
-169.00702284383334 
-169.00702284383348 
-169.00702284383345 
-169.00702284383343 
-169.0070228438334 
-169.0070228438335 
-169.00702284383337 
-169.0070228438334 
-169.00702284383345 
-169.00702284383357 
-169.00702284383343 
-169.00702284383348 
-169.0070228438334 
-169.0070228438334 
-169.00702284383354 
-169.00702284383343 
-169.0070228438335 
-169.00702284383343 
-169.00702284383405 
-169.0070228438344 
-169.00702284383377 
-169.0070228438337 
-169.00702284383377 
-169.00702284383377 
-169.00702284383357 
-169.007022843834 
-169.00702284383357 
-169.007022843834 
-169.00702284383348 
-169.0070228438336 
-169.00702284383337 
-169.00702284383343 
-169.00702284383354 
-169.00702284383377 
-169.0070228438336 
-169.007022843834 
-169.00702284383365 
-169.00702284383354 
-169.00702284383578 
-169.00702284383357 
-169.00702284383388 
-169.00702284383337 
-169.0070228438333 
-169.0070228438333 
-169.0070228438333 
-169.0070228438333 
-169.00702284383343 
-169.00702284383325 
-169.0070228438334 
-169.00702284383343 
-169.00702284383325 
-169.00702284383323 
-169.00702284383317 
-169.0070228438332 
-169.0070228438331 
-169.00702284383317 
-169.00702284383308 
-169.0070228438331 
-169.00702284383317 
-169.00702284383317 
-169.00702284383317 
-169.00702284383308 
-169.007022843833 
-169.00702284383297 
-169.00702284383297 
-169.00702284383303 
-169.00702284383297 
-169.00702284383297 
-169.00702284383317 
-169.00702284383325 
-169.0070228438334 
-169.00702284383334 
-169.00702284383325 
-169.00702284383328 
-169.0070228438333 
-169.00702284383345 
-169.00702284383357 
-169.00702284383357 
-169.0070228438336 
-169.00702284383357 
-169.00702284383377 
-169.00702284383385 
-169.00702284383374 
-169.00702284383362 
-169.00702284383377 
-169.0070228438338 
-169.0070228438337 
-169.00702284383357 
-169.00702284383377 
-169.0070228438336 
-169.00702284383374 
-169.0070228438336 
-169.00702284383354 
-169.00702284383368 
-169.00702284383354 
-169.00702284383357 
-169.00702284383348 
-169.00702284383354 
-169.00702284383343 
-169.00702284383343 
-169.00702284383343 
-169.0070228438334 
-169.00702284383345 
-169.00702284383354 
-169.00702284383354 
-169.0070228438335 
-169.00702284383354 
-169.00702284383357 
-169.00702284383354 
-169.00702284383365 
-169.00702284383357 
-169.00702284383368 
-169.0070228438336 
-169.00702284383362 
-169.0070228438338 
-169.00702284383382 
-169.0070228438339 
-169.00702284383388 
-169.00702284383394 
-169.00702284383388 
-169.007022843834 
-169.0070228438341 
-169.00702284383394 
-169.00702284383382 
-169.0070228438339 
-169.00702284383382 
-169.0070228438338 
-169.00702284383385 
-169.0070228438339 
-169.0070228438337 
-169.00702284383394 
-169.00702284383357 
-169.0070228438339 
-169.0070228438339 
-169.00702284383433 
-169.00702284383445 
-169.00702284383436 
-169.00702284383385 
-169.00702284383414 
-169.00702284383377 
-169.00702284383485 
-169.00702284383357 
-169.00702284383368 
-169.00702284383377 
-169.00702284383485 
-169.00702284383408 
-169.0070228438341 
-169.00702284383445 
-169.00702284383385 
-169.00702284383462 
-169.00702284383433 
-169.00702284383408 
-169.00702284383516 
-169.00702284383473 
-169.00702284383428 
-169.00702284383428 
-169.00702284383416 
-169.00702284383416 
-169.007022843834 
-169.007022843834 
-169.0070228438341 
-169.0070228438341 
-169.00702284383414 
-169.00702284383422 
-169.00702284383416 
-169.00702284383425 
-169.0070228438343 
-169.00702284383433 
-169.00702284383448 
-169.0070228438345 
-169.00702284383428 
-169.00702284383425 
-169.0070228438343 
-169.00702284383425 
-169.0070228438342 
-169.00702284383405 
-169.00702284383414 
-169.007022843834 
-169.00702284383397 
-169.00702284383394 
-169.00702284383397 
-169.00702284383402 
-169.00702284383377 
-169.00702284383382 
-169.00702284383377 
-169.00702284383382 
-169.00702284383388 
-169.00702284383377 
-169.00702284383362 
-169.00702284383374 
-169.0070228438338 
-169.00702284383362 
-169.0070228438337 
-169.0070228438338 
-169.00702284383377 
-169.00702284383374 
-169.0070228438337 
-169.00702284383382 
-169.00702284383385 
-169.0070228438339 
-169.0070228438339 
-169.00702284383368 
-169.0070228438337 
-169.00702284383365 
-169.0070228438338 
-169.00702284383382 
-169.0070228438338 
-169.00702284383374 
-169.00702284383357 
-169.00702284383397 
-169.0070228438338 
-169.0070228438338 
-169.00702284383368 
-169.0070228438338 
-169.00702284383357 
-169.00702284383357 
-169.00702284383345 
-169.00702284383334 
-169.0070228438334 
-169.00702284383343 
-169.00702284383345 
-169.00702284383334 
-169.0070228438332 
-169.00702284383314 
-169.00702284383308 
-169.0070228438331 
-169.00702284383314 
-169.007022843833 
-169.00702284383306 
-169.00702284383323 
-169.00702284383328 
-169.00702284383325 
-169.00702284383334 
-169.00702284383328 
-169.0070228438331 
-169.00702284383328 
-169.00702284383334 
-169.00702284383337 
-169.0070228438333 
-169.00702284383343 
-169.0070228438334 
-169.00702284383343 
-169.00702284383334 
-169.0070228438334 
-169.0070228438335 
-169.00702284383348 
-169.0070228438336 
-169.00702284383345 
-169.00702284383348 
-169.00702284383354 
-169.00702284383365 
-169.00702284383493 
-169.00702284383425 
-169.00702284383394 
-169.0070228438346 
-169.0070228438344 
-169.0070228438346 
-169.007022843835 
-169.00702284383422 
-169.0070228438345 
-169.00702284383468 
-169.0070228438342 
