2 -0.30185483201018104 
3 -0.3036076167384042 
4 -0.30398951406182934 
5 -0.3040569037598027 
6 -0.3040716740640251 
7 -0.3040751698683393 
8 -0.3040760392083713 
9 -0.30407626478958405 
10 -0.3040763248965247 
11 -0.3040763412455126 
12 -0.3040763457587792 
13 -0.3040763470216114 
14 -0.3040763473784887 
15 -0.304076347479999 
16 -0.3040763475092705 
17 -0.3040763475172041 
18 -0.3040763475199007 
19 -0.3040763475199315 
20 -0.304076347517895 
21 -0.3040763475197661 
22 -0.3040763475206499 
23 -0.30407634752090174 
24 -0.30407634752097007 
25 -0.304076347521043 
26 -0.3040763475210137 
27 -0.3040763475210112 
28 -0.3040763475210191 
29 -0.30407634752099705 
30 -0.3040763475212507 
31 -0.304076347520944 
32 -0.30407634752094487 
33 -0.3040763475208123 
34 -0.3040763475216878 
35 -0.3040763475204634 
36 -0.3040763475192418 
37 -0.3040763475175287 
38 -0.3040763475137827 
39 -0.3040763475111575 
40 -0.3040763475168644 
41 -0.3040763475196566 
42 -0.3040763475205389 
43 -0.3040763475209358 
44 -0.30407634752136375 
45 -0.3040763475244287 
46 -0.3040763475149027 
47 -0.3040763475237403 
48 -0.3040763475224828 
49 -0.30407634752203877 
50 -0.3040763475210215 
51 -0.3040763475209499 
52 -0.30407634752100504 
53 -0.30407634752099577 
54 -0.30407634752101964 
55 -0.3040763475209975 
56 -0.3040763475209398 
57 -0.30407634752109053 
58 -0.30407634752087254 
59 -0.3040763475209081 
60 -0.3040763475225382 
61 -0.30407634751709944 
62 -0.3040763475418679 
63 -0.3040763475331527 
64 -0.30407634748174245 
65 -0.3040763474427678 
66 -0.3040763474892014 
67 -0.3040763475106981 
68 -0.30407634751789586 
69 -0.304076347520154 
70 -0.30407634752072976 
71 -0.30407634752098406 
72 -0.3040763475209857 
73 -0.3040763475210028 
74 -0.30407634752094603 
75 -0.30407634752107454 
76 -0.30407634752111706 
77 -0.3040763475213864 
78 -0.30407634752119206 
79 -0.3040763475210186 
80 -0.3040763475193782 
81 -0.30407634752533225 
82 -0.30407634756931884 
83 -0.30407634755359175 
84 -0.3040763475331684 
85 -0.3040763475247793 
86 -0.304076347522117 
87 -0.30407634752137824 
88 -0.30407634752140195 
89 -0.3040763475121467 
90 -0.30407634751758006 
91 -0.3040763473823597 
92 -0.3040763473343282 
93 -0.30407634744746065 
94 -0.3040763474984356 
95 -0.3040763475141704 
96 -0.3040763475232257 
97 -0.30407634753150503 
98 -0.3040763472657024 
99 -0.30407634736305383 
100 -0.3040763474628788 
101 -0.30407634750306506 
102 -0.3040763475157274 
103 -0.3040763475205682 
104 -0.304076347520601 
105 -0.30407634752089047 
106 -0.30407634752098944 
107 -0.3040763475208103 
108 -0.3040763475240315 
109 -0.3040763475454701 
110 -0.30407634751699947 
111 -0.30407634751825463 
112 -0.3040763475201132 
113 -0.3040763475208319 
114 -0.3040763475209125 
115 -0.3040763475210017 
116 -0.3040763475210269 
117 -0.304076347521067 
118 -0.3040763475209945 
119 -0.30407634752327767 
120 -0.3040763475115337 
121 -0.30407634763902475 
122 -0.30407634753531676 
123 -0.30407634751543655 
124 -0.3040763475390891 
125 -0.3040763475122047 
126 -0.3040763475164131 
127 -0.30407634751967083 
128 -0.30407634751710916 
129 -0.30407634752482565 
130 -0.30407634751772933 
131 -0.3040763476165981 
132 -0.304076347487689 
133 -0.30407634750363577 
134 -0.3040763475148966 
135 -0.30407634751912055 
136 -0.3040763475204401 
137 -0.3040763475208441 
138 -0.3040763475209599 
139 -0.30407634752102497 
140 -0.3040763475210236 
141 -0.30407634752102614 
142 -0.3040763475209702 
143 -0.30407634752100865 
144 -0.3040763475210512 
145 -0.3040763475210392 
146 -0.30407634752104284 
147 -0.3040763475209622 
148 -0.3040763475209677 
149 -0.3040763475210249 
150 -0.30407634752105017 
151 -0.30407634752096935 
152 -0.30407634752097823 
153 -0.30407634752102025 
154 -0.30407634752099966 
155 -0.3040763475210206 
156 -0.30407634752100543 
157 -0.3040763475210087 
158 -0.30407634752081714 
159 -0.30407634752094337 
160 -0.304076347520979 
161 -0.3040763475210127 
162 -0.30407634752100743 
163 -0.3040763475209891 
164 -0.3040763475210383 
165 -0.30407634752100643 
166 -0.30407634752099677 
167 -0.3040763475209917 
168 -0.3040763475210151 
169 -0.30407634752099305 
170 -0.3040763475210233 
171 -0.30407634752098994 
172 -0.30407634752084617 
173 -0.3040763475208126 
174 -0.3040763475209254 
175 -0.3040763475209689 
176 -0.30407634752098955 
177 -0.3040763475209923 
178 -0.30407634752102897 
179 -0.3040763475209037 
180 -0.3040763475207385 
181 -0.3040763475200415 
182 -0.3040763475173881 
183 -0.30407634751100565 
184 -0.30407634747971196 
185 -0.30407634737931283 
186 -0.3040763470248385 
187 -0.3040763457671502 
188 -0.30407634126360567 
189 -0.304076324940397 
190 -0.3040762648605673 
191 -0.30407603930522314 
192 -0.304075169769536 
193 -0.3040716740794263 
194 -0.3040569038507512 
195 -0.3039895141482354 
196 -0.30360761682885334 
197 -0.3018548320499212 
