2 3 0.004344968112475532 
3 4 0.007948581582283197 
4 5 0.0134581434733454 
5 6 0.021300063843021216 
6 7 0.03171312314954996 
7 8 0.04468040421338497 
8 9 0.06019836909497901 
9 10 0.07824351205728644 
10 11 0.09869446316172749 
11 12 0.12134955373404008 
12 13 0.14600082428719122 
13 14 0.17244817384793074 
14 15 0.20045707302685958 
15 16 0.22974120113131422 
16 17 0.25999685938646133 
17 18 0.29093528019617576 
18 19 0.32227326173072873 
19 20 0.3537109833422196 
20 21 0.3849389410156213 
21 22 0.41566448677641965 
22 23 0.4456198705232401 
23 24 0.47454761184617433 
24 25 0.5021947510886813 
25 26 0.5283289104651044 
26 27 0.5527518562136969 
27 28 0.5752915809656196 
28 29 0.5957914493408492 
29 30 0.6141187802902581 
30 31 0.6301792598953873 
31 32 0.6439133301746709 
32 33 0.6552807353642587 
33 34 0.6642616918550618 
34 35 0.670874885482831 
35 36 0.675178453307296 
36 37 0.6772501707153291 
37 38 0.6771761501412468 
38 39 0.6750709197914282 
39 40 0.6710909084443951 
40 41 0.6654133977382376 
41 42 0.6582099993788195 
42 43 0.6496584152304898 
43 44 0.6399706663457541 
44 45 0.6293842264982119 
45 46 0.6181218717944111 
46 47 0.6063875834263112 
47 48 0.5944008110834238 
48 49 0.5824077903325589 
49 50 0.5706328562515641 
50 51 0.5592672939805412 
51 52 0.5484998224161693 
52 53 0.5385300605924501 
53 54 0.5295367116818426 
54 55 0.5216611418478926 
55 56 0.5150221291110233 
56 57 0.5097395750967941 
57 58 0.5059041181229503 
58 59 0.503574574669244 
59 60 0.5027871787018022 
60 61 0.5035595444975709 
61 62 0.5058794632978105 
62 63 0.5096991850246705 
63 64 0.5149649484545997 
64 65 0.5215885426168246 
65 66 0.5294537962398657 
66 67 0.5384292589487124 
67 68 0.5483652033470249 
68 69 0.5590956755329889 
69 70 0.5704505729263186 
70 71 0.5822273785565338 
71 72 0.5942205858273647 
72 73 0.6062198820124177 
73 74 0.6179580786931845 
74 75 0.6292129131616896 
75 76 0.6398138541618696 
76 77 0.6495564044073603 
77 78 0.6581544664810924 
78 79 0.6653443014517564 
79 80 0.6710289867468221 
80 81 0.675055229831174 
81 82 0.677168167526046 
82 83 0.677194045110825 
83 84 0.6751089298398054 
84 85 0.6708605422807996 
85 86 0.6642818954817833 
86 87 0.655250359469627 
87 88 0.6438141791049291 
88 89 0.6300905332540621 
89 90 0.6140827443906974 
90 91 0.5957452106986131 
91 92 0.5751688284852913 
92 93 0.5525861311437283 
93 94 0.5281890990801371 
94 95 0.5020762732296421 
95 96 0.47440022606586096 
96 97 0.4454342329107362 
97 98 0.41547853905494664 
98 99 0.38477430152109066 
99 100 0.353553994710814 
100 101 0.3221082758879451 
101 102 0.29077107134722174 
102 103 0.25984747953986065 
103 104 0.2296072715157767 
104 105 0.20033303575618017 
105 106 0.172333950895936 
106 107 0.14589956615233038 
107 108 0.1212624540798749 
108 109 0.09862069747789205 
109 110 0.07818256405294101 
110 111 0.060149937811139816 
111 112 0.04464350873934991 
112 113 0.031686476247690755 
113 114 0.02128236142732972 
114 115 0.013447666562538162 
115 116 0.007943277666704997 
116 117 0.004342824120223096 
117 118 0.002676437282282839 
