2 -0.9665430504656591 
3 0.9640539145222644 
4 -0.9613241612734512 
5 0.9587361385585897 
6 -0.9551053310169175 
7 0.9500246335439044 
8 -0.9433688321425603 
9 0.9350449675553589 
10 -0.9249212305069628 
11 0.9128544195007746 
12 -0.8987256658400339 
13 0.8824466272652468 
14 -0.8639493389149463 
15 0.8431812367601645 
16 -0.8201084141507832 
17 0.7947191292196201 
18 -0.7670232023311907 
19 0.7370498761881776 
20 -0.7048472291341755 
21 0.6704825882856169 
22 -0.6340419677059097 
23 0.5956284179529746 
24 -0.5553606718399483 
25 0.5133724186271666 
26 -0.4698112700765045 
27 0.424836896537976 
28 -0.37861915189626294 
29 0.33133675537400387 
30 -0.28317646789340806 
31 0.2343311613109082 
32 -0.18499743810246577 
33 0.13537430678137843 
34 -0.0856623799334654 
35 0.03606231272160675 
36 0.0132264722799635 
37 -0.062008459587510154 
38 0.1100922286006886 
39 -0.1572905268766282 
40 0.2034219723362645 
41 -0.24831276310671543 
42 0.2917966594704914 
43 -0.3337149652913751 
44 0.37391885596719227 
45 -0.4122674360335122 
46 0.4486301696609758 
47 -0.4828864168840209 
48 0.5149221254239509 
49 -0.5446360531650501 
50 0.5719356728051441 
51 -0.5967367700190629 
52 0.6189642612298921 
53 -0.6385526060525707 
54 0.6554448961919084 
55 -0.6695946766231939 
56 0.6809594116696053 
57 -0.6895102414790759 
58 0.6952227897162978 
59 -0.6980811144343031 
60 0.6980819065597257 
61 -0.6952143906859264 
62 0.6894984971201619 
63 -0.6809450322744033 
64 0.6695815561891115 
65 -0.6554461585942183 
66 0.6385673676153895 
67 -0.6189903373015847 
68 0.5967773555582531 
69 -0.5719788120294782 
70 0.5446851451900745 
71 -0.514976018607573 
72 0.4829436196391786 
73 -0.44870321277171116 
74 0.4123568042598071 
75 -0.3740169481814092 
76 0.33381487162021717 
77 -0.291900304426143 
78 0.2484176701254342 
79 -0.203518886494687 
80 0.1573899010276693 
81 -0.11017851835307155 
82 0.062072997565303704 
83 -0.01326254261992961 
84 -0.03605537296923193 
85 0.08568717581597181 
86 -0.13542944639073973 
87 0.18507875911006816 
88 -0.2344396821634603 
89 0.2833109929058554 
90 -0.3315003472153392 
91 0.37880400763335226 
92 -0.425038342238435 
93 0.4700278877734699 
94 -0.5136003358448054 
95 0.5555903487084939 
96 -0.5958504110002976 
97 0.6342538319210795 
98 -0.6706845477508339 
99 0.7050372323305203 
100 -0.7372217802663554 
101 0.7671748116550376 
102 -0.7948532311029974 
103 0.8202280632197361 
104 -0.8432855632498019 
105 0.8640369321136255 
106 -0.8825190005724757 
107 0.8987859746120895 
108 -0.9129041091564423 
109 0.9249603819787767 
110 -0.9350744602070971 
111 0.943390601173214 
112 -0.9500403155083761 
113 0.9551158553513829 
114 -0.9587425216577352 
115 0.9613276891475984 
116 -0.9640556126098409 
117 0.966543668071166 
