2 3 0.02379990390524221 
3 4 0.02827042978931751 
4 5 0.030740408040164303 
5 6 0.032150778000189305 
6 7 0.03297688438648453 
7 8 0.0334704078030224 
8 9 0.03376988025883765 
9 10 0.033953910008990715 
10 11 0.03406818322818888 
11 12 0.03413976504086652 
12 13 0.03418494058477041 
13 14 0.03421363552657985 
14 15 0.034231965180783024 
15 16 0.03424373205529882 
16 17 0.03425131934693913 
17 18 0.03425623103704966 
18 19 0.03425942201689041 
19 20 0.03426150181446509 
20 21 0.03426286136976975 
21 22 0.03426375250330015 
22 23 0.0342643380528056 
23 24 0.034264723687035606 
24 25 0.03426497819675761 
25 26 0.0342651464966536 
26 27 0.03426525799159199 
27 28 0.03426533198022867 
28 29 0.03426538115762726 
29 30 0.034265413892674144 
30 31 0.03426543571337665 
31 32 0.03426545027792215 
32 33 0.03426546001130852 
33 34 0.03426546652370227 
34 35 0.034265470885848394 
35 36 0.034265473810764405 
36 37 0.034265475773935294 
37 38 0.034265477092868916 
38 39 0.034265477979773404 
39 40 0.03426547857666741 
40 41 0.034265478978707034 
41 42 0.03426547924972321 
42 43 0.0342654794325566 
43 44 0.03426547955597786 
44 45 0.03426547963934358 
45 46 0.03426547969569843 
46 47 0.034265479733827583 
47 48 0.03426547975963607 
48 49 0.034265479777120134 
49 50 0.03426547978896195 
50 51 0.03426547979696462 
51 52 0.034265479802383994 
52 53 0.03426547980608515 
53 54 0.03426547980856809 
54 55 0.034265479810219455 
55 56 0.034265479811348545 
56 57 0.034265479812057104 
57 58 0.03426547981247467 
58 59 0.03426547981274026 
59 60 0.03426547981282399 
60 61 0.03426547981276258 
61 62 0.03426547981250774 
62 63 0.034265479812078094 
63 64 0.034265479811347144 
64 65 0.034265479810226644 
65 66 0.034265479808569206 
66 67 0.034265479806108445 
67 68 0.03426547980235513 
68 69 0.03426547979687319 
69 70 0.03426547978895614 
70 71 0.03426547977708617 
71 72 0.034265479759625087 
72 73 0.03426547973381306 
73 74 0.03426547969569478 
74 75 0.034265479639354585 
75 76 0.03426547955598055 
76 77 0.03426547943254923 
77 78 0.034265479249724055 
78 79 0.03426547897870372 
79 80 0.03426547857663968 
80 81 0.0342654779797464 
81 82 0.03426547709284505 
82 83 0.03426547577390775 
83 84 0.03426547381072205 
84 85 0.034265470885807836 
85 86 0.0342654665236866 
86 87 0.03426546001130303 
87 88 0.03426545027792452 
88 89 0.034265435713392474 
89 90 0.0342654138926783 
90 91 0.03426538115761989 
91 92 0.03426533198013453 
92 93 0.034265257991814665 
93 94 0.03426514649645754 
94 95 0.03426497819661268 
95 96 0.034264723687166494 
96 97 0.03426433805304188 
97 98 0.03426375250348234 
98 99 0.03426286136984666 
99 100 0.03426150181449061 
100 101 0.0342594220169605 
101 102 0.03425623103719157 
102 103 0.03425131934714805 
103 104 0.034243732055533146 
104 105 0.0342319651810241 
105 106 0.03421363552679049 
106 107 0.034184940584945346 
107 108 0.03413976504107304 
108 109 0.03406818322829534 
109 110 0.033953910008937147 
110 111 0.03376988025857468 
111 112 0.03347040780264511 
112 113 0.032976884386595115 
113 114 0.03215077800027217 
114 115 0.030740408040167647 
115 116 0.02827042978931773 
116 117 0.02379990390522645 
117 118 0.015402518076264436 
