-173.779343250891 
-173.77934325089083 
-173.7793432508911 
-173.77934325089112 
-173.7793432508916 
-173.7793432508914 
-173.7793432508919 
-173.77934325089203 
-173.77934325089245 
-173.7793432508925 
-173.77934325089313 
-173.77934325089328 
-173.77934325089376 
-173.77934325089416 
-173.77934325089416 
-173.77934325089444 
-173.7793432508948 
-173.7793432508948 
-173.7793432508949 
-173.77934325089493 
-173.77934325089535 
-173.77934325089538 
-173.77934325089527 
-173.7793432508956 
-173.77934325089606 
-173.77934325089603 
-173.77934325089637 
-173.77934325089623 
-173.77934325089632 
-173.77934325089674 
-173.77934325089674 
-173.77934325089686 
-173.7793432508972 
-173.77934325089745 
-173.77934325089768 
-173.77934325089797 
-173.77934325089797 
-173.77934325089794 
-173.7793432508979 
-173.7793432508984 
-173.77934325089873 
-173.77934325089893 
-173.7793432508991 
-173.77934325089964 
-173.77934325089964 
-173.77934325089987 
-173.7793432509 
-173.7793432509002 
-173.77934325090052 
-173.7793432509009 
-173.7793432509007 
-173.7793432509008 
-173.7793432509013 
-173.7793432509018 
-173.77934325090206 
-173.779343250901 
-173.77934325090112 
-173.77934325090047 
-173.77934325089979 
-173.77934325090231 
-173.77934325090067 
-173.7793432509025 
-173.77934325090055 
-173.7793432509017 
-173.77934325090183 
-173.77934325090126 
-173.77934325090123 
-173.7793432509011 
-173.77934325090138 
-173.77934325090104 
-173.77934325090123 
-173.77934325090115 
-173.77934325090118 
-173.77934325090027 
-173.77934325090035 
-173.7793432509003 
-173.77934325090013 
-173.77934325090013 
-173.77934325090015 
-173.7793432509004 
-173.77934325090018 
-173.77934325090033 
-173.77934325090033 
-173.77934325090015 
-173.7793432509003 
-173.77934325089984 
-173.7793432509003 
-173.77934325090004 
-173.77934325090004 
-173.77934325090035 
-173.77934325090044 
-173.77934325090035 
-173.7793432509007 
-173.77934325090033 
-173.7793432509002 
-173.77934325090047 
-173.7793432509002 
-173.77934325090078 
-173.7793432509007 
-173.77934325090095 
-173.77934325090146 
-173.779343250901 
-173.7793432509008 
-173.77934325090106 
-173.77934325090095 
-173.77934325090104 
-173.77934325090087 
-173.7793432509006 
-173.77934325090027 
-173.77934325090015 
-173.77934325090055 
-173.77934325090018 
-173.77934325090075 
-173.77934325090033 
-173.77934325090087 
-173.77934325090084 
-173.77934325090195 
-173.7793432509016 
-173.7793432509018 
-173.77934325090226 
-173.7793432509021 
-173.77934325090192 
-173.77934325090234 
-173.77934325090226 
-173.77934325090226 
-173.77934325090268 
-173.7793432509031 
-173.77934325090249 
-173.77934325090308 
-173.77934325090314 
-173.7793432509032 
-173.77934325090317 
-173.7793432509036 
-173.77934325090376 
-173.77934325090374 
-173.77934325090348 
-173.77934325090348 
-173.77934325090422 
-173.7793432509047 
-173.77934325090533 
-173.7793432509053 
-173.77934325090564 
-173.77934325090558 
-173.77934325090573 
-173.77934325090592 
-173.7793432509057 
-173.77934325090652 
-173.77934325090646 
-173.77934325090658 
-173.77934325090712 
-173.77934325090726 
-173.77934325090726 
-173.7793432509068 
-173.7793432509075 
-173.77934325090789 
-173.77934325090803 
-173.7793432509078 
-173.77934325090774 
-173.7793432509081 
-173.7793432509083 
-173.77934325090936 
-173.77934325090868 
-173.77934325090845 
-173.77934325090868 
-173.77934325090905 
-173.77934325090948 
-173.77934325090948 
-173.7793432509094 
-173.77934325090925 
-173.7793432509091 
-173.77934325091056 
-173.77934325091036 
-173.7793432509102 
-173.77934325090985 
-173.77934325090914 
-173.77934325091232 
-173.77934325090973 
-173.77934325091556 
-173.77934325090985 
-173.7793432509096 
-173.77934325090953 
-173.77934325090965 
-173.77934325091005 
-173.77934325090956 
-173.77934325090922 
-173.77934325090942 
-173.77934325090914 
-173.77934325090885 
-173.77934325090922 
-173.77934325090902 
-173.77934325090928 
-173.77934325090962 
-173.7793432509092 
-173.7793432509096 
-173.77934325090925 
-173.77934325090897 
-173.77934325090885 
-173.7793432509085 
-173.77934325090862 
-173.77934325090877 
-173.7793432509086 
-173.77934325090834 
-173.7793432509082 
-173.77934325090828 
-173.77934325090797 
-173.7793432509081 
-173.7793432509079 
-173.779343250908 
-173.77934325090797 
-173.7793432509079 
-173.77934325090786 
-173.77934325090786 
-173.779343250908 
-173.77934325090797 
-173.77934325090806 
-173.779343250908 
-173.779343250908 
-173.77934325090774 
-173.77934325090771 
-173.7793432509077 
-173.7793432509082 
-173.7793432509078 
-173.77934325090766 
-173.77934325090783 
-173.77934325090803 
-173.7793432509086 
-173.77934325090806 
-173.77934325090808 
-173.779343250908 
-173.7793432509081 
-173.77934325090817 
-173.77934325090803 
-173.7793432509084 
-173.77934325090843 
-173.7793432509083 
-173.77934325090865 
-173.77934325090868 
-173.77934325090936 
-173.77934325090905 
-173.77934325090894 
-173.7793432509088 
-173.77934325090897 
-173.77934325090956 
-173.7793432509097 
-173.77934325090996 
-173.77934325090996 
-173.77934325090993 
-173.77934325090987 
-173.77934325090996 
-173.77934325090973 
-173.77934325090956 
-173.77934325090968 
-173.77934325090962 
-173.7793432509096 
-173.77934325090925 
-173.77934325090936 
-173.7793432509086 
-173.77934325090837 
-173.7793432509086 
-173.77934325090862 
-173.77934325090936 
-173.77934325090885 
-173.77934325090882 
-173.77934325090874 
-173.7793432509087 
-173.77934325090897 
-173.77934325090834 
-173.77934325090837 
-173.7793432509082 
-173.77934325090825 
-173.77934325090854 
-173.77934325090857 
-173.77934325090928 
-173.7793432509092 
-173.77934325090925 
-173.77934325090922 
-173.77934325090922 
-173.77934325090962 
-173.7793432509093 
-173.77934325090882 
-173.77934325090874 
-173.77934325090922 
-173.77934325090945 
-173.7793432509092 
-173.77934325090956 
-173.77934325090925 
-173.77934325090666 
-173.77934325090746 
-173.7793432509086 
-173.77934325090868 
-173.77934325090663 
-173.7793432509089 
-173.7793432509078 
-173.77934325091144 
-173.77934325091073 
-173.7793432509084 
-173.77934325090652 
-173.77934325090723 
-173.7793432509092 
-173.77934325090933 
-173.77934325090877 
-173.77934325090902 
-173.7793432509092 
-173.7793432509089 
-173.77934325090925 
-173.77934325090882 
-173.77934325090848 
-173.7793432509089 
-173.77934325090848 
-173.77934325090786 
-173.7793432509081 
-173.7793432509083 
-173.77934325090806 
-173.7793432509077 
-173.77934325090777 
-173.7793432509075 
-173.7793432509074 
-173.77934325090746 
-173.77934325090746 
-173.77934325090752 
-173.77934325090803 
-173.77934325090777 
-173.77934325090754 
-173.77934325090746 
-173.77934325090757 
-173.77934325090737 
-173.77934325090763 
-173.77934325090794 
-173.779343250908 
-173.77934325090837 
-173.77934325090828 
-173.779343250908 
-173.7793432509078 
-173.77934325090763 
-173.77934325090777 
-173.77934325090771 
-173.77934325090789 
-173.7793432509081 
-173.77934325090854 
-173.77934325090834 
-173.77934325090828 
-173.77934325090834 
-173.77934325090843 
-173.77934325090845 
-173.7793432509082 
-173.77934325090806 
-173.77934325090783 
-173.77934325090803 
-173.77934325090786 
-173.77934325090786 
-173.77934325090794 
-173.77934325090794 
-173.77934325090803 
-173.77934325090786 
-173.77934325090808 
-173.77934325090797 
-173.77934325090814 
-173.77934325090837 
-173.7793432509083 
-173.77934325090823 
-173.77934325090837 
-173.77934325090837 
-173.7793432509085 
-173.77934325090854 
-173.77934325090908 
-173.77934325090902 
-173.77934325090922 
-173.77934325090962 
-173.77934325090922 
-173.77934325090942 
-173.77934325090916 
-173.77934325090857 
-173.77934325090908 
-173.7793432509089 
-173.77934325090933 
-173.77934325090922 
-173.77934325090916 
-173.77934325090928 
-173.7793432509094 
-173.77934325090948 
-173.77934325090976 
-173.77934325091022 
-173.77934325091007 
-173.77934325090933 
-173.7793432509098 
-173.77934325091016 
-173.77934325091027 
-173.77934325091022 
-173.7793432509104 
-173.77934325091005 
-173.77934325090996 
-173.7793432509096 
-173.77934325090916 
-173.77934325090922 
-173.77934325090928 
-173.77934325090936 
-173.7793432509097 
-173.7793432509097 
-173.77934325090973 
-173.77934325090985 
-173.77934325090976 
-173.77934325091013 
-173.77934325090953 
-173.7793432509136 
-173.7793432509139 
-173.7793432509108 
-173.77934325090993 
