2 3 0.0002027482653735815 
3 4 0.00012971086713768745 
4 5 0.0001268345055373393 
5 6 0.0001230938750520011 
6 7 0.00012285886636529878 
7 8 0.00012294293399392912 
8 9 0.00012294752423210083 
9 10 0.00012294088504860448 
10 11 0.00012294034071174754 
11 12 0.00012294077451541107 
12 13 0.00012294084785778226 
13 14 0.00012294083022673413 
14 15 0.00012294083211656065 
15 16 0.0001229408139704565 
16 17 0.00012294087012532077 
17 18 0.00012294083806599696 
18 19 0.0001229407596917505 
19 20 0.00012294083395942827 
20 21 0.00012294083338901658 
21 22 0.00012294084316346698 
22 23 0.0001229407967081226 
23 24 0.0001229407776353647 
24 25 0.00012294102515003 
25 26 0.0001229407780347023 
26 27 0.00012294021413195065 
27 28 0.00012294079403060693 
28 29 0.00012294079364393482 
29 30 0.00012294068535478859 
30 31 0.0001229408208405179 
31 32 0.00012294083297036658 
32 33 0.00012294075091410188 
33 34 0.0001229408082371296 
34 35 0.00012294082907172952 
35 36 0.00012294080974231886 
36 37 0.0001229408257621036 
37 38 0.00012294082319517268 
38 39 0.00012294083245722418 
39 40 0.0001229408407605422 
40 41 0.0001229408137918223 
41 42 0.00012294085920479345 
42 43 0.00012294082358841902 
43 44 0.0001229406382778457 
44 45 0.00012294139287396597 
45 46 0.00012294078145068214 
46 47 0.00012294084214528798 
47 48 0.00012294085093999806 
48 49 0.0001229408268631881 
49 50 0.00012294080937591456 
50 51 0.00012294090675092227 
51 52 0.0001229408322460392 
52 53 0.000122940826599889 
53 54 0.00012294089979866373 
54 55 0.00012294080309458954 
55 56 0.00012294056661801776 
56 57 0.00012294086414778454 
57 58 0.0001229408552376653 
58 59 0.0001229406574030376 
59 60 0.00012293974173376235 
60 61 0.00012294189315936055 
61 62 0.00012294105036705281 
62 63 0.00012294083377632181 
63 64 0.0001229408049649678 
64 65 0.0001229413093902396 
65 66 0.0001229410695411768 
66 67 0.00012294097038612338 
67 68 0.00012294081639026665 
68 69 0.00012294082900104613 
69 70 0.000122940838273507 
70 71 0.00012294081922021975 
71 72 0.0001229408419315115 
72 73 0.0001229407898039251 
73 74 0.00012294082507882583 
74 75 0.0001229408432958816 
75 76 0.0001229408215602729 
76 77 0.00012294083188489437 
77 78 0.00012294083711198494 
78 79 0.00012294081134217575 
79 80 0.00012294086003119406 
80 81 0.00012294128929305983 
81 82 0.00012294076531025642 
82 83 0.00012294082783116293 
83 84 0.0001229408415199801 
84 85 0.0001229408398211327 
85 86 0.00012294079928777492 
86 87 0.00012294083673586295 
87 88 0.00012294118663005503 
88 89 0.0001229408808101101 
89 90 0.00012294078991445615 
90 91 0.00012294094560503976 
91 92 0.0001229408563728775 
92 93 0.00012294139698061844 
93 94 0.00012294018630115916 
94 95 0.00012294083276813325 
95 96 0.00012294081991297864 
96 97 0.00012294087543210478 
97 98 0.000122940653886558 
98 99 0.00012294049599500701 
99 100 0.00012294082565597738 
100 101 0.00012294082901030372 
101 102 0.00012294083599341066 
102 103 0.00012294083153533314 
103 104 0.0001229408093624537 
104 105 0.00012294083327010687 
105 106 0.00012294082373775854 
106 107 0.00012294086630005227 
107 108 0.00012294082180532316 
108 109 0.00012294088767912876 
109 110 0.00012294083698705078 
110 111 0.0001229403454856364 
111 112 0.00012294067473400403 
112 113 0.00012294090973208246 
113 114 0.00012294073457634462 
114 115 0.00012294082347874094 
115 116 0.00012294080984513408 
116 117 0.00012294088949863896 
117 118 0.00012294090971012522 
118 119 0.00012294083538552392 
119 120 0.00012294083998873383 
120 121 0.00012294084820211297 
121 122 0.0001229407557631816 
122 123 0.0001229407707392243 
123 124 0.00012294072889971314 
124 125 0.00012294075020223596 
125 126 0.00012294081075721572 
126 127 0.00012294083013578483 
127 128 0.00012294085562547993 
128 129 0.0001229408342474174 
129 130 0.00012294082233126418 
130 131 0.0001229408995050425 
131 132 0.00012294081748199338 
132 133 0.00012294081566550133 
133 134 0.00012294079735585827 
134 135 0.00012294086162245422 
135 136 0.0001229408582155395 
136 137 0.00012294083075129394 
137 138 0.00012294083282540235 
138 139 0.0001229408299030602 
139 140 0.0001229408170305609 
140 141 0.00012294085121317214 
141 142 0.00012294079081150134 
142 143 0.0001229407088749324 
143 144 0.00012294087158088788 
144 145 0.0001229407820207388 
145 146 0.0001229408051339224 
146 147 0.0001229409176420269 
147 148 0.0001229413966932922 
148 149 0.00012294011180106234 
149 150 0.00012294079706997376 
150 151 0.00012294086728329443 
151 152 0.0001229408302230436 
152 153 0.00012294082911222534 
153 154 0.0001229408392185319 
154 155 0.00012294083454529993 
155 156 0.0001229408332718639 
156 157 0.00012294083832013915 
157 158 0.00012294082547160412 
158 159 0.00012294052888937073 
159 160 0.00012294047289241098 
160 161 0.00012294080225198193 
161 162 0.00012294079412040958 
162 163 0.0001229408421204759 
163 164 0.00012294083104875486 
164 165 0.00012294081961950157 
165 166 0.00012294077242689652 
166 167 0.00012294091733515536 
167 168 0.0001229410359660266 
168 169 0.00012294162732898065 
169 170 0.00012294014516994785 
170 171 0.0001229408070157086 
171 172 0.00012294088690413497 
172 173 0.00012294063256770683 
173 174 0.00012294059433959933 
174 175 0.000122940836477691 
175 176 0.00012294091665515587 
176 177 0.00012294050669329218 
177 178 0.00012294065055543722 
178 179 0.00012294056035072222 
179 180 0.00012294084170143786 
180 181 0.000122940856292199 
181 182 0.00012294087428631518 
182 183 0.00012294064218511426 
183 184 0.0001229373187365976 
184 185 0.00012294338988611672 
185 186 0.00012294049630273744 
186 187 0.0001229402686050274 
187 188 0.00012294080225300663 
188 189 0.00012294034476648347 
189 190 0.00012294091982045788 
190 191 0.0001229475352699482 
191 192 0.00012294291698019668 
192 193 0.00012285887840439132 
193 194 0.00012309393740280602 
194 195 0.00012683446064497086 
195 196 0.00012971086680061414 
196 197 0.000202748228465787 
197 198 0.0002560626483895957 
