2 3 0.42169017614177323 
3 4 0.4294346001372955 
4 5 0.4269838707199456 
5 6 0.449264794079385 
6 7 0.4988212658037157 
7 8 0.5388602513880311 
8 9 0.5410259353283703 
9 10 0.5321578160385597 
10 11 0.5546432944826913 
11 12 0.5935835874902772 
12 13 0.6060040013585203 
13 14 0.5949181151220321 
14 15 0.5983524855108424 
15 16 0.6259151456196206 
16 17 0.6474232289888316 
17 18 0.6448076766981389 
18 19 0.6371296259152351 
19 20 0.6498294227615464 
20 21 0.6737129684565474 
21 22 0.6814043827633521 
22 23 0.6723638796964958 
23 24 0.6721753464773789 
24 25 0.6904363131484486 
25 26 0.7058838537499772 
26 27 0.70298427754699 
27 28 0.6953224141893305 
28 29 0.7032587845060011 
29 30 0.7208920878454604 
30 31 0.7266367998730466 
31 32 0.7184070133771607 
32 33 0.7162896474038661 
33 34 0.729688938353778 
34 35 0.7420719237378609 
35 36 0.7391292929707448 
36 37 0.7311623789758234 
37 38 0.7361297004142618 
38 39 0.7502758458991998 
39 40 0.7549482242666403 
40 41 0.7469475261267884 
41 42 0.7433628055871128 
42 43 0.7536807307190524 
43 44 0.7642338800480047 
44 45 0.7611979146262824 
45 46 0.7526820052233184 
46 47 0.755443900717026 
47 48 0.767367324037284 
48 49 0.7713597530272118 
49 50 0.7632120805181504 
50 51 0.7582636647270492 
51 52 0.7663817553113345 
52 53 0.7757536443772691 
53 54 0.7725274003189332 
54 55 0.7632206968555683 
55 56 0.764109746161203 
56 57 0.7745078140480259 
57 58 0.7780420373995001 
58 59 0.7694406017380997 
59 60 0.7630379516152043 
60 61 0.769440601741769 
61 62 0.7780420369996663 
62 63 0.7745078136208003 
63 64 0.7641097457499577 
64 65 0.7632206965397506 
65 66 0.7725274000899406 
66 67 0.7757536441901107 
67 68 0.7663817548867862 
68 69 0.7582636645293765 
69 70 0.763212080604224 
70 71 0.771359752900318 
71 72 0.7673673239378673 
72 73 0.7554439008683087 
73 74 0.7526820056868474 
74 75 0.7611979154327505 
75 76 0.7642338810200012 
76 77 0.7536807315999945 
77 78 0.7433628068298505 
78 79 0.7469475281077202 
79 80 0.7549482263116815 
80 81 0.7502758478630461 
81 82 0.7361297027710517 
82 83 0.7311623819882974 
83 84 0.7391292962794257 
84 85 0.742071927352546 
85 86 0.729688942041872 
86 87 0.7162896511332453 
87 88 0.7184070172287446 
88 89 0.7266368036597884 
89 90 0.7208920914796205 
90 91 0.7032587877276858 
91 92 0.6953224165704316 
92 93 0.7029842793655784 
93 94 0.7058838563884801 
94 95 0.6904363161651312 
95 96 0.6721753485201482 
96 97 0.6723638811508484 
97 98 0.681404384234526 
98 99 0.6737129698534527 
99 100 0.6498294238081072 
100 101 0.6371296266718792 
101 102 0.6448076773281625 
102 103 0.6474232298089964 
103 104 0.6259151463877406 
104 105 0.5983524854160271 
105 106 0.5949181150789412 
106 107 0.6060040028592483 
107 108 0.5935835889160311 
108 109 0.5546432961601537 
109 110 0.5321578162485894 
110 111 0.5410259352736184 
111 112 0.5388602523247475 
112 113 0.4988212669052901 
113 114 0.44926479576074807 
114 115 0.42698387104865154 
115 116 0.429434599956135 
116 117 0.42169017666401937 
117 118 0.2876498966775314 
