2 -0.3709005085783292 
3 -0.3750907058135314 
4 -0.37629888068875383 
5 -0.37665284703116086 
6 -0.3767723078985152 
7 -0.3768153783557916 
8 -0.3768316129127803 
9 -0.3768379380247064 
10 -0.376840463260032 
11 -0.3768414909341132 
12 -0.37684191566855163 
13 -0.37684209345846675 
14 -0.37684216867870735 
15 -0.37684220079357866 
16 -0.3768422146124633 
17 -0.3768422205993811 
18 -0.3768422232084448 
19 -0.37684222435152304 
20 -0.376842224854765 
21 -0.3768422250770501 
22 -0.37684222517550203 
23 -0.3768422252192427 
24 -0.37684222523875066 
25 -0.37684222524746414 
26 -0.37684222525138084 
27 -0.3768422252531844 
28 -0.3768422252528846 
29 -0.37684222525844957 
30 -0.37684222525238303 
31 -0.37684222525287714 
32 -0.37684222525364236 
33 -0.3768422252541028 
34 -0.3768422252544086 
35 -0.37684222525449135 
36 -0.3768422252545864 
37 -0.37684222525424593 
38 -0.3768422252544397 
39 -0.376842225254525 
40 -0.3768422252545803 
41 -0.3768422252545724 
42 -0.37684222525458266 
43 -0.3768422252546322 
44 -0.37684222525456623 
45 -0.37684222525459715 
46 -0.37684222525453537 
47 -0.3768422252545683 
48 -0.37684222525454436 
49 -0.37684222525459404 
50 -0.37684222525446937 
51 -0.3768422252559013 
52 -0.37684222525239935 
53 -0.3768422252565223 
54 -0.376842225256265 
55 -0.37684222525554706 
56 -0.37684222525498934 
57 -0.37684222525501077 
58 -0.37684222525439043 
59 -0.37684222525448047 
60 -0.37684222525451205 
61 -0.37684222525452454 
62 -0.3768422252546041 
63 -0.3768422252545953 
64 -0.3768422252546488 
65 -0.3768422252547245 
66 -0.3768422252550462 
67 -0.3768422252547496 
68 -0.3768422252546011 
69 -0.3768422252546299 
70 -0.37684222525459793 
71 -0.37684222525457245 
72 -0.3768422252556348 
73 -0.37684222525089234 
74 -0.37684222525785704 
75 -0.3768422252570338 
76 -0.37684222525584754 
77 -0.3768422252560349 
78 -0.37684222525462796 
79 -0.3768422252564188 
80 -0.3768422252558715 
81 -0.3768422252554405 
82 -0.37684222525502725 
83 -0.37684222525473593 
84 -0.3768422252546778 
85 -0.3768422252546271 
86 -0.3768422252545716 
87 -0.3768422252545304 
88 -0.37684222525457534 
89 -0.37684222525459693 
90 -0.37684222525459066 
91 -0.3768422252545746 
92 -0.37684222525459316 
93 -0.3768422252545517 
94 -0.3768422252546738 
95 -0.37684222525460925 
96 -0.3768422252544965 
97 -0.37684222525476 
98 -0.3768422252545629 
99 -0.3768422252543991 
100 -0.3768422252561929 
101 -0.3768422252216662 
102 -0.37684222528576433 
103 -0.3768422251788914 
104 -0.376842224825517 
105 -0.3768422244212507 
106 -0.3768422247321627 
107 -0.37684222499666115 
108 -0.3768422251269913 
109 -0.3768422251945401 
110 -0.3768422251897933 
111 -0.3768422252366099 
112 -0.3768422252495244 
113 -0.37684222525291444 
114 -0.3768422252539452 
115 -0.3768422252544068 
116 -0.3768422252542533 
117 -0.3768422252546501 
118 -0.3768422252533971 
119 -0.3768422252539417 
120 -0.3768422252542317 
121 -0.37684222525444583 
122 -0.3768422252545057 
123 -0.3768422252545844 
124 -0.3768422252544805 
125 -0.37684222525580574 
126 -0.3768422252539117 
127 -0.3768422252541068 
128 -0.3768422252543234 
129 -0.37684222525448674 
130 -0.37684222525453925 
131 -0.37684222525456396 
132 -0.3768422252545708 
133 -0.3768422252545423 
134 -0.3768422252545387 
135 -0.3768422252545798 
136 -0.3768422252545253 
137 -0.3768422252546084 
138 -0.3768422252545874 
139 -0.3768422252545456 
140 -0.3768422252545894 
141 -0.37684222525461447 
142 -0.37684222525463695 
143 -0.37684222525463273 
144 -0.3768422252549279 
145 -0.37684222525470257 
146 -0.3768422252537041 
147 -0.3768422252682688 
148 -0.3768422252422889 
149 -0.3768422252842584 
150 -0.3768422252740361 
151 -0.3768422252644063 
152 -0.3768422252591688 
153 -0.3768422252565611 
154 -0.3768422252554613 
155 -0.3768422252549559 
156 -0.3768422252546972 
157 -0.37684222525467514 
158 -0.37684222525462313 
159 -0.376842225254512 
160 -0.3768422252542186 
161 -0.37684222525609395 
162 -0.3768422252542593 
163 -0.37684222525403416 
164 -0.376842225254304 
165 -0.37684222525442945 
166 -0.3768422252545457 
167 -0.37684222525445926 
168 -0.3768422252544548 
169 -0.37684222525443234 
170 -0.37684222525433136 
171 -0.37684222525394107 
172 -0.37684222525317873 
173 -0.3768422252514762 
174 -0.37684222524753486 
175 -0.3768422252387197 
176 -0.37684222521919697 
177 -0.3768422251753912 
178 -0.37684222507698856 
179 -0.37684222485480945 
180 -0.376842224351989 
181 -0.376842223209407 
182 -0.3768422206008096 
183 -0.37684221461474776 
184 -0.3768422007966327 
185 -0.37684216868267373 
186 -0.3768420934635579 
187 -0.3768419156752468 
188 -0.3768414909445133 
189 -0.3768404632811454 
190 -0.37683793807939336 
191 -0.3768316130677567 
192 -0.3768153782048435 
193 -0.376772307857688 
194 -0.3766528470343744 
195 -0.3762988806716577 
196 -0.37509070576793613 
197 -0.37090050842541933 
