2 0.025747479006624833 
3 -0.014624139394598744 
4 0.009707702094559185 
5 -0.006604783935537631 
6 0.004571453403185747 
7 -0.0032899285761253554 
8 0.002437602582466574 
9 -0.001849884979507406 
10 0.0014312520869959205 
11 -0.0011244964762643257 
12 0.0008945541310786505 
13 -0.0007189677792737445 
14 0.0005828338643573175 
15 -0.0004759476101256915 
16 0.0003911271215160207 
17 -0.00032320160759447024 
18 0.0002683749298517843 
19 -0.00022381545452134405 
20 0.0001873795421754472 
21 -0.0001574245036851371 
22 0.00013267789242222717 
23 -0.00011214462139155208 
24 9.503969849376779e-05 
25 -8.073911613939061e-05 
26 6.874433926852002e-05 
27 -5.865269120996703e-05 
28 5.013847599295859e-05 
29 -4.293673767042005e-05 
30 3.6831543580926805e-05 
31 -3.1642977832840604e-05 
32 2.7224990794890904e-05 
33 -2.3456064531475443e-05 
34 2.0235498926342967e-05 
35 -1.7478073748867508e-05 
36 1.511321795246993e-05 
37 -1.3087490340691531e-05 
38 1.1332616650253078e-05 
39 -9.82831604451045e-06 
40 8.537076986530172e-06 
41 -7.419696837877462e-06 
42 6.452719314220948e-06 
43 -5.615983653276284e-06 
44 4.891308942575659e-06 
45 -4.262907733015774e-06 
46 3.718636954189167e-06 
47 -3.2459926273133878e-06 
48 2.8351913535007704e-06 
49 -2.4778907225817927e-06 
50 2.166914106849583e-06 
51 -1.8960777810017586e-06 
52 1.6599825623952167e-06 
53 -1.454103459449928e-06 
54 1.2744082619245587e-06 
55 -1.1174700631804106e-06 
56 9.803197791176002e-07 
57 -8.603987572658146e-07 
58 7.554819657288758e-07 
59 -6.636420975141177e-07 
60 5.832067359775603e-07 
61 -5.127252741029428e-07 
62 4.509330941370145e-07 
63 -3.9673472377612286e-07 
64 3.4917567255281137e-07 
65 -3.0742369803349735e-07 
66 2.707532832048904e-07 
67 -2.385326803890448e-07 
68 2.1020874587337885e-07 
69 -1.8530579766692188e-07 
70 1.6339254892951774e-07 
71 -1.441067741560039e-07 
72 1.2712887596355268e-07 
73 -1.1217627944951348e-07 
74 9.90006507386435e-08 
75 -8.738553392242667e-08 
76 7.714147915017142e-08 
77 -6.81054401161282e-08 
78 6.011713166599782e-08 
79 -5.307698100423017e-08 
80 4.685042324531533e-08 
81 -4.1338009577378085e-08 
82 3.645712746984216e-08 
83 -3.213259367802306e-08 
84 2.8296866939016145e-08 
85 -2.488958187261278e-08 
86 2.18576990673865e-08 
87 -1.9154026846315486e-08 
88 1.6736743061568268e-08 
89 -1.4568644507972751e-08 
90 1.2616833010986454e-08 
91 -1.0851416084985419e-08 
92 9.245379769250586e-09 
93 -7.774924827171164e-09 
94 6.41786595977225e-09 
95 -5.154115112841325e-09 
96 3.964366657340296e-09 
97 -2.8312386096155356e-09 
98 1.7380106266477447e-09 
99 -6.683921313348573e-10 
100 -3.9404427040002114e-10 
101 1.4628739322724493e-09 
102 -2.556919864840798e-09 
103 3.6908182257774085e-09 
104 -4.88118234733964e-09 
105 6.144235598043509e-09 
106 -7.503654153198539e-09 
107 8.974934694101418e-09 
108 -1.0581621178865443e-08 
109 1.2348257629436814e-08 
110 -1.430173472632402e-08 
111 1.6471733206148395e-08 
112 -1.8891248224080634e-08 
113 2.159740924061824e-08 
114 -2.4631787837358193e-08 
115 2.8041264975601343e-08 
116 -3.1878848162214216e-08 
117 3.620444224840895e-08 
118 -4.1085816750870814e-08 
119 4.659993354821448e-08 
120 -5.283405253474185e-08 
121 5.988729334060037e-08 
122 -6.787239304822105e-08 
123 7.691763856253017e-08 
124 -8.716915062714561e-08 
125 9.879328523202062e-08 
126 -1.1197934512241054e-07 
127 1.2694449942261016e-07 
128 -1.439347082665579e-07 
129 1.6323270897793764e-07 
130 -1.8516022808780595e-07 
131 2.1008565896501256e-07 
132 -2.384303934386335e-07 
133 2.7067689101135795e-07 
134 -3.073758834900055e-07 
135 3.491627866940559e-07 
136 -3.967606844473107e-07 
137 4.5100231526955493e-07 
138 -5.128440132104601e-07 
139 5.833841427590906e-07 
140 -6.638852316448968e-07 
141 7.557997659487567e-07 
142 -8.607996817241543e-07 
143 9.808125449082118e-07 
144 -1.1180694228788388e-06 
145 1.2751215394287359e-06 
146 -1.4549465308828182e-06 
147 1.660966219200218e-06 
148 -1.8971579146595708e-06 
149 2.1681249473121287e-06 
150 -2.4792025166614147e-06 
151 2.8365889814356983e-06 
152 -3.247492796560447e-06 
153 3.720307898716212e-06 
154 -4.2648195797491085e-06 
155 4.892456783134337e-06 
156 -5.616560673183791e-06 
157 6.452786985963816e-06 
158 -7.419472665295944e-06 
159 8.538014498905484e-06 
160 -9.834058441301353e-06 
161 1.1337323162219153e-05 
162 -1.3083158056386924e-05 
163 1.5113402238590181e-05 
164 -1.7477684491802396e-05 
165 2.023508673187631e-05 
166 -2.3456076826481134e-05 
167 2.7224839042171562e-05 
168 -3.1642443867458975e-05 
169 3.683172998497253e-05 
170 -4.293709023066889e-05 
171 5.013823845987977e-05 
172 -5.865150667120845e-05 
173 6.874504732294654e-05 
174 -8.073774357136322e-05 
175 9.503885374077758e-05 
176 -0.00011214381419842557 
177 0.00013267741208295426 
178 -0.0001574244542428553 
179 0.0001873798717413066 
180 -0.00022381591996452785 
181 0.0002683758759942334 
182 -0.00032320243359878196 
183 0.00039112819220503094 
184 -0.00047594882806464216 
185 0.0005828350194081034 
186 -0.0007189685327576336 
187 0.0008945549120535833 
188 -0.0011244967812998378 
189 0.0014312523017556082 
190 -0.001849885777998265 
191 0.0024376036751915945 
192 -0.0032899292629862006 
193 0.004571453793812383 
194 -0.00660478484480881 
195 0.009707702344510839 
196 -0.01462413974057238 
197 0.02574747850706983 
