2 0.005294524954465739 
3 -0.002115392920863328 
4 0.001048729233105046 
5 -0.000565566651408676 
6 0.0003204704179411377 
7 -0.00018916949467858435 
8 0.00011494634450156547 
9 -7.139460371456281e-05 
10 4.511569709973024e-05 
11 -2.8909059507697737e-05 
12 1.873864756872051e-05 
13 -1.226440247211166e-05 
14 8.093487535243547e-06 
15 -5.379134547212598e-06 
16 3.598174365653495e-06 
17 -2.417074665943558e-06 
18 1.6341827176698888e-06 
19 -1.109516778751837e-06 
20 7.561816512116744e-07 
21 -5.17121703755525e-07 
22 3.5474639816768254e-07 
23 -2.4407307186514496e-07 
24 1.683450668163301e-07 
25 -1.165117146177053e-07 
26 8.070068934120075e-08 
27 -5.604487712287745e-08 
28 3.900926145293134e-08 
29 -2.7205310970291095e-08 
30 1.900728307058974e-08 
31 -1.3303552682650784e-08 
32 9.321623378836518e-09 
33 -6.551490487255513e-09 
34 4.609022881563132e-09 
35 -3.24675387123729e-09 
36 2.293627473670285e-09 
37 -1.6237795290143578e-09 
38 1.1530862751254062e-09 
39 -8.467501533063545e-10 
40 5.471644884353812e-10 
41 -4.160434580089589e-10 
42 2.035424030182272e-10 
43 -4.2561385879262114e-10 
44 1.0547070275425343e-10 
45 3.6740349997687696e-11 
46 -5.971378849895807e-11 
47 4.8043956220096656e-11 
48 -9.568296718846005e-11 
49 6.459120984318567e-11 
50 2.357665073880009e-11 
51 -2.1000962528900826e-11 
52 7.245533828392131e-12 
53 -3.0380675569855164e-12 
54 5.452182500919362e-12 
55 -1.0240983614224195e-11 
56 1.4070807122584857e-11 
57 -1.8791892383334615e-11 
58 6.738330404739387e-12 
59 -2.821692762218136e-11 
60 3.727225946976643e-11 
61 -3.7426254769687815e-11 
62 3.4973553568855157e-11 
63 -3.218750257301659e-11 
64 3.123335631174142e-11 
65 -1.3587483618702539e-11 
66 1.2507013818867928e-10 
67 -1.39096155224426e-10 
68 -6.177228371535456e-12 
69 8.429644208615664e-11 
70 -8.263156562774921e-11 
71 -4.2976235080408626e-11 
72 6.49422352594664e-11 
73 -7.730141965791623e-11 
74 4.370388065683086e-10 
75 -1.0813435283129078e-10 
76 -3.814453332777332e-11 
77 6.712837617179726e-11 
78 -4.3733062563953024e-11 
79 -1.2509723437120783e-10 
80 -1.444363077823659e-11 
81 2.8314785061049173e-11 
82 -6.599600906028217e-12 
83 -1.5840095669465304e-11 
84 2.3679470614819872e-11 
85 -3.221540685400614e-11 
86 3.160670611529732e-11 
87 -4.313242499882068e-11 
88 2.5467679637720995e-11 
89 -2.0724325378355785e-11 
90 2.6483618995311276e-11 
91 -2.2736198014092718e-11 
92 3.575026588923601e-11 
93 9.414979003503546e-13 
94 1.4424184215328714e-10 
95 -4.749737549761956e-11 
96 8.743602760846775e-12 
97 2.7268766553227562e-11 
98 -1.1353922941809368e-12 
99 -6.680912962379367e-12 
100 1.1091215112148248e-11 
101 -1.4852643010097358e-11 
102 1.83439846873379e-11 
103 -2.0253563625067767e-11 
104 2.7924561457890008e-11 
105 -2.0886104761082686e-11 
106 2.1097945062243376e-11 
107 -5.839575195722334e-11 
108 -1.7456010192760521e-10 
109 2.098489916508808e-11 
110 -1.806729949695889e-11 
111 -1.8402808525057605e-10 
112 7.917465778298115e-11 
113 -1.4800153549293542e-11 
114 3.785449921188165e-12 
115 2.83187903189615e-12 
116 3.949621198915993e-13 
117 -7.33883675080524e-12 
118 1.2199880264315145e-11 
119 -2.1736671370844703e-11 
120 4.88053971017315e-12 
121 -2.5629713784700612e-11 
122 5.334284758545604e-11 
123 -3.706744967807436e-11 
124 3.683147915077449e-11 
125 -2.2364115932523102e-11 
126 1.618317927472054e-11 
127 -2.5963631964824044e-11 
128 2.5657239346453078e-11 
129 -2.6356929250013163e-11 
130 3.343915858585927e-11 
131 -1.2996521384107609e-11 
132 5.21791346114648e-12 
133 -2.0860734896227485e-11 
134 2.591591955062378e-11 
135 -2.6876753571361203e-11 
136 2.3747232107167892e-11 
137 -3.191871228439522e-11 
138 2.9790096202071705e-11 
139 1.5503306089759694e-10 
140 1.9966965689158423e-10 
141 -1.079893213884179e-10 
142 3.704378048843625e-11 
143 -2.112317165982455e-11 
144 1.7766346307149934e-11 
145 -3.822211409758025e-11 
146 -2.4167528275088413e-11 
147 -5.853226505336408e-12 
148 1.6529741392674016e-11 
149 -1.1951971668573668e-11 
150 7.681948623609895e-12 
151 5.758878735922913e-12 
152 -2.3076322367741655e-11 
153 3.455201802656144e-11 
154 -1.1717416419837504e-10 
155 -3.5418219009715334e-10 
156 -7.739760056868904e-10 
157 6.21417693327111e-10 
158 -3.545514440733246e-10 
159 3.5091494431074533e-10 
160 -5.575055599047685e-10 
161 9.192418717590459e-10 
162 -1.43323537856235e-09 
163 2.14274559904559e-09 
164 -3.127727213528318e-09 
165 4.510187943208355e-09 
166 -6.4673800363951906e-09 
167 9.254547712088112e-09 
168 -1.323822580200459e-08 
169 1.8947405679532543e-08 
170 -2.7143809034955342e-08 
171 3.896243770062534e-08 
172 -5.599463028885036e-08 
173 8.062588109627944e-08 
174 -1.1633776113792014e-07 
175 1.6824574421112421e-07 
176 -2.439181168873598e-07 
177 3.544730135611445e-07 
178 -5.170114905094254e-07 
179 7.55985854785055e-07 
180 -1.1094521610221039e-06 
181 1.6348666581249087e-06 
182 -2.419253140225262e-06 
183 3.597567736955023e-06 
184 -5.37925670355999e-06 
185 8.09352906374504e-06 
186 -1.226439113112051e-05 
187 1.873875089203786e-05 
188 -2.890914439235804e-05 
189 4.5115540626471376e-05 
190 -7.139468146394501e-05 
191 0.00011494629766559582 
192 -0.00018916956240463457 
193 0.00032047014367341767 
194 -0.000565566290815604 
195 0.0010487291290181358 
196 -0.0021153931183269647 
197 0.0052945250585500645 
