2 -0.9999252801470446 
3 0.9999510124749946 
4 -0.9999986572374504 
5 0.9999994302265703 
6 -0.9999999681920615 
7 0.9999999921010335 
8 -0.999999999223908 
9 0.9999999998612105 
10 -0.9999999999809522 
11 0.9999999999969842 
12 -0.9999999999995159 
13 0.9999999999999241 
14 -0.9999999999999865 
15 0.9999999999999991 
16 -0.9999999999999997 
17 0.9999999999999996 
18 -1.0000000000000002 
19 0.9999999999999992 
20 -1.0000000000000002 
21 0.9999999999999993 
22 -1.0000000000000002 
23 0.9999999999999993 
24 -1.0000000000000002 
25 1.0000000000000002 
26 -0.9999999999999998 
27 1.0000000000000004 
28 -0.9999999999999997 
29 0.9999999999999998 
30 -1.0 
31 1.0 
32 -0.9999999999999998 
33 1.0000000000000002 
34 -0.9999999999999997 
35 0.9999999999999998 
36 -0.9999999999999997 
37 1.0000000000000002 
38 -1.0 
39 1.0 
40 -1.0000000000000004 
41 1.0000000000000002 
42 -0.9999999999999996 
43 1.0000000000000002 
44 -1.0 
45 1.0 
46 -0.9999999999999998 
47 1.0 
48 -1.0 
49 0.9999999999999998 
50 -1.0000000000000002 
51 0.9999999999999996 
52 -1.0000000000000002 
53 0.9999999999999998 
54 -0.9999999999999998 
55 1.0 
56 -0.9999999999999996 
57 0.9999999999999997 
58 -1.0000000000000002 
59 1.0000000000000004 
60 -1.0000000000000007 
61 1.0000000000000004 
62 -1.0 
63 1.0 
64 -0.9999999999999998 
65 1.0 
66 -0.9999999999999998 
67 0.9999999999999998 
68 -0.9999999999999997 
69 1.0000000000000002 
70 -0.9999999999999996 
71 1.0 
72 -1.0000000000000002 
73 0.9999999999999992 
74 -1.0000000000000007 
75 0.9999999999999999 
76 -1.0 
77 0.9999999999999999 
78 -0.9999999999999997 
79 1.0 
80 -1.0000000000000004 
81 0.9999999999999999 
82 -1.0000000000000002 
83 0.9999999999999993 
84 -0.9999999999999997 
85 1.0000000000000004 
86 -1.0000000000000004 
87 1.0000000000000013 
88 -1.0000000000000004 
89 1.0000000000000002 
90 -1.000000000000001 
91 1.0000000000000007 
92 -1.0000000000000002 
93 1.0000000000000004 
94 -1.0000000000000007 
95 1.0 
96 -1.0000000000000002 
97 0.9999999999999998 
98 -1.0000000000000002 
99 1.0 
100 -1.0000000000000002 
101 1.0 
102 -0.9999999999999997 
103 1.0 
104 -0.9999999999999993 
105 0.9999999999999882 
106 -0.999999999999928 
107 0.999999999999525 
108 -0.9999999999970004 
109 0.9999999999809257 
110 -0.9999999998609694 
111 0.9999999992237635 
112 -0.9999999921005968 
113 0.9999999681920971 
114 -0.9999994302261282 
115 0.9999986572369444 
116 -0.9999510124743302 
117 0.9999252801463726 
