-186.29669925091162 
-186.29669925091136 
-186.29669925095718 
-186.29669925100293 
-186.29669925104895 
-186.2966992510947 
-186.29669925114044 
-186.29669925118685 
-186.29669925123258 
-186.29669925127848 
-186.29669925132418 
-186.29669925136986 
-186.2966992514154 
-186.29669925146132 
-186.29669925150756 
-186.29669925155355 
-186.29669925159928 
-186.2966992516444 
-186.29669925169102 
-186.29669925173698 
-186.29669925178285 
-186.29669925182844 
-186.2966992518745 
-186.29669925192053 
-186.29669925196617 
-186.29669925201233 
-186.29669925205823 
-186.29669925210436 
-186.2966992521502 
-186.29669925219608 
-186.296699252242 
-186.29669925228802 
-186.29669925233395 
-186.29669925237974 
-186.2966992524257 
-186.2966992524719 
-186.29669925251764 
-186.29669925256405 
-186.29669925260973 
-186.29669925265588 
-186.2966992527018 
-186.29669925274757 
-186.2966992527939 
-186.29669925283952 
-186.2966992528855 
-186.2966992529313 
-186.2966992529774 
-186.2966992530231 
-186.2966992530691 
-186.29669925311487 
-186.29669925316037 
-186.29669925320624 
-186.29669925324146 
-186.296699253278 
-186.2966992533334 
-186.29669925342702 
-186.29669925342822 
-186.2966992534278 
-186.2966992534275 
-186.29669925342853 
-186.296699253428 
-186.29669925342864 
-186.29669925342793 
-186.29669925342776 
-186.29669925342898 
-186.29669925342867 
-186.29669925342873 
-186.29669925342878 
-186.29669925342873 
-186.29669925342867 
-186.2966992534288 
-186.29669925342856 
-186.29669925342884 
-186.29669925342898 
-186.29669925342918 
-186.2966992534286 
-186.2966992534291 
-186.29669925342884 
-186.2966992534291 
-186.29669925342884 
-186.29669925342895 
-186.29669925342907 
-186.29669925342884 
-186.29669925342884 
-186.2966992534288 
-186.29669925342887 
-186.29669925342904 
-186.29669925342867 
-186.29669925342841 
-186.29669925342822 
-186.2966992534284 
-186.2966992534285 
-186.29669925342847 
-186.29669925342833 
-186.29669925342833 
-186.29669925342822 
-186.29669925342844 
-186.2966992534285 
-186.2966992534284 
-186.2966992534284 
-186.29669925342893 
-186.29669925342915 
-186.29669925342918 
-186.29669925342924 
-186.29669925342913 
-186.29669925342927 
-186.29669925342947 
-186.2966992534298 
-186.29669925342975 
-186.29669925342984 
-186.2966992534298 
-186.29669925342992 
-186.29669925342995 
-186.29669925343 
-186.29669925343006 
-186.29669925342986 
-186.29669925347585 
-186.2966992535218 
-186.2966992535677 
-186.29669925361327 
-186.29669925365943 
-186.29669925370538 
-186.29669925375194 
-186.29669925379736 
-186.29669925384286 
-186.29669925388842 
-186.29669925393432 
-186.29669925398025 
-186.29669925402627 
-186.29669925407194 
-186.29669925411778 
-186.29669925416354 
-186.2966992542094 
-186.2966992542553 
-186.296699254301 
-186.29669925434743 
-186.29669925439285 
-186.2966992544386 
-186.29669925448476 
-186.29669925453084 
-186.29669925457665 
-186.29669925462244 
-186.2966992546683 
-186.29669925471393 
-186.2966992547594 
-186.29669925480545 
-186.2966992548511 
-186.29669925489705 
-186.29669925494278 
-186.29669925498865 
-186.2966992550343 
-186.2966992550806 
-186.29669925512584 
-186.29669925517172 
-186.29669925521785 
-186.2966992552634 
-186.2966992553092 
-186.29669925535546 
-186.29669925540105 
-186.29669925544738 
-186.29669925549305 
-186.29669925553893 
-186.2966992555846 
-186.29669925563095 
-186.2966992556763 
-186.29669925572253 
-186.29669925576826 
-186.29669925581405 
-186.29669925584886 
-186.29669925588632 
-186.2966992559413 
-186.29669925603505 
-186.29669925603687 
-186.29669925603685 
-186.29669925603665 
-186.29669925603642 
-186.296699256037 
-186.29669925603662 
-186.29669925603673 
-186.29669925603676 
-186.2966992560368 
-186.29669925603724 
-186.29669925603736 
-186.29669925603736 
-186.29669925603739 
-186.29669925603733 
-186.2966992560374 
-186.29669925603739 
-186.29669925603739 
-186.29669925603756 
-186.29669925603736 
-186.29669925603724 
-186.29669925603756 
-186.29669925603724 
-186.2966992560376 
-186.29669925603764 
-186.29669925603775 
-186.29669925603847 
-186.2966992560379 
-186.29669925603804 
-186.29669925603812 
-186.29669925603835 
-186.29669925603858 
-186.2966992560388 
-186.2966992560388 
-186.29669925603883 
-186.2966992560392 
-186.29669925603918 
-186.29669925603935 
-186.29669925603935 
-186.2966992560392 
-186.29669925603918 
-186.29669925603943 
-186.29669925603952 
-186.2966992560395 
-186.29669925604 
-186.2966992560401 
-186.29669925604045 
-186.2966992560407 
-186.2966992560406 
-186.2966992560407 
-186.2966992560406 
-186.29669925604068 
-186.29669925604068 
-186.2966992560406 
-186.29669925604088 
-186.29669925604105 
-186.29669925604114 
-186.2966992560412 
-186.29669925604134 
-186.29669925604165 
-186.2966992560416 
-186.2966992560413 
-186.2966992560412 
-186.29669925604145 
-186.29669925604142 
-186.29669925604156 
-186.29669925604148 
-186.29669925604142 
-186.29669925604142 
-186.29669925604153 
-186.2966992560412 
-186.29669925604145 
-186.29669925604142 
-186.2966992560416 
-186.29669925604182 
-186.29669925604173 
-186.29669925604165 
-186.29669925604153 
-186.29669925604162 
-186.29669925604165 
-186.29669925604182 
-186.2966992560418 
-186.29669925604182 
-186.2966992560419 
-186.296699256042 
-186.29669925604205 
-186.29669925604253 
-186.29669925604225 
-186.2966992560422 
-186.29669925604233 
-186.2966992560425 
-186.29669925604318 
-186.2966992560429 
-186.29669925604276 
-186.29669925604298 
-186.2966992560429 
-186.296699256043 
-186.29669925604347 
-186.29669925604327 
-186.29669925604333 
-186.29669925604333 
-186.29669925604307 
-186.29669925604284 
-186.29669925604293 
-186.29669925604293 
-186.29669925604315 
-186.2966992560431 
-186.29669925604313 
-186.29669925604307 
-186.29669925604298 
-186.29669925604304 
-186.29669925604327 
-186.2966992560432 
-186.29669925604352 
-186.29669925604264 
-186.2966992560428 
-186.2966992560434 
-186.29669925604367 
-186.29669925604372 
-186.29669925604287 
-186.29669925604324 
-186.2966992560432 
-186.29669925604333 
-186.29669925604315 
-186.29669925604284 
-186.29669925604276 
-186.29669925604324 
-186.29669925604327 
-186.29669925604315 
-186.29669925604315 
-186.29669925604307 
-186.29669925604344 
-186.29669925604333 
-186.29669925604347 
-186.29669925604304 
-186.296699256043 
-186.29669925604296 
-186.29669925604276 
-186.29669925604304 
-186.296699256043 
-186.29669925604279 
-186.2966992560428 
-186.2966992560422 
-186.296699256042 
-186.29669925604205 
-186.29669925604202 
-186.29669925604222 
-186.2966992560421 
-186.29669925604205 
-186.296699256042 
-186.296699256042 
-186.29669925604196 
-186.29669925604205 
-186.29669925604185 
-186.2966992560418 
-186.29669925604173 
-186.29669925604176 
-186.29669925604153 
-186.29669925604165 
-186.29669925604162 
-186.29669925604168 
-186.29669925604162 
-186.29669925604168 
-186.2966992560417 
-186.29669925604173 
-186.29669925604176 
-186.29669925604156 
-186.2966992560416 
-186.2966992560414 
-186.29669925604156 
-186.29669925604153 
-186.2966992560415 
-186.29669925604162 
-186.29669925604168 
-186.29669925604142 
-186.29669925604128 
-186.29669925604122 
-186.29669925604117 
-186.29669925604136 
-186.29669925604134 
-186.29669925604114 
-186.2966992560409 
-186.2966992560408 
-186.29669925604068 
-186.29669925604085 
-186.29669925604094 
-186.29669925604074 
-186.29669925604097 
-186.29669925604037 
-186.29669925604048 
-186.29669925604037 
-186.2966992560404 
-186.2966992560403 
-186.2966992560403 
-186.29669925604043 
-186.29669925603997 
-186.2966992560398 
-186.29669925603972 
-186.2966992560396 
-186.29669925603957 
-186.2966992560395 
-186.29669925603946 
-186.29669925603963 
-186.29669925603983 
-186.2966992560396 
-186.29669925603966 
-186.29669925603892 
-186.29669925603864 
-186.2966992560386 
-186.2966992560386 
-186.29669925603875 
-186.2966992560389 
-186.2966992560385 
-186.29669925603835 
-186.29669925603847 
-186.2966992560384 
-186.29669925603807 
-186.29669925603818 
-186.29669925603804 
-186.29669925603812 
-186.29669925603818 
-186.2966992560383 
-186.29669925603818 
-186.2966992560383 
-186.2966992560384 
-186.29669925603855 
-186.29669925603815 
-186.29669925603778 
-186.29669925603756 
-186.2966992560375 
-186.29669925603744 
-186.29669925603744 
-186.29669925603736 
-186.2966992560377 
-186.29669925603767 
-186.29669925603775 
