2 -0.9102252959546322 
3 0.9048189411812663 
4 -0.902247068340899 
5 0.9016937305576981 
6 -0.901650718987989 
7 0.9017079703081293 
8 -0.901755328173745 
9 0.9017779948769323 
10 -0.9017857864435035 
11 0.9017873770427375 
12 -0.9017871608644592 
13 0.9017867417120987 
14 -0.9017864881327446 
15 0.9017863840786984 
16 -0.9017863556759599 
17 0.9017863550758317 
18 -0.9017863578270244 
19 0.9017863613639427 
20 -0.9017863625309217 
21 0.9017863630295115 
22 -0.9017863632545493 
23 0.9017863631648722 
24 -0.901786362872303 
25 0.9017863625548164 
26 -0.9017863623643182 
27 0.9017863622751883 
28 -0.9017863622616042 
29 0.9017863621805499 
30 -0.9017863624031938 
31 0.9017863621939702 
32 -0.9017863624403466 
33 0.90178636247291 
34 -0.901786362133814 
35 0.9017863613308612 
36 -0.9017863628822531 
37 0.9017863652566588 
38 -0.9017863656255374 
39 0.9017863647495988 
40 -0.9017863638541616 
41 0.9017863630307412 
42 -0.9017863634770947 
43 0.9017863623220679 
44 -0.9017863622330357 
45 0.901786363517694 
46 -0.9017863632956675 
47 0.9017863623540325 
48 -0.901786365006952 
49 0.901786358016825 
50 -0.9017863565436084 
51 0.901786359800127 
52 -0.901786362053263 
53 0.9017863617226272 
54 -0.9017863648143526 
55 0.9017863546541152 
56 -0.9017863646296281 
57 0.901786368993079 
58 -0.9017863684095448 
59 0.9017863660654071 
60 -0.9017863636991181 
61 0.9017863626012445 
62 -0.9017863593053691 
63 0.9017863601599505 
64 -0.9017863628144225 
65 0.9017863644793108 
66 -0.9017863654426119 
67 0.901786365044943 
68 -0.9017863640675055 
69 0.9017863632979809 
70 -0.9017863628352238 
71 0.9017863625467274 
72 -0.9017863624111396 
73 0.9017863623708197 
74 -0.9017863623520271 
75 0.9017863623404688 
76 -0.9017863623318826 
77 0.9017863623269736 
78 -0.9017863623237631 
79 0.9017863623220278 
80 -0.901786362320964 
81 0.9017863623201118 
82 -0.9017863623200427 
83 0.9017863623202327 
84 -0.9017863623187117 
85 0.9017863623189076 
86 -0.9017863623191908 
87 0.9017863623188576 
88 -0.9017863623199819 
89 0.901786362319726 
90 -0.9017863623184055 
91 0.9017863623185939 
92 -0.9017863623186118 
93 0.9017863623198152 
94 -0.9017863623270698 
95 0.9017863623480264 
96 -0.9017863623858182 
97 0.9017863624306883 
98 -0.9017863624214902 
99 0.9017863608725301 
100 -0.9017863594443155 
101 0.9017863570779803 
102 -0.9017863534100035 
103 0.9017863579538751 
104 -0.9017863857114878 
105 0.9017864887104636 
106 -0.9017867417918853 
107 0.9017871607865449 
108 -0.901787376936269 
109 0.9017857863471388 
110 -0.90177799479996 
111 0.9017553281135385 
112 -0.9017079702644735 
113 0.9016507189596082 
114 -0.9016937305428049 
115 0.9022470683229998 
116 -0.9048189411687584 
117 0.9102252959583098 
