-169.30461635609595 
-169.30461635609356 
-169.3046163560945 
-169.30461635609439 
-169.30461635609447 
-169.30461635609407 
-169.30461635609382 
-169.304616356094 
-169.30461635609345 
-169.30461635609325 
-169.3046163560932 
-169.30461635609387 
-169.30461635609373 
-169.30461635609342 
-169.30461635609296 
-169.30461635609348 
-169.3046163560935 
-169.30461635609254 
-169.3046163560929 
-169.30461635609254 
-169.30461635609285 
-169.30461635609294 
-169.3046163560924 
-169.3046163560927 
-169.3046163560932 
-169.30461635609277 
-169.30461635609265 
-169.30461635609257 
-169.30461635609208 
-169.30461635609194 
-169.30461635609214 
-169.30461635609177 
-169.30461635609177 
-169.3046163560917 
-169.3046163560917 
-169.30461635609188 
-169.30461635609134 
-169.30461635609166 
-169.30461635609163 
-169.30461635609126 
-169.30461635609188 
-169.3046163560913 
-169.30461635609137 
-169.30461635609092 
-169.3046163560909 
-169.30461635609083 
-169.30461635609146 
-169.30461635609137 
-169.30461635609151 
-169.3046163560912 
-169.30461635609117 
-169.30461635609146 
-169.30461635609143 
-169.3046163560912 
-169.30461635609169 
-169.3046163560919 
-169.30461635609205 
-169.30461635609416 
-169.3046163560919 
-169.30461635609245 
-169.30461635609296 
-169.30461635609203 
-169.30461635609248 
-169.30461635609174 
-169.30461635609177 
-169.3046163560919 
-169.30461635609174 
-169.30461635609169 
-169.30461635609143 
-169.30461635609166 
-169.30461635609174 
-169.30461635609194 
-169.30461635609123 
-169.30461635609169 
-169.30461635609177 
-169.30461635609183 
-169.30461635609242 
-169.30461635609237 
-169.3046163560922 
-169.30461635609262 
-169.30461635609254 
-169.30461635609268 
-169.30461635609237 
-169.30461635609242 
-169.30461635609205 
-169.30461635609254 
-169.30461635609265 
-169.30461635609254 
-169.3046163560923 
-169.304616356092 
-169.30461635609151 
-169.30461635609157 
-169.30461635609183 
-169.30461635609194 
-169.3046163560923 
-169.30461635609205 
-169.30461635609166 
-169.30461635609188 
-169.3046163560928 
-169.3046163560915 
-169.30461635609169 
-169.30461635609166 
-169.30461635609183 
-169.30461635609177 
-169.30461635609154 
-169.304616356092 
-169.3046163560918 
-169.30461635609194 
-169.30461635609205 
-169.30461635609203 
-169.3046163560916 
-169.30461635609146 
-169.30461635609197 
-169.30461635609203 
-169.30461635609237 
-169.30461635609194 
-169.3046163560922 
-169.3046163560925 
-169.3046163560928 
-169.3046163560924 
-169.30461635609288 
-169.30461635609248 
-169.30461635609223 
-169.30461635609296 
-169.30461635609313 
-169.30461635609225 
-169.3046163560916 
-169.30461635609188 
-169.30461635609203 
-169.3046163560916 
-169.30461635609174 
-169.3046163560921 
-169.30461635609242 
-169.30461635609214 
-169.30461635609225 
-169.30461635609203 
-169.304616356092 
-169.30461635609166 
-169.30461635609228 
-169.304616356092 
-169.30461635609257 
-169.3046163560921 
-169.30461635609268 
-169.30461635609214 
-169.3046163560923 
-169.304616356092 
-169.30461635609186 
-169.30461635609214 
-169.30461635609188 
-169.30461635609214 
-169.30461635609223 
-169.30461635609208 
-169.30461635609245 
-169.30461635609214 
-169.3046163560927 
-169.3046163560929 
-169.30461635609265 
-169.3046163560924 
-169.30461635609257 
-169.3046163560926 
-169.30461635609225 
-169.30461635609262 
-169.3046163560921 
-169.30461635609242 
-169.30461635609177 
-169.30461635609194 
-169.30461635609163 
-169.30461635609163 
-169.30461635609166 
-169.3046163560915 
-169.30461635609177 
-169.30461635609305 
-169.30461635609402 
-169.30461635609188 
-169.3046163560919 
-169.30461635609208 
-169.3046163560925 
-169.30461635609487 
-169.3046163560919 
-169.30461635609237 
-169.3046163560926 
-169.30461635609362 
-169.30461635609234 
-169.30461635609262 
-169.3046163560927 
-169.30461635609262 
-169.30461635609254 
-169.3046163560928 
-169.30461635609282 
-169.30461635609336 
-169.30461635609325 
-169.30461635609328 
-169.30461635609325 
-169.30461635609294 
-169.30461635609305 
-169.30461635609285 
-169.30461635609274 
-169.30461635609282 
-169.30461635609296 
-169.30461635609282 
-169.30461635609288 
-169.30461635609325 
-169.3046163560933 
-169.3046163560935 
-169.30461635609402 
-169.30461635609308 
-169.3046163560936 
-169.30461635609328 
-169.30461635609333 
-169.3046163560932 
-169.30461635609305 
-169.30461635609316 
-169.30461635609322 
-169.30461635609328 
-169.3046163560932 
-169.304616356093 
-169.30461635609294 
-169.3046163560939 
-169.30461635609328 
-169.30461635609336 
-169.3046163560933 
-169.30461635609313 
-169.30461635609294 
-169.30461635609296 
-169.30461635609282 
-169.3046163560926 
-169.30461635609313 
-169.30461635609305 
-169.304616356093 
-169.30461635609325 
-169.30461635609348 
-169.30461635609342 
-169.3046163560935 
-169.30461635609396 
-169.30461635609407 
-169.30461635609367 
-169.30461635609402 
-169.30461635609328 
-169.30461635609348 
-169.30461635609288 
-169.3046163560929 
-169.3046163560927 
-169.30461635609282 
-169.30461635609274 
-169.30461635609277 
-169.30461635609254 
-169.30461635609268 
-169.3046163560927 
-169.30461635609262 
-169.30461635609277 
-169.30461635609268 
-169.3046163560925 
-169.304616356094 
-169.3046163560926 
-169.30461635609282 
-169.30461635609237 
-169.30461635609254 
-169.3046163560927 
-169.30461635609237 
-169.30461635609254 
-169.3046163560928 
-169.30461635609245 
-169.30461635609305 
-169.30461635609257 
-169.30461635609262 
-169.30461635609257 
-169.30461635609262 
-169.30461635609245 
-169.30461635609294 
-169.30461635609248 
-169.30461635609254 
-169.30461635609265 
-169.30461635609274 
-169.30461635609333 
-169.30461635609294 
-169.30461635609385 
-169.30461635609302 
-169.30461635609285 
-169.30461635609262 
-169.30461635609285 
-169.30461635609274 
-169.3046163560928 
-169.30461635609322 
-169.30461635609268 
-169.30461635609294 
-169.30461635609242 
-169.3046163560968 
-169.30461635609484 
-169.30461635610013 
-169.3046163560932 
-169.3046163560927 
-169.30461635609322 
-169.30461635609754 
-169.30461635609595 
-169.3046163560926 
-169.30461635609296 
-169.30461635609325 
-169.3046163560929 
-169.30461635609302 
-169.304616356093 
-169.30461635609294 
-169.30461635609308 
-169.30461635609328 
-169.304616356093 
-169.3046163560934 
-169.30461635609365 
-169.3046163560935 
-169.30461635609356 
-169.30461635609302 
-169.30461635609325 
-169.30461635609328 
-169.30461635609313 
-169.30461635609294 
-169.30461635609325 
-169.30461635609328 
-169.3046163560931 
-169.30461635609265 
-169.30461635609268 
-169.3046163560929 
-169.30461635609282 
-169.3046163560927 
-169.30461635609308 
-169.30461635609348 
-169.30461635609382 
-169.30461635609333 
-169.30461635609365 
-169.30461635609367 
-169.30461635609356 
-169.3046163560932 
-169.3046163560934 
-169.3046163560935 
-169.30461635609356 
-169.30461635609367 
-169.304616356094 
-169.30461635609333 
-169.30461635609345 
-169.30461635609353 
-169.3046163560934 
-169.30461635609328 
-169.30461635609316 
-169.30461635609348 
-169.30461635609356 
-169.3046163560933 
-169.30461635609348 
-169.30461635609373 
-169.3046163560937 
-169.30461635609407 
-169.30461635609402 
-169.30461635609356 
-169.30461635609367 
-169.30461635609302 
-169.30461635609294 
-169.30461635609305 
-169.30461635609308 
-169.30461635609285 
-169.30461635609282 
-169.30461635609282 
-169.30461635609285 
-169.304616356093 
-169.30461635609313 
-169.30461635609308 
-169.30461635609356 
-169.30461635609342 
-169.30461635609308 
-169.30461635609345 
-169.30461635609336 
-169.30461635609328 
-169.3046163560934 
-169.30461635609325 
-169.30461635609367 
-169.30461635609342 
-169.3046163560935 
-169.30461635609322 
-169.30461635609305 
-169.304616356093 
-169.3046163560935 
-169.30461635609342 
-169.3046163560932 
-169.30461635609296 
-169.30461635609277 
-169.30461635609254 
-169.3046163560925 
-169.30461635609234 
-169.30461635609242 
-169.30461635609285 
-169.3046163560927 
-169.30461635609248 
-169.30461635609245 
-169.30461635609254 
-169.3046163560926 
-169.30461635609234 
-169.30461635609214 
-169.30461635609217 
-169.3046163560921 
-169.30461635609248 
-169.30461635609228 
-169.3046163560927 
-169.3046163560924 
-169.30461635609248 
-169.30461635609245 
-169.30461635609214 
-169.30461635609214 
-169.30461635609848 
-169.304616356092 
-169.30461635609248 
-169.30461635609277 
-169.30461635609203 
