2 0.004033103649217591 
3 -0.0026960040816410543 
4 0.0007388086223849204 
5 0.00014535797586899264 
6 -0.0001614673896890068 
7 -3.5976412953397573e-06 
8 3.639197433258621e-05 
9 -1.4106395717450025e-06 
10 -1.1894527166528666e-05 
11 1.576736116378662e-06 
12 4.658602718061307e-06 
13 -1.1524046978518493e-06 
14 -2.0579374306931786e-06 
15 8.167614742060161e-07 
16 9.501669922663732e-07 
17 -5.540781040618729e-07 
18 -4.5181595364279384e-07 
19 3.764994822019396e-07 
20 2.0914029625788706e-07 
21 -2.5035742170058194e-07 
22 -9.12991186769855e-08 
23 1.639755459245352e-07 
24 2.6002298455909733e-08 
25 -1.0935326377754031e-07 
26 1.98285310841558e-09 
27 6.219236922467075e-08 
28 -7.52958268797049e-09 
29 -3.8564092490403426e-08 
30 9.050762535207485e-09 
31 2.017743995948463e-08 
32 -7.834815543731368e-09 
33 -1.213288073288084e-08 
34 7.693311181427924e-09 
35 5.9257635948465e-09 
36 -5.9884737360764576e-09 
37 -2.679284859223543e-09 
38 3.810117295705217e-09 
39 8.103647315885924e-10 
40 -2.2494532484613503e-09 
41 -4.441729137515247e-11 
42 1.3335370879467876e-09 
43 -2.1773203627226985e-10 
44 -5.229442136887766e-10 
45 2.9201059096810784e-10 
46 2.3857467969102333e-10 
47 -2.6749849173075492e-11 
48 -1.8258178183476774e-10 
49 3.0520118486932443e-10 
50 -4.845577294643524e-10 
51 -2.439856965712131e-12 
52 7.040307927046847e-10 
53 -5.100786328377315e-10 
54 -3.2752734340410356e-10 
55 -5.086626534409859e-10 
56 3.569434569268857e-09 
57 -1.8532972042340188e-09 
58 -5.748972229021071e-10 
59 6.229706246257746e-10 
60 2.5047175419197557e-10 
61 -2.1094280494856765e-10 
62 -3.484862087860911e-10 
63 3.161716536075996e-10 
64 6.079063208285297e-10 
65 -1.1343478372077127e-09 
66 1.2644026992384892e-10 
67 -2.504023944529521e-09 
68 4.729535531663229e-09 
69 -2.580396129515091e-09 
70 3.4961029753036924e-10 
71 1.0136814066392057e-09 
72 -1.8275657537517153e-10 
73 -4.3144357089542e-10 
74 6.814821595746076e-11 
75 3.775579309468465e-10 
76 -1.6200169813938024e-10 
77 -2.8842404364319906e-10 
78 1.986892536767037e-10 
79 2.6930553803126026e-10 
80 -2.5519551429145e-10 
81 -1.1652084832522126e-10 
82 1.9488849618311266e-10 
83 -1.247496550504934e-11 
84 -9.88668036328022e-11 
85 9.137018572302757e-11 
86 -8.601951002183857e-11 
87 -6.999141230413347e-11 
88 2.646946921027707e-10 
89 -1.3057200554218097e-11 
90 -4.453834245854438e-10 
91 1.7446883868177387e-10 
92 7.629254505344294e-10 
93 -4.4388901872566993e-10 
94 -7.962756516721774e-10 
95 7.713718929302976e-10 
96 8.294102792137309e-10 
97 -1.1919127165615773e-09 
98 -5.730630875296896e-11 
99 1.5335264960233212e-09 
100 -6.500827720117178e-10 
101 -2.2933493710202053e-09 
102 -3.4198605659275227e-10 
103 2.4192396945532625e-09 
104 5.280027248755204e-10 
105 -3.4701865693413684e-09 
106 -9.436385250329179e-11 
107 4.939934798408983e-09 
108 -9.88164161720938e-10 
109 -6.637039338595244e-09 
110 2.9152645623566365e-09 
111 8.77148087305953e-09 
112 -6.103392879169694e-09 
113 -1.0897468954582254e-08 
114 1.0984089246587877e-08 
115 1.295385912273194e-08 
116 -1.897311344818597e-08 
117 -1.4230658057773835e-08 
118 3.115239037289974e-08 
119 1.3699402028297728e-08 
120 -4.900366034748814e-08 
121 -9.07449819647422e-09 
122 7.55149258573495e-08 
123 -3.9383156624254745e-09 
124 -1.1431835450595077e-07 
125 3.260037839628247e-08 
126 1.7148317974265942e-07 
127 -9.22937866756901e-08 
128 -2.5428934798032327e-07 
129 2.1081547585223762e-07 
130 3.773469332735033e-07 
131 -4.5285859623616473e-07 
132 -5.542201318923916e-07 
133 9.506011941877446e-07 
134 8.167544128553201e-07 
135 -2.058089438049897e-06 
136 -1.1523934146007782e-06 
137 4.6583537342609194e-06 
138 1.5774427703442578e-06 
139 -1.1893508235833203e-05 
140 -1.4129854129468514e-06 
141 3.6392527049432336e-05 
142 -3.5926896998852358e-06 
143 -0.00016146751647117607 
144 0.00014535748148000591 
145 0.0007388089735294076 
146 -0.0026960040336886683 
147 0.004033103582852873 
