2 0.002194119184476844 
3 -0.0003819934232728387 
4 7.76439717394408e-05 
5 -1.0643203635166947e-05 
6 -1.4220965538762249e-06 
7 6.476349349965669e-07 
8 -1.0701401294683957e-07 
9 2.7734918640569372e-09 
10 3.746406242518804e-09 
11 -1.1596708971278549e-09 
12 2.7536270958599005e-10 
13 -1.9251193336712327e-10 
14 1.7893841880343048e-10 
15 -1.8188418261151288e-10 
16 1.8201823849885398e-10 
17 -1.8616596895529152e-10 
18 -9.225049408800338e-11 
19 -1.8158950189368155e-12 
20 2.8022328219628495e-10 
21 -3.8630119837305466e-10 
22 2.0681074648372505e-10 
23 -1.8418675629955227e-10 
24 1.7902130597917057e-10 
25 -1.9770538931740846e-10 
26 1.836404106215077e-10 
27 -1.8184775093025562e-10 
28 1.8313871289632992e-10 
29 -1.3845781822811418e-10 
30 1.7210524782317844e-10 
31 -1.670171084928163e-10 
32 1.9448417362474474e-10 
33 -1.754241331099925e-10 
34 1.782438239801537e-10 
35 -1.9806641598374186e-10 
36 1.4516312217803592e-10 
37 -3.3758240083241597e-10 
38 1.8235613389774278e-10 
39 -1.748068004947878e-10 
40 3.6137268945627144e-10 
41 -4.341575569615207e-10 
42 1.1851242789584312e-10 
43 -9.828225776169427e-13 
44 9.541934624282701e-11 
45 -2.0559802134282972e-10 
46 1.802107097003504e-10 
47 -4.804318233165165e-10 
48 1.8344256920336845e-10 
49 -3.8691998575229045e-10 
50 1.2201485766319116e-10 
51 -1.757192287993459e-10 
52 1.7588797101937464e-10 
53 -1.7810173971457172e-10 
54 1.7346713294084158e-10 
55 -1.630287145869696e-10 
56 4.25163927335693e-10 
57 -3.676264381153304e-10 
58 1.9482550022449682e-10 
59 -1.7913797149049413e-10 
60 1.8299138086087734e-10 
61 -1.6667440746571514e-10 
62 1.7465217038266214e-10 
63 -1.7330876194172455e-10 
64 2.057943375507139e-10 
65 -2.6759137032976126e-09 
66 3.788280492511716e-10 
67 -1.8376240522483894e-10 
68 2.707117629538709e-10 
69 -1.6203770919195837e-09 
70 1.8241512672706957e-10 
71 -1.7045652551816388e-10 
72 -1.8892454897676702e-11 
73 -1.8425894103979043e-10 
74 1.811915037487683e-10 
75 -1.7419705336687218e-10 
76 2.601794410841801e-10 
77 -2.225438757873272e-10 
78 -5.1830013317305945e-11 
79 -1.1811220887172918e-11 
80 1.2298927854296305e-10 
81 -1.796552043750527e-10 
82 1.7332246452616812e-10 
83 -1.7514594045273331e-10 
84 1.8053450563455605e-10 
85 -1.7837939256912362e-10 
86 2.9113110390634834e-10 
87 -1.7011958794308452e-10 
88 1.8370484123577997e-10 
89 3.4189373656697687e-10 
90 3.543162544045315e-10 
91 -1.5842018807265144e-10 
92 2.0134523570430097e-10 
93 -1.815629577757765e-10 
94 2.5158569983023786e-10 
95 -3.375807689310923e-10 
96 -1.9439742986151896e-09 
97 4.1083395749870744e-10 
98 -1.1598565193888576e-09 
99 3.725235228580924e-12 
100 -8.772006225648112e-09 
101 -1.5902760786634743e-08 
102 -4.100579960777529e-10 
103 2.9388903996969393e-09 
104 -2.6497782135578114e-10 
105 -2.2815308399023428e-10 
106 1.899935709026127e-10 
107 -1.8039430412370193e-10 
108 1.7809161472204915e-10 
109 -2.3079604023240873e-10 
110 1.221347731677205e-10 
111 -1.2458224956933686e-10 
112 7.548436998848288e-11 
113 -4.1033772604894396e-10 
114 3.458517809256024e-10 
115 -1.8457545565580023e-10 
116 1.8348556017635902e-10 
117 -1.8210194558437203e-10 
118 1.6566264195429244e-10 
119 -1.8257036241750523e-10 
120 2.0461292707017526e-10 
121 -1.235876756896518e-10 
122 6.039388000690308e-11 
123 6.681757274437313e-11 
124 6.786323996507512e-09 
125 -2.381680939920847e-09 
126 3.6695615233058707e-10 
127 -1.8940071086863146e-10 
128 1.8206710359799473e-10 
129 -1.8098924576333143e-10 
130 -2.295421535715077e-11 
131 6.501272068668174e-10 
132 1.1199415189626079e-09 
133 -3.2121845885790813e-10 
134 1.8478983107571326e-10 
135 -1.7490079959111496e-10 
136 2.301700511622483e-10 
137 -2.3990731556267476e-10 
138 1.8562564339964953e-10 
139 -1.8655048080323858e-10 
140 1.8335910231294531e-10 
141 -1.943856976355589e-10 
142 -1.4210222534501082e-10 
143 -4.1527191776057354e-10 
144 1.0943723461135981e-10 
145 -1.923234779689487e-10 
146 1.7889151285641468e-10 
147 -1.7883415789354294e-10 
148 1.5810548673195202e-10 
149 -3.325277837404063e-10 
150 1.4864369956125472e-10 
151 -2.1030573914509955e-10 
152 1.942841729147442e-10 
153 -1.8811353613904217e-10 
154 1.538502187677033e-10 
155 -1.5845300535042854e-09 
156 -2.780372237277502e-11 
157 -1.6771697152567008e-10 
158 1.777618942832015e-10 
159 -1.7887469969730535e-10 
160 1.0688468562631976e-10 
161 -1.9103509371462216e-10 
162 1.4688919211660971e-10 
163 -1.9681682424012795e-10 
164 1.7974178005084952e-10 
165 -1.8806710875481165e-10 
166 1.8489534228467024e-10 
167 -7.275151538588723e-12 
168 6.39475974570015e-11 
169 -1.6506988343672954e-10 
170 2.0431700778110203e-10 
171 -1.7729738187757083e-10 
172 1.8085787277598808e-10 
173 -2.5584625849668996e-10 
174 1.993780466758957e-10 
175 -1.7925943965445993e-10 
176 4.41365565534112e-10 
177 -1.497882889973685e-10 
178 1.9253203922972755e-10 
179 -1.733808843421373e-10 
180 4.4989051106196283e-10 
181 -3.2580213249064e-10 
182 1.8663108262429812e-10 
183 -1.7845234159654859e-10 
184 1.7716686958741633e-10 
185 -1.9175460993231214e-10 
186 1.9572533307439486e-10 
187 -8.816509455143263e-11 
188 -8.031280227338927e-10 
189 3.3945591462498494e-09 
190 3.126207604630995e-09 
191 -1.0735244311669378e-07 
192 6.478395603136814e-07 
193 -1.4220301918071053e-06 
194 -1.064304588339846e-05 
195 7.76438198489315e-05 
196 -0.00038199342305244265 
197 0.0021941187930965074 
