2 -0.9998217601519919 
3 0.9996300865543127 
4 -0.9996760997316754 
5 0.999686011001664 
6 -0.9996875289747401 
7 0.9996871174130961 
8 -0.9996871271050661 
9 0.9996871559892475 
10 -0.9996871543714292 
11 0.9996871534815216 
12 -0.9996871537460811 
13 0.9996871536742178 
14 -0.9996871531382282 
15 0.9996871532411327 
16 -0.9996871532629935 
17 0.9996871531676458 
18 -0.9996871532968961 
19 0.9996871532674069 
20 -0.9996871532674053 
21 0.999687153242588 
22 -0.9996871532494958 
23 0.9996871532505938 
24 -0.9996871532503756 
25 0.999687153251483 
26 -0.9996871532496046 
27 0.9996871531362443 
28 -0.999687153112133 
29 0.999687153361278 
30 -0.9996871532151771 
31 0.9996871533091961 
32 -0.9996871534768874 
33 0.9996871533049114 
34 -0.9996871531557713 
35 0.9996871532217255 
36 -0.9996871532563946 
37 0.9996871532478359 
38 -0.9996871532494491 
39 0.9996871532506212 
40 -0.9996871532504051 
41 0.9996871532503359 
42 -0.9996871532503483 
43 0.9996871532503377 
44 -0.9996871532503856 
45 0.9996871532504823 
46 -0.9996871532499069 
47 0.9996871532506806 
48 -0.9996871532729562 
49 0.9996871532338042 
50 -0.999687153240899 
51 0.9996871532484781 
52 -0.9996871532477843 
53 0.9996871532501271 
54 -0.999687153252717 
55 0.999687153244388 
56 -0.9996871531303225 
57 0.9996871531615704 
58 -0.9996871528331644 
59 0.9996871532366306 
60 -0.999687153152759 
61 0.999687153413321 
62 -0.9996871534650256 
63 0.9996871529358979 
64 -0.9996871531366515 
65 0.9996871533125073 
66 -0.9996871532412919 
67 0.9996871532437264 
68 -0.9996871532701961 
69 0.9996871532456049 
70 -0.9996871532703179 
71 0.9996871532541751 
72 -0.999687153249287 
73 0.9996871532314826 
74 -0.999687153262439 
75 0.9996871532717765 
76 -0.9996871532441848 
77 0.9996871532462135 
78 -0.9996871532469321 
79 0.9996871532528735 
80 -0.9996871532490057 
81 0.9996871532493068 
82 -0.9996871532546844 
83 0.9996871532448487 
84 -0.9996871532447009 
85 0.999687153242759 
86 -0.9996871532488232 
87 0.9996871532519508 
88 -0.999687153249174 
89 0.9996871532504297 
90 -0.9996871532505073 
91 0.9996871532503325 
92 -0.9996871532503568 
93 0.9996871532503561 
94 -0.9996871532503313 
95 0.9996871532503377 
96 -0.9996871532502637 
97 0.9996871532512834 
98 -0.9996871532477717 
99 0.9996871532521645 
100 -0.9996871532531034 
101 0.9996871532634567 
102 -0.9996871532471264 
103 0.9996871532475081 
104 -0.999687153253432 
105 0.9996871532457217 
106 -0.999687153277403 
107 0.9996871532278603 
108 -0.999687152833597 
109 0.9996871542616907 
110 -0.9996871561216526 
111 0.9996871271676312 
112 -0.9996871174218807 
113 0.9996875289615769 
114 -0.9996860110105603 
115 0.9996760997349636 
116 -0.9996300865370606 
117 0.9998217601969632 
