2 -0.9742767011494078 
3 0.9737058506816535 
4 -0.973443076165747 
5 0.9734419968289474 
6 -0.9734509390768633 
7 0.9734531953044819 
8 -0.9734533042027405 
9 0.9734532002374942 
10 -0.9734531725191867 
11 0.9734531726956185 
12 -0.9734531742419581 
13 0.9734531745252744 
14 -0.9734531744884546 
15 0.9734531744733317 
16 -0.9734531744671734 
17 0.9734531744662598 
18 -0.973453174465309 
19 0.9734531744629866 
20 -0.9734531744604057 
21 0.9734531744616681 
22 -0.9734531744652786 
23 0.9734531744648904 
24 -0.9734531744638804 
25 0.9734531744803174 
26 -0.9734531744591256 
27 0.9734531744653632 
28 -0.9734531744830294 
29 0.9734531744488578 
30 -0.9734531753938823 
31 0.9734531739273841 
32 -0.9734531741570326 
33 0.973453174421064 
34 -0.9734531744605063 
35 0.9734531744643384 
36 -0.9734531744650451 
37 0.9734531744650512 
38 -0.9734531744649932 
39 0.9734531744643777 
40 -0.9734531744625495 
41 0.9734531744685397 
42 -0.9734531744660181 
43 0.9734531744591729 
44 -0.973453174476872 
45 0.9734531744406566 
46 -0.973453174471266 
47 0.9734531744641655 
48 -0.9734531744660602 
49 0.9734531744653996 
50 -0.9734531744648768 
51 0.9734531744646046 
52 -0.9734531744666067 
53 0.973453174465543 
54 -0.9734531743972111 
55 0.9734531743898921 
56 -0.9734531744673517 
57 0.9734531744780045 
58 -0.9734531743669551 
59 0.9734531749052788 
60 -0.9734531746151956 
61 0.9734531745725249 
62 -0.9734531744823531 
63 0.9734531744671963 
64 -0.9734531744652728 
65 0.9734531744650259 
66 -0.9734531744642199 
67 0.9734531744648125 
68 -0.973453174465074 
69 0.973453174465216 
70 -0.9734531744649947 
71 0.9734531744647786 
72 -0.9734531744649025 
73 0.9734531744650101 
74 -0.9734531744645336 
75 0.9734531744673575 
76 -0.973453174463773 
77 0.9734531744652474 
78 -0.9734531744650844 
79 0.9734531744649555 
80 -0.9734531744666128 
81 0.9734531744634599 
82 -0.9734531744635857 
83 0.9734531744634526 
84 -0.973453174472871 
85 0.9734531744772884 
86 -0.9734531744674453 
87 0.9734531744653887 
88 -0.9734531744649614 
89 0.973453174464787 
90 -0.9734531744646683 
91 0.9734531744650453 
92 -0.9734531744729701 
93 0.9734531744756222 
94 -0.9734531744619379 
95 0.9734531743068147 
96 -0.9734531745324005 
97 0.9734531745120377 
98 -0.9734531746132361 
99 0.9734531745083691 
100 -0.9734531744567664 
101 0.9734531742641478 
102 -0.9734531741510207 
103 0.97345317444176 
104 -0.9734531746366032 
105 0.9734531744976658 
106 -0.9734531744795617 
107 0.9734531744705037 
108 -0.9734531744665327 
109 0.9734531744660124 
110 -0.973453174428598 
111 0.9734531744509509 
112 -0.9734531744610817 
113 0.9734531744644083 
114 -0.9734531744649129 
115 0.9734531744650471 
116 -0.9734531744651242 
117 0.9734531744650398 
118 -0.9734531744650207 
119 0.9734531744650272 
120 -0.9734531744649684 
121 0.973453174464809 
122 -0.9734531744682895 
123 0.9734531744658739 
124 -0.9734531744649368 
125 0.9734531744651106 
126 -0.9734531744653085 
127 0.973453174468831 
128 -0.973453174465126 
129 0.9734531744645971 
130 -0.9734531744650442 
131 0.9734531744654781 
132 -0.9734531744648817 
133 0.9734531744596663 
134 -0.9734531744645133 
135 0.9734531744649364 
136 -0.9734531744646434 
137 0.9734531744638258 
138 -0.973453174464248 
139 0.9734531744774593 
140 -0.9734531744710834 
141 0.97345317534636 
142 -0.9734531739444222 
143 0.9734531743755057 
144 -0.973453174525107 
145 0.9734531741783687 
146 -0.9734531709948738 
147 0.973453172168874 
148 -0.9734531746795877 
149 0.9734531745484178 
150 -0.9734531744810901 
151 0.9734531744665336 
152 -0.9734531744650017 
153 0.9734531744650126 
154 -0.9734531744656411 
155 0.9734531744661049 
156 -0.9734531744650999 
157 0.9734531744658733 
158 -0.973453174469091 
159 0.9734531740785947 
160 -0.9734531744941506 
161 0.973453174480593 
162 -0.9734531744697181 
163 0.9734531744641269 
164 -0.9734531744638972 
165 0.973453174464805 
166 -0.9734531744663146 
167 0.9734531744652215 
168 -0.9734531744648507 
169 0.9734531744650567 
170 -0.9734531744684022 
171 0.9734531744649314 
172 -0.9734531744663215 
173 0.9734531744701049 
174 -0.9734531744756023 
175 0.9734531742451449 
176 -0.973453174427472 
177 0.9734531744783895 
178 -0.9734531744729485 
179 0.9734531744672033 
180 -0.9734531744659107 
181 0.9734531744675644 
182 -0.9734531744724269 
183 0.9734531744755395 
184 -0.9734531744264294 
185 0.9734531743295415 
186 -0.9734531728148303 
187 0.9734531727015622 
188 -0.9734531726997512 
189 0.9734531726399162 
190 -0.9734532003129186 
191 0.9734533041866641 
192 -0.9734531953385186 
193 0.9734509391619419 
194 -0.9734419969636358 
195 0.9734430762917767 
196 -0.9737058507415577 
197 0.9742767011478662 
