-189.06930244860087 
-189.06930244860072 
-189.06930244860138 
-189.06930244860067 
-189.06930244860084 
-189.06930244860095 
-189.06930244860123 
-189.06930244860138 
-189.06930244860158 
-189.06930244860212 
-189.06930244860175 
-189.0693024486019 
-189.06930244860197 
-189.06930244860249 
-189.0693024486024 
-189.06930244860231 
-189.0693024486022 
-189.06930244860234 
-189.06930244860249 
-189.06930244860234 
-189.06930244860254 
-189.0693024486028 
-189.06930244860294 
-189.06930244860303 
-189.06930244860345 
-189.06930244860357 
-189.06930244860385 
-189.0693024486043 
-189.06930244860425 
-189.06930244860428 
-189.06930244860445 
-189.06930244860493 
-189.0693024486046 
-189.06930244860493 
-189.06930244860507 
-189.06930244860513 
-189.0693024486052 
-189.06930244860527 
-189.0693024486053 
-189.06930244860533 
-189.06930244860553 
-189.06930244860564 
-189.06930244860837 
-189.06930244860808 
-189.06930244860825 
-189.0693024486085 
-189.06930244860848 
-189.06930244860888 
-189.06930244860843 
-189.06930244860845 
-189.06930244860843 
-189.06930244860857 
-189.06930244861002 
-189.06930244861053 
-189.06930244861024 
-189.0693024486108 
-189.06930244861132 
-189.06930244861047 
-189.06930244861044 
-189.06930244861047 
-189.06930244861172 
-189.06930244861218 
-189.0693024486103 
-189.06930244861044 
-189.06930244861064 
-189.06930244861073 
-189.06930244861053 
-189.06930244861053 
-189.06930244861053 
-189.06930244861056 
-189.06930244861033 
-189.06930244861036 
-189.06930244861036 
-189.06930244861059 
-189.06930244861059 
-189.0693024486107 
-189.0693024486106 
-189.06930244861067 
-189.06930244861056 
-189.06930244861044 
-189.0693024486107 
-189.06930244861067 
-189.06930244861059 
-189.0693024486107 
-189.06930244861064 
-189.0693024486108 
-189.06930244861056 
-189.0693024486105 
-189.06930244861073 
-189.06930244861059 
-189.0693024486115 
-189.06930244861047 
-189.06930244861027 
-189.0693024486102 
-189.06930244861027 
-189.0693024486101 
-189.06930244860996 
-189.06930244860996 
-189.06930244860993 
-189.06930244860993 
-189.06930244860993 
-189.06930244861007 
-189.06930244861005 
-189.0693024486103 
-189.06930244861007 
-189.06930244860993 
-189.06930244860982 
-189.06930244860965 
-189.06930244860973 
-189.0693024486094 
-189.0693024486096 
-189.06930244860962 
-189.06930244860973 
-189.06930244860965 
-189.06930244860948 
-189.0693024486096 
-189.06930244860965 
-189.06930244860988 
-189.0693024486113 
-189.06930244861033 
-189.06930244861073 
-189.0693024486108 
-189.06930244861096 
-189.06930244861167 
-189.06930244861135 
-189.06930244861147 
-189.0693024486117 
-189.06930244861195 
-189.06930244861255 
-189.06930244861263 
-189.0693024486133 
-189.069302448613 
-189.06930244861334 
-189.0693024486134 
-189.06930244861405 
-189.06930244861425 
-189.0693024486145 
-189.0693024486144 
-189.06930244861454 
-189.06930244861456 
-189.06930244861462 
-189.06930244861468 
-189.069302448615 
-189.06930244861536 
-189.06930244861533 
-189.06930244861644 
-189.06930244861525 
-189.06930244861545 
-189.0693024486158 
-189.06930244861564 
-189.06930244861604 
-189.06930244861655 
-189.06930244861644 
-189.06930244861658 
-189.06930244861638 
-189.06930244861667 
-189.0693024486166 
-189.06930244861698 
-189.06930244861843 
-189.06930244861826 
-189.0693024486184 
-189.06930244861857 
-189.06930244861869 
-189.06930244861903 
-189.06930244861897 
-189.0693024486196 
-189.0693024486191 
-189.0693024486192 
-189.0693024486201 
-189.0693024486205 
-189.0693024486206 
-189.06930244862056 
-189.0693024486245 
-189.0693024486207 
-189.06930244862042 
-189.0693024486205 
-189.06930244862036 
-189.0693024486204 
-189.06930244862048 
-189.06930244862022 
-189.06930244862065 
-189.06930244862076 
-189.06930244862093 
-189.0693024486211 
-189.069302448621 
-189.0693024486208 
-189.06930244862053 
-189.06930244862056 
-189.06930244862033 
-189.06930244862033 
-189.06930244862048 
-189.06930244862042 
-189.06930244861996 
-189.06930244862008 
-189.06930244862016 
-189.0693024486202 
-189.06930244862045 
-189.0693024486204 
-189.06930244862053 
-189.06930244862033 
-189.06930244862048 
-189.06930244862056 
-189.0693024486206 
-189.06930244862096 
-189.06930244862102 
-189.06930244862087 
-189.06930244862065 
-189.06930244862062 
-189.06930244862053 
-189.06930244862096 
-189.06930244862073 
-189.06930244862042 
-189.0693024486204 
-189.06930244862045 
-189.06930244862053 
-189.06930244862025 
-189.06930244861994 
-189.0693024486199 
-189.0693024486201 
-189.06930244862005 
-189.06930244862008 
-189.06930244861982 
-189.06930244861968 
-189.06930244861957 
-189.06930244861962 
-189.06930244861982 
-189.06930244861957 
-189.0693024486195 
-189.0693024486196 
-189.06930244861928 
-189.0693024486192 
-189.06930244861894 
-189.06930244861869 
-189.06930244861869 
-189.06930244861874 
-189.06930244861874 
-189.06930244861866 
-189.06930244861857 
-189.06930244861857 
-189.06930244861834 
-189.06930244861832 
-189.0693024486185 
-189.06930244861852 
-189.06930244861866 
-189.06930244861863 
-189.06930244861854 
-189.06930244861852 
-189.0693024486183 
-189.06930244861815 
-189.06930244861834 
-189.06930244861832 
-189.06930244861806 
-189.069302448618 
-189.0693024486181 
-189.06930244861817 
-189.0693024486182 
-189.0693024486183 
-189.06930244861815 
-189.0693024486183 
-189.06930244861826 
-189.06930244861832 
-189.06930244861806 
-189.06930244861832 
-189.06930244861834 
-189.0693024486185 
-189.06930244861832 
-189.06930244861826 
-189.06930244861832 
-189.0693024486184 
-189.0693024486183 
-189.06930244861826 
-189.06930244861843 
-189.06930244861846 
-189.0693024486186 
-189.06930244861846 
-189.06930244861854 
-189.06930244861863 
-189.06930244861832 
-189.06930244861846 
-189.0693024486184 
-189.0693024486186 
-189.0693024486188 
-189.06930244861852 
-189.06930244861874 
-189.06930244861854 
-189.06930244861823 
-189.06930244861843 
-189.06930244862096 
-189.06930244861874 
-189.06930244861888 
-189.06930244861886 
-189.0693024486188 
-189.06930244861874 
-189.06930244861886 
-189.0693024486186 
-189.0693024486183 
-189.06930244861834 
-189.0693024486185 
-189.06930244861854 
-189.06930244861866 
-189.06930244861866 
-189.0693024486186 
-189.06930244861857 
-189.06930244861869 
-189.06930244861888 
-189.06930244861869 
-189.06930244861863 
-189.06930244861866 
-189.06930244861863 
-189.0693024486187 
-189.06930244861863 
-189.0693024486185 
-189.06930244861857 
-189.06930244861869 
-189.06930244861877 
-189.0693024486187 
-189.06930244861886 
-189.0693024486188 
-189.06930244861854 
-189.06930244861869 
-189.06930244861883 
-189.0693024486186 
-189.0693024486187 
-189.0693024486184 
-189.0693024486186 
-189.06930244861843 
-189.0693024486186 
-189.06930244861863 
-189.06930244861886 
-189.06930244861886 
-189.06930244861908 
-189.06930244861917 
-189.06930244861914 
-189.06930244861934 
-189.0693024486196 
-189.06930244861942 
-189.06930244861948 
-189.06930244861937 
-189.06930244861937 
-189.06930244861942 
-189.06930244861925 
-189.0693024486193 
-189.0693024486195 
-189.06930244861934 
-189.06930244861948 
-189.06930244861934 
-189.06930244861928 
-189.06930244861923 
-189.069302448619 
-189.06930244861917 
-189.06930244861917 
-189.06930244861888 
-189.06930244861894 
-189.06930244861914 
-189.06930244861908 
-189.06930244861925 
-189.06930244861917 
-189.06930244861897 
-189.069302448619 
-189.06930244861917 
-189.06930244861897 
-189.06930244861894 
-189.069302448619 
-189.06930244861877 
-189.06930244861857 
-189.06930244861886 
-189.06930244861886 
-189.06930244861869 
-189.06930244861869 
-189.06930244861874 
-189.06930244861888 
-189.06930244861897 
-189.06930244861883 
-189.069302448619 
-189.06930244861894 
-189.06930244861906 
-189.06930244861934 
-189.06930244861925 
-189.0693024486193 
-189.06930244861937 
-189.06930244861925 
-189.06930244861928 
-189.06930244861942 
-189.06930244861934 
-189.06930244861934 
-189.06930244861945 
-189.06930244861923 
-189.06930244861928 
-189.0693024486192 
-189.06930244861945 
-189.0693024486195 
-189.0693024486193 
-189.06930244861934 
-189.06930244861945 
-189.06930244861957 
-189.0693024486196 
-189.06930244862008 
-189.0693024486201 
-189.0693024486199 
-189.06930244861948 
-189.06930244861965 
-189.0693024486192 
-189.06930244861923 
-189.0693024486193 
-189.06930244862403 
-189.06930244840723 
-189.06930244840626 
