2 3 0.0010570311808429515 
3 4 0.0011934785471991382 
4 5 0.0012188424382074067 
5 6 0.0012101264303111259 
6 7 0.0012067070030096058 
7 8 0.0012065749383351155 
8 9 0.0012067915128910573 
9 10 0.0012068303280597854 
10 11 0.001206818384115976 
11 12 0.0012068158499349477 
12 13 0.0012068169059859866 
13 14 0.0012068165628539018 
14 15 0.0012068162357439863 
15 16 0.001206816324584616 
16 17 0.0012068162132642438 
17 18 0.0012068162200954261 
18 19 0.001206816182667748 
19 20 0.0012068163819875443 
20 21 0.001206817256760008 
21 22 0.0012068156462369604 
22 23 0.0012068163959584846 
23 24 0.0012068159057823952 
24 25 0.0012068163429171815 
25 26 0.0012068164325528563 
26 27 0.001206816944880617 
27 28 0.001206815363918805 
28 29 0.0012068162262423006 
29 30 0.0012068163192448691 
30 31 0.0012068162932562332 
31 32 0.0012068152603954868 
32 33 0.001206815702503628 
33 34 0.0012068162881718634 
34 35 0.0012068157004602434 
35 36 0.001206816041929622 
36 37 0.0012068162264107802 
37 38 0.001206816245691006 
38 39 0.0012068162467759552 
39 40 0.0012068162272439401 
40 41 0.0012068162214524916 
41 42 0.0012068162203157967 
42 43 0.001206816219801873 
43 44 0.0012068162448843033 
44 45 0.0012068162678475426 
45 46 0.0012068162386397114 
46 47 0.001206816255308597 
47 48 0.001206816273923399 
48 49 0.001206816216185145 
49 50 0.0012068162637327426 
50 51 0.0012068160857119953 
51 52 0.0012068162105562715 
52 53 0.0012068162359559441 
53 54 0.0012068162511879473 
54 55 0.0012068162217342816 
55 56 0.0012068162281240618 
56 57 0.0012068162226127697 
57 58 0.001206816203894858 
58 59 0.0012068161997453788 
59 60 0.001206816164812446 
60 61 0.0012068161744655205 
61 62 0.0012068162768647647 
62 63 0.0012068163603223129 
63 64 0.001206816458261814 
64 65 0.0012068162444611602 
65 66 0.0012068160587300266 
66 67 0.0012068162074482872 
67 68 0.0012068162410792012 
68 69 0.0012068162274712505 
69 70 0.0012068162220045715 
70 71 0.0012068162219380086 
71 72 0.00120681622227453 
72 73 0.0012068162222882684 
73 74 0.0012068162222679771 
74 75 0.0012068162222292672 
75 76 0.001206816222174388 
76 77 0.0012068162220916238 
77 78 0.0012068162222667006 
78 79 0.0012068162220272385 
79 80 0.0012068162220776845 
80 81 0.0012068162220636254 
81 82 0.0012068162222405956 
82 83 0.0012068162221599915 
83 84 0.0012068162220051056 
84 85 0.0012068162222216628 
85 86 0.001206816222322289 
86 87 0.0012068162223183199 
87 88 0.0012068162222815231 
88 89 0.0012068162219035549 
89 90 0.0012068162221204278 
90 91 0.0012068162221830704 
91 92 0.0012068162535313074 
92 93 0.0012068162682546983 
93 94 0.001206816212631002 
94 95 0.0012068161624385976 
95 96 0.0012068162049031733 
96 97 0.0012068162156718219 
97 98 0.0012068161816620139 
98 99 0.0012068162132619713 
99 100 0.0012068162229697972 
100 101 0.0012068162232028396 
101 102 0.0012068162216093492 
102 103 0.0012068162183107019 
103 104 0.0012068162246027005 
104 105 0.0012068162634321644 
105 106 0.0012068162447579904 
106 107 0.0012068158083312448 
107 108 0.001206815468032122 
108 109 0.0012068201053044812 
109 110 0.0012068311652382276 
110 111 0.0012067909273367893 
111 112 0.0012065758648599231 
112 113 0.0012067073010489878 
113 114 0.001210126442319672 
114 115 0.0012188424099498856 
115 116 0.0011934783174183355 
116 117 0.001057031342781736 
117 118 0.0010440383840009731 
