2 -0.9793273095668127 
3 0.978696898534195 
4 -0.9784118981884695 
5 0.9784180382872857 
6 -0.9784315709140583 
7 0.9784339630685979 
8 -0.9784336413817021 
9 0.97843343355414 
10 -0.9784334273640143 
11 0.9784334378336917 
12 -0.9784334372497654 
13 0.9784334366207319 
14 -0.9784334372745598 
15 0.9784334374305166 
16 -0.9784334375152962 
17 0.9784334374221378 
18 -0.9784334374538115 
19 0.9784334375572374 
20 -0.978433437219753 
21 0.9784334342097839 
22 -0.9784334390695943 
23 0.9784334368702629 
24 -0.9784334378033807 
25 0.9784334379310143 
26 -0.9784334357692688 
27 0.978433436458999 
28 -0.9784334426387922 
29 0.9784334371827527 
30 -0.9784334355946085 
31 0.9784334358015342 
32 -0.9784334397596394 
33 0.9784334373689648 
34 -0.978433437577344 
35 0.9784334386808047 
36 -0.9784334374790126 
37 0.9784334374442895 
38 -0.978433437394785 
39 0.978433437405986 
40 -0.9784334374256297 
41 0.9784334374271957 
42 -0.9784334374313042 
43 0.9784334373733198 
44 -0.978433437413061 
45 0.9784334373854482 
46 -0.9784334374908866 
47 0.9784334373352256 
48 -0.9784334373132144 
49 0.9784334374508943 
50 -0.9784334376850943 
51 0.9784334373190983 
52 -0.9784334374420329 
53 0.9784334375169605 
54 -0.9784334374162017 
55 0.9784334374578728 
56 -0.9784334374583865 
57 0.9784334374591085 
58 -0.9784334374943222 
59 0.9784334373884351 
60 -0.9784334373315732 
61 0.9784334374133377 
62 -0.9784334371112808 
63 0.9784334374340535 
64 -0.9784334368706571 
65 0.9784334378722472 
66 -0.9784334376193059 
67 0.9784334373844255 
68 -0.9784334374006648 
69 0.9784334374249617 
70 -0.9784334374285715 
71 0.9784334374276515 
72 -0.9784334374278173 
73 0.9784334374274453 
74 -0.978433437427298 
75 0.9784334374276052 
76 -0.9784334374281325 
77 0.9784334374277364 
78 -0.9784334374272554 
79 0.9784334374280171 
80 -0.9784334374277811 
81 0.9784334374274906 
82 -0.9784334374277334 
83 0.9784334374277376 
84 -0.9784334374279035 
85 0.9784334374273861 
86 -0.9784334374273632 
87 0.9784334374275491 
88 -0.9784334374278192 
89 0.9784334374280917 
90 -0.9784334374273927 
91 0.9784334374187396 
92 -0.978433437355888 
93 0.9784334374399462 
94 -0.9784334372442607 
95 0.9784334375326739 
96 -0.9784334374334765 
97 0.9784334374987206 
98 -0.9784334374740382 
99 0.9784334374300471 
100 -0.9784334374248237 
101 0.9784334374268427 
102 -0.9784334374305612 
103 0.9784334374314568 
104 -0.9784334374014946 
105 0.9784334373591703 
106 -0.9784334376329278 
107 0.9784334384388653 
108 -0.9784334361700749 
109 0.9784334226795208 
110 -0.9784334316960221 
111 0.9784336407491713 
112 -0.9784339613042535 
113 0.9784315710307522 
114 -0.9784180377011685 
115 0.9784118988172318 
116 -0.9786968981761537 
117 0.979327309736504 
