-127.3867157574487 
-127.38671575744871 
-127.38671575744895 
-127.3867157574487 
-127.38671575744877 
-127.38671575744887 
-127.38671575744885 
-127.38671575744895 
-127.38671575744912 
-127.38671575744891 
-127.3867157574491 
-127.38671575744898 
-127.38671575744931 
-127.38671575744921 
-127.38671575744891 
-127.38671575744918 
-127.38671575744925 
-127.38671575744938 
-127.38671575745005 
-127.3867157574505 
-127.38671575745042 
-127.38671575745039 
-127.3867157574505 
-127.38671575745042 
-127.38671575745057 
-127.38671575745038 
-127.38671575745032 
-127.38671575745032 
-127.38671575745025 
-127.38671575745035 
-127.38671575745012 
-127.38671575745023 
-127.38671575745025 
-127.38671575745025 
-127.38671575745012 
-127.38671575745026 
-127.38671575745005 
-127.38671575745005 
-127.38671575745005 
-127.38671575744983 
-127.38671575744976 
-127.38671575744996 
-127.38671575744969 
-127.38671575744972 
-127.38671575744961 
-127.38671575744944 
-127.38671575744985 
-127.3867157574497 
-127.3867157574494 
-127.38671575744947 
-127.38671575744952 
-127.38671575744932 
-127.38671575744948 
-127.38671575744931 
-127.38671575744934 
-127.3867157574497 
-127.38671575744927 
-127.3867157574491 
-127.3867157574493 
-127.38671575744964 
-127.38671575744885 
-127.38671575744893 
-127.38671575744917 
-127.38671575744982 
-127.38671575744972 
-127.38671575745008 
-127.38671575745035 
-127.3867157574501 
-127.38671575745002 
-127.38671575745 
-127.38671575744998 
-127.38671575744999 
-127.38671575744986 
-127.38671575744993 
-127.38671575744988 
-127.38671575744985 
-127.38671575745006 
-127.38671575744992 
-127.38671575745002 
-127.38671575745005 
-127.38671575744996 
-127.38671575745002 
-127.38671575745005 
-127.38671575744999 
-127.38671575745002 
-127.38671575745003 
-127.38671575745005 
-127.38671575744999 
-127.38671575745008 
-127.38671575745023 
-127.38671575745022 
-127.38671575745013 
-127.38671575745016 
-127.38671575745009 
-127.38671575745013 
-127.38671575745025 
-127.38671575745039 
-127.38671575745035 
-127.38671575745043 
-127.38671575745016 
-127.38671575745033 
-127.38671575745066 
-127.38671575745046 
-127.38671575745069 
-127.38671575745077 
-127.38671575745062 
-127.38671575745069 
-127.3867157574514 
-127.38671575745084 
-127.3867157574509 
-127.38671575745093 
-127.38671575745089 
-127.38671575745073 
-127.38671575745069 
-127.3867157574507 
-127.38671575745074 
-127.38671575745077 
-127.38671575745069 
-127.38671575745067 
-127.38671575745086 
-127.38671575745089 
-127.38671575745116 
-127.3867157574513 
-127.3867157574511 
-127.3867157574508 
-127.38671575745077 
-127.38671575745073 
-127.38671575745083 
-127.38671575745065 
-127.38671575745062 
-127.38671575745077 
-127.38671575745069 
-127.38671575745056 
-127.38671575745076 
-127.38671575745084 
-127.38671575745074 
-127.38671575745039 
-127.38671575745043 
-127.38671575745036 
-127.38671575745025 
-127.38671575745042 
-127.38671575745029 
-127.38671575745028 
-127.38671575745015 
-127.38671575745033 
-127.38671575745036 
-127.38671575745035 
-127.38671575745039 
-127.38671575745025 
-127.3867157574504 
-127.3867157574504 
-127.38671575745016 
-127.38671575745035 
-127.38671575745025 
-127.3867157574503 
-127.38671575745003 
-127.3867157574498 
-127.38671575744978 
-127.38671575744985 
-127.38671575744972 
-127.38671575744995 
-127.38671575744964 
