2 0.21599704135098055 
3 0.10282990232722768 
4 0.04896482120242183 
5 0.02331644615686662 
6 0.011103056290707042 
7 0.005287168640251293 
8 0.0025176993685164426 
9 0.0011989045201401495 
10 0.0005709069420966249 
11 0.00027186045960447824 
12 0.00012945736695973986 
13 6.16463675587875e-05 
14 2.935541764492733e-05 
15 1.3978779230372496e-05 
16 6.6565792314343675e-06 
17 3.16983595644027e-06 
18 1.5095214458971107e-06 
19 7.189785017347461e-07 
20 3.427040329850861e-07 
21 1.6389210300005175e-07 
22 7.95132887310146e-08 
23 4.094932648524008e-08 
24 2.5979955409205502e-08 
25 2.597996123787638e-08 
26 4.0949303281578864e-08 
27 7.951332692268664e-08 
28 1.638920013036227e-07 
29 3.4270362042621016e-07 
30 7.189778975513761e-07 
31 1.5095204448090094e-06 
32 3.1698345448472054e-06 
33 6.656575970209744e-06 
34 1.3978774285106077e-05 
35 2.935541279086573e-05 
36 6.164635427535758e-05 
37 0.0001294573360041129 
38 0.0002718604041385686 
39 0.0005709068514868866 
40 0.0011989043935700567 
41 0.0025176992464673305 
42 0.005287168600563103 
43 0.011103056104533363 
44 0.023316441680573785 
45 0.04896481863063201 
46 0.10282989989188147 
47 0.21599703825906066 
