-124.80663541506522 
-124.80663541531973 
-124.80663548337273 
-124.8066355559212 
-124.80663563328726 
-124.80663571570132 
-124.80663580308821 
-124.8066358944613 
-124.80663599018969 
-124.80663614572227 
-124.80663630716911 
-124.80663647253382 
-124.80663663947286 
-124.80663680541694 
-124.80663696771816 
-124.80663712385999 
-124.80663727171563 
-124.80663740983816 
-124.80663753769939 
-124.80663765559218 
-124.80663776352446 
-124.80663785846144 
-124.80663793230208 
-124.80663798104112 
-124.80663801820116 
-124.80663802682663 
-124.80663802686225 
-124.80663802686225 
-124.80663802686227 
-124.80663802686236 
-124.80663802686297 
-124.80663802686239 
-124.80663802686227 
-124.80663802686277 
-124.80663802686406 
-124.80663802686745 
-124.80663802687695 
-124.8066380268977 
-124.80663802693746 
-124.80663802700572 
-124.80663802711423 
-124.8066380272766 
-124.8066380275094 
-124.80663802782834 
-124.80663802824867 
-124.80663802878337 
-124.80663802943957 
-124.80663803020866 
-124.80663803102894 
-124.8066380322257 
-124.80663803327025 
-124.80663803423451 
-124.80663803511898 
-124.8066380358851 
-124.80663803645771 
-124.80663803645787 
-124.80663810811329 
-124.80663818022279 
-124.80663825418496 
-124.8066383311388 
-124.80663841194807 
-124.80663849715589 
-124.80663858684356 
-124.80663868009499 
-124.80663877736922 
-124.80663893542585 
-124.80663909896485 
-124.80663926605105 
-124.80663943439542 
-124.80663960146707 
-124.80663976466097 
-124.80663992149647 
-124.80664006988046 
-124.80664020839816 
-124.80664033654939 
-124.8066404546513 
-124.80664056273568 
-124.80664065777178 
-124.80664073166967 
-124.80664078043598 
-124.80664081760979 
-124.80664082623638 
-124.80664082627288 
-124.80664082627244 
-124.8066408262722 
-124.80664082627241 
-124.80664082627227 
-124.80664082627233 
-124.80664082627204 
-124.80664082627226 
-124.80664082627416 
-124.80664082627776 
-124.80664082628708 
-124.8066408263083 
-124.80664082634831 
-124.80664082641673 
-124.80664082652568 
-124.80664082668967 
-124.80664082692508 
-124.80664082724844 
-124.80664082767628 
-124.80664082822396 
-124.80664082890101 
-124.80664082970192 
-124.80664083056688 
-124.8066408318506 
-124.80664083300472 
-124.80664083411976 
-124.80664083522399 
-124.8066408363227 
-124.80664083741738 
-124.80664083851136 
-124.8066408396356 
-124.80664084117126 
-124.80664084118497 
-124.80664084119283 
-124.80664084119825 
-124.80664084120225 
-124.80664084120575 
-124.80664084120875 
-124.80664084121132 
-124.80664084121301 
-124.80664084121403 
-124.80664084121474 
-124.80664084121526 
-124.80664084121551 
-124.8066408412157 
-124.80664084121562 
-124.80664084121575 
-124.80664084121587 
-124.8066408412159 
-124.80664084121605 
-124.80664084121591 
-124.80664084121592 
-124.80664084121616 
-124.80664084121625 
-124.80664084121622 
-124.80664084121645 
-124.80664084121639 
-124.80664084121668 
-124.80664084121618 
-124.80664084121624 
-124.80664084121622 
-124.80664084121629 
-124.80664084121628 
-124.80664084121665 
-124.80664084121615 
-124.8066408412162 
-124.80664084121618 
-124.80664084121611 
-124.80664084121614 
-124.80664084121626 
-124.8066408412162 
-124.80664084121615 
-124.80664084121622 
-124.80664084121632 
-124.80664084121632 
-124.80664084121624 
-124.8066408412164 
-124.80664084121622 
-124.80664084121612 
-124.80664084121598 
-124.80664084121605 
-124.80664084121618 
-124.80664084121622 
-124.80664084121635 
-124.80664084121636 
-124.80664084121626 
-124.80664084121788 
-124.80664084122036 
-124.806640841223 
-124.80664084122553 
-124.80664084122785 
-124.8066408412303 
-124.80664084123278 
-124.80664084123502 
-124.8066408412371 
-124.80664084123872 
-124.80664084123971 
-124.80664084124027 
-124.80664084124079 
-124.80664084124118 
-124.80664084124146 
-124.80664084124146 
-124.80664084124139 
-124.80664084124176 
-124.80664084124177 
-124.80664084124184 
-124.80664084124176 
-124.8066408412416 
-124.80664084124156 
-124.80664084124203 
-124.80664084124237 
-124.80664084124233 
-124.8066408412424 
-124.80664084124196 
-124.80664084124201 
