2 3 0.0005209724942339926 
3 4 2.994572902743768e-05 
4 5 1.3295774271132735e-05 
5 6 1.3899605760516203e-06 
6 7 4.0582149880500995e-07 
7 8 6.804738374452731e-08 
8 9 1.6255805932003998e-08 
9 10 3.511394776680842e-09 
10 11 8.105416118776808e-10 
11 12 1.948689445972595e-10 
12 13 4.6347795308834364e-11 
13 14 1.1640081704455902e-11 
14 15 2.8758525259674943e-12 
15 16 7.374679582822314e-13 
16 17 1.874168300938125e-13 
17 18 4.8469369392975914e-14 
18 19 1.2510955954148796e-14 
19 20 3.2222822401053093e-15 
20 21 8.457262665951327e-16 
21 22 2.2305172733605965e-16 
22 23 5.894203897999658e-17 
23 24 1.560981414727917e-17 
24 25 4.138921995141127e-18 
25 26 -4.429922858918817e-16 
26 27 -4.437999350136836e-16 
27 28 7.507821393207035e-20 
28 29 -4.440700647117192e-16 
29 30 4.359767925152945e-21 
30 31 1.0756150193429028e-21 
31 32 1.88531105820764e-22 
32 33 -4.440892098500627e-16 
33 34 0.0 
34 35 0.0 
35 36 4.440892098500625e-16 
36 37 4.440892098500625e-16 
37 38 -4.440892098500627e-16 
38 39 -4.440892098500627e-16 
39 40 -4.440892098500627e-16 
40 41 0.0 
41 42 0.0 
42 43 -4.440892098500627e-16 
43 44 -4.440892098500627e-16 
44 45 0.0 
45 46 0.0 
46 47 -4.440892098500627e-16 
47 48 0.0 
48 49 -4.440892098500627e-16 
49 50 4.440892098500625e-16 
50 51 -4.440892098500627e-16 
51 52 -4.440892098500627e-16 
52 53 0.0 
53 54 0.0 
54 55 0.0 
55 56 0.0 
56 57 0.0 
57 58 0.0 
58 59 -4.440892098500627e-16 
59 60 0.0 
60 61 4.440892098500625e-16 
61 62 -4.440892098500627e-16 
62 63 -4.440892098500627e-16 
63 64 0.0 
64 65 -4.440892098500627e-16 
65 66 4.440892098500625e-16 
66 67 0.0 
67 68 4.440892098500625e-16 
68 69 -4.440892098500627e-16 
69 70 0.0 
70 71 0.0 
71 72 0.0 
72 73 0.0 
73 74 -4.440892098500627e-16 
74 75 0.0 
75 76 -4.440892098500627e-16 
76 77 0.0 
77 78 0.0 
78 79 0.0 
79 80 6.661338147750936e-16 
80 81 -4.440892098500627e-16 
81 82 0.0 
82 83 0.0 
83 84 -4.440892098500627e-16 
84 85 0.0 
85 86 0.0 
86 87 -4.440890336028018e-16 
87 88 2.220470744873605e-16 
88 89 1.9657622299786574e-20 
89 90 1.1905241643447977e-19 
90 91 -4.3997361613595435e-16 
91 92 8.464266705291132e-18 
92 93 -4.329833001242055e-16 
93 94 1.2197988925217079e-17 
94 95 1.5157474334668532e-17 
95 96 -4.1705785894665297e-16 
96 97 7.20414846910307e-17 
97 98 2.391127108980682e-16 
98 99 1.0907274875158923e-15 
99 100 3.2603555219378688e-15 
100 101 1.2360925152423383e-14 
101 102 4.882142977704985e-14 
102 103 1.8843510934894917e-13 
103 104 7.389178509878614e-13 
104 105 2.8812005187043015e-12 
105 106 1.1670128288751273e-11 
106 107 4.647640473996584e-11 
107 108 1.954735609113643e-10 
108 109 8.12644438715444e-10 
109 110 3.5187560479946333e-09 
110 111 1.627824849326483e-08 
111 112 6.810972965333785e-08 
112 113 4.0595689691767775e-07 
113 114 1.3901286668041388e-06 
114 115 1.3295946296905377e-05 
115 116 2.9945856514530706e-05 
116 117 0.0005209725685538036 
117 118 0.0005149177453647982 
