-496.8621774895822 
-497.0104020101371 
-497.04559611785913 
-497.09834832604287 
-497.1272203597385 
-497.20232928400213 
-497.2320871786698 
-497.24334292415466 
-497.3131031529819 
-497.33566528113636 
-497.37919386530666 
-497.3946940379908 
-497.4499229876056 
-497.4639737666291 
-497.48806040502853 
-497.5249338624235 
-497.543012915287 
-497.57063555057573 
-497.58234371372265 
-497.62568453275134 
-497.63291123437665 
-497.66222195243614 
-497.68778732675133 
-497.70413572713807 
-497.71724007708866 
-497.73011522454397 
-497.7642981872711 
-497.7692908144806 
-497.7954013531174 
-497.8151445755875 
-497.8316938713503 
-497.8378207952797 
-497.85689572280563 
-497.88303438645397 
-497.8880028550997 
-497.908322652047 
-497.92456802526465 
-497.9432400125101 
-497.9467493062555 
-497.97118368469455 
-497.9921697007781 
-497.9984242257467 
-498.0116167329594 
-498.025906584068 
-498.04644645661176 
-498.04903950543263 
-498.0737388738924 
-498.09102781301016 
-498.0992728951637 
-498.10457079095187 
-498.1209719202766 
-498.13805892991195 
-498.1403566497252 
-498.1513945041748 
-498.16311372650665 
-498.1760556193425 
-498.17608476202275 
-498.17608476202497 
-498.17608476202247 
-498.17608476202327 
-498.1760847620228 
-498.1760847872175 
-498.1761425319658 
-498.17622175554226 
-498.17628848957025 
-498.17640039118044 
-498.1766066102382 
-498.17681224394204 
-498.1769918081331 
-498.1773487436067 
-498.17775181128036 
-498.17804137166667 
-498.17838870523485 
-498.1793111857136 
-498.1798644586514 
-498.1803595008246 
-498.18112147910665 
-498.182034937501 
-498.1826650637891 
-498.1833129341174 
-498.18503785031487 
-498.18613664823624 
-498.187052501559 
-498.188303531359 
-498.1902140405812 
-498.19145125930913 
-498.1926828301301 
-498.19573219091484 
-498.19772862833753 
-498.1994674156339 
-498.2014743492297 
-498.2060305615883 
-498.2086534085114 
-498.2116029272096 
-498.2176300063571 
-498.22171360210854 
-498.22545013051695 
-498.2290633885089 
-498.2395699036361 
-498.24468330335776 
-498.2514984793849 
-498.26160054619675 
-498.26850131114094 
-498.2747351447428 
-498.28073198789485 
-498.2950113120167 
-498.3013264402648 
-498.3097474241081 
-498.3176220540683 
-498.3245356073474 
-498.3293702363502 
-498.33461906662035 
-498.3420366576631 
-498.34516243312316 
-498.3480086286916 
-498.3480086286917 
-498.3614060746868 
-498.39360921463447 
-498.3988894766876 
-498.4295206069892 
-498.44878768675244 
-498.46415225780197 
-498.471604211783 
-498.4916887244946 
-498.5168688117182 
-498.52161086730916 
-498.5447929337503 
-498.5609123102234 
-498.5778548600142 
-498.5818139074462 
-498.60855511783916 
-498.6300231765321 
-498.6357622786654 
-498.65168754158645 
-498.66605988505944 
-498.6860431371129 
-498.68893624567977 
-498.71748077608 
-498.73790844664853 
-498.74560620821444 
-498.7547713601612 
-498.7700758517558 
-498.7921601015898 
-498.7950248523943 
-498.8208249045768 
-498.839083673885 
-498.84972079903594 
-498.85491968927863 
-498.87607944744195 
-498.89707977836974 
-498.90064557232586 
-498.92173462897233 
-498.93764819532646 
-498.95223236571013 
-498.95555314756245 
-498.9819956413126 
-499.000930351226 
-499.0060194471096 
-499.0201415549894 
-499.0345626123735 
-499.0524394336122 
-499.0549179085156 
-499.0813950885572 
-499.09785341548917 
-499.105087879352 
-499.110730548684 
-499.1276830617576 
-499.1436157406679 
-499.1457507186172 
-499.1573589171578 
-499.1689814835968 
-499.1811756174311 
-499.1812046168706 
-499.18120461687084 
-499.181204616869 
-499.18120461687056 
-499.18120461687084 
-499.1812046417317 
-499.18125876849894 
-499.1813358590341 
-499.1814005798523 
-499.1815059995 
-499.1817007854601 
-499.1818986824322 
-499.1820697991532 
-499.18236859982113 
-499.18274181834386 
-499.1830093181402 
-499.18333142953526 
-499.1840642598134 
-499.1845513488928 
-499.1849802636102 
-499.18553107978516 
-499.18632505535516 
-499.1868421143352 
-499.18738162547544 
-499.18837684336825 
-499.18920406206087 
-499.18981469450824 
-499.1905376905789 
-499.19183821981704 
-499.1926218321659 
-499.19332608557056 
-499.1944033302731 
-499.1954928332606 
-499.1962085673005 
-499.1970380866331 
-499.19883114925443 
-499.19983748732386 
-499.2006919428377 
-499.20187626805244 
-499.2032873109331 
-499.20413136706935 
-499.2050828903893 
-499.20722667958904 
-499.20851295587784 
-499.20957103750914 
-499.2109969661544 
-499.2129543692139 
-499.2141513753135 
-499.2153531579209 
-499.21795929722526 
-499.2198071473247 
-499.22130124708406 
-499.2232362858365 
-499.22636405796294 
-499.22842490099123 
-499.2304644330671 
-499.2348592392271 
-499.23822786228 
-499.241529052166 
-499.24571757864555 
-499.2557651857321 
-499.27233485511346 
-499.274871302391 
-499.2766036982419 
-499.27797499174386 
-499.2798177259517 
-499.28124819492484 
-499.2826806466264 
-499.2834792083648 
-499.28430463522193 
-499.2849708959772 
-499.28546680925297 
-499.286059177395 
-499.2866593616733 
-499.2871809489667 
-499.28749197364476 
-499.28794049040465 
-499.28832391968484 
-499.28866694367133 
-499.28901807686856 
-499.28958775217984 
-499.28996241115044 
-499.29033316795113 
-499.29083489642505 
-499.29129234595075 
-499.2917814540278 
-499.2922619735999 
-499.29285969104575 
-499.2932963363817 
-499.2938241263903 
-499.2944013803772 
-499.2949030564038 
-499.2954173276673 
-499.2959159860849 
-499.2964169294779 
-499.2967921062748 
-499.29725260993735 
-499.2976896353356 
-499.29804044520586 
-499.2983392459059 
-499.2986041401353 
-499.29887466670755 
-499.2990741404913 
-499.29925923879745 
-499.2993899741939 
-499.299501003075 
-499.2995786483464 
-499.2996352789611 
-499.299679946734 
-499.29971470257664 
-499.29973588610557 
-499.299745305366 
-499.29975218686866 
-499.29975537972456 
-499.2997553821034 
-499.2997553821038 
-499.2997553821041 
-499.29975538210346 
-499.2997553821031 
-499.2997553821026 
-499.2997553821039 
-499.2997553821042 
-499.2997553821031 
-499.2997553821045 
-499.2997553918719 
-499.29975541698695 
-499.2997554618965 
-499.2997555353601 
-499.2997556792714 
-499.29975589301324 
-499.29975619716805 
-499.2997565935227 
-499.299757212904 
-499.2997580977495 
-499.2997593953825 
-499.2997608950443 
-499.2997630606635 
-499.29976555756 
-499.29976840214783 
-499.29977214910764 
-499.2997774808172 
-499.299784606709 
-499.2997910504252 
-499.29979904670853 
-499.29980861894904 
-499.2998195972599 
-499.29983087645996 
-499.2998446863958 
-499.2998602064952 
-499.2998745298133 
-499.2998907632082 
-499.29990793275323 
-499.299928099578 
-499.29994629392047 
-499.299968712247 
-499.2999882147477 
-499.300007958699 
-499.30003065340236 
-499.3000522477383 
-499.3000763785532 
-499.30009581930864 
-499.30011995544686 
-499.3001413263778 
-499.3001611127776 
-499.30018036475076 
-499.3002023579454 
-499.3002231058445 
-499.3002391916138 
-499.300256754965 
-499.30027293033027 
-499.3002861816516 
-499.3002985089409 
-499.3003132736068 
-499.30032453263135 
-499.30033028171437 
-499.30033028171505 
-499.300680142889 
-499.3011477868626 
-499.30173259665753 
-499.3023235151769 
-499.3030043219028 
-499.3038933977281 
-499.3046683493155 
-499.3055820612614 
-499.3065707133493 
-499.3075343426027 
-499.3083618865911 
-499.30944151175396 
-499.31065831853795 
-499.31161973778853 
-499.3126128786053 
-499.3136859856942 
-499.31484918559386 
-499.31573300194793 
-499.3168430083451 
-499.3180152881369 
-499.31894911018276 
-499.31980969680654 
-499.3207113691661 
-499.3217271306245 
-499.32254651694046 
-499.3233810691597 
-499.3242412435365 
-499.3249998607799 
-499.32562466019954 
-499.32628713731003 
-499.32700039610836 
-499.3275994429786 
-499.3281491440609 
-499.32865844289984 
-499.3291688817355 
-499.32954324316097 
-499.3299295831193 
-499.3303108415197 
-499.3306249314693 
-499.33087340240036 
-499.3310842053452 
-499.3312975869869 
-499.33146223564995 
-499.33159965302417 
-499.33169968940234 
-499.33178783827475 
-499.3318490204904 
-499.3318920244779 
-499.33192607474956 
-499.33195466913446 
-499.33197110493484 
-499.3319786186556 
-499.33198420558807 
-499.33198689324047 
-499.33198689524266 
-499.3319868952442 
-499.33198689524505 
-499.3319868952454 
-499.33198689524204 
-499.3319868952453 
-499.33198689524545 
-499.33198689524465 
-499.3319868952435 
-499.33198689524494 
-499.33198690416464 
-499.3319869270577 
-499.33198696739026 
-499.3319870333368 
-499.331987166255 
-499.3319873567987 
-499.3319876272472 
-499.33198798354533 
-499.33198855665574 
-499.33198934201306 
-499.33199049853266 
-499.3319918598527 
-499.3319938930575 
-499.3319961379316 
-499.33199875301847 
-499.3320024873919 
-499.3320081119124 
-499.3320150690239 
-499.3320215932701 
-499.332030644188 
-499.3320406638954 
-499.3320533243421 
-499.33206723559954 
-499.33208663315395 
-499.33210821998784 
-499.3321275864708 
-499.332151470895 
-499.3321812352606 
-499.3322185054151 
-499.3322519668284 
-499.3322978316583 
-499.33234254713153 
-499.3323846132591 
-499.33242961971695 
-499.33249407156666 
-499.33256936737257 
-499.33263177597286 
-499.33270948499757 
-499.33278638852266 
-499.3328671799381 
-499.3329416175775 
-499.3330399478164 
-499.33315066597237 
-499.333240580075 
-499.33333621444956 
-499.3334381579086 
-499.333553414701 
-499.3336484443406 
-499.33376462203466 
-499.33387748271184 
-499.33398550900597 
-499.33409411932314 
-499.3342162015953 
-499.33447371719103 
-499.3345052948448 
-499.3345248228129 
-499.33453775011185 
-499.33454980695126 
-499.33455832424755 
-499.3345660650373 
-499.33457235106783 
-499.33457717193716 
-499.3345809972873 
-499.33458460019676 
-499.33458795455834 
-499.33459054926783 
-499.3345931205044 
-499.3345951005564 
-499.3345969585007 
-499.3345984362066 
-499.3345997963823 
-499.3346009670439 
-499.3346020187341 
-499.33460296053323 
-499.3346036926347 
-499.3346043899434 
-499.3346049638693 
-499.33460551972377 
-499.3346059635496 
-499.3346063618968 
-499.3346066862918 
-499.3346069724109 
-499.3346072099966 
-499.33460741098384 
-499.33460759537974 
-499.33460773805723 
-499.33460785653966 
-499.3346079481794 
-499.33460803119254 
-499.3346080915373 
-499.3346081417915 
-499.33460817707413 
-499.33460820268044 
-499.3346082217581 
-499.3346082358888 
-499.33460824713427 
-499.33460825349374 
-499.33460825794117 
-499.33460826067795 
-499.3346082624134 
-499.33460826345555 
-499.33460826406963 
-499.3346082643175 
-499.33460826438716 
-499.334608264386 
-499.3346082643864 
-499.33460826438727 
-499.33460826438636 
-499.33460826438676 
-499.3346082643869 
-499.3346082643854 
-499.33460826438693 
-499.3346082643867 
-499.33460826438596 
-499.3346082643871 
-499.3346082643864 
-499.33460826438574 
-499.334608264387 
-499.33460826439364 
-499.3346082644022 
-499.33460826441404 
-499.33460826443627 
-499.33460826446407 
-499.3346082645054 
-499.3346082645564 
-499.3346082646352 
-499.3346082647462 
-499.3346082648795 
-499.3346082650493 
-499.334608265286 
-499.33460826560156 
-499.3346082659562 
-499.334608266443 
-499.33460826707756 
-499.3346082678105 
-499.33460826864444 
-499.3346082697742 
-499.33460827124037 
-499.3346082727461 
-499.33460827460993 
-499.33460827667636 
-499.3346082793835 
-499.334608282179 
-499.33460828557645 
-499.3346082896745 
-499.33460829398047 
-499.334608298746 
-499.3346083036688 
-499.3346083101739 
-499.33460831660943 
-499.3346083236727 
-499.3346083311603 
-499.3346083400457 
-499.33460834873404 
-499.33460835822683 
-499.33460836955186 
-499.3346083803391 
-499.3346083923457 
-499.3346084042135 
-499.3346084184839 
-499.33460843080735 
-499.33460844452264 
-499.3346084589417 
-499.33460847327297 
-499.3346084879372 
-499.33460850121065 
-499.3346085145633 
-499.3346085204108 
-499.334609007582 
-499.33460965627404 
-499.33461037445585 
-499.3346110961952 
-499.334611939041 
-499.3346128222814 
-499.334613682389 
-499.3346146436683 
-499.3346156012323 
-499.3346165681245 
-499.33461745439746 
-499.3346184493414 
-499.33461944405923 
-499.33462043329916 
-499.3346213865252 
-499.3346222762105 
-499.33462319842704 
-499.3346240047148 
-499.3346248774217 
-499.33462572473996 
-499.33462652175075 
-499.33462720364327 
-499.3346278342564 
-499.3346284688684 
-499.3346289952117 
-499.3346295512586 
-499.3346300237488 
-499.334630461885 
-499.334630801882 
-499.3346311340318 
-499.3346314248885 
-499.33463167196714 
-499.3346318929626 
-499.3346320624371 
-499.33463221539967 
-499.334632326244 
-499.33463242571617 
-499.3346325030877 
-499.33463256637145 
-499.33463260942534 
-499.3346326402722 
-499.3346326640374 
-499.3346326806697 
-499.3346326937482 
-499.33463270115493 
-499.33463270628187 
-499.33463270925 
-499.3346327111568 
-499.33463271229897 
-499.3346327129481 
-499.3346327132064 
-499.33463271327867 
-499.33463271327855 
-499.3346327132791 
-499.33463271327867 
-499.33463271327975 
-499.33463271327895 
-499.3346327132781 
-499.33463271327724 
-499.3346327132783 
-499.3346327132778 
-499.3346327132787 
-499.3346327132774 
-499.3346327132773 
-499.3346327132772 
-499.3346327132788 
-499.33463271328355 
-499.3346327132919 
-499.33463271330317 
-499.33463271332334 
-499.3346327133516 
-499.33463271339315 
-499.33463271344476 
-499.3346327135237 
-499.33463271363536 
-499.33463271376985 
-499.33463271394317 
-499.3346327141871 
-499.33463271450574 
-499.33463271486795 
-499.3346327153771 
-499.33463271603904 
-499.3346327167819 
-499.33463271766504 
-499.33463271883204 
-499.33463272036573 
-499.33463272195576 
-499.33463272398933 
-499.33463272629064 
-499.3346327291597 
-499.3346327321573 
-499.3346327359146 
-499.3346327405055 
-499.3346327450344 
-499.33463275049394 
-499.33463275621966 
-499.3346327634492 
-499.3346327705646 
-499.3346327789866 
-499.33463278790657 
-499.33463279756836 
-499.334632807465 
-499.33463281851726 
-499.3346328314475 
-499.3346328435466 
-499.334632856966 
-499.3346328701771 
-499.3346328856793 
-499.3346328997665 
-499.3346329155041 
-499.33463293187725 
-499.33463294813004 
-499.3346329646293 
-499.33463298126406 
-499.334632999997 
-499.33463301650056 
-499.33463303442096 
-499.33463305122274 
-499.33463306069024 
-499.33463306582416 
-499.33463306939313 
-499.33463307192477 
-499.33463307375865 
-499.33463307507503 
-499.3346330755166 
-499.3346330766904 
-499.33463307667705 
-499.3346330773356 
-499.33463307736315 
-499.3346330776774 
-499.3346330773945 
-499.3346330772142 
-499.3346330773033 
-499.3346330768207 
-499.3346330766803 
-499.3346330761946 
-499.3346330761072 
-499.3346330754097 
-499.3346330751558 
-499.33463307479013 
-499.3346330743583 
-499.3346330738821 
-499.33463307339997 
-499.3346330731417 
-499.3346330725783 
-499.334633072263 
-499.33463307186514 
-499.33463307159207 
-499.3346330711859 
-499.3346330708619 
-499.3346330706275 
-499.3346330703537 
-499.33463307011976 
-499.3346330698991 
-499.33463306975375 
-499.3346330695716 
-499.3346330694384 
-499.3346330693357 
-499.3346330692497 
-499.33463306917093 
-499.33463306911113 
-499.3346330690731 
-499.3346330690392 
-499.33463306901547 
-499.3346330689969 
-499.3346330689873 
-499.3346330689765 
-499.3346330689728 
-499.33463306897164 
-499.3346330689725 
-499.33463306897215 
-499.33463306897266 
-499.33463306897295 
-499.3346330689713 
-499.3346330689712 
-499.3346330689717 
-499.33463306897335 
-499.3346330689736 
-499.33463306897266 
-499.33463306897266 
-499.3346330689717 
-499.3346330689731 
-499.33463306897704 
-499.33463306898653 
-499.33463306899785 
-499.33463306901564 
-499.33463306903906 
-499.3346330690725 
-499.33463306911074 
-499.33463306917025 
-499.3346330692481 
-499.3346330693337 
-499.3346330694367 
-499.3346330695718 
-499.3346330697549 
-499.3346330699018 
-499.3346330701249 
-499.3346330703658 
-499.33463307064784 
-499.3346330708912 
-499.3346330712268 
-499.3346330716529 
-499.3346330719549 
-499.33463307237685 
-499.3346330727291 
-499.3346330733516 
-499.33463307367197 
-499.3346330742116 
-499.3346330747876 
-499.3346330753435 
-499.3346330758087 
-499.3346330761768 
-499.33463307707024 
-499.33463307737446 
-499.3346330780229 
-499.33463307841805 
-499.3346330792349 
-499.33463307947204 
-499.3346330799732 
-499.33463308075255 
-499.33463308102245 
-499.3346330815277 
-499.3346330815411 
-499.334633082428 
-499.3346330823123 
-499.3346330828619 
-499.334633083149 
-499.33463308349496 
-499.3346330834811 
-499.3346330833478 
-499.3346330839686 
-499.33463308369693 
-499.33463308410046 
-499.3346330840014 
-499.33463308466065 
-499.3346330844378 
-499.33463308484926 
-499.3346330852191 
-499.33463308531424 
-499.3346330854278 
-499.33463308511165 
-499.3346330856408 
-499.3346330851302 
-499.33463308544634 
-499.3346330852345 
-499.3346330853225 
-499.33463308488865 
-499.3346330846315 
-499.3346330846701 
-499.3346330841124 
-499.33463308394124 
-499.3346330834443 
-499.3346330833464 
-499.3346330826379 
-499.3346330823909 
-499.33463308203505 
-499.3346330815955 
-499.3346330811216 
-499.33463308064364 
-499.3346330803893 
-499.334633079826 
-499.3346330795149 
-499.3346330791194 
-499.334633078846 
-499.3346330784407 
-499.33463307811735 
-499.3346330778844 
-499.33463307760917 
-499.3346330773764 
-499.33463307715476 
-499.33463307700924 
-499.33463307682814 
-499.33463307669365 
-499.33463307659207 
-499.3346330765065 
-499.334633076427 
-499.3346330763659 
-499.3346330763291 
-499.33463307629364 
-499.3346330762697 
-499.3346330762518 
-499.3346330762412 
-499.3346330762342 
-499.33463307622844 
-499.33463307622657 
-499.33463307622657 
-499.334633076226 
-499.3346330762264 
-499.3346330762261 
-499.33463307622617 
-499.33463307622594 
-499.33463307622674 
-499.3346330762273 
-499.33463307622725 
-499.3346330762276 
-499.33463307622714 
-499.3346330762279 
-499.3346330762292 
-499.33463307623447 
-499.33463307624163 
-499.33463307625306 
-499.3346330762708 
-499.33463307629444 
-499.3346330763291 
-499.3346330763658 
-499.33463307642677 
-499.33463307650555 
-499.3346330765908 
-499.33463307669246 
-499.3346330768282 
-499.3346330770095 
-499.3346330771573 
-499.33463307738043 
-499.3346330776208 
-499.33463307790146 
-499.3346330781437 
-499.3346330784784 
-499.3346330789053 
-499.33463307920795 
-499.3346330796302 
-499.3346330799832 
-499.334633080606 
-499.334633080926 
-499.33463308146617 
-499.3346330820435 
-499.33463308259843 
-499.3346330830637 
-499.33463308343454 
-499.33463308432954 
-499.33463308463615 
-499.3346330852851 
-499.3346330856885 
-499.33463308650613 
-499.33463308674783 
-499.33463308725464 
-499.3346330880422 
-499.33463308831824 
-499.33463308882733 
-499.33463308886303 
-499.33463308975035 
-499.3346330896495 
-499.3346330902053 
-499.33463309051365 
-499.33463309086045 
-499.3346330908475 
-499.3346330907483 
-499.33463309132674 
-499.33463309100995 
-499.33463309120117 
-499.33463309095976 
-499.33463309123914 
-499.3346330906338 
-499.33463309065877 
-499.33463309064166 
-499.33463309025933 
-499.3346330899071 
-499.3346330892997 
-499.33463308935455 
-499.3346330884379 
-499.33463308833575 
-499.33463308779517 
-499.33463308748776 
-499.3346330866656 
-499.3346330861072 
-499.3346330858372 
-499.3346330849923 
-499.3346330845535 
-499.33463308387 
-499.3346330835394 
-499.3346330826183 
-499.33463308221974 
-499.33463308173503 
-499.33463308115944 
-499.3346330805654 
-499.334633080006 
-499.33463307967344 
-499.334633079038 
-499.33463307867504 
-499.33463307824326 
-499.33463307793403 
-499.33463307750156 
-499.3346330771594 
-499.33463307691125 
-499.3346330766264 
-499.33463307638357 
-499.33463307615756 
-499.33463307600846 
-499.33463307582446 
-499.33463307569014 
-499.33463307558617 
-499.3346330754985 
-499.33463307542 
-499.33463307535993 
-499.33463307532156 
-499.3346330752872 
-499.33463307526296 
-499.33463307524624 
-499.33463307523454 
-499.33463307522584 
-499.3346330752206 
-499.33463307521924 
-499.33463307521964 
-499.3346330752195 
-499.3346330752198 
-499.33463307522067 
-499.3346330752209 
-499.33463307522055 
-499.33463307522027 
-499.3346330752208 
-499.3346330752199 
-499.3346330752188 
-499.33463307521964 
-499.334633075219 
-499.3346330752201 
-499.3346330752246 
-499.3346330752337 
-499.334633075245 
-499.33463307526233 
-499.3346330752866 
-499.334633075321 
-499.3346330753585 
-499.3346330754187 
-499.33463307549874 
-499.33463307558577 
-499.3346330756892 
-499.33463307582326 
-499.3346330760079 
-499.33463307615574 
-499.33463307638164 
-499.33463307662447 
-499.3346330769088 
-499.3346330771561 
-499.3346330774969 
-499.33463307792783 
-499.3346330782349 
-499.3346330786643 
-499.33463307902406 
-499.33463307965775 
-499.3346330799862 
-499.33463308054155 
-499.3346330811307 
-499.334633081701 
-499.334633082178 
-499.33463308257114 
-499.3346330834849 
-499.33463308380556 
-499.3346330844739 
-499.334633084901 
-499.3346330857351 
-499.33463308599073 
-499.33463308653296 
-499.3346330873386 
-499.3346330876323 
-499.33463308815004 
-499.3346330882311 
-499.3346330891225 
-499.33463308905084 
-499.33463308961785 
-499.3346330899488 
-499.3346330903047 
-499.3346330902927 
-499.33463309022943 
-499.33463309080577 
-499.3346330905066 
-499.3346330906914 
-499.3346330904697 
-499.33463309074284 
-499.33463309014405 
-499.3346330901737 
-499.3346330901615 
-499.334633089784 
-499.3346330894327 
-499.3346330888314 
-499.3346330888871 
-499.3346330879748 
-499.33463308787304 
-499.3346330873358 
-499.33463308702943 
-499.3346330862088 
-499.33463308565166 
-499.3346330853838 
-499.3346330845398 
-499.3346330841006 
-499.3346330834174 
-499.33463308308706 
-499.3346330821669 
-499.3346330817686 
-499.3346330812845 
-499.3346330807104 
-499.3346330801144 
-499.334633079555 
-499.3346330792226 
-499.33463307858676 
-499.3346330782234 
-499.33463307779164 
-499.3346330774832 
-499.3346330770499 
-499.3346330767071 
-499.3346330764599 
-499.33463307617507 
-499.3346330759328 
-499.3346330757074 
-499.3346330755586 
-499.334633075375 
-499.33463307523886 
-499.3346330751359 
-499.33463307504957 
-499.3346330749705 
-499.3346330749111 
-499.3346330748727 
-499.3346330748384 
-499.33463307481463 
-499.3346330747967 
-499.3346330747864 
-499.33463307477876 
-499.334633074773 
-499.3346330747724 
-499.3346330747716 
-499.33463307477336 
-499.3346330747732 
-499.3346330747737 
-499.33463307477473 
-499.33463307477064 
