2 3 0.044049809360296954 
3 4 0.05945510840559384 
4 5 0.07071480448707004 
5 6 0.07862891338554837 
6 7 0.08423782115531256 
7 8 0.08824962727227195 
8 9 0.09115908099380683 
9 10 0.09329959763501505 
10 11 0.09489585413047591 
11 12 0.09610085264503107 
12 13 0.09702021302772187 
13 14 0.0977280700319729 
14 15 0.09827733817882234 
15 16 0.09870638861734393 
16 17 0.0990434490500758 
17 18 0.09930955031898542 
18 19 0.09952053539291936 
19 20 0.09968845444657065 
20 21 0.09982254422459264 
21 22 0.09992994309363543 
22 23 0.1000161985233291 
23 24 0.10008564272759728 
24 25 0.1001416764998442 
25 26 0.10018698149499099 
26 27 0.10022368055337404 
27 28 0.10025345990499585 
28 29 0.10027766311108872 
29 30 0.10029736372290829 
30 31 0.10031342176426959 
31 32 0.10032652784009423 
32 33 0.10033723772655477 
33 34 0.10034599960133017 
34 35 0.10035317555480838 
35 36 0.10035905863835272 
36 37 0.10036388641523909 
37 38 0.10036785176070032 
38 39 0.1003711114912246 
39 40 0.10037379327615577 
40 41 0.10037600118280364 
41 42 0.10037782013781128 
42 43 0.10037931952039197 
43 44 0.10038055606294889 
44 45 0.1003815761947734 
45 46 0.10038241793927709 
46 47 0.10038311245157205 
47 48 0.10038368526597463 
48 49 0.10038415730885926 
49 50 0.10038454572113889 
50 51 0.10038486452656561 
51 52 0.10038512517412278 
52 53 0.10038533697741579 
53 54 0.10038550746986599 
54 55 0.1003856426900136 
55 56 0.1003857474091137 
56 57 0.10038582530976296 
57 58 0.1003858791234921 
58 59 0.10038591073219331 
59 60 0.10038592123772572 
60 61 0.10038591100309346 
61 62 0.10038587966536966 
62 63 0.10038582612325986 
63 64 0.10038574849553131 
64 65 0.10038564406165817 
65 66 0.10038550906378013 
66 67 0.10038533909262119 
67 68 0.10038512771111108 
68 69 0.10038486694196805 
69 70 0.10038454801078464 
70 71 0.10038415965874835 
71 72 0.1003836878637706 
72 73 0.1003831154005084 
73 74 0.10038242131574801 
74 75 0.10038157998329614 
75 76 0.10038056019546354 
76 77 0.10037932383118489 
77 78 0.10037782460006901 
78 79 0.10037600567219185 
79 80 0.10037379755686618 
80 81 0.10037111538996832 
81 82 0.10036785503316066 
82 83 0.10036388908751114 
83 84 0.10035906082919108 
84 85 0.10035317688906553 
85 86 0.10034599966866253 
86 87 0.10033723631568008 
87 88 0.10032652501286715 
88 89 0.10031341764914238 
89 90 0.10029735864216031 
90 91 0.10027765740226009 
91 92 0.10025345397947658 
92 93 0.10022367496565479 
93 94 0.10018697687601577 
94 95 0.10014167347863848 
95 96 0.10008564167760198 
96 97 0.10001619912560208 
97 98 0.09992994391005669 
98 99 0.09982254306126043 
99 100 0.09968845116267895 
100 101 0.0995205323739158 
101 102 0.09930954713762186 
102 103 0.09904344639433102 
103 104 0.09870638735980475 
104 105 0.09827733931073411 
105 106 0.0977280746022088 
106 107 0.09702022160217462 
107 108 0.0961008638141236 
108 109 0.09489586247940936 
109 110 0.09329959486166563 
110 111 0.09115907182782007 
111 112 0.08824963711784437 
112 113 0.0842378357135396 
113 114 0.0786289477013856 
114 115 0.07071482078633991 
115 116 0.059455118436248504 
116 117 0.04404981277659289 
117 118 0.02474372922187558 
