2 3 0.058125217270068294 
3 4 0.0816647306858847 
4 5 0.1013251240127748 
5 6 0.11760357490698961 
6 7 0.13136013849687395 
7 8 0.14318972457817972 
8 9 0.15352757805695896 
9 10 0.1626857889491162 
10 11 0.17089091374186238 
11 12 0.17831095755779003 
12 13 0.18507306116637035 
13 14 0.1912754065700545 
14 15 0.19699522976425232 
15 16 0.2022943136408064 
16 17 0.20722282050947766 
17 18 0.2118220167847885 
18 19 0.21612624907051836 
19 20 0.22016440153999023 
20 21 0.2239609901144606 
21 22 0.22753699461891222 
22 23 0.23091050238158786 
23 24 0.23409721118853755 
24 25 0.23711082723955598 
25 26 0.23996338322687427 
26 27 0.24266549505341029 
27 28 0.2452265708316734 
28 29 0.24765498240364392 
29 30 0.24995820715332262 
30 31 0.2521429460654603 
31 32 0.2542152226327578 
32 33 0.2561804662064019 
33 34 0.25804358261901783 
34 35 0.25980901432532505 
35 36 0.2614807918553419 
36 37 0.26306257802466815 
37 38 0.26455770607212603 
38 39 0.26596921267908746 
39 40 0.26729986665244193 
40 41 0.26855219391524415 
41 42 0.2697284993388497 
42 43 0.27083088585696413 
43 44 0.271861271242518 
44 45 0.27282140284175116 
45 46 0.27371287054151056 
46 47 0.2745371181832775 
47 48 0.2752954536143355 
48 49 0.27598905753097913 
49 50 0.276618991249639 
50 51 0.2771862035213511 
51 52 0.2776915364849715 
52 53 0.27813573084370447 
53 54 0.27851943033149906 
54 55 0.2788431855347489 
55 56 0.27910745710908985 
56 57 0.279312618438222 
57 58 0.2794589577677571 
58 59 0.2795466798385172 
59 60 0.27957590703937896 
60 61 0.27954668009269257 
61 62 0.27945895828235945 
62 63 0.2793126192258907 
63 64 0.27910745818835164 
64 65 0.27884318693002685 
65 66 0.27851943207324487 
66 67 0.2781357329693646 
67 68 0.27769153903944654 
68 69 0.27718620655570253 
69 70 0.2766189948226202 
70 71 0.2759890617093095 
71 72 0.27529545847340464 
72 73 0.274537123807305 
73 74 0.2737128770243708 
74 75 0.27282141028708917 
75 76 0.27186127976371044 
76 77 0.27083089557895934 
77 78 0.2697285103989439 
78 79 0.26855220646596 
79 80 0.2672998808598644 
80 81 0.2659692287267662 
81 82 0.26455772416230117 
82 83 0.2630625983812093 
83 84 0.26148081472699053 
84 85 0.25980903998993615 
85 86 0.2580436113893376 
86 87 0.2561804984367345 
87 88 0.25421525872815776 
88 89 0.25214298649198413 
89 90 0.2499582524524538 
90 91 0.24765503320789578 
91 92 0.2452266278842999 
92 93 0.24266555922828675 
93 94 0.2399634555556807 
94 95 0.23711090893950906 
95 96 0.2340973036930595 
96 97 0.23091060739043262 
97 98 0.22753711416400532 
98 99 0.2239611266084882 
99 100 0.22016455784233696 
100 101 0.21612642843562618 
101 102 0.21182222311334586 
102 103 0.20722305772601332 
103 104 0.20229458551532487 
104 105 0.19699553922243823 
105 106 0.19127575523904575 
106 107 0.18507344783031227 
107 108 0.178311376471558 
108 109 0.170891353291603 
109 110 0.16268622077366113 
110 111 0.15352794338138853 
111 112 0.14318991552722926 
112 113 0.1313600443356429 
113 114 0.11760341534260314 
114 115 0.10132502464587416 
115 116 0.08166467884565912 
116 117 0.058125195984247105 
117 118 0.03111434976473229 
