-193.57092162037523 
-193.5709216203754 
-193.57092162038384 
-193.57092162039248 
-193.57092162040126 
-193.57092162041016 
-193.57092162041891 
-193.57092162042773 
-193.57092162043668 
-193.57092162044577 
-193.57092162045518 
-193.57092162046325 
-193.57092162047235 
-193.57092162048124 
-193.57092162049017 
-193.5709216204994 
-193.57092162050822 
-193.57092162051717 
-193.570921620526 
-193.57092162053468 
-193.5709216205435 
-193.5709216205523 
-193.57092162056097 
-193.5709216205697 
-193.57092162057864 
-193.57092162058726 
-193.57092162059618 
-193.57092162060493 
-193.5709216206139 
-193.57092162062233 
-193.5709216206308 
-193.57092162063938 
-193.5709216206478 
-193.57092162065595 
-193.5709216206645 
-193.5709216206727 
-193.57092162068048 
-193.5709216206878 
-193.570921620696 
-193.57092162070285 
-193.57092162070975 
-193.57092162071635 
-193.57092162072308 
-193.5709216207294 
-193.57092162073533 
-193.57092162074142 
-193.57092162074642 
-193.57092162075156 
-193.5709216207555 
-193.57092162075924 
-193.57092162079448 
-193.57092162082276 
-193.57092162084183 
-193.57092162085115 
-193.5709216208535 
-193.57092162085365 
-193.5709216208534 
-193.5709216208534 
-193.57092162085326 
-193.57092162085374 
-193.5709216208549 
-193.57092162085323 
-193.5709216208535 
-193.57092162085365 
-193.57092162085354 
-193.57092162085394 
-193.5709216208539 
-193.5709216208544 
-193.57092162085414 
-193.57092162085425 
-193.5709216208544 
-193.57092162085445 
-193.57092162085436 
-193.57092162085436 
-193.5709216208543 
-193.57092162085422 
-193.57092162085422 
-193.5709216208543 
-193.570921620854 
-193.5709216208542 
-193.5709216208545 
-193.57092162085445 
-193.5709216208544 
-193.57092162085416 
-193.57092162085442 
-193.5709216208544 
-193.5709216208542 
-193.57092162085442 
-193.57092162085436 
-193.5709216208545 
-193.57092162085425 
-193.5709216208544 
-193.57092162085428 
-193.5709216208544 
-193.5709216208544 
-193.57092162085434 
-193.57092162085453 
-193.5709216208546 
-193.57092162085445 
-193.57092162085456 
-193.57092162085462 
-193.57092162085453 
-193.5709216208545 
-193.57092162085448 
-193.57092162085456 
-193.57092162085456 
-193.5709216208549 
-193.5709216208551 
-193.57092162085502 
-193.57092162085527 
-193.57092162085527 
-193.57092162085553 
-193.5709216208555 
-193.57092162085567 
-193.57092162085578 
-193.5709216208556 
-193.57092162086457 
-193.5709216208735 
-193.57092162088256 
-193.57092162089114 
-193.5709216209002 
-193.57092162090933 
-193.5709216209185 
-193.5709216209273 
-193.57092162093625 
-193.57092162094526 
-193.57092162095438 
-193.57092162096345 
-193.57092162097211 
-193.5709216209809 
-193.57092162098985 
-193.5709216209989 
-193.5709216210076 
-193.57092162101654 
-193.57092162102538 
-193.5709216210342 
-193.57092162104314 
-193.57092162105204 
-193.57092162106093 
-193.5709216210698 
-193.5709216210785 
-193.57092162108722 
-193.57092162109572 
-193.57092162110436 
-193.57092162111275 
-193.570921621121 
-193.5709216211295 
-193.57092162113815 
-193.57092162114654 
-193.57092162115472 
-193.57092162116317 
-193.57092162117152 
-193.57092162117905 
-193.5709216211867 
-193.5709216211942 
-193.57092162120162 
-193.57092162120867 
-193.57092162121532 
-193.57092162122194 
-193.57092162122808 
-193.57092162123408 
-193.57092162124042 
-193.57092162124502 
-193.57092162124982 
-193.57092162125426 
-193.57092162125784 
-193.57092162129305 
-193.5709216213215 
-193.57092162134055 
-193.57092162134984 
-193.57092162135177 
-193.57092162135206 
-193.57092162135243 
-193.57092162135177 
-193.57092162135172 
-193.57092162135172 
-193.57092162135214 
-193.57092162135223 
-193.57092162135206 
-193.570921621352 
-193.57092162135197 
-193.57092162135234 
-193.57092162135217 
-193.57092162135248 
-193.57092162135234 
-193.5709216213524 
-193.57092162135257 
-193.5709216213525 
-193.57092162135262 
-193.57092162135288 
-193.57092162135294 
-193.57092162135308 
-193.57092162135294 
-193.57092162135322 
-193.57092162135314 
-193.57092162135328 
-193.57092162135362 
-193.57092162135353 
-193.5709216213533 
-193.57092162135325 
-193.57092162135356 
-193.5709216213536 
-193.57092162135336 
-193.57092162135342 
-193.57092162135373 
-193.57092162135336 
-193.57092162135353 
-193.57092162135334 
-193.57092162135396 
-193.5709216213536 
-193.57092162135348 
-193.57092162135345 
-193.57092162135348 
-193.57092162135328 
-193.57092162135322 
-193.57092162135325 
-193.5709216213531 
-193.5709216213532 
-193.57092162135322 
-193.5709216213533 
-193.57092162135345 
-193.5709216213536 
-193.5709216213532 
-193.57092162135297 
-193.57092162135274 
-193.57092162135265 
-193.5709216213526 
-193.5709216213525 
-193.5709216213525 
-193.57092162135265 
-193.57092162135245 
-193.5709216213527 
-193.57092162135257 
-193.5709216213525 
-193.5709216213523 
-193.57092162135234 
-193.57092162135223 
-193.5709216213521 
-193.57092162135197 
-193.57092162135226 
-193.57092162135194 
-193.57092162135203 
-193.57092162135143 
-193.57092162135143 
-193.57092162135123 
-193.570921621351 
-193.57092162135112 
-193.57092162135106 
-193.57092162135132 
-193.57092162135146 
-193.57092162135143 
-193.57092162135154 
-193.5709216213515 
-193.57092162135118 
-193.57092162135146 
-193.57092162135152 
-193.5709216213514 
-193.5709216213515 
-193.57092162135126 
-193.5709216213513 
-193.57092162135098 
-193.5709216213508 
-193.5709216213508 
-193.57092162135098 
-193.57092162135115 
-193.57092162135098 
-193.57092162135112 
-193.57092162135103 
-193.5709216213512 
-193.57092162135115 
-193.5709216213511 
-193.57092162135135 
-193.57092162135146 
-193.57092162135166 
-193.57092162135183 
-193.57092162135177 
-193.57092162135206 
-193.57092162135214 
-193.570921621352 
-193.57092162135183 
-193.57092162135157 
-193.57092162135157 
-193.57092162135157 
-193.57092162135126 
-193.57092162135106 
-193.57092162135112 
-193.57092162135115 
-193.57092162135103 
-193.57092162135095 
-193.57092162135078 
-193.57092162135086 
-193.5709216213508 
-193.57092162135098 
-193.57092162135103 
-193.57092162135112 
-193.57092162135098 
-193.57092162135112 
-193.57092162135098 
-193.57092162135126 
-193.57092162135118 
-193.57092162135118 
-193.57092162135143 
-193.57092162135174 
-193.57092162135194 
-193.570921621352 
-193.57092162135206 
-193.570921621352 
-193.570921621352 
-193.57092162135166 
-193.5709216213514 
-193.57092162135132 
-193.5709216213513 
-193.57092162135137 
-193.57092162135103 
-193.57092162135118 
-193.57092162135092 
-193.57092162135115 
-193.57092162135092 
-193.57092162135112 
-193.5709216213509 
-193.57092162135098 
-193.57092162135132 
-193.5709216213513 
-193.57092162135166 
-193.57092162135186 
-193.5709216213515 
-193.5709216213514 
-193.57092162135152 
-193.57092162135163 
-193.57092162135166 
-193.57092162135166 
-193.57092162135163 
-193.57092162135154 
-193.57092162135143 
-193.5709216213514 
-193.5709216213513 
-193.57092162135163 
-193.57092162135177 
-193.57092162135186 
-193.57092162135237 
-193.57092162135268 
-193.57092162135274 
-193.57092162135297 
-193.57092162135297 
-193.5709216213529 
-193.57092162135282 
-193.57092162135325 
-193.57092162135342 
-193.5709216213535 
-193.57092162135362 
-193.57092162135334 
-193.57092162135388 
-193.57092162135393 
-193.57092162135376 
-193.5709216213537 
-193.57092162135348 
-193.57092162135368 
-193.5709216213538 
-193.57092162135407 
-193.57092162135388 
-193.570921621354 
-193.57092162135413 
-193.5709216213539 
-193.57092162135368 
-193.57092162135368 
-193.57092162135362 
-193.57092162135368 
-193.57092162135365 
-193.57092162135376 
-193.5709216213539 
-193.57092162135422 
-193.57092162135424 
-193.57092162135422 
-193.57092162135436 
-193.57092162135427 
-193.5709216213542 
-193.57092162135467 
-193.57092162135444 
-193.57092162135433 
-193.57092162135436 
-193.5709216213545 
-193.5709216213544 
-193.57092162135447 
-193.57092162135447 
-193.57092162135473 
-193.57092162135461 
-193.57092162135464 
-193.5709216213545 
-193.57092162135427 
-193.5709216213543 
-193.57092162135436 
-193.5709216213541 
-193.57092162135413 
-193.5709216213543 
-193.57092162135402 
-193.57092162135376 
-193.57092162135382 
-193.57092162135385 
-193.57092162135365 
-193.57092162135353 
-193.5709216213535 
-193.5709216213536 
-193.57092162135316 
-193.5709216213533 
-193.5709216213531 
-193.57092162135345 
-193.5709216213531 
