2 -0.9998041832744164 
3 0.9997999218093389 
4 -0.9997998562189345 
5 0.9997998598428545 
6 -0.9997998598441762 
7 0.999799859842106 
8 -0.9997998598419408 
9 0.9997998598419467 
10 -0.9997998598418241 
11 0.9997998598419445 
12 -0.9997998598419985 
13 0.9997998598419433 
14 -0.999799859841944 
15 0.9997998598419429 
16 -0.9997998598419361 
17 0.9997998598419416 
18 -0.9997998598419434 
19 0.9997998598419554 
20 -0.999799859841943 
21 0.9997998598419441 
22 -0.9997998598419446 
23 0.9997998598419429 
24 -0.9997998598419372 
25 0.9997998598419436 
26 -0.9997998598419818 
27 0.9997998598419451 
28 -0.9997998598419439 
29 0.9997998598419868 
30 -0.9997998598419384 
31 0.9997998598419028 
32 -0.9997998598419209 
33 0.9997998598419453 
34 -0.9997998598419422 
35 0.9997998598419442 
36 -0.9997998598419426 
37 0.9997998598419285 
38 -0.9997998598419456 
39 0.9997998598419312 
40 -0.999799859841916 
41 0.9997998598419376 
42 -0.9997998598419411 
43 0.999799859841943 
44 -0.9997998598419442 
45 0.9997998598419304 
46 -0.9997998598419452 
47 0.9997998598419436 
48 -0.9997998598419587 
49 0.9997998598419425 
50 -0.9997998598419796 
51 0.999799859841909 
52 -0.9997998598419331 
53 0.9997998598419601 
54 -0.9997998598419456 
55 0.9997998598419465 
56 -0.9997998598418866 
57 0.9997998598419333 
58 -0.9997998598420225 
59 0.9997998598419411 
60 -0.9997998598419456 
61 0.9997998598419396 
62 -0.9997998598419341 
63 0.9997998598419434 
64 -0.9997998598419455 
65 0.9997998598419465 
66 -0.9997998598419985 
67 0.999799859841935 
68 -0.9997998598419415 
69 0.9997998598419078 
70 -0.9997998598419447 
71 0.9997998598419487 
72 -0.9997998598418781 
73 0.9997998598419323 
74 -0.9997998598419433 
75 0.9997998598419437 
76 -0.9997998598419341 
77 0.999799859841832 
78 -0.9997998598419433 
79 0.9997998598418407 
80 -0.9997998598419436 
81 0.999799859841941 
82 -0.9997998598415918 
83 0.9997998598419358 
84 -0.9997998598419437 
85 0.9997998598419636 
86 -0.9997998598419435 
87 0.9997998598419474 
88 -0.9997998598420295 
89 0.9997998598419426 
90 -0.9997998598417248 
91 0.9997998598419432 
92 -0.9997998598419431 
93 0.9997998598419435 
94 -0.9997998598419406 
95 0.9997998598419428 
96 -0.9997998598419441 
97 0.9997998598419431 
98 -0.9997998598419352 
99 0.9997998598419707 
100 -0.99979985984194 
101 0.9997998598419414 
102 -0.9997998598419652 
103 0.9997998598419443 
104 -0.9997998598419614 
105 0.9997998598419315 
106 -0.9997998598419444 
107 0.9997998598419423 
108 -0.9997998598419121 
109 0.9997998598419398 
110 -0.9997998598419409 
111 0.9997998598420981 
112 -0.9997998598419416 
113 0.9997998598419429 
114 -0.999799859841943 
115 0.9997998598419431 
116 -0.9997998598419251 
117 0.9997998598419456 
118 -0.9997998598418466 
119 0.9997998598419465 
120 -0.9997998598418258 
121 0.9997998598419429 
122 -0.9997998598419437 
123 0.9997998598419435 
124 -0.9997998598418993 
125 0.9997998598419424 
126 -0.9997998598419439 
127 0.9997998598419435 
128 -0.9997998598419454 
129 0.9997998598419408 
130 -0.9997998598419345 
131 0.9997998598419423 
132 -0.9997998598419428 
133 0.9997998598419394 
134 -0.9997998598419421 
135 0.9997998598419441 
136 -0.9997998598419737 
137 0.9997998598419356 
138 -0.9997998598418907 
139 0.9997998598419365 
140 -0.9997998598419423 
141 0.9997998598419445 
142 -0.9997998598418893 
143 0.9997998598419625 
144 -0.9997998598433947 
145 0.9997998598419493 
146 -0.9997998598419419 
147 0.9997998598419231 
148 -0.9997998598419451 
149 0.9997998598419431 
150 -0.9997998598419588 
151 0.9997998598419624 
152 -0.9997998598419435 
153 0.9997998598419524 
154 -0.9997998598419389 
155 0.9997998598419426 
156 -0.9997998598419512 
157 0.9997998598419319 
158 -0.9997998598419404 
159 0.9997998598419433 
160 -0.9997998598419672 
161 0.9997998598419442 
162 -0.9997998598419295 
163 0.9997998598419371 
164 -0.9997998598419697 
165 0.9997998598419312 
166 -0.9997998598419752 
167 0.9997998598419119 
168 -0.9997998598417376 
169 0.9997998598419447 
170 -0.999799859841933 
171 0.9997998598419453 
172 -0.9997998598419603 
173 0.9997998598419637 
174 -0.9997998598420323 
175 0.9997998598419439 
176 -0.9997998598419335 
177 0.9997998598419471 
178 -0.9997998598419431 
179 0.9997998598419274 
180 -0.999799859841944 
181 0.999799859841936 
182 -0.9997998598419433 
183 0.9997998598419452 
184 -0.9997998598419583 
185 0.9997998598419539 
186 -0.9997998598419188 
187 0.9997998598419439 
188 -0.9997998598419398 
189 0.9997998598419315 
190 -0.9997998598418316 
191 0.999799859841916 
192 -0.9997998598421021 
193 0.9997998598449191 
194 -0.9997998597097651 
195 0.999799856208624 
196 -0.999799921837824 
197 0.9998041832812463 
