2 -0.12293103774812653 
3 -0.12550126984664778 
4 -0.12605392502514226 
5 -0.12601762301073957 
6 -0.126003449103158 
7 -0.12600316639197548 
8 -0.12600351909283233 
9 -0.12600354826756427 
10 -0.12600353917480428 
11 -0.12600353795457817 
12 -0.12600353824537616 
13 -0.12600353829072797 
14 -0.1260035382809611 
15 -0.1260035382799414 
16 -0.12600353828041272 
17 -0.12600353828042188 
18 -0.12600353828039235 
19 -0.12600353828044347 
20 -0.1260035382803518 
21 -0.12600353828032446 
22 -0.12600353828234206 
23 -0.12600353827067265 
24 -0.12600353827696167 
25 -0.12600353827073257 
26 -0.1260035382102911 
27 -0.12600353826224042 
28 -0.12600353816689563 
29 -0.12600353831540342 
30 -0.1260035383437044 
31 -0.12600353881179643 
32 -0.12600353596471106 
33 -0.12600354820170492 
34 -0.12600353743891282 
35 -0.12600353846932724 
36 -0.1260035429096532 
37 -0.12600353847027823 
38 -0.1260035441897325 
39 -0.12600354013678372 
40 -0.12600353850964413 
41 -0.12600353871481057 
42 -0.12600353786523041 
43 -0.12600353840974846 
44 -0.12600353809774245 
45 -0.12600353825255622 
46 -0.12600353828439176 
47 -0.12600353828134286 
48 -0.12600353829039973 
49 -0.12600353828730523 
50 -0.12600353779434048 
51 -0.1260035395747114 
52 -0.12600353128859496 
53 -0.12600353685827076 
54 -0.12600353789026342 
55 -0.12600353845422374 
56 -0.12600353766549147 
57 -0.12600354235570652 
58 -0.12600352860974717 
59 -0.12600354198394362 
60 -0.12600353900545533 
61 -0.12600353808149994 
62 -0.1260035382283911 
63 -0.12600353826331545 
64 -0.1260035382815855 
65 -0.12600353828187577 
66 -0.12600353826736924 
67 -0.12600353865228892 
68 -0.12600354069215305 
69 -0.12600353697120315 
70 -0.12600353731355132 
71 -0.12600353854480428 
72 -0.12600353869285894 
73 -0.12600353790316585 
74 -0.12600353825622343 
75 -0.12600353827547764 
76 -0.12600353828649963 
77 -0.12600353828110125 
78 -0.12600353828046634 
79 -0.12600353827983943 
80 -0.126003538273432 
81 -0.12600353828451508 
82 -0.12600353827597094 
83 -0.12600353827687305 
84 -0.1260035382798264 
85 -0.12600353826282185 
86 -0.12600353827091937 
87 -0.12600353827894883 
88 -0.12600353828044086 
89 -0.12600353828010372 
90 -0.12600353828073116 
91 -0.12600353828190103 
92 -0.1260035382761323 
93 -0.12600353828229335 
94 -0.12600353820393437 
95 -0.12600353840224834 
96 -0.1260035390134192 
97 -0.1260035332745711 
98 -0.12600354041352205 
99 -0.1260035370682706 
100 -0.12600353803394837 
101 -0.12600353860556987 
102 -0.12600353776738268 
103 -0.12600353812376502 
104 -0.12600353821726865 
105 -0.12600353868348876 
106 -0.12600353867414843 
107 -0.1260035381272144 
108 -0.1260035377141843 
109 -0.1260035392567611 
110 -0.1260035479624615 
111 -0.12600351932237172 
112 -0.1260031666291278 
113 -0.1260034551949984 
114 -0.1260176249805776 
115 -0.12605392719725 
116 -0.12550127967003016 
117 -0.12293103687881536 
