2 3 0.00027634110795855186 
3 4 0.0002369642819933507 
4 5 0.00023658099427624441 
5 6 0.0002315024495558342 
6 7 0.00023095867499244447 
7 8 0.00023110256147834457 
8 9 0.00023112885958937897 
9 10 0.00023111815135618276 
10 11 0.00023111603696141593 
11 12 0.0002311166935213285 
12 13 0.00023111683922230446 
13 14 0.00023111679993174507 
14 15 0.00023111678589013976 
15 16 0.00023111679160961614 
16 17 0.0002311167882384831 
17 18 0.00023111679116347015 
18 19 0.0002311167976544081 
19 20 0.00023111678575660915 
20 21 0.00023111678570859965 
21 22 0.0002311167973522081 
22 23 0.00023111703474210994 
23 24 0.0002311167972884068 
24 25 0.0002311167910018659 
25 26 0.00023111679152267156 
26 27 0.000231116788054474 
27 28 0.00023111678086358315 
28 29 0.0002311167952507387 
29 30 0.00023111678999149544 
30 31 0.00023111674177025447 
31 32 0.0002311167871190184 
32 33 0.0002311167928481583 
33 34 0.0002311167914732528 
34 35 0.00023111679126553935 
35 36 0.00023111679142168246 
36 37 0.00023111679100274335 
37 38 0.00023111679117925182 
38 39 0.0002311167914840459 
39 40 0.00023111679293989502 
40 41 0.00023111679222963198 
41 42 0.00023111679255194618 
42 43 0.00023111678750190412 
43 44 0.0002311167388649684 
44 45 0.00023111678606375542 
45 46 0.00023111679003601476 
46 47 0.00023111679057486592 
47 48 0.000231116787397109 
48 49 0.0002311167909867978 
49 50 0.00023111679237897736 
50 51 0.0002311167926283887 
51 52 0.00023111679025893749 
52 53 0.00023111678611121693 
53 54 0.00023111678832592457 
54 55 0.00023111679334656573 
55 56 0.00023111682075145862 
56 57 0.0002311168148685757 
57 58 0.0002311165996482238 
58 59 0.00023111677949033427 
59 60 0.0002311167834605609 
60 61 0.00023111680099549624 
61 62 0.00023111679296129874 
62 63 0.00023111678654373386 
63 64 0.00023111683792481202 
64 65 0.00023111679393116014 
65 66 0.0002311167897691274 
66 67 0.0002311167878641431 
67 68 0.00023111681613214273 
68 69 0.00023111679474356527 
69 70 0.00023111679330785388 
70 71 0.00023111678173528896 
71 72 0.0002311167713229317 
72 73 0.00023111684249939679 
73 74 0.00023111682402156373 
74 75 0.00023111615661442338 
75 76 0.00023111587722288073 
76 77 0.00023111416778119704 
77 78 0.000231141946474782 
78 79 0.0002311199076468697 
79 80 0.00023111704007297646 
80 81 0.0002311167884251009 
81 82 0.0002311167883453156 
82 83 0.00023111679061577997 
83 84 0.0002311167897382711 
84 85 0.00023111679845436362 
85 86 0.00023111677082366752 
86 87 0.00023111680116056526 
87 88 0.0002311168035465733 
88 89 0.00023111679173616528 
89 90 0.00023111679131125368 
90 91 0.00023111679118620774 
91 92 0.00023111679015033786 
92 93 0.0002311167937151962 
93 94 0.0002311168162338415 
94 95 0.0002311167846740434 
95 96 0.00023111664130596237 
96 97 0.00023111658972272382 
97 98 0.00023111755605203892 
98 99 0.0002311168668011334 
99 100 0.0002311167960248603 
100 101 0.00023111678180455714 
101 102 0.00023111679341384657 
102 103 0.00023111688486721974 
103 104 0.00023111681137556657 
104 105 0.0002311165494017074 
105 106 0.00023111677599714557 
106 107 0.00023111679363975248 
107 108 0.00023111679212711747 
108 109 0.00023111679194150135 
109 110 0.00023111679167103007 
110 111 0.00023111679056733936 
111 112 0.00023111679235978853 
112 113 0.00023111679506491586 
113 114 0.00023111673050598517 
114 115 0.00023111660862838853 
115 116 0.00023111677267690284 
116 117 0.00023111678972751067 
117 118 0.00023111679182980226 
118 119 0.00023111679133360069 
119 120 0.00023111678272957155 
120 121 0.0002311167908638903 
121 122 0.0002311168797211274 
122 123 0.00023111699314405188 
123 124 0.0002311159037253514 
124 125 0.00023111667867375916 
125 126 0.00023111673420608353 
126 127 0.0002311167768583116 
127 128 0.00023111679062767736 
128 129 0.00023111679144880646 
129 130 0.00023111678795994535 
130 131 0.00023111679448643735 
131 132 0.0002311167320239307 
132 133 0.00023111677895846946 
133 134 0.0002311167675628868 
134 135 0.00023111678508204843 
135 136 0.00023111689047255237 
136 137 0.00023111679906179824 
137 138 0.00023111669227987222 
138 139 0.00023111669873828993 
139 140 0.00023111678967590555 
140 141 0.00023111678867130075 
141 142 0.00023111680163151178 
142 143 0.00023111679317163256 
143 144 0.00023111679497697437 
144 145 0.0002311168054007394 
145 146 0.00023111675028791227 
146 147 0.00023111679217677864 
147 148 0.0002311167922350476 
148 149 0.00023111679220037075 
149 150 0.0002311167872495089 
150 151 0.0002311167754163375 
151 152 0.00023111679020051406 
152 153 0.00023111680142377667 
153 154 0.00023111681900067808 
154 155 0.0002311167149783068 
155 156 0.00023111678683066102 
156 157 0.00023111679039989233 
157 158 0.0002311167923239694 
158 159 0.00023111679134419727 
159 160 0.00023111679089095864 
160 161 0.00023111679277071413 
161 162 0.0002311168084908305 
162 163 0.00023111678538325915 
163 164 0.00023111679776501408 
164 165 0.00023111679045307202 
165 166 0.00023111679131463918 
166 167 0.000231116791371495 
167 168 0.00023111679173186698 
168 169 0.0002311167907001415 
169 170 0.00023111678823237956 
170 171 0.0002311167975524816 
171 172 0.00023111684664703564 
172 173 0.00023111679767691805 
173 174 0.00023111679232799885 
174 175 0.00023111679101867378 
175 176 0.00023111679430626368 
176 177 0.00023111679003831812 
177 178 0.00023111679393153397 
178 179 0.00023111679088110755 
179 180 0.0002311167876896444 
180 181 0.00023111679240022038 
181 182 0.00023111676711454207 
182 183 0.00023111677985300036 
183 184 0.00023111690793825012 
184 185 0.00023111665501778802 
185 186 0.0002311167966508152 
186 187 0.00023111683757954862 
187 188 0.00023111668970885157 
188 189 0.0002311160632022552 
189 190 0.00023111822003419867 
190 191 0.0002311289262260582 
191 192 0.00023110254435475226 
192 193 0.00023095859292902916 
193 194 0.00023150249094483334 
194 195 0.0002365808942783141 
195 196 0.00023696422125456511 
196 197 0.00027634110686738765 
197 198 0.0003407288971290598 
