2 -0.8448879353018809 
3 0.7740494781551605 
4 -0.6702900479124927 
5 0.5351965826109109 
6 -0.37154233660895164 
7 0.19009920719210222 
8 -0.004648007865231094 
9 -0.17072649604703385 
10 0.32397753140513774 
11 -0.44595756006204507 
12 0.530359506993549 
13 -0.5734018474656098 
14 0.5737259831264873 
15 -0.5325294047124689 
16 0.45368358298486894 
17 -0.3436144104000496 
18 0.21089857781750612 
19 -0.06564827996589939 
20 -0.08124139807868533 
21 0.2189347454502646 
22 -0.3375170920134746 
23 0.4287549906440903 
24 -0.4866369496319016 
25 0.5076659271509817 
26 -0.49096543674923243 
27 0.4382804573351684 
28 -0.3538817283533514 
29 0.2443226466633376 
30 -0.11798557692818906 
31 -0.015568130237321735 
32 0.14635340312163492 
33 -0.2647289133683568 
34 0.3621052612773325 
35 -0.43155453096692487 
36 0.46828989382246095 
37 -0.4699585203261648 
38 0.4367661333063014 
39 -0.37141656757280966 
40 0.2789251391874536 
41 -0.16627339654259218 
42 0.041938689140102105 
43 0.08474662403704111 
44 -0.20432289625391592 
45 0.3079536798600566 
46 -0.3880728598581553 
47 0.43891117666464063 
48 -0.4568639648742629 
49 0.4407381909786272 
50 -0.39183119861208593 
51 0.3138689007863049 
52 -0.21270188703005288 
53 0.09589296776028992 
54 0.027842051073788707 
55 -0.14926788253120132 
56 0.2593284189799525 
57 -0.34984483806482347 
58 0.4141378215405421 
59 -0.447499907578999 
60 0.4475030065320074 
61 -0.41414220114972367 
62 0.34983957472033933 
63 -0.25930586140655215 
64 0.14922931484268587 
65 -0.027793603499652278 
66 -0.0959468382342 
67 0.21275767230442097 
68 -0.31391982922776046 
69 0.3918726812703875 
70 -0.44076580608528654 
71 0.4568899605122968 
72 -0.43894212170810704 
73 0.3881115924730881 
74 -0.3079940052501369 
75 0.20435703625347676 
76 -0.08476623636094709 
77 -0.04193485577588622 
78 0.1662835858825757 
79 -0.27894456966855996 
80 0.3714435067414789 
81 -0.43679613019566255 
82 0.4699904244707545 
83 -0.4683194217711922 
84 0.4315791953342572 
85 -0.36212362500104295 
86 0.2647447923406009 
87 -0.14636928794667808 
88 0.015583098377910724 
89 0.11797422018764195 
90 -0.2443177881513222 
91 0.35388361897637 
92 -0.4382883424213595 
93 0.49097935531782283 
94 -0.5076850149275826 
95 0.48665962482781167 
96 -0.42877813993766445 
97 0.33753726713283067 
98 -0.2189499126121211 
99 0.08125214133072821 
100 0.06564019713543737 
101 -0.21089191591894893 
102 0.3436095142476338 
103 -0.4536816877893473 
104 0.5325312896930278 
105 -0.5737313618344638 
106 0.5734101767251529 
107 -0.5303705949265167 
108 0.44597124236793084 
109 -0.32399282512696 
110 0.17074148996336777 
111 0.004635266964666294 
112 -0.1900896935851531 
113 0.37153585682907664 
114 -0.5351923838745768 
115 0.6702874530601166 
116 -0.7740480654949898 
117 0.8448873486215106 
