2 3 0.1424142365229565 
3 4 0.2666458518858279 
4 5 0.3843627255705427 
5 6 0.4588546993023902 
6 7 0.4793816333815599 
7 8 0.4627200370501748 
8 9 0.4391338337166134 
9 10 0.4309061599653656 
10 11 0.4458431116324728 
11 12 0.4815532509494639 
12 13 0.5264553575377134 
13 14 0.5623024100199828 
14 15 0.5757555151817516 
15 16 0.5681043306376282 
16 17 0.5520030030640785 
17 18 0.5414118932801959 
18 19 0.5453604605076144 
19 20 0.5655294340758664 
20 21 0.5948225377785471 
21 22 0.6203145280884821 
22 23 0.6315664340373401 
23 24 0.6272032394825587 
24 25 0.6143960496408581 
25 26 0.6037288918107478 
26 27 0.6037302361398724 
27 28 0.6167657710691938 
28 29 0.6377899197930504 
29 30 0.6573856696686039 
30 31 0.6674040671719031 
31 32 0.6653817003191378 
32 33 0.655441036833399 
33 34 0.645639461745752 
34 35 0.6432692191535526 
35 36 0.6509317626613087 
36 37 0.6657174019303328 
37 38 0.6812438043747603 
38 39 0.6909070887752606 
39 40 0.6912085491818151 
40 41 0.6837815285247042 
41 42 0.6743777908570197 
42 43 0.6692585577645912 
43 44 0.6718856334037366 
44 45 0.681722761454283 
45 46 0.694644332483055 
46 47 0.7046418653486102 
47 48 0.7069900906615737 
48 49 0.7012100178885095 
49 50 0.691301861559632 
50 51 0.6832141840607241 
51 52 0.681725624650303 
52 53 0.68819870197162 
53 54 0.6996894687245446 
54 55 0.7101913717856773 
55 56 0.7140117506153 
56 57 0.7092088337524362 
57 58 0.6986847824055161 
58 59 0.6884435306493586 
59 60 0.684245055975824 
60 61 0.6884435346244415 
61 62 0.6986847878938356 
62 63 0.7092088386572004 
63 64 0.7140117547834257 
64 65 0.7101913754672954 
65 66 0.6996894730466299 
66 67 0.6881987085560755 
67 68 0.6817256326575949 
68 69 0.6832141907222782 
69 70 0.6913018652532067 
70 71 0.7012100198822099 
71 72 0.7069900925317041 
72 73 0.7046418672939232 
73 74 0.694644333827781 
74 75 0.681722760188042 
75 76 0.6718856273508395 
76 77 0.6692585469123357 
77 78 0.6743777787140675 
78 79 0.6837815188833498 
79 80 0.6912085420989657 
80 81 0.6909070808658169 
81 82 0.6812437909995043 
82 83 0.6657173806025184 
83 84 0.6509317359943405 
84 85 0.6432691942406814 
85 86 0.6456394444077964 
86 87 0.655441026078588 
87 88 0.665381690914052 
88 89 0.6674040539967565 
89 90 0.6573856493159448 
90 91 0.6377898935891081 
91 92 0.6167657487990189 
92 93 0.6037302279562419 
93 94 0.6037288953849663 
94 95 0.6143960523762365 
95 96 0.6272032339989289 
96 97 0.6315664251963797 
97 98 0.6203145224559797 
98 99 0.5948225357207819 
99 100 0.565529434298423 
100 101 0.5453604661678891 
101 102 0.5414119050021273 
102 103 0.5520030061004543 
103 104 0.5681043267441755 
104 105 0.5757555115777998 
105 106 0.5623024085723582 
106 107 0.5264553574572357 
107 108 0.48155325204385413 
108 109 0.44584311367219287 
109 110 0.43090616091371664 
110 111 0.4391338323059495 
111 112 0.4627200353370208 
112 113 0.47938163328261657 
113 114 0.45885469975530196 
114 115 0.38436272557874596 
115 116 0.2666458513257036 
116 117 0.14241423617897658 
117 118 0.05001691356236611 
