2 3 0.11186362194664308 
3 4 0.13347512192598482 
4 5 0.1440489355628441 
5 6 0.14909272639220153 
6 7 0.15146066170246714 
7 8 0.15256009203201465 
8 9 0.15306642988737407 
9 10 0.15329820190238186 
10 11 0.15340379825864262 
11 12 0.15345173343639248 
12 13 0.1534734309111253 
13 14 0.15348322945885792 
14 15 0.15348764617696137 
15 16 0.1534896339504695 
16 17 0.1534905274088186 
17 18 0.15349092855545468 
18 19 0.15349110851299266 
19 20 0.1534911891464316 
20 21 0.15349122523854025 
21 22 0.15349124135665923 
22 23 0.1534912484688853 
23 24 0.15349125141194148 
24 25 0.15349125221587973 
25 26 0.15349125141833936 
26 27 0.15349124847232715 
27 28 0.15349124136619915 
28 29 0.15349122525202233 
29 30 0.15349118915091786 
30 31 0.1534911085060649 
31 32 0.1534909285628841 
32 33 0.15349052741030855 
33 34 0.15348963395137752 
34 35 0.15348764617818456 
35 36 0.15348322945988907 
36 37 0.1534734309110419 
37 38 0.15345173343563054 
38 39 0.15340379826172446 
39 40 0.1532982019046205 
40 41 0.1530664298865478 
41 42 0.1525600920319473 
42 43 0.1514606617028635 
43 44 0.14909272639100507 
44 45 0.14404893555986453 
45 46 0.1334751219228657 
46 47 0.11186362194149627 
47 48 0.06988637220529748 
