2 -0.031507893098060166 
3 -0.17112822480552078 
4 0.17554996245287996 
5 0.0018185558758004525 
6 -0.10817253871444124 
7 0.22022675345425974 
8 -0.06723270220003029 
9 -0.10489688107923181 
10 0.21229368722873235 
11 -0.1438308174422691 
12 -0.06089459678215443 
13 0.20200165001612352 
14 -0.18875316418726265 
15 0.003129112485705434 
16 0.17699686266456705 
17 -0.21667509262963333 
18 0.06842006376626697 
19 0.13471210244249554 
20 -0.2271717779663563 
21 0.12775615875992066 
22 0.07987202729956279 
23 -0.21948296612083334 
24 0.17641315050391987 
25 0.017726963851630827 
26 -0.19426780243774033 
27 0.2104591879062614 
28 -0.04625373932347649 
29 -0.15388459116569808 
30 0.22727937667264805 
31 -0.10684157946746044 
32 -0.10171217432316379 
33 0.22584886548787603 
34 -0.1590529808720389 
35 -0.04177350429403084 
36 0.2067135565862711 
37 -0.19861028249477042 
38 0.021429792604102417 
39 0.17174351994347054 
40 -0.22233490642821932 
41 0.08312720586557626 
42 0.12386159034413058 
43 -0.22844098684235842 
44 0.13856746447073376 
45 0.06677505174974724 
46 -0.21665385897833628 
47 0.1833721032538771 
48 0.004731617520954526 
49 -0.18815564926257328 
50 0.2139311281144542 
51 -0.057707941007270516 
52 -0.14538539734243203 
53 0.22776716511857142 
54 -0.11590848676729022 
55 -0.09175717469643924 
56 0.22379365239902357 
57 -0.16544061557296622 
58 -0.03135742324882329 
59 0.20241461338305045 
60 -0.2024070869523183 
61 0.031341500358750524 
62 0.1654514595168784 
63 -0.22378997770226855 
64 0.09174229227155298 
65 0.11592192652608688 
66 -0.22776774444001874 
67 0.14537268398126715 
68 0.0577229067496424 
69 -0.21393577323312335 
70 0.18814608794940563 
71 -0.004716435839315551 
72 -0.1833800005048956 
73 0.21664786212930925 
74 -0.06676079872765713 
75 -0.13857759144465875 
76 0.22843852023165895 
77 -0.12384916838351293 
78 -0.08313853153518247 
79 0.2223356314783419 
80 -0.17173354597459936 
81 -0.021441240412665544 
82 0.19861339694472976 
83 -0.20670615229872144 
84 0.04176270787924351 
85 0.15905756955097233 
86 -0.22584367102745323 
87 0.1017023736880212 
88 0.1068470277469789 
89 -0.2272759545887413 
90 0.15387577096659605 
91 0.04625982729855905 
92 -0.2104572857953284 
93 0.19425999415555736 
94 -0.017720456516797815 
95 -0.176412489566051 
96 0.21947602681986808 
97 -0.07986511465855216 
98 -0.12775668374624832 
99 0.22716561828326495 
100 -0.1347047611571073 
101 -0.06842199738112989 
102 0.21666987173239155 
103 -0.17698927850831273 
104 -0.0031327520230717085 
105 0.188749385763392 
106 -0.20199438445296836 
107 0.06088967235267684 
108 0.1438290964918762 
109 -0.21228729360880227 
110 0.10489175576379839 
111 0.0672333816258397 
112 -0.2202217776773458 
113 0.1081680541136923 
114 -0.0018164392186314424 
115 -0.1755482043773944 
116 0.17112395205110653 
117 0.03150888557608658 
