2 -0.18220689646382324 
3 -0.1828843577219442 
4 -0.1830712384967936 
5 -0.18307186618507454 
6 -0.18307061149778964 
7 -0.18307038694223404 
8 -0.18307036405902735 
9 -0.18307036497134893 
10 -0.1830703652616428 
11 -0.18307036559496534 
12 -0.1830703653066775 
13 -0.18307036527549173 
14 -0.18307036527441461 
15 -0.18307036528101778 
16 -0.1830703652758903 
17 -0.18307036527396264 
18 -0.18307036537097754 
19 -0.18307036528344278 
20 -0.18307036525003387 
21 -0.18307036526387316 
22 -0.18307036524694217 
23 -0.18307036479621444 
24 -0.18307036517890585 
25 -0.18307036526513404 
26 -0.18307036530175325 
27 -0.18307036496008322 
28 -0.18307036528291085 
29 -0.18307036527580903 
30 -0.18307036527295434 
31 -0.1830703652696904 
32 -0.18307036527043505 
33 -0.18307036527552445 
34 -0.18307036527645648 
35 -0.18307036527302986 
36 -0.18307036525865975 
37 -0.1830703652651885 
38 -0.183070365006382 
39 -0.1830703652382658 
40 -0.18307036527184437 
41 -0.18307036527364937 
42 -0.1830703652734602 
43 -0.18307036527218232 
44 -0.18307036527391746 
45 -0.18307036526575224 
46 -0.1830703652757578 
47 -0.18307036527342638 
48 -0.18307036527371096 
49 -0.18307036528283485 
50 -0.18307036501378612 
51 -0.1830703652363362 
52 -0.18307036526764295 
53 -0.183070365271715 
54 -0.18307036529075896 
55 -0.18307036479411687 
56 -0.18307036526783282 
57 -0.18307036522244546 
58 -0.18307036528183426 
59 -0.18307036527052958 
60 -0.1830703652444914 
61 -0.1830703652766919 
62 -0.18307036527424908 
63 -0.18307036527359521 
64 -0.18307036527266804 
65 -0.1830703652731041 
66 -0.18307036527305562 
67 -0.18307036527700102 
68 -0.1830703652126528 
69 -0.18307036525808226 
70 -0.18307036525464324 
71 -0.18307036540974192 
72 -0.18307036541503965 
73 -0.18307036526735737 
74 -0.18307036527271003 
75 -0.18307036527223336 
76 -0.18307036529696896 
77 -0.1830703652714967 
78 -0.18307036527014445 
79 -0.1830703653123942 
80 -0.18307036525271259 
81 -0.1830703652707343 
82 -0.18307036529944035 
83 -0.18307036528618148 
84 -0.18307036526911913 
85 -0.1830703653130605 
86 -0.1830703645402292 
87 -0.18307036525982914 
88 -0.18307036527540713 
89 -0.18307036527305445 
90 -0.18307036527324042 
91 -0.18307036527255705 
92 -0.18307036528992376 
93 -0.18307036527366816 
94 -0.18307036528040965 
95 -0.18307036514826247 
96 -0.18307036529890602 
97 -0.1830703652629665 
98 -0.18307036528213266 
99 -0.18307036532548032 
100 -0.1830703657867605 
101 -0.1830703652484993 
102 -0.18307036509177818 
103 -0.1830703652664742 
104 -0.18307036525778908 
105 -0.18307036528166143 
106 -0.18307036530043289 
107 -0.18307036507994415 
108 -0.18307036515628497 
109 -0.18307036521988676 
110 -0.1830703658770806 
111 -0.18307036528939702 
112 -0.1830703652884396 
113 -0.18307036527682466 
114 -0.18307036531404505 
115 -0.18307036528617684 
116 -0.18307036527227613 
117 -0.18307036528029624 
118 -0.18307036527236076 
119 -0.18307036527342904 
120 -0.18307036527391593 
121 -0.18307036527379816 
122 -0.1830703652754268 
123 -0.1830703652723735 
124 -0.18307036524429138 
125 -0.1830703653505462 
126 -0.18307036537068488 
127 -0.18307036611931704 
128 -0.18307036522172002 
129 -0.18307036504100943 
130 -0.18307036506084837 
131 -0.18307036527071308 
132 -0.18307036525935869 
133 -0.18307036523710388 
134 -0.18307036514632408 
135 -0.18307036528131104 
136 -0.18307036527399873 
137 -0.1830703653966661 
138 -0.1830703653126463 
139 -0.18307036527085835 
140 -0.18307036535684448 
141 -0.18307036475864485 
142 -0.1830703651762959 
143 -0.18307036529619816 
144 -0.18307036527412995 
145 -0.18307036527763984 
146 -0.18307036526595108 
147 -0.18307036539366012 
148 -0.18307036528008963 
149 -0.1830703652359067 
150 -0.18307036613974736 
151 -0.1830703652690636 
152 -0.18307036525914458 
153 -0.18307036533510385 
154 -0.18307036529884962 
155 -0.18307036527408815 
156 -0.18307036527284684 
157 -0.18307036527164783 
158 -0.18307036528444784 
159 -0.1830703653644888 
160 -0.18307036414474143 
161 -0.18307036537946858 
162 -0.18307036525983428 
163 -0.1830703652729516 
164 -0.18307036527291345 
165 -0.1830703652860828 
166 -0.1830703652743458 
167 -0.18307036529295592 
168 -0.18307036497846163 
169 -0.18307036524162731 
170 -0.18307036527435566 
171 -0.18307036526285897 
172 -0.18307036552746583 
173 -0.183070365308984 
174 -0.18307036540025404 
175 -0.1830703652656651 
176 -0.1830703652715731 
177 -0.18307036526935774 
178 -0.18307036527889448 
179 -0.18307036527882523 
180 -0.18307036561035492 
181 -0.18307036090214263 
182 -0.18307036368351282 
183 -0.18307036521841752 
184 -0.1830703652743262 
185 -0.183070365273468 
186 -0.183070365274102 
187 -0.1830703652651668 
188 -0.18307036527567425 
189 -0.18307036524852646 
190 -0.183070364840651 
191 -0.18307036450146816 
192 -0.18307038685630486 
193 -0.18307061128232643 
194 -0.18307186614889062 
195 -0.18307123837478237 
196 -0.18288435769589897 
197 -0.18220689643464869 
