2 0.0017147798533411968 
3 -0.0003081499176454968 
4 6.0631087601844794e-05 
5 -7.2545739353720024e-06 
6 -1.1641158177841019e-06 
7 4.1283915725688847e-07 
8 -4.89298891532871e-08 
9 -2.50405201694436e-09 
10 1.2598594218181042e-08 
11 -1.4726941886230597e-09 
12 9.959638488622022e-11 
13 4.401987770014627e-11 
14 1.6682737891884187e-10 
15 -7.51814740703603e-10 
16 -6.2265641455105725e-09 
17 -8.775638379712981e-09 
18 1.126510319030058e-10 
19 -1.441752113367467e-10 
20 9.425735997095152e-11 
21 -8.418916821964992e-11 
22 6.16248143816165e-11 
23 -8.353245653534154e-11 
24 8.454928510355871e-11 
25 3.357202552267204e-12 
26 6.712620135021301e-11 
27 -3.788554056963797e-11 
28 6.154450782472858e-11 
29 -8.253615234919722e-11 
30 8.571810578852089e-11 
31 -8.244969416959172e-11 
32 1.503691870129766e-10 
33 -8.906579383579583e-11 
34 6.346810357243183e-11 
35 -1.2766521526832896e-10 
36 9.724985051906436e-10 
37 -8.618701602353896e-10 
38 -4.0260802250213526e-10 
39 1.3024071131388975e-10 
40 1.504132718416409e-10 
41 -5.815057015767417e-11 
42 1.0767989493832939e-10 
43 -5.879187050189009e-10 
44 1.4961683422974946e-10 
45 -9.188441030662785e-11 
46 8.409815960852819e-11 
47 -7.96090045611908e-11 
48 6.875575716899268e-11 
49 -8.553371195541874e-11 
50 2.7884270609704217e-13 
51 -9.651476793644947e-11 
52 8.659302562368823e-11 
53 -9.687689097011172e-11 
54 9.416714252576767e-11 
55 -3.3109091919216187e-10 
56 7.461186534565732e-11 
57 -6.8756827238238e-11 
58 8.320782189455926e-11 
59 -8.497498022159455e-11 
60 8.520862378713452e-11 
61 -7.373256433457482e-11 
62 8.110293546115992e-11 
63 -4.5597329359800786e-11 
64 1.0300826600577337e-10 
65 -8.58474339695466e-11 
66 8.295351737804331e-11 
67 -1.0007815151205532e-10 
68 1.108004229056124e-10 
69 -8.280025579685039e-11 
70 7.476899464629192e-11 
71 -8.448496783474834e-11 
72 8.319046483659284e-11 
73 -8.769435783002981e-11 
74 8.515775203216582e-11 
75 -8.470130842939581e-11 
76 8.416659016694834e-11 
77 -8.4869808821376e-11 
78 8.466209904068656e-11 
79 -8.45326660645202e-11 
80 8.508423187739673e-11 
81 -8.410351057868957e-11 
82 9.860259593266379e-11 
83 -9.269613757691082e-12 
84 4.1021347320303185e-09 
85 2.519257396642152e-10 
86 1.1162986667080414e-10 
87 -9.56847950740234e-11 
88 8.310728602477756e-11 
89 -8.484116896553866e-11 
90 8.84789093904008e-11 
91 -8.303010803353214e-11 
92 7.847686767603883e-11 
93 -7.654098571365118e-11 
94 8.820468119045942e-11 
95 -8.498492879842209e-11 
96 8.793263330416632e-11 
97 -6.86274054190957e-11 
98 1.2037073506844732e-10 
99 -1.0001943147633535e-10 
100 -2.5923461317193496e-10 
101 -7.229953846613697e-11 
102 8.480538277751489e-11 
103 -7.362346415156276e-11 
104 8.400569826080073e-11 
105 -8.104349636200953e-11 
106 3.9015740912776714e-11 
107 -1.1534638169536294e-09 
108 4.5216190721483633e-11 
109 -1.1391585194044125e-10 
110 -3.0573449921957607e-09 
111 -3.529432490936484e-10 
112 1.0835811871246385e-10 
113 -1.0043244480020082e-10 
114 7.823604898529073e-11 
115 -8.253896371210568e-11 
116 8.452651091105195e-11 
117 -8.658553432638627e-11 
118 1.1088006060894609e-10 
119 3.0123968240556525e-10 
120 7.435689760991333e-11 
121 -8.066914840151387e-11 
122 2.1834200693112883e-10 
123 -1.0247698570044531e-10 
124 4.154539788904349e-11 
125 -8.220211764235287e-11 
126 9.107625041120807e-11 
127 -8.107336191831589e-11 
128 8.34974614538155e-11 
129 -8.452013475319379e-11 
130 8.524891641036356e-11 
131 -6.373768084010797e-11 
132 9.192181530404464e-11 
133 -8.580794562322214e-11 
134 8.487225683260467e-11 
135 -8.312004193882878e-11 
136 8.295363224157347e-11 
137 -8.23402654337553e-11 
138 7.177605477257834e-11 
139 -5.530915087853223e-11 
140 4.847811179128318e-10 
141 -1.5711081711263657e-09 
142 3.7094952056827397e-09 
143 6.785210740344788e-08 
144 8.261590153916641e-09 
145 -1.000099288461182e-09 
146 -3.7482327186538135e-11 
147 -6.954069389032336e-11 
148 8.304744883059401e-11 
149 -8.426927789701429e-11 
150 8.420980875142164e-11 
151 -8.46310424590915e-11 
152 8.893659185279183e-11 
153 -1.254323269986486e-10 
154 1.6818909457944878e-10 
155 5.6732394823429484e-11 
156 -3.549881892210932e-09 
157 -1.6295909386690286e-09 
158 1.3035903964414552e-10 
159 -7.194491753396862e-11 
160 8.273412605776817e-11 
161 -8.566046194393279e-11 
162 9.36259191048231e-11 
163 -3.0323745624005656e-10 
164 1.4399375321181182e-10 
165 -5.7066206853475395e-11 
166 8.447920029630979e-11 
167 1.2964380456668358e-10 
168 -5.466007128100979e-11 
169 -8.495642641714933e-11 
170 8.466592499095155e-11 
171 -8.453150090953175e-11 
172 9.901632026382993e-11 
173 2.999643309720478e-11 
174 1.0868721699702739e-10 
175 -8.732794977728064e-11 
176 7.92008108149199e-11 
177 -3.142965170063845e-11 
178 4.6666725522795087e-11 
179 -2.1491725762041367e-09 
180 1.1397600467601943e-10 
181 -1.0254602480983594e-10 
182 8.930586575190236e-12 
183 -1.0076907486979586e-10 
184 2.7345723437788454e-10 
185 -1.0654473040090141e-10 
186 9.907061613133077e-11 
187 -9.336470650611363e-11 
188 -7.035162770428184e-11 
189 5.865210564372313e-09 
190 -2.2397917172158986e-09 
191 -4.916994109843413e-08 
192 4.131850479813314e-07 
193 -1.1645900687023356e-06 
194 -7.254653083981483e-06 
195 6.06296413621334e-05 
196 -0.00030814988448409514 
197 0.001714779772518459 
