-116.36482613220723 
-116.36482613220737 
-116.36482613220713 
-116.36482613220731 
-116.36482613220704 
-116.36482613220713 
-116.36482613220707 
-116.36482613220704 
-116.36482613220696 
-116.3648261322069 
-116.36482613220679 
-116.36482613220672 
-116.36482613220686 
-116.3648261322069 
-116.36482613220677 
-116.36482613220664 
-116.36482613220656 
-116.36482613220649 
-116.36482613220653 
-116.364826132207 
-116.36482613220662 
-116.36482613220637 
-116.36482613220647 
-116.3648261322063 
-116.36482613220646 
-116.3648261322064 
-116.36482613220683 
-116.36482613220663 
-116.3648261322063 
-116.36482613220643 
-116.36482613220689 
-116.36482613220649 
-116.36482613220669 
-116.36482613220672 
-116.36482613220684 
-116.36482613220655 
-116.36482613220639 
-116.36482613220649 
-116.36482613220687 
-116.36482613220657 
-116.36482613220672 
-116.36482613220657 
-116.36482613220686 
-116.36482613220669 
-116.36482613220663 
-116.36482613220684 
-116.36482613220662 
-116.36482613220653 
-116.36482613220664 
-116.36482613220656 
-116.36482613220649 
-116.36482613220647 
-116.36482613220643 
-116.36482613220646 
-116.3648261322064 
-116.36482613220653 
-116.36482613220667 
-116.3648261322067 
-116.36482613220656 
-116.36482613220655 
-116.36482613220674 
-116.36482613220662 
-116.36482613220684 
-116.36482613220699 
-116.36482613220659 
-116.36482613220663 
-116.3648261322067 
-116.3648261322067 
-116.36482613220684 
-116.36482613220677 
-116.36482613220674 
-116.36482613220677 
-116.36482613220716 
-116.36482613220693 
-116.36482613220713 
-116.36482613220714 
-116.36482613220704 
-116.36482613220709 
-116.36482613220707 
-116.3648261322071 
-116.3648261322072 
-116.36482613220701 
-116.36482613220684 
-116.36482613220687 
-116.36482613220689 
-116.36482613220673 
-116.36482613220772 
-116.36482613220672 
-116.36482613220696 
-116.3648261322069 
-116.36482613220723 
-116.3648261322067 
-116.364826132207 
-116.36482613220683 
-116.36482613220664 
-116.36482613220672 
-116.36482613220691 
-116.36482613220686 
-116.36482613220693 
-116.36482613220707 
-116.36482613220693 
-116.3648261322068 
-116.36482613220655 
-116.36482613220656 
-116.36482613220669 
-116.3648261322069 
-116.36482613220682 
-116.36482613220676 
-116.36482613220679 
-116.36482613220664 
-116.36482613220664 
-116.3648261322067 
-116.36482613220657 
-116.36482613220653 
-116.36482613220655 
-116.3648261322066 
-116.36482613220669 
-116.36482613220679 
-116.36482613220667 
-116.36482613220673 
-116.36482613220677 
-116.36482613220669 
-116.3648261322067 
-116.36482613220666 
-116.36482613220669 
-116.36482613220672 
-116.36482613220672 
-116.36482613220682 
-116.36482613220674 
-116.3648261322069 
-116.36482613220689 
-116.36482613220684 
-116.36482613220699 
-116.36482613220703 
-116.36482613220703 
-116.36482613220711 
-116.36482613220696 
-116.36482613220703 
-116.36482613220699 
-116.36482613220699 
-116.36482613220701 
-116.36482613220703 
-116.36482613220845 
-116.36482613220689 
-116.3648261322069 
-116.364826132207 
-116.36482613220707 
-116.36482613220693 
-116.36482613220691 
-116.36482613220694 
-116.3648261322069 
-116.36482613220694 
-116.3648261322069 
-116.36482613220699 
-116.36482613220699 
-116.36482613220709 
-116.36482613220706 
-116.36482613220727 
-116.36482613220727 
-116.36482613220741 
-116.36482613220754 
-116.36482613220755 
-116.36482613220765 
-116.36482613220764 
-116.36482613220753 
-116.36482613220743 
-116.36482613220744 
-116.3648261322074 
-116.36482613220745 
-116.36482613220753 
-116.36482613220751 
-116.36482613220748 
-116.3648261322075 
-116.36482613220748 
-116.36482613220751 
-116.36482613220743 
-116.36482613220737 
-116.3648261322072 
-116.36482613220711 
-116.36482613220724 
-116.36482613220728 
-116.3648261322073 
-116.36482613220737 
-116.36482613220728 
-116.36482613220734 
-116.36482613220737 
-116.36482613220721 
-116.36482613220718 
-116.36482613220738 
-116.36482613220738 
-116.36482613220751 
-116.36482613220743 
-116.36482613220748 
-116.36482613220784 
-116.36482613220743 
-116.3648261322074 
-116.36482613220727 
