-189.60107836995633 
-189.6010783699561 
-189.60107836995647 
-189.60107836995743 
-189.60107836995684 
-189.60107836995724 
-189.6010783699575 
-189.60107836995758 
-189.6010783699578 
-189.60107836995797 
-189.6010783699581 
-189.60107836995843 
-189.6010783699586 
-189.6010783699586 
-189.6010783699588 
-189.60107836995925 
-189.60107836995923 
-189.6010783699593 
-189.6010783699595 
-189.60107836995996 
-189.60107836996013 
-189.60107836996045 
-189.60107836996073 
-189.60107836996107 
-189.6010783699614 
-189.6010783699615 
-189.60107836996195 
-189.60107836996204 
-189.6010783699629 
-189.60107836996224 
-189.60107836996258 
-189.6010783699629 
-189.60107836996315 
-189.60107836996346 
-189.6010783699638 
-189.6010783699639 
-189.60107836996443 
-189.60107836996463 
-189.60107836996517 
-189.6010783699673 
-189.60107836996733 
-189.60107836996735 
-189.60107836996755 
-189.60107836996758 
-189.60107836996792 
-189.60107836996804 
-189.60107836996823 
-189.60107836996835 
-189.6010783699686 
-189.60107836996858 
-189.60107836996877 
-189.6010783699689 
-189.60107836997005 
-189.60107836997085 
-189.60107836997094 
-189.60107836997105 
-189.60107836997116 
-189.60107836997122 
-189.60107836997116 
-189.60107836997105 
-189.60107836997105 
-189.60107836997105 
-189.601078369971 
-189.60107836997105 
-189.60107836997133 
-189.6010783699718 
-189.6010783699717 
-189.60107836997173 
-189.60107836997162 
-189.6010783699716 
-189.60107836997133 
-189.60107836997148 
-189.60107836997148 
-189.60107836997148 
-189.60107836997142 
-189.60107836997148 
-189.6010783699716 
-189.6010783699716 
-189.60107836997153 
-189.60107836997128 
-189.60107836997136 
-189.60107836997122 
-189.60107836997142 
-189.60107836997148 
-189.60107836997145 
-189.60107836997142 
-189.60107836997156 
-189.60107836997125 
-189.60107836997142 
-189.6010783699714 
-189.60107836997165 
-189.6010783699715 
-189.60107836997142 
-189.60107836997142 
-189.60107836997113 
-189.60107836997102 
-189.60107836997102 
-189.6010783699709 
-189.60107836997085 
-189.6010783699708 
-189.60107836997074 
-189.60107836997062 
-189.6010783699706 
-189.6010783699706 
-189.60107836997062 
-189.6010783699706 
-189.6010783699707 
-189.6010783699706 
-189.60107836997034 
-189.6010783699703 
-189.60107836997022 
-189.60107836997017 
-189.60107836997008 
-189.60107836997003 
-189.60107836997028 
-189.60107836997025 
-189.60107836997054 
-189.60107836997062 
-189.60107836997108 
-189.60107836997142 
-189.60107836997176 
-189.60107836997173 
-189.60107836997184 
-189.60107836997224 
-189.6010783699727 
-189.6010783699728 
-189.601078369973 
-189.60107836997338 
-189.6010783699742 
-189.6010783699738 
-189.60107836997406 
-189.6010783699739 
-189.6010783699742 
-189.60107836997463 
-189.60107836997474 
-189.60107836997497 
-189.60107836997537 
-189.60107836997554 
-189.60107836997565 
-189.60107836997577 
-189.60107836997585 
-189.6010783699762 
-189.60107836997628 
-189.60107836997668 
-189.60107836997665 
-189.6010783699769 
-189.60107836997705 
-189.60107836997742 
-189.6010783699777 
-189.60107836997796 
-189.60107836997852 
-189.60107836997912 
-189.6010783699788 
-189.60107836997906 
-189.6010783699791 
-189.60107836998085 
-189.60107836998102 
-189.6010783699813 
-189.60107836998148 
-189.60107836998185 
-189.60107836998202 
-189.60107836998225 
-189.6010783699823 
-189.60107836998233 
-189.6010783699826 
-189.6010783699826 
-189.60107836998282 
-189.60107836998273 
-189.60107836998418 
-189.60107836998498 
-189.60107836998532 
-189.60107836998546 
-189.60107836998532 
-189.60107836998517 
-189.6010783699853 
-189.60107836998523 
-189.60107836998606 
-189.60107836998657 
-189.60107836998506 
-189.6010783699853 
-189.6010783699851 
-189.6010783699849 
-189.6010783699855 
-189.6010783699852 
-189.60107836998523 
-189.60107836998492 
-189.60107836998475 
-189.6010783699849 
-189.60107836998492 
-189.60107836998472 
-189.60107836998466 
-189.60107836998458 
-189.60107836998452 
-189.60107836998444 
-189.6010783699846 
-189.6010783699845 
-189.6010783699845 
-189.6010783699846 
-189.60107836998463 
-189.60107836998446 
-189.60107836998446 
-189.6010783699845 
-189.60107836998438 
-189.60107836998424 
-189.60107836998452 
-189.6010783699842 
-189.60107836998446 
-189.60107836998424 
-189.60107836998412 
-189.60107836998404 
-189.6010783699842 
-189.60107836998404 
-189.60107836998387 
-189.60107836998378 
-189.60107836998395 
-189.601078369984 
-189.60107836998372 
-189.60107836998384 
-189.6010783699838 
-189.60107836998398 
-189.60107836998387 
-189.60107836998384 
-189.6010783699839 
-189.6010783699839 
-189.60107836998392 
-189.6010783699841 
-189.60107836998418 
-189.60107836998407 
-189.6010783699842 
-189.60107836998418 
-189.60107836998424 
-189.6010783699842 
-189.60107836998426 
-189.60107836998412 
-189.60107836998407 
-189.60107836998404 
-189.60107836998424 
-189.6010783699841 
-189.60107836998452 
-189.60107836998452 
-189.60107836998463 
-189.6010783699846 
-189.60107836998463 
-189.60107836998475 
-189.60107836998478 
-189.60107836998458 
-189.60107836998463 
-189.60107836998478 
-189.6010783699847 
-189.60107836998483 
-189.60107836998486 
-189.60107836998512 
-189.601078369985 
-189.60107836998512 
-189.60107836998526 
-189.60107836998523 
-189.60107836998523 
-189.6010783699857 
-189.6010783699856 
-189.60107836998577 
-189.60107836998588 
-189.60107836998594 
-189.6010783699864 
-189.60107836998614 
-189.60107836998623 
-189.60107836998597 
-189.60107836998614 
-189.60107836998608 
-189.60107836998606 
-189.60107836998577 
-189.60107836998586 
-189.60107836998574 
-189.6010783699856 
-189.60107836998566 
-189.60107836998577 
-189.60107836998586 
-189.60107836998597 
-189.60107836998577 
-189.60107836998552 
-189.60107836998563 
-189.60107836998566 
-189.6010783699856 
-189.60107836998574 
-189.60107836998537 
-189.60107836998546 
-189.60107836998517 
-189.60107836998515 
-189.60107836998486 
-189.60107836998483 
-189.60107836998446 
-189.60107836998455 
-189.6010783699847 
-189.6010783699855 
-189.60107836998492 
-189.60107836998503 
-189.60107836998506 
-189.6010783699853 
-189.60107836998515 
-189.60107836998546 
-189.60107836998574 
-189.60107836998552 
-189.60107836998543 
-189.60107836998546 
-189.60107836998557 
-189.60107836998571 
-189.60107836998577 
-189.60107836998566 
-189.60107836998557 
-189.60107836998557 
-189.60107836998557 
-189.60107836998552 
-189.60107836998586 
-189.6010783699859 
-189.6010783699859 
-189.60107836998608 
-189.601078369986 
-189.60107836998645 
-189.60107836998657 
-189.60107836998665 
-189.60107836998645 
-189.60107836998645 
-189.6010783699865 
-189.6010783699862 
-189.60107836998597 
-189.60107836998577 
-189.6010783699856 
-189.60107836998583 
-189.60107836998574 
-189.60107836998566 
-189.60107836998594 
-189.60107836998574 
-189.60107836998588 
-189.60107836998577 
-189.60107836998574 
-189.60107836998606 
-189.60107836998574 
-189.60107836998574 
-189.6010783699856 
-189.60107836998563 
-189.6010783699856 
-189.6010783699855 
-189.6010783699856 
-189.60107836998557 
-189.60107836998543 
-189.6010783699853 
-189.60107836998526 
-189.60107836998512 
-189.6010783699853 
-189.60107836998503 
-189.60107836998492 
-189.6010783699848 
-189.6010783699846 
-189.6010783699848 
-189.60107836998492 
-189.60107836998483 
-189.60107836998466 
-189.60107836998455 
-189.6010783699845 
-189.60107836998446 
-189.60107836998478 
-189.60107836998455 
-189.60107836998446 
-189.60107836998452 
-189.60107836998455 
-189.6010783699844 
-189.60107836998452 
-189.60107836998466 
-189.60107836998438 
-189.60107836998444 
-189.60107836998466 
-189.60107836998458 
-189.60107836998455 
-189.60107836998438 
-189.6010783699845 
-189.60107836998446 
-189.60107836998444 
-189.60107836998466 
-189.6010783699848 
-189.60107836998475 
-189.60107836998463 
-189.60107836998446 
-189.6010783699847 
-189.6010783699845 
-189.6010783699848 
-189.60107836998455 
-189.60107836998466 
-189.60107836998452 
-189.6010783699845 
-189.60107836998455 
-189.60107836998455 
-189.60107836998463 
-189.60107836998455 
-189.60107836998444 
-189.6010783699844 
-189.6010783699845 
-189.60107836998435 
-189.60107836998432 
-189.60107836998455 
-189.60107836998452 
-189.60107836998446 
-189.60107836998475 
-189.60107836998446 
-189.60107836998478 
-189.60107836998532 
-189.6010783699669 
-189.60107836996553 
-189.60107836922992 
