-169.31114327509493 
-169.31114327509496 
-169.31114327509502 
-169.31114327509505 
-169.31114327509493 
-169.31114327509553 
-169.31114327509556 
-169.31114327509562 
-169.31114327509584 
-169.3111432750958 
-169.31114327509582 
-169.31114327509522 
-169.31114327509567 
-169.31114327509547 
-169.31114327509565 
-169.3111432750956 
-169.3111432750957 
-169.3111432750956 
-169.3111432750957 
-169.31114327509582 
-169.31114327509584 
-169.3111432750959 
-169.3111432750961 
-169.31114327509573 
-169.31114327509576 
-169.31114327509633 
-169.3111432750961 
-169.31114327509627 
-169.31114327509647 
-169.31114327509692 
-169.31114327509653 
-169.31114327509704 
-169.31114327509687 
-169.31114327509707 
-169.3111432750965 
-169.31114327509718 
-169.31114327509752 
-169.31114327509727 
-169.31114327509704 
-169.31114327509715 
-169.31114327509707 
-169.31114327509712 
-169.31114327509695 
-169.3111432750971 
-169.31114327509655 
-169.31114327509692 
-169.31114327509718 
-169.31114327509735 
-169.3111432750976 
-169.31114327509772 
-169.31114327509835 
-169.31114327509755 
-169.31114327509812 
-169.311143275098 
-169.31114327510008 
-169.31114327512037 
-169.3111432751213 
-169.31114327511986 
-169.311143275119 
-169.31114327511915 
-169.31114327511966 
-169.3111432751209 
-169.3111432751204 
-169.31114327512012 
-169.31114327511963 
-169.3111432751198 
-169.3111432751199 
-169.31114327512046 
-169.3111432751202 
-169.3111432751203 
-169.3111432751199 
-169.31114327511926 
-169.31114327511924 
-169.3111432751194 
-169.31114327511963 
-169.3111432751195 
-169.3111432751194 
-169.3111432751191 
-169.31114327511926 
-169.31114327511938 
-169.31114327511943 
-169.3111432751198 
-169.31114327511955 
-169.31114327511924 
-169.3111432751191 
-169.31114327511858 
-169.31114327511844 
-169.3111432751185 
-169.3111432751185 
-169.31114327511878 
-169.31114327511852 
-169.31114327511838 
-169.31114327511847 
-169.3111432751183 
-169.31114327511838 
-169.3111432751185 
-169.31114327511847 
-169.31114327511847 
-169.31114327511844 
-169.3111432751183 
-169.31114327511858 
-169.31114327511884 
-169.31114327511887 
-169.31114327511844 
-169.31114327511838 
-169.3111432751182 
-169.3111432751185 
-169.31114327511827 
-169.3111432751181 
-169.31114327511827 
-169.3111432751183 
-169.31114327511807 
-169.31114327511827 
-169.31114327511833 
-169.31114327511835 
-169.31114327511818 
-169.31114327511796 
-169.3111432751183 
-169.31114327511813 
-169.31114327511796 
-169.31114327511796 
-169.31114327511793 
-169.3111432751185 
-169.31114327511915 
-169.31114327511912 
-169.31114327511992 
-169.31114327511955 
-169.311143275119 
-169.31114327512 
-169.31114327511946 
-169.31114327511995 
-169.31114327511975 
-169.31114327512023 
-169.31114327511995 
-169.31114327512074 
-169.3111432751208 
-169.31114327512097 
-169.31114327512097 
-169.31114327512086 
-169.31114327512037 
-169.3111432751208 
-169.31114327512074 
-169.3111432751214 
-169.31114327512208 
-169.3111432751219 
-169.31114327512262 
-169.31114327512205 
-169.31114327512213 
-169.31114327512213 
-169.31114327512216 
-169.31114327512216 
-169.31114327512196 
-169.31114327512196 
-169.31114327512208 
-169.31114327512208 
-169.31114327512185 
-169.31114327512202 
-169.31114327512162 
-169.31114327512225 
-169.31114327512213 
-169.31114327512202 
-169.31114327512168 
-169.311143275122 
-169.31114327512208 
-169.31114327512176 
-169.31114327512165 
-169.31114327512194 
-169.31114327512213 
-169.31114327512233 
-169.31114327512253 
-169.31114327512435 
-169.3111432751455 
-169.31114327514396 
-169.3111432751435 
-169.3111432751425 
-169.311143275143 
-169.31114327514453 
-169.31114327514388 
-169.31114327514427 
-169.3111432751447 
-169.3111432751443 
-169.3111432751446 
-169.31114327514422 
-169.3111432751442 
-169.31114327514413 
-169.31114327514422 
-169.31114327514467 
-169.31114327514467 
-169.31114327514473 
-169.31114327514484 
-169.31114327514499 
-169.31114327514433 
-169.31114327514427 
-169.3111432751443 
-169.3111432751449 
-169.31114327514518 
-169.31114327514533 
-169.31114327514487 
-169.3111432751449 
-169.31114327514473 
-169.3111432751442 
-169.31114327514436 
-169.31114327514436 
-169.31114327514422 
-169.31114327514408 
-169.3111432751445 
-169.3111432751442 
-169.31114327514373 
-169.31114327514317 
-169.31114327514322 
-169.3111432751428 
-169.311143275143 
-169.31114327514294 
-169.31114327514354 
-169.31114327514328 
-169.31114327514288 
-169.31114327514285 
-169.31114327514206 
-169.3111432751419 
-169.31114327514203 
-169.31114327514175 
-169.31114327514166 
-169.31114327514126 
-169.31114327514135 
-169.31114327514155 
-169.31114327514163 
-169.31114327514132 
-169.31114327514118 
-169.31114327514175 
-169.31114327514118 
-169.31114327514118 
-169.31114327514143 
-169.31114327514123 
-169.31114327514155 
-169.31114327514157 
-169.31114327514183 
-169.3111432751415 
-169.31114327514166 
-169.31114327514157 
-169.31114327514175 
-169.31114327514197 
-169.31114327514183 
-169.31114327514197 
-169.3111432751421 
-169.31114327514223 
-169.31114327514194 
-169.31114327514194 
-169.31114327514226 
-169.31114327514197 
-169.31114327514206 
-169.311143275142 
-169.311143275142 
-169.3111432751422 
-169.31114327514203 
-169.31114327514211 
-169.31114327514183 
-169.31114327514194 
-169.31114327514186 
-169.31114327514203 
-169.31114327514248 
-169.31114327514183 
-169.31114327514166 
-169.31114327514166 
-169.31114327514183 
-169.31114327514152 
-169.3111432751418 
-169.31114327514175 
-169.31114327514186 
-169.3111432751415 
-169.31114327514135 
-169.3111432751416 
-169.31114327514143 
-169.3111432751415 
-169.3111432751418 
-169.31114327514163 
-169.31114327514172 
-169.31114327514172 
-169.31114327514175 
-169.3111432751419 
-169.3111432751419 
-169.31114327514186 
-169.31114327514183 
-169.31114327514192 
-169.31114327514183 
-169.31114327514226 
-169.31114327514203 
-169.31114327514183 
-169.31114327514243 
-169.3111432751417 
-169.31114327514277 
-169.31114327514146 
-169.3111432751439 
-169.31114327514166 
-169.31114327514203 
-169.31114327514186 
-169.31114327514192 
-169.31114327514192 
-169.31114327514214 
-169.31114327514229 
-169.3111432751422 
-169.31114327514203 
-169.31114327514203 
-169.31114327514177 
-169.3111432751419 
-169.31114327514192 
-169.31114327514197 
-169.3111432751417 
-169.3111432751418 
-169.31114327514172 
-169.31114327514175 
-169.31114327514163 
-169.31114327514175 
-169.31114327514183 
-169.3111432751419 
-169.31114327514206 
-169.31114327514211 
-169.3111432751422 
-169.31114327514194 
-169.31114327514197 
-169.31114327514211 
-169.31114327514217 
-169.3111432751421 
-169.31114327514194 
-169.31114327514217 
-169.31114327514265 
-169.31114327514203 
-169.31114327514214 
-169.3111432751421 
-169.3111432751426 
-169.31114327514197 
-169.31114327514206 
-169.3111432751421 
-169.31114327514211 
-169.31114327514223 
-169.31114327514243 
-169.31114327514217 
-169.31114327514246 
-169.3111432751425 
-169.31114327514246 
-169.3111432751425 
-169.3111432751427 
-169.3111432751425 
-169.31114327514254 
-169.31114327514243 
-169.31114327514248 
-169.31114327514254 
-169.3111432751428 
-169.3111432751426 
-169.31114327514257 
-169.31114327514288 
-169.31114327514283 
-169.31114327514254 
-169.31114327514248 
-169.31114327514237 
-169.31114327514237 
-169.31114327514226 
-169.3111432751423 
-169.31114327514217 
-169.31114327514223 
-169.31114327514243 
-169.31114327514263 
-169.31114327514226 
-169.31114327514229 
-169.3111432751424 
-169.3111432751427 
-169.31114327514294 
-169.31114327514285 
-169.3111432751429 
-169.31114327514254 
-169.3111432751424 
-169.31114327514248 
-169.31114327514263 
-169.31114327514257 
-169.3111432751431 
-169.31114327514277 
-169.31114327514274 
-169.31114327514297 
-169.31114327514294 
-169.3111432751429 
-169.31114327514308 
-169.3111432751435 
-169.3111432751436 
-169.31114327514376 
-169.31114327514356 
-169.31114327514362 
-169.31114327514388 
-169.3111432751438 
-169.31114327514402 
-169.31114327514368 
-169.3111432751441 
-169.3111432751442 
-169.31114327514416 
-169.31114327514427 
-169.31114327514393 
-169.31114327514337 
-169.31114327514356 
-169.31114327514342 
-169.31114327514365 
-169.31114327514376 
-169.311143275144 
-169.31114327514402 
-169.31114327514416 
-169.31114327514337 
-169.3111432751437 
-169.31114327514376 
-169.31114327514422 
-169.31114327514248 
