2 -0.9990367278243076 
3 0.9987260305312053 
4 -0.9987319027338355 
5 0.9987431100867602 
6 -0.998744888302175 
7 0.9987444548561846 
8 -0.9987444170499227 
9 0.9987444416891238 
10 -0.9987444424799067 
11 0.9987444411426682 
12 -0.9987444412416275 
13 0.998744441323832 
14 -0.9987444413053003 
15 0.9987444412953925 
16 -0.9987444412966621 
17 0.9987444412561588 
18 -0.998744441346499 
19 0.9987444413615313 
20 -0.9987444395764471 
21 0.9987444413819246 
22 -0.9987444412343641 
23 0.9987444410636939 
24 -0.9987444414916038 
25 0.9987444413294947 
26 -0.9987444413971269 
27 0.9987444413563384 
28 -0.9987444408918622 
29 0.9987444409694557 
30 -0.9987444404148715 
31 0.998744442004923 
32 -0.9987444409924913 
33 0.9987444409381256 
34 -0.9987444414047382 
35 0.9987444418314109 
36 -0.9987444412454817 
37 0.9987444412255997 
38 -0.9987444415308809 
39 0.9987444411158105 
40 -0.9987444412662556 
41 0.9987444413170941 
42 -0.9987444412933131 
43 0.9987444411648777 
44 -0.998744439663498 
45 0.9987444400500859 
46 -0.9987444410926513 
47 0.9987444409591806 
48 -0.9987444404429476 
49 0.9987444411275389 
50 -0.998744441213117 
51 0.998744441284098 
52 -0.9987444413106636 
53 0.9987444413030709 
54 -0.9987444413047633 
55 0.9987444413061702 
56 -0.9987444413059505 
57 0.9987444413059214 
58 -0.9987444413057693 
59 0.9987444413089034 
60 -0.9987444413385446 
61 0.9987444414087189 
62 -0.998744441296755 
63 0.9987444412849394 
64 -0.9987444413030053 
65 0.9987444413064481 
66 -0.9987444413060906 
67 0.9987444413058167 
68 -0.9987444413058655 
69 0.9987444413059205 
70 -0.9987444413059134 
71 0.9987444413059084 
72 -0.9987444413059119 
73 0.9987444413059123 
74 -0.9987444413059123 
75 0.998744441305911 
76 -0.9987444413059055 
77 0.9987444413059329 
78 -0.9987444413065418 
79 0.9987444413061877 
80 -0.998744441305867 
81 0.9987444413058852 
82 -0.9987444413059118 
83 0.9987444413059116 
84 -0.9987444413059114 
85 0.9987444413059097 
86 -0.9987444413059082 
87 0.9987444413059126 
88 -0.9987444413059112 
89 0.9987444413059109 
90 -0.9987444413059101 
91 0.9987444413059092 
92 -0.9987444413059022 
93 0.9987444413060111 
94 -0.9987444413059516 
95 0.9987444413060048 
96 -0.9987444413058584 
97 0.9987444413058306 
98 -0.9987444413058566 
99 0.9987444413058341 
100 -0.9987444413058965 
101 0.9987444413058955 
102 -0.9987444413060373 
103 0.9987444413059363 
104 -0.998744441304307 
105 0.9987444413081146 
106 -0.9987444413234945 
107 0.9987444412442184 
108 -0.9987444411464884 
109 0.998744442511257 
110 -0.9987444416539469 
111 0.9987444169949419 
112 -0.9987444548866513 
113 0.9987448883493462 
114 -0.9987431101520302 
115 0.9987319030221748 
116 -0.9987260303439126 
117 0.9990367280421103 
