2 1.3633784018256848e-05 
3 -0.0026031756730764202 
4 -4.26140459563794e-05 
5 0.00014813178713365553 
6 7.5165974502688915e-06 
7 -7.576402381565398e-06 
8 -1.2756602368698388e-06 
9 3.41424358339581e-07 
10 1.5121536822771362e-07 
11 3.923508826458778e-09 
12 -1.4242997534040257e-08 
13 -2.9454056728566984e-09 
14 6.47087349963478e-10 
15 5.057762787194248e-10 
16 5.496303404606217e-11 
17 -4.9249541415361337e-11 
18 -1.7989233467997546e-11 
19 -6.423561058406052e-13 
20 2.300035129812558e-12 
21 7.306491588168778e-13 
22 -2.293530750618091e-13 
23 -6.017356996556317e-13 
24 -2.695994929231171e-14 
25 -1.1991366151676968e-13 
26 1.8285762755401373e-13 
27 2.278976969768608e-13 
28 7.387827884971935e-15 
29 -1.6883571333070725e-14 
30 7.676717822752258e-14 
31 -7.978517287461361e-14 
32 -2.6045712563057835e-15 
33 1.2458452258730846e-15 
34 1.8841109504205287e-15 
35 -3.4856052582779955e-14 
36 6.887995616246071e-13 
37 1.5225186571814362e-12 
38 -2.739968349657252e-12 
39 -7.31424431698855e-11 
40 4.619781170435455e-11 
41 -3.9928228423565527e-10 
42 -1.9545077456786267e-10 
43 1.7899678968782746e-10 
44 3.1345325841577183e-11 
45 -7.591742843596631e-11 
46 -6.9914951211368955e-12 
47 4.251264931527855e-12 
48 1.4678524538563908e-12 
49 2.8233912600438395e-12 
50 -1.4261200193502124e-12 
51 3.5065054292014603e-13 
52 1.2573372078708699e-12 
53 4.445504561550472e-13 
54 -8.222893496490431e-13 
55 -1.1901300836077285e-13 
56 5.346164821700883e-14 
57 1.8605595635648047e-14 
58 1.7899054028995713e-14 
59 -8.55700389982628e-14 
60 -2.460334882757097e-13 
61 2.1361107900125965e-13 
62 1.8786156268395258e-13 
63 -1.5491317243577678e-12 
64 -4.170165570284305e-13 
65 2.187138794955968e-13 
66 1.245083319734434e-13 
67 -1.848858775358255e-15 
68 -1.0048591735574463e-14 
69 -3.748377594046353e-14 
70 1.6366299771131848e-14 
71 2.6557572830391173e-16 
72 6.33069073861023e-15 
73 2.686406549741971e-16 
74 3.917625868678747e-15 
75 5.6863205895945685e-15 
76 -2.0492844515057454e-14 
77 1.2227063501729291e-15 
78 -8.929041681836154e-15 
79 6.616960667329106e-16 
80 -1.0645171263585147e-16 
81 3.008633923593321e-15 
82 3.142327527976931e-15 
83 1.0797060219354034e-16 
84 2.8093376497716177e-15 
85 -3.374773487191837e-15 
86 -6.870785581295281e-15 
87 3.694568222073772e-15 
88 6.698064228379551e-14 
89 -2.5676610363870223e-13 
90 -1.3496514774865789e-12 
91 2.523217085327657e-12 
92 2.958972696337725e-11 
93 -4.4157177927038436e-11 
94 -1.1680419738289675e-09 
95 -6.337476801011605e-12 
96 3.203714965467343e-12 
97 2.292597246625921e-13 
98 3.9792203350573506e-13 
99 2.756201728744323e-12 
100 1.7017188642795007e-12 
101 -1.894910116773028e-11 
102 -4.919465725099072e-11 
103 5.5286928630993076e-11 
104 5.138074356443945e-10 
105 5.997468471215131e-10 
106 -3.1747568143920887e-09 
107 -1.2969892786488905e-08 
108 1.671077332024076e-09 
109 1.4691798313975941e-07 
110 3.458775045785834e-07 
111 -1.2819231356741016e-06 
112 -7.556018673415821e-06 
113 7.505730304616112e-06 
114 0.00014813942878507075 
115 -4.260562002418494e-05 
116 -0.0026031738400904398 
117 1.3633406249627285e-05 
