2 -0.9959633367799969 
3 0.9958994987443016 
4 -0.9958911156766865 
5 0.9958912797244434 
6 -0.9958913305660387 
7 0.9958913327521765 
8 -0.9958913325831799 
9 0.9958913325586185 
10 -0.9958913325583848 
11 0.9958913325618393 
12 -0.9958913325597856 
13 0.9958913325547962 
14 -0.9958913325533612 
15 0.995891332545979 
16 -0.9958913325517832 
17 0.9958913325578951 
18 -0.9958913325573551 
19 0.9958913325581036 
20 -0.9958913325610352 
21 0.9958913325212908 
22 -0.995891332549905 
23 0.9958913325577153 
24 -0.9958913325612286 
25 0.9958913325648758 
26 -0.9958913325581844 
27 0.9958913325587485 
28 -0.9958913325453874 
29 0.9958913325741 
30 -0.9958913325593324 
31 0.9958913325590956 
32 -0.9958913325561465 
33 0.9958913325526468 
34 -0.995891332558319 
35 0.9958913325584563 
36 -0.9958913325583454 
37 0.9958913325584886 
38 -0.995891332558101 
39 0.9958913325585254 
40 -0.9958913325583897 
41 0.9958913325583602 
42 -0.9958913325577154 
43 0.9958913325588202 
44 -0.9958913325580128 
45 0.9958913325986033 
46 -0.9958913325577847 
47 0.9958913325539025 
48 -0.9958913325609333 
49 0.9958913325584272 
50 -0.995891332558452 
51 0.9958913325584802 
52 -0.9958913325570177 
53 0.995891332556919 
54 -0.9958913325539562 
55 0.9958913325587142 
56 -0.995891332558299 
57 0.9958913325584274 
58 -0.9958913325583032 
59 0.995891332558355 
60 -0.9958913325612644 
61 0.9958913325622056 
62 -0.9958913325572135 
63 0.9958913325621014 
64 -0.9958913325614392 
65 0.9958913325584562 
66 -0.9958913325584058 
67 0.9958913325584089 
68 -0.9958913325585235 
69 0.9958913325584595 
70 -0.9958913325577646 
71 0.9958913325709687 
72 -0.9958913325632474 
73 0.9958913325584416 
74 -0.995891332558783 
75 0.9958913325584353 
76 -0.9958913325584802 
77 0.9958913325589211 
78 -0.9958913325584934 
79 0.9958913325582434 
80 -0.9958913325582686 
81 0.9958913325565784 
82 -0.9958913325890794 
83 0.9958913325523845 
84 -0.995891332568217 
85 0.9958913325511346 
86 -0.9958913325588301 
87 0.995891332549804 
88 -0.9958913325505605 
89 0.99589133255786 
90 -0.9958913325584989 
91 0.9958913325584007 
92 -0.9958913325584142 
93 0.9958913325583806 
94 -0.9958913325583987 
95 0.9958913325587794 
96 -0.995891332558514 
97 0.9958913325575078 
98 -0.9958913325355134 
99 0.9958913325551835 
100 -0.9958913325597644 
101 0.9958913325447082 
102 -0.9958913325574731 
103 0.9958913325585166 
104 -0.9958913325584524 
105 0.9958913325584553 
106 -0.9958913325584213 
107 0.9958913325583698 
108 -0.9958913325588614 
109 0.9958913325584264 
110 -0.9958913325584179 
111 0.9958913325584194 
112 -0.9958913325583817 
113 0.9958913325584259 
114 -0.9958913325584337 
115 0.9958913325582198 
116 -0.9958913325582729 
117 0.9958913325583852 
118 -0.9958913325588555 
119 0.9958913325584221 
120 -0.9958913325585723 
121 0.9958913325570464 
122 -0.995891332557568 
123 0.995891332560361 
124 -0.995891332564275 
125 0.9958913325655983 
126 -0.9958913325581461 
127 0.9958913325577726 
128 -0.9958913325583063 
129 0.9958913325584362 
130 -0.9958913325586332 
131 0.9958913325584144 
132 -0.9958913325584109 
133 0.9958913325583217 
134 -0.9958913325585114 
135 0.9958913325582692 
136 -0.9958913325598969 
137 0.9958913325597083 
138 -0.9958913325584495 
139 0.9958913325583412 
140 -0.9958913325590747 
141 0.9958913325601982 
142 -0.9958913325583931 
143 0.9958913325583811 
144 -0.9958913325585866 
145 0.9958913325574117 
146 -0.9958913325589458 
147 0.99589133255835 
148 -0.9958913325584395 
149 0.9958913325585146 
150 -0.9958913325585326 
151 0.9958913325583257 
152 -0.9958913325578536 
153 0.9958913325696964 
154 -0.9958913325691805 
155 0.9958913325586054 
156 -0.9958913325539225 
157 0.9958913325610145 
158 -0.9958913325668903 
159 0.9958913325571758 
160 -0.9958913325557948 
161 0.9958913325508013 
162 -0.9958913326534518 
163 0.9958913325736508 
164 -0.9958913324200203 
165 0.9958913325261235 
166 -0.9958913325592925 
167 0.9958913325584655 
168 -0.9958913325583703 
169 0.9958913325586985 
170 -0.9958913325586376 
171 0.9958913325584194 
172 -0.9958913325584378 
173 0.9958913325582132 
174 -0.9958913325581062 
175 0.9958913325564649 
176 -0.9958913325773571 
177 0.9958913325605576 
178 -0.9958913325605049 
179 0.9958913325575172 
180 -0.9958913325611487 
181 0.9958913325585729 
182 -0.9958913325586395 
183 0.9958913325517733 
184 -0.9958913325556749 
185 0.995891332558294 
186 -0.9958913325583458 
187 0.9958913325584354 
188 -0.9958913325581413 
189 0.9958913325580163 
190 -0.9958913325591368 
191 0.9958913325748092 
192 -0.995891332752821 
193 0.9958913305499962 
194 -0.9958912797117369 
195 0.9958911156608656 
196 -0.9958994987392723 
197 0.9959633367704438 
