-171.68798665437438 
-171.6879866543742 
-171.68798665437512 
-171.6879866543757 
-171.6879866543765 
-171.68798665437694 
-171.68798665437748 
-171.6879866543781 
-171.68798665437865 
-171.68798665437927 
-171.68798665437959 
-171.6879866543803 
-171.6879866543811 
-171.6879866543817 
-171.6879866543822 
-171.6879866543828 
-171.68798665438297 
-171.68798665438402 
-171.68798665438473 
-171.68798665438536 
-171.68798665438558 
-171.68798665438604 
-171.68798665438646 
-171.68798665438698 
-171.68798665438752 
-171.68798665438868 
-171.68798665438882 
-171.68798665438928 
-171.6879866543901 
-171.68798665439058 
-171.68798665439147 
-171.68798665439184 
-171.68798665439272 
-171.68798665439348 
-171.68798665439388 
-171.68798665439763 
-171.68798665439803 
-171.6879866543987 
-171.6879866543993 
-171.68798665440002 
-171.6879866544002 
-171.68798665440127 
-171.68798665440178 
-171.68798665440235 
-171.68798665440278 
-171.68798665440355 
-171.68798665440403 
-171.68798665440494 
-171.6879866544055 
-171.68798665440667 
-171.6879866544085 
-171.6879866544112 
-171.6879866544164 
-171.68798665442353 
-171.68798665448702 
-171.68798665472855 
-171.68798665473545 
-171.68798665473497 
-171.6879866547334 
-171.68798665473452 
-171.68798665473497 
-171.68798665473463 
-171.6879866547344 
-171.6879866547353 
-171.68798665473548 
-171.68798665473517 
-171.6879866547352 
-171.68798665473514 
-171.68798665473537 
-171.6879866547358 
-171.6879866547358 
-171.68798665473562 
-171.68798665473543 
-171.68798665473562 
-171.68798665473525 
-171.68798665473534 
-171.6879866547352 
-171.68798665473489 
-171.68798665473489 
-171.6879866547351 
-171.68798665473537 
-171.68798665473548 
-171.68798665473523 
-171.68798665473517 
-171.6879866547352 
-171.68798665473497 
-171.68798665473525 
-171.68798665473486 
-171.68798665473443 
-171.68798665473489 
-171.6879866547348 
-171.68798665473466 
-171.68798665473446 
-171.68798665473443 
-171.68798665473432 
-171.68798665473437 
-171.68798665473446 
-171.68798665473463 
-171.68798665473494 
-171.68798665473471 
-171.68798665473466 
-171.6879866547348 
-171.6879866547348 
-171.68798665473494 
-171.68798665473508 
-171.68798665473486 
-171.6879866547351 
-171.68798665473557 
-171.6879866547358 
-171.68798665473585 
-171.68798665473585 
-171.6879866547357 
-171.68798665473588 
-171.68798665473585 
-171.6879866547359 
-171.68798665473594 
-171.68798665473665 
-171.6879866547375 
-171.68798665473815 
-171.68798665473858 
-171.6879866547393 
-171.68798665474 
-171.68798665474074 
-171.6879866547418 
-171.68798665474225 
-171.68798665474282 
-171.68798665474336 
-171.68798665474398 
-171.6879866547444 
-171.68798665474512 
-171.68798665474566 
-171.68798665474608 
-171.6879866547466 
-171.6879866547471 
-171.68798665474785 
-171.6879866547482 
-171.68798665474847 
-171.68798665474972 
-171.68798665475006 
-171.6879866547503 
-171.6879866547505 
-171.68798665475117 
-171.6879866547517 
-171.68798665475236 
-171.68798665475302 
-171.68798665475325 
-171.68798665475404 
-171.68798665475475 
-171.68798665475538 
-171.68798665475592 
-171.68798665475668 
-171.6879866547599 
-171.6879866547602 
-171.68798665476078 
-171.68798665476154 
-171.68798665476203 
-171.68798665476274 
-171.68798665476288 
-171.68798665476402 
-171.68798665476416 
-171.68798665476524 
-171.68798665476567 
-171.68798665476655 
-171.68798665476666 
-171.6879866547673 
-171.68798665476862 
-171.68798665477038 
-171.6879866547735 
-171.68798665477803 
-171.68798665478548 
-171.68798665484874 
-171.6879866550916 
-171.68798665509834 
-171.68798665509968 
-171.68798665509718 
-171.6879866550996 
-171.68798665509797 
-171.68798665510283 
-171.68798665510104 
-171.6879866550977 
-171.68798665509735 
-171.68798665509757 
-171.6879866550975 
-171.6879866550971 
-171.68798665509735 
-171.68798665509692 
-171.68798665509718 
-171.68798665509718 
-171.68798665509712 
-171.68798665509732 
-171.68798665509726 
-171.68798665509715 
-171.68798665509763 
-171.68798665509772 
-171.68798665509746 
-171.6879866550977 
-171.68798665509757 
-171.6879866550977 
-171.68798665509792 
-171.6879866550981 
-171.68798665509792 
-171.68798665509792 
-171.68798665509786 
-171.6879866550981 
-171.68798665509829 
-171.68798665509837 
-171.68798665509811 
-171.68798665509846 
-171.68798665509848 
-171.68798665509894 
-171.6879866550988 
-171.68798665509874 
-171.6879866550987 
-171.68798665509897 
-171.68798665509885 
-171.68798665509885 
-171.68798665509888 
-171.68798665509917 
-171.68798665509914 
-171.6879866550993 
-171.68798665509905 
-171.68798665509937 
-171.68798665509922 
-171.6879866550995 
-171.68798665509937 
-171.68798665509942 
-171.68798665509937 
-171.6879866550994 
-171.6879866550994 
-171.68798665509942 
-171.6879866550993 
-171.68798665509902 
-171.6879866550993 
-171.68798665509937 
-171.68798665509954 
-171.6879866550996 
-171.68798665509945 
-171.68798665509934 
-171.68798665509962 
-171.6879866550997 
-171.6879866550994 
-171.6879866550994 
-171.68798665509937 
-171.68798665509928 
-171.68798665509925 
-171.68798665509925 
-171.68798665509914 
-171.6879866550991 
-171.68798665509925 
-171.6879866550993 
-171.68798665509942 
-171.6879866550996 
-171.68798665509993 
-171.68798665509942 
-171.68798665509996 
-171.68798665509982 
-171.68798665509988 
-171.6879866551002 
-171.68798665510025 
-171.68798665510025 
-171.68798665510045 
-171.68798665510062 
-171.68798665510062 
-171.6879866551004 
-171.68798665510042 
-171.68798665510036 
-171.68798665510116 
-171.68798665510118 
-171.68798665510124 
-171.68798665510118 
-171.68798665510118 
-171.68798665510118 
-171.68798665510135 
-171.68798665510116 
-171.6879866551013 
-171.6879866551016 
-171.6879866551017 
-171.68798665510192 
-171.68798665510204 
-171.68798665510178 
-171.68798665510127 
-171.6879866551011 
-171.68798665510124 
-171.6879866551014 
-171.6879866551015 
-171.68798665510204 
-171.6879866551014 
-171.68798665510417 
-171.68798665510133 
-171.6879866551022 
-171.68798665510047 
-171.68798665510343 
-171.687986655102 
-171.68798665510187 
-171.6879866551007 
-171.68798665510033 
-171.68798665510184 
-171.68798665510178 
-171.68798665510184 
-171.6879866551017 
-171.68798665510116 
-171.6879866551013 
-171.68798665510135 
-171.68798665510135 
-171.6879866551014 
-171.68798665510178 
-171.68798665510118 
-171.68798665510127 
-171.68798665510124 
-171.68798665510195 
-171.68798665510118 
-171.68798665510096 
-171.687986655101 
-171.68798665510093 
-171.68798665510096 
-171.68798665510081 
-171.6879866551002 
-171.68798665510025 
-171.68798665510036 
-171.6879866551008 
-171.68798665510047 
-171.68798665509982 
-171.68798665510013 
-171.6879866550996 
-171.6879866550994 
-171.68798665509948 
-171.6879866550997 
-171.68798665509954 
-171.68798665509973 
-171.68798665509968 
-171.68798665509954 
-171.68798665509954 
-171.68798665509934 
-171.68798665509973 
-171.68798665509934 
-171.68798665509948 
-171.68798665509942 
-171.68798665509962 
-171.6879866550993 
-171.6879866550992 
-171.68798665509925 
-171.68798665509965 
-171.68798665509934 
-171.68798665509934 
-171.6879866550994 
-171.68798665509948 
-171.68798665509965 
-171.6879866550995 
-171.6879866550998 
-171.68798665509976 
-171.68798665509976 
-171.68798665509942 
-171.68798665509945 
-171.68798665509937 
-171.68798665509937 
-171.6879866550995 
-171.68798665509976 
-171.6879866550998 
-171.68798665509985 
-171.68798665509985 
-171.68798665510008 
-171.68798665510002 
-171.6879866551 
-171.68798665510025 
-171.6879866550998 
-171.68798665510008 
-171.68798665510027 
-171.6879866551003 
-171.68798665510013 
-171.68798665510025 
-171.68798665510025 
-171.6879866551001 
-171.68798665509996 
-171.68798665510005 
-171.68798665510002 
-171.68798665510022 
-171.68798665510027 
-171.6879866551003 
-171.68798665510008 
-171.68798665509985 
-171.6879866551001 
-171.68798665510013 
-171.68798665510008 
-171.68798665509988 
-171.68798665509988 
-171.68798665509982 
-171.68798665509962 
-171.68798665509937 
-171.6879866550991 
-171.68798665509928 
-171.68798665509925 
-171.68798665509917 
-171.6879866550992 
-171.68798665509962 
-171.68798665510025 
-171.68798665510025 
-171.6879866551003 
-171.6879866551002 
-171.68798665510047 
-171.68798665510064 
-171.68798665510008 
-171.68798665509976 
-171.6879866551045 
-171.6879866550999 
-171.687986655101 
-171.68798665510127 
-171.68798665509942 
