-76.86242537364474 
-76.87277312453222 
-76.88019814173542 
-76.88186587140562 
-76.88230275309587 
-76.883210003364 
-76.88321182272728 
-76.8832118227272 
-76.88321182272693 
-76.88321182272702 
-76.88321182272713 
-76.883211822805 
-76.88321574368572 
-76.88322107389091 
-76.8832296448554 
-76.88322964485528 
-76.88359315375811 
-76.92956270376345 
-76.96782775404454 
-76.9771632895919 
-76.97881420054023 
-76.9850893868708 
-76.98523552882071 
-76.98523552882061 
-76.9852355288207 
-76.98523552882094 
-76.98523552882081 
-76.98523552950452 
-76.98525031160064 
-76.98526885801869 
-76.98529454677917 
-76.98534395944817 
-76.98538261447003 
-76.98541798971408 
-76.98541855697654 
-76.98541875809308 
-76.98541875809471 
-76.98541875809448 
-76.98541875809457 
-76.98541875809478 
-76.98541875809454 
-76.98541875809461 
-76.9854187580946 
-76.98541875809467 
-76.9854187580946 
-76.9854187580946 
-76.98541875822622 
-76.98541875822627 
-76.98541893308894 
-76.9854190803614 
-76.98541921217942 
-76.98541932866803 
-76.98541932867879 
-76.9854193286788 
-76.98541932867907 
-76.98541932867923 
-76.98541932867893 
-76.98541932867923 
-76.9854193286789 
-76.98541932867877 
-76.985419328679 
-76.98541932867899 
-76.98541932891062 
-76.98541932931 
-76.9854193296824 
-76.98541933002609 
-76.98541933002589 
-76.98541933002585 
-76.98541933002636 
-76.98541933002434 
-76.98541933002471 
-76.98541933002414 
-76.98541933002411 
-76.98541933002517 
-76.98541933002419 
-76.9854193300243 
-76.98541933002586 
-76.98541933002593 
-76.98541933002593 
-76.9854193300258 
-76.98541933002603 
-76.98541933002623 
-76.98541933002636 
-76.98541933002625 
-76.98541933002619 
-76.98541933002646 
-76.98541933002633 
-76.98541933002632 
-76.98541933002623 
-76.98541933002639 
-76.98541933002626 
-76.98541933002646 
-76.98541933002612 
-76.98541933002609 
-76.98541933002605 
-76.98541933002612 
-76.98541933002606 
-76.9854193300263 
-76.98541933002619 
-76.98541933002606 
-76.98541933002605 
-76.98541933002619 
-76.9854193300261 
-76.98541933002626 
-76.98541933002623 
-76.98541933002632 
-76.98541933002622 
-76.98541933002669 
-76.98541933002613 
-76.98541933002635 
-76.98541933002602 
-76.98541933002612 
-76.9854193300261 
-76.98541933002637 
-76.98541933002615 
-76.98541933002616 
-76.98541933002664 
-76.98541933002656 
-76.9854193300263 
-76.98541933002628 
-76.9854193300262 
