-170.87423737233996 
-170.87423737233993 
-170.87423737234087 
-170.8742373723417 
-170.87423737234263 
-170.87423737234357 
-170.8742373723446 
-170.8742373723456 
-170.87423737234664 
-170.87423737234727 
-170.8742373723488 
-170.87423737234946 
-170.87423737235025 
-170.8742373723513 
-170.87423737235235 
-170.8742373723534 
-170.87423737235423 
-170.87423737235517 
-170.87423737235613 
-170.87423737235702 
-170.8742373723582 
-170.87423737235977 
-170.8742373723604 
-170.87423737236122 
-170.8742373723618 
-170.87423737236307 
-170.8742373723642 
-170.87423737236503 
-170.87423737236603 
-170.8742373723677 
-170.87423737236793 
-170.87423737236892 
-170.87423737236978 
-170.87423737237071 
-170.87423737237154 
-170.87423737237236 
-170.87423737237273 
-170.8742373723738 
-170.87423737237484 
-170.8742373723756 
-170.87423737237674 
-170.87423737237773 
-170.87423737237845 
-170.87423737237938 
-170.8742373723805 
-170.87423737238151 
-170.87423737238427 
-170.87423737238834 
-170.8742373723934 
-170.8742373724002 
-170.87423737240732 
-170.87423737242284 
-170.874237372453 
-170.874237372556 
-170.8742373727928 
-170.8742373735743 
-170.87423737358213 
-170.87423737358228 
-170.87423737358193 
-170.87423737358228 
-170.87423737358216 
-170.87423737358193 
-170.87423737358296 
-170.87423737358313 
-170.87423737358208 
-170.8742373735821 
-170.8742373735824 
-170.87423737358225 
-170.87423737358182 
-170.87423737358176 
-170.87423737358188 
-170.8742373735818 
-170.87423737358208 
-170.87423737358196 
-170.874237373582 
-170.8742373735821 
-170.87423737358225 
-170.87423737358222 
-170.87423737358208 
-170.87423737358205 
-170.87423737358262 
-170.8742373735823 
-170.8742373735825 
-170.87423737358247 
-170.8742373735824 
-170.87423737358225 
-170.87423737358233 
-170.87423737358236 
-170.87423737358228 
-170.87423737358208 
-170.87423737358216 
-170.87423737358213 
-170.87423737358193 
-170.87423737358185 
-170.87423737358205 
-170.87423737358168 
-170.87423737358208 
-170.87423737358182 
-170.87423737358156 
-170.87423737358134 
-170.87423737358145 
-170.87423737358145 
-170.87423737358156 
-170.87423737358134 
-170.87423737358134 
-170.87423737358142 
-170.87423737358125 
-170.87423737358125 
-170.87423737358134 
-170.87423737358117 
-170.87423737358114 
-170.87423737358105 
-170.87423737358125 
-170.87423737358117 
-170.87423737358117 
-170.87423737358117 
-170.87423737358245 
-170.87423737358347 
-170.87423737358415 
-170.87423737358492 
-170.87423737358563 
-170.87423737358657 
-170.8742373735875 
-170.8742373735885 
-170.8742373735891 
-170.87423737359006 
-170.87423737359097 
-170.87423737359188 
-170.8742373735935 
-170.87423737359399 
-170.8742373735948 
-170.87423737359606 
-170.87423737359683 
-170.87423737359768 
-170.8742373735992 
-170.87423737359856 
-170.87423737359964 
-170.87423737360047 
-170.87423737360157 
-170.87423737360214 
-170.87423737360308 
-170.87423737360425 
-170.87423737360527 
-170.8742373736063 
-170.87423737360706 
-170.8742373736078 
-170.87423737360874 
-170.87423737360956 
-170.8742373736112 
-170.8742373736121 
-170.87423737361297 
-170.87423737361414 
-170.87423737361513 
-170.87423737361632 
-170.8742373736171 
-170.874237373618 
-170.87423737361877 
-170.87423737362005 
-170.8742373736207 
-170.87423737362167 
-170.87423737362252 
-170.87423737362406 
-170.87423737362667 
-170.87423737363054 
-170.8742373736354 
-170.87423737364233 
-170.87423737364912 
-170.874237373665 
-170.874237373695 
-170.87423737379825 
-170.87423737403427 
-170.87423737481797 
-170.87423737482467 
-170.87423737482433 
-170.87423737482442 
-170.87423737482487 
-170.87423737482425 
-170.87423737482732 
-170.8742373748244 
-170.87423737482447 
-170.8742373748246 
-170.87423737482487 
-170.87423737482501 
-170.87423737482527 
-170.87423737482501 
-170.8742373748252 
-170.87423737482519 
-170.87423737482536 
-170.8742373748254 
-170.8742373748255 
-170.87423737482567 
-170.87423737482564 
-170.8742373748257 
-170.87423737482538 
-170.87423737482564 
-170.8742373748253 
-170.8742373748252 
-170.87423737482527 
-170.87423737482527 
-170.8742373748251 
-170.87423737482487 
-170.8742373748248 
-170.87423737482496 
-170.87423737482496 
-170.87423737482516 
-170.8742373748249 
-170.87423737482513 
-170.87423737482536 
-170.87423737482501 
-170.87423737482519 
-170.87423737482519 
-170.8742373748251 
-170.8742373748252 
-170.87423737482519 
-170.87423737482604 
-170.87423737482604 
-170.87423737482604 
-170.87423737482618 
-170.87423737482592 
-170.87423737482592 
-170.87423737482584 
-170.87423737482595 
-170.8742373748259 
-170.87423737482624 
-170.8742373748259 
-170.87423737482615 
-170.8742373748263 
-170.87423737482612 
-170.87423737482635 
-170.87423737482632 
-170.87423737482632 
-170.87423737482632 
-170.87423737482646 
-170.8742373748264 
-170.87423737482638 
-170.8742373748265 
-170.8742373748268 
-170.87423737482663 
-170.87423737482692 
-170.87423737482698 
-170.8742373748268 
-170.87423737482692 
-170.87423737482678 
-170.87423737482678 
-170.87423737482698 
-170.8742373748268 
-170.8742373748269 
-170.8742373748269 
-170.87423737482698 
-170.87423737482686 
-170.87423737482695 
-170.87423737482726 
-170.87423737482732 
-170.87423737482717 
-170.8742373748272 
-170.87423737482746 
-170.8742373748277 
-170.87423737482783 
-170.87423737482794 
-170.87423737482783 
-170.87423737482766 
-170.87423737482777 
-170.87423737482777 
-170.8742373748278 
-170.8742373748279 
-170.87423737482786 
-170.8742373748279 
-170.87423737482808 
-170.87423737482814 
-170.87423737482783 
-170.8742373748278 
-170.87423737482774 
-170.87423737482797 
-170.87423737482789 
-170.87423737482771 
-170.87423737482754 
-170.87423737482771 
-170.87423737482783 
-170.87423737482789 
-170.87423737482774 
-170.8742373748281 
-170.87423737482828 
-170.87423737482797 
-170.87423737482823 
-170.87423737482823 
-170.87423737482814 
-170.87423737482814 
-170.87423737482837 
-170.87423737482865 
-170.87423737483218 
-170.8742373748281 
-170.87423737482888 
-170.87423737482868 
-170.87423737482905 
-170.87423737482914 
-170.87423737482817 
-170.8742373748284 
-170.8742373748283 
-170.87423737482834 
-170.87423737482848 
-170.87423737482837 
-170.87423737482803 
-170.87423737482814 
-170.87423737482823 
-170.87423737482797 
-170.87423737482814 
-170.87423737482806 
-170.8742373748281 
-170.87423737482803 
-170.87423737482794 
-170.87423737482794 
-170.8742373748281 
-170.87423737482808 
-170.87423737482789 
-170.87423737482797 
-170.87423737482777 
-170.87423737482786 
-170.87423737482786 
-170.8742373748278 
-170.87423737482789 
-170.87423737482777 
-170.87423737482797 
-170.874237374828 
-170.87423737482794 
-170.87423737482774 
-170.8742373748279 
-170.87423737482746 
-170.87423737482754 
-170.87423737482752 
-170.87423737482763 
-170.87423737482757 
-170.87423737482752 
-170.87423737482752 
-170.87423737482763 
-170.8742373748278 
-170.87423737482786 
-170.87423737482774 
-170.87423737482763 
-170.8742373748276 
-170.87423737482757 
-170.8742373748275 
-170.87423737482754 
-170.87423737482774 
-170.87423737482743 
-170.87423737482743 
-170.8742373748275 
-170.87423737482746 
-170.87423737482737 
-170.8742373748272 
-170.87423737482737 
-170.8742373748273 
-170.8742373748273 
-170.87423737482735 
-170.87423737482726 
-170.8742373748273 
-170.8742373748272 
-170.87423737482706 
-170.87423737482726 
-170.87423737482723 
-170.87423737482715 
-170.87423737482726 
-170.87423737482717 
-170.87423737482735 
-170.87423737482746 
-170.87423737482717 
-170.87423737482726 
-170.87423737482715 
-170.87423737482726 
-170.87423737482726 
-170.87423737482712 
-170.87423737482723 
-170.8742373748271 
-170.87423737482695 
-170.87423737482698 
-170.87423737482703 
-170.87423737482698 
-170.87423737482692 
-170.87423737482706 
-170.8742373748269 
-170.8742373748268 
-170.87423737482675 
-170.87423737482666 
-170.87423737482655 
-170.87423737482658 
-170.87423737482658 
-170.8742373748267 
-170.8742373748267 
-170.87423737482672 
-170.87423737482686 
-170.87423737482706 
-170.87423737482663 
-170.87423737482683 
-170.87423737482672 
-170.87423737482695 
-170.8742373748269 
-170.8742373748269 
-170.87423737482666 
-170.8742373748266 
-170.87423737482635 
-170.874237374826 
-170.87423737482612 
-170.87423737482567 
-170.87423737482612 
-170.87423737482544 
-170.87423737482524 
-170.87423737482496 
-170.87423737482473 
