-170.86122301895665 
-170.86122301895756 
-170.86122301895654 
-170.86122301895654 
-170.86122301895645 
-170.86122301895645 
-170.86122301895654 
-170.8612230189567 
-170.86122301895696 
-170.8612230189568 
-170.86122301895696 
-170.86122301895685 
-170.86122301895682 
-170.86122301895665 
-170.86122301895674 
-170.86122301895688 
-170.86122301895676 
-170.86122301895665 
-170.8612230189569 
-170.86122301895787 
-170.86122301895728 
-170.86122301895702 
-170.86122301895747 
-170.8612230189571 
-170.86122301895716 
-170.86122301895713 
-170.861223018957 
-170.8612230189573 
-170.86122301895722 
-170.86122301895733 
-170.86122301895782 
-170.86122301895827 
-170.86122301895767 
-170.86122301895807 
-170.86122301895844 
-170.8612230189583 
-170.86122301895813 
-170.8612230189587 
-170.8612230189588 
-170.86122301895875 
-170.86122301895904 
-170.86122301895932 
-170.86122301895958 
-170.8612230189594 
-170.86122301895918 
-170.86122301896 
-170.86122301895935 
-170.86122301895944 
-170.8612230189595 
-170.8612230189595 
-170.86122301895958 
-170.8612230189597 
-170.86122301895958 
-170.86122301895958 
-170.86122301895963 
-170.86122301896188 
-170.8612230189625 
-170.86122301896253 
-170.86122301896208 
-170.86122301896373 
-170.86122301896282 
-170.86122301896316 
-170.86122301896265 
-170.86122301896384 
-170.8612230189638 
-170.86122301896407 
-170.86122301896464 
-170.86122301896373 
-170.86122301896376 
-170.86122301896367 
-170.8612230189635 
-170.861223018964 
-170.86122301896322 
-170.8612230189631 
-170.8612230189633 
-170.8612230189633 
-170.86122301896287 
-170.86122301896296 
-170.86122301896273 
-170.8612230189626 
-170.86122301896248 
-170.8612230189621 
-170.86122301896185 
-170.86122301896214 
-170.8612230189616 
-170.86122301896168 
-170.86122301896165 
-170.86122301896245 
-170.86122301896182 
-170.8612230189621 
-170.8612230189622 
-170.86122301896225 
-170.861223018962 
-170.86122301896248 
-170.8612230189622 
-170.86122301896248 
-170.86122301896248 
-170.86122301896208 
-170.86122301896177 
-170.8612230189618 
-170.86122301896185 
-170.86122301896188 
-170.86122301896185 
-170.86122301896208 
-170.86122301896174 
-170.86122301896165 
-170.86122301896148 
-170.86122301896125 
-170.86122301896106 
-170.8612230189611 
-170.8612230189608 
-170.8612230189604 
-170.86122301896057 
-170.86122301896057 
-170.86122301896046 
-170.86122301896032 
-170.86122301896037 
-170.86122301896023 
-170.86122301896023 
-170.86122301896089 
-170.86122301895958 
-170.86122301896012 
-170.86122301895963 
-170.86122301896023 
-170.8612230189596 
-170.86122301895955 
-170.8612230189599 
-170.86122301896 
-170.86122301895992 
-170.86122301896023 
-170.86122301896057 
-170.8612230189605 
-170.86122301896083 
-170.86122301896066 
-170.86122301896103 
-170.86122301896086 
-170.86122301896074 
-170.86122301896077 
-170.86122301896137 
-170.86122301896125 
-170.8612230189618 
-170.86122301896143 
-170.8612230189625 
-170.86122301896185 
-170.86122301896205 
-170.86122301896202 
-170.86122301896194 
-170.86122301896182 
-170.8612230189622 
-170.8612230189622 
-170.86122301896242 
-170.86122301896245 
-170.8612230189628 
-170.86122301896327 
-170.861223018963 
-170.86122301896293 
-170.8612230189632 
-170.86122301896305 
-170.8612230189631 
-170.8612230189633 
-170.86122301896376 
-170.86122301896341 
-170.86122301896347 
-170.8612230189633 
-170.86122301896344 
-170.86122301896378 
-170.86122301896378 
-170.86122301896384 
-170.86122301896398 
-170.86122301896407 
-170.86122301896444 
-170.86122301896734 
-170.86122301896836 
-170.86122301896802 
-170.86122301896694 
-170.861223018967 
-170.8612230189676 
-170.86122301896745 
-170.8612230189672 
-170.86122301896793 
-170.86122301896765 
-170.86122301896745 
-170.86122301896785 
-170.86122301896737 
-170.86122301896725 
-170.86122301896737 
-170.86122301896762 
-170.86122301896734 
-170.8612230189678 
-170.86122301896737 
-170.86122301896756 
-170.86122301896756 
-170.86122301896768 
-170.86122301896737 
-170.86122301896756 
-170.86122301896765 
-170.86122301896722 
-170.861223018967 
-170.86122301896737 
-170.86122301896694 
-170.8612230189667 
-170.86122301896623 
-170.8612230189663 
-170.86122301896634 
-170.86122301896657 
-170.8612230189665 
-170.86122301896648 
-170.86122301896629 
-170.8612230189665 
-170.8612230189663 
-170.86122301896603 
-170.861223018966 
-170.861223018966 
-170.86122301896577 
-170.86122301896634 
-170.8612230189657 
-170.8612230189652 
-170.86122301896523 
-170.8612230189649 
-170.86122301896478 
-170.86122301896464 
-170.8612230189647 
-170.8612230189647 
-170.8612230189646 
-170.86122301896464 
-170.861223018965 
-170.86122301896407 
-170.86122301896393 
-170.86122301896398 
-170.8612230189642 
-170.86122301896378 
-170.86122301896435 
-170.8612230189637 
-170.86122301896378 
-170.86122301896347 
-170.86122301896347 
-170.86122301896353 
-170.86122301896364 
-170.86122301896376 
-170.8612230189633 
-170.86122301896322 
-170.86122301896313 
-170.86122301896336 
-170.8612230189635 
-170.86122301896344 
-170.86122301896327 
-170.86122301896324 
-170.86122301896344 
-170.86122301896347 
-170.86122301896347 
-170.86122301896353 
-170.86122301896418 
-170.86122301896415 
-170.86122301896432 
-170.86122301896432 
-170.861223018964 
-170.861223018964 
-170.86122301896398 
-170.86122301896418 
-170.86122301896435 
-170.86122301896435 
-170.8612230189649 
-170.86122301896424 
-170.86122301896432 
-170.8612230189642 
-170.8612230189639 
-170.8612230189636 
-170.86122301896364 
-170.86122301896407 
-170.8612230189641 
-170.8612230189642 
-170.8612230189639 
-170.86122301896413 
-170.86122301896387 
-170.86122301896413 
-170.86122301896415 
-170.8612230189636 
-170.86122301896356 
-170.86122301896398 
-170.86122301896373 
-170.8612230189641 
-170.86122301896367 
-170.86122301896384 
-170.86122301896373 
-170.86122301896393 
-170.86122301896367 
-170.86122301897322 
-170.86122301896273 
-170.86122301896322 
-170.8612230189629 
-170.86122301896293 
-170.86122301896464 
-170.86122301896316 
-170.86122301896378 
-170.86122301896302 
-170.86122301896353 
-170.86122301896344 
-170.8612230189637 
-170.86122301896344 
-170.86122301896359 
-170.8612230189637 
-170.86122301896359 
-170.86122301896384 
-170.86122301896367 
-170.8612230189637 
-170.86122301896435 
-170.86122301896384 
-170.8612230189642 
-170.86122301896413 
-170.86122301896418 
-170.8612230189642 
-170.86122301896452 
-170.86122301896444 
-170.8612230189645 
-170.86122301896478 
-170.86122301896503 
-170.8612230189653 
-170.8612230189655 
-170.861223018965 
-170.86122301896563 
-170.8612230189658 
-170.86122301896566 
-170.86122301896563 
-170.8612230189656 
-170.8612230189657 
-170.86122301896577 
-170.8612230189655 
-170.8612230189655 
-170.8612230189655 
-170.86122301896563 
-170.8612230189655 
-170.86122301896546 
-170.86122301896552 
-170.86122301896552 
-170.8612230189654 
-170.86122301896552 
-170.8612230189656 
-170.86122301896546 
-170.86122301896563 
-170.86122301896572 
-170.8612230189656 
-170.86122301896594 
-170.8612230189666 
-170.86122301896643 
-170.86122301896688 
-170.86122301896634 
-170.8612230189664 
-170.86122301896663 
-170.8612230189664 
-170.8612230189665 
-170.8612230189665 
-170.8612230189665 
-170.8612230189667 
-170.86122301896646 
-170.86122301896663 
-170.86122301896725 
-170.86122301896748 
-170.86122301896725 
-170.8612230189667 
-170.86122301896654 
-170.8612230189668 
-170.8612230189665 
-170.86122301896663 
-170.86122301896665 
-170.8612230189664 
-170.8612230189671 
-170.86122301896694 
-170.86122301896694 
-170.86122301896694 
-170.86122301896697 
-170.861223018967 
-170.8612230189672 
-170.8612230189673 
-170.8612230189672 
-170.86122301896742 
-170.86122301896722 
-170.86122301896697 
-170.86122301896717 
-170.86122301896688 
-170.86122301896725 
-170.86122301896722 
-170.86122301896748 
-170.86122301896756 
-170.86122301896782 
-170.86122301896762 
-170.86122301896773 
-170.86122301896788 
-170.86122301896768 
-170.86122301896768 
-170.8612230189678 
-170.86122301896754 
-170.86122301896765 
-170.8612230189679 
-170.86122301896805 
-170.8612230189678 
-170.86122301896762 
-170.86122301896722 
-170.86122301896737 
-170.86122301896717 
-170.86122301896717 
-170.86122301896765 
-170.86122301896725 
-170.8612230189674 
-170.86122301896887 
-170.86122301896822 
-170.8612230189674 
-170.86122301896737 
