2 3 0.01438278657931551 
3 4 0.017621605968079112 
4 5 0.018857397499083512 
5 6 0.018976348532178562 
6 7 0.018767855496934233 
7 8 0.018573617446391844 
8 9 0.01848021090419387 
9 10 0.018460474411163903 
10 11 0.018470269788931685 
11 12 0.018482816227465924 
12 13 0.018489483503195524 
13 14 0.01849102274178215 
14 15 0.018490343948427017 
15 16 0.01848943136730908 
16 17 0.018488955983716315 
17 18 0.018488864832456767 
18 19 0.018488930373835498 
19 20 0.01848900152321617 
20 21 0.01848903301697767 
21 22 0.018489034971020456 
22 23 0.018489027408676976 
23 24 0.01848902162086948 
24 25 0.018489019806310444 
25 26 0.018489020240153538 
26 27 0.01848902107085589 
27 28 0.018489021511931658 
28 29 0.018489021564960594 
29 30 0.01848902146712977 
30 31 0.01848902138333289 
31 32 0.018489021356034984 
32 33 0.01848902136377921 
33 34 0.0184890213780406 
34 35 0.018489021385687695 
35 36 0.018489021386441873 
36 37 0.01848902138443815 
37 38 0.018489021382728864 
38 39 0.018489021382162532 
39 40 0.01848902138233623 
40 41 0.01848902138267888 
41 42 0.01848902138288336 
42 43 0.018489021382922317 
43 44 0.018489021382881537 
44 45 0.018489021382843102 
45 46 0.01848902138284259 
46 47 0.018489021382839272 
47 48 0.018489021382829297 
48 49 0.018489021382839255 
49 50 0.018489021382865872 
50 51 0.018489021382928895 
51 52 0.018489021382929235 
52 53 0.01848902138286225 
53 54 0.018489021382798954 
54 55 0.018489021382782387 
55 56 0.018489021382841996 
56 57 0.018489021382918133 
57 58 0.01848902138291802 
58 59 0.018489021382871482 
59 60 0.018489021382824 
60 61 0.018489021382831844 
61 62 0.018489021382874237 
62 63 0.01848902138290441 
63 64 0.01848902138289382 
64 65 0.018489021382871264 
65 66 0.01848902138287223 
66 67 0.01848902138278333 
67 68 0.018489021382075803 
68 69 0.018489021381283974 
69 70 0.01848902138320546 
70 71 0.018489021384588977 
71 72 0.018489021442383072 
72 73 0.01848902135459834 
73 74 0.018489021358763173 
74 75 0.018489021338299154 
75 76 0.01848902130017346 
76 77 0.018489021280358436 
77 78 0.018489021376529254 
78 79 0.018489021598973525 
79 80 0.018489021708350428 
80 81 0.018489020926993675 
81 82 0.01848902013661197 
82 83 0.018489019082252672 
83 84 0.01848902103237023 
84 85 0.018489024092278095 
85 86 0.01848902543440288 
86 87 0.018489023417597426 
87 88 0.01848902150823935 
88 89 0.01848902001393333 
89 90 0.018489020591805565 
90 91 0.01848902096978863 
91 92 0.018489021128171915 
92 93 0.018489020492571926 
93 94 0.018489019849935954 
94 95 0.018489021469612527 
95 96 0.018489019380684733 
96 97 0.018489016960027443 
97 98 0.018489029741858905 
98 99 0.018489032767604385 
99 100 0.018489006796934215 
100 101 0.018488936427788125 
101 102 0.018488869932682138 
102 103 0.018488957410602885 
103 104 0.018489430176392437 
104 105 0.01849034622681945 
105 106 0.018491030697875048 
106 107 0.018489492514496927 
107 108 0.018482815504317806 
108 109 0.018470267703452583 
109 110 0.018460473469887894 
110 111 0.018480211922270576 
111 112 0.01857361878702276 
112 113 0.018767856542913363 
113 114 0.018976349456439813 
114 115 0.01885739846383117 
115 116 0.017621606834517037 
116 117 0.01438278712244023 
117 118 0.009609161676651892 
