0.0 
41.34787925331678 
38.78173432123865 
37.12823713147561 
33.938273321421924 
32.198575919719005 
29.667666706014884 
28.044546880829113 
24.532476810971062 
23.232104595532245 
19.645513283788592 
18.370450287238235 
14.61848328690889 
13.350988768503278 
9.373846093415427 
8.156915641537111 
4.292101304145929 
3.043302301437431 
-0.8989430451336791 
-2.1209427645631074 
-6.041319654734256 
-7.2733299630645885 
-11.19799305886521 
-12.427178848670792 
-16.356626715589424 
-17.585404066609083 
-21.509453277343397 
-22.73951879203933 
-26.667335900365345 
-27.896308203767074 
-31.822201155397224 
-33.05181443711191 
-36.978410698747375 
-38.20774126820519 
-42.13425597345043 
-43.36366057465995 
-47.290042212594436 
-48.519461831406176 
-52.4459946633127 
-53.67537774735546 
-57.60180730392895 
-58.83122053134359 
-62.75770250337112 
-63.987098140132225 
-67.9135615354485 
-69.14296476918317 
-73.069429986379 
-74.29883131636582 
-78.22530040951843 
-79.45470125449991 
-83.3811661201983 
-84.6105679997233 
-88.53703570798692 
-89.76643675207366 
-93.69290303806262 
-94.92230456287633 
-98.84877134110884 
-100.07817266173556 
-104.00463940187419 
-105.23404077125677 
-109.16050739906319 
-110.3899087837705 
-114.31637552966666 
-115.54577688512445 
-119.47224355284271 
-120.70164493143453 
-124.62811163771929 
-125.85751300318077 
-129.78397969644945 
-131.01338106739271 
-134.93984776137978 
-136.1692491310816 
-140.09571582831316 
-141.3251171975397 
-145.25158389147575 
-146.48098526152776 
-150.4074519576126 
-151.63685332702457 
-155.56332002206446 
-156.79272139183493 
-160.7191880872182 
-161.9485894568417 
-165.87505615221417 
-167.10445752186914 
-171.0309242171484 
-172.26032558681786 
-176.18679228218906 
-177.41619365183524 
-181.34266034714736 
-182.57206171681136 
-186.49852841215161 
-187.7279297818055 
-191.65439647713552 
-192.8837978467902 
-196.81026454209598 
-198.03966591169322 
-201.96613260654368 
-203.19553397506255 
-207.12200066122284 
-208.35140200929717 
-212.2778685306722 
-213.50726949102182 
-217.43373288720636 
-218.6631264956814 
-222.58953062976303 
-223.81878486686014 
-227.74406542425015 
-228.97068310860365 
-232.8746833502833 
-234.05334939948966 
-237.56153318099928 
-238.51913750076616 
-239.58960755748367 
-242.66259548894917 
-244.1406959146512 
-247.99551735873973 
-248.83016866529897 
-248.96227951155845 
-249.38701582633342 
-249.45594925857355 
-249.86411145964044 
-249.9251509869988 
-249.95470559323235 
-250.00252802245146 
-250.0229032925588 
-250.06929460479242 
-250.08815836625382 
-250.13301923828692 
-250.15059619448033 
-250.19589524727994 
-250.2136613220444 
-250.25866186807542 
-250.2763208635968 
-250.32139113542624 
-250.33904890080086 
-250.38409998190554 
-250.40175457898016 
-250.44680772000095 
-250.46445872377512 
-250.50951229803215 
-250.52716433375585 
-250.5722171367342 
-250.58986870912523 
-250.63492177488106 
-250.6525734924957 
-250.69762643211337 
-250.71527811886787 
-250.76033108802713 
-250.77798277670288 
-250.823035738342 
-250.84068742824493 
-250.88574039006727 
-250.9033920784878 
-250.94844504068936 
-250.96609672975626 
-251.011149691709 
-251.02880138054104 
-251.07385434221544 
-251.09150603107236 
-251.13655899353665 
-251.15421068259914 
-251.1992636437845 
-251.21691533228972 
-251.26196829473375 
-251.2796199842758 
-251.3246729470326 
-251.34232463516395 
-251.38737759275455 
-251.40502928188775 
-251.4500822546946 
-251.46773394535023 
-251.51278688741576 
-251.53043856996086 
-251.57549155829233 
-251.5931432613064 
-251.63819620599935 
-251.65584787150667 
-251.70090080010587 
-251.71855251575025 
-251.76360563964946 
-251.781257321906 
-251.82630988475685 
-251.84396150583848 
-251.8890151862738 
-251.90666711049604 
-251.95171913504913 
-251.96937030842486 
-252.01442383741198 
-252.03207636800153 
-252.07713065392946 
-252.09478140412713 
-252.13982832238028 
-252.15748017450895 
-252.20254776438605 
-252.22020205302528 
-252.26522904337628 
-252.2828720169227 
-252.32795822351846 
-252.34562873619984 
-252.39066334614478 
-252.40828480275704 
-252.45328581975247 
-252.47097051515627 
-252.51624972299288 
-252.53389838594646 
-252.57841779598053 
-252.59597085003742 
-252.6419695170277 
-252.65994581252727 
-252.70384014573034 
-252.72082887822225 
-252.76654764048914 
-252.78534603064375 
-252.8326748844184 
-252.8494171970139 
-252.8869387146471 
-252.90476491163645 
-252.97175843898114 
-252.99439059813193 
-253.0159574251396 
-253.0234568422181 
-253.12255497706676 
-253.17720166098005 
-253.33414700007197 
-253.35035276670877 
-253.61502814024055 
-253.65659505870823 
-254.31929590761328 
-254.36027302468685 
-254.74466349524582 
-254.74468095661368 
-254.74468095661382 
-256.86219547620675 
-257.08182502219955 
-257.1140388888478 
-257.12588881731125 
-257.1372305907217 
-257.14719243212795 
-257.15080632709424 
-257.15773533177725 
-257.15947297144163 
-257.1627316460055 
-257.16490413854245 
-257.1659558600582 
-257.1669620013624 
-257.1679709059685 
-257.1687164375447 
-257.1692659420458 
-257.1698213968695 
-257.17031244321157 
-257.1708420338561 
-257.17131575092185 
-257.17182695557307 
-257.1722706984976 
-257.1727749673765 
-257.17322901958056 
-257.1737363752172 
-257.174182156466 
-257.17468554424426 
-257.1751335927086 
-257.1756388956814 
-257.1760865747346 
-257.17659089428565 
-257.1770380235585 
-257.1775425550463 
-257.17799025240714 
-257.17849483440824 
-257.1789421358972 
-257.17944659109213 
-257.1798940879723 
-257.1803986447721 
-257.1808460727145 
-257.1813505702001 
-257.1817980036118 
-257.1823025263216 
-257.1827499750805 
-257.18325449158357 
-257.1837019240516 
-257.1842064387689 
-257.1846538820411 
-257.18515840030676 
-257.1856058382538 
-257.1861103536823 
-257.18655779341526 
-257.18706231046355 
-257.18750975009203 
-257.18801426646013 
-257.1884617056449 
-257.1889662221708 
-257.18941366180917 
-257.189918178391 
-257.1903656177322 
-257.1908701342124 
-257.191317573699 
-257.19182209025877 
-257.1922695296981 
-257.19277404621374 
-257.1932214856541 
-257.193726002188 
-257.1941734416419 
-257.194677958172 
-257.19512539761234 
-257.19562991414017 
-257.1960773535889 
-257.1965818701205 
-257.19702930956515 
-257.1975338260933 
-257.1979812655374 
-257.19848578207046 
-257.19893322152353 
-257.19943773805534 
-257.1998851774851 
-257.20038969399883 
-257.20083713351636 
-257.2013416501503 
-257.2017890895815 
-257.20229360582374 
-257.2027410453417 
-257.2032455633326 
-257.2036930036298 
-257.2041975196759 
-257.20464495480456 
-257.20514947937494 
-257.2055969384705 
-257.2061014690601 
-257.206548896298 
-257.2070533712169 
-257.20750105144833 
-257.2080058627515 
-257.20845357770526 
-257.20895776598735 
-257.2094059545954 
-257.2099157482922 
-257.2103662946934 
-257.2108783199873 
-257.2113279418583 
-257.21187739552107 
-257.2124004875612 
-257.2130160184699 
-257.2138204308026 
-257.2145191687843 
-257.21574345851394 
-257.2183035625649 
-257.2249106391799 
-257.2298608908912 
-257.2407581599209 
-257.24085482450886 
-257.2408548245087 
-257.2408548245086 
-257.2408548245086 
-257.24085482450886 
-257.24085483490654 
-257.240974555969 
-257.24120675290084 
-257.24152022195176 
-257.24190324001853 
-257.2424340606423 
-257.24282442815553 
-257.2431599441124 
-257.2434869258356 
-257.2437440871601 
-257.243968528989 
-257.2441193817746 
-257.24426706544415 
-257.2443510334615 
-257.2444212774117 
-257.24448299513955 
-257.2445194499267 
-257.2445576347771 
-257.24458091589855 
-257.2446044363541 
-257.24462123751806 
-257.2446356983329 
-257.2446489916089 
-257.24465960229685 
-257.2446700501966 
-257.24467936611313 
-257.2446885063514 
-257.24469722246243 
-257.24470591483106 
-257.2447143679769 
-257.2447229444894 
-257.24473128314304 
-257.24473982846786 
-257.24474813155564 
-257.2447566627756 
-257.2447649568791 
-257.24477348245506 
-257.2447817742747 
-257.2447902978211 
-257.2447985889424 
-257.2448071119168 
-257.2448154027126 
-257.244823925546 
-257.24483221620807 
-257.24484073899833 
-257.2448490296113 
-257.2448575523836 
-257.2448658429831 
-257.24487436574674 
-257.24488265634267 
-257.2448911791039 
-257.2448994696977 
-257.2449079924581 
-257.24491628305265 
-257.2449248058126 
-257.2449330964061 
-257.24494161916544 
-257.2449499097589 
-257.244958432519 
-257.244966723113 
-257.2449752458711 
-257.24498353646123 
-257.2449920592262 
-257.24500034982765 
-257.24500887257585 
-257.2450171631453 
-257.24502568591987 
-257.2450339765289 
-257.24504249927594 
-257.24505078986664 
-257.2450593126202 
-257.24506760317746 
-257.24507612600695 
-257.2450844167363 
-257.24509293931914 
-257.2451012296386 
-257.2451097527846 
-257.24511804390323 
-257.245126566206 
-257.24513485642177 
-257.24514337983595 
-257.2451516710193 
-257.24516019482536 
-257.2451684879332 
-257.24517701072494 
-257.2451853000462 
-257.24519383778346 
-257.24520214967737 
-257.2452106831167 
-257.2452189980947 
-257.24522760021017 
-257.2452360781825 
-257.2452447901181 
-257.24525355902614 
-257.245262813087 
-257.2452732092608 
-257.2452850157809 
-257.2453000194734 
-257.2453188412448 
-257.24535252793686 
-257.24539999954874 
-257.2454995925372 
-257.2456283464647 
-257.2457471094705 
-257.24589478797094 
-257.2462995685308 
-257.24674813060375 
-257.2473319935712 
-257.247782141899 
-257.2486084581763 
-257.2486161330136 
-257.24861613287345 
-257.24861613287356 
-257.2486161328736 
-257.2486161328735 
-257.24861613287356 
-257.24861613301385 
-257.2486161330416 
-257.24861797645366 
-257.24862136712596 
-257.24862803350544 
-257.2486365130758 
-257.24864926756965 
-257.24866040814055 
-257.2486703846491 
-257.2486808464298 
-257.24869247569376 
-257.24870605103877 
-257.2487183171176 
-257.2487288156745 
-257.2487458885735 
-257.2487563421433 
-257.248768950969 
-257.24877787799784 
-257.24878542531286 
-257.2487925607448 
-257.2487962612963 
-257.24880093139564 
-257.2488030908943 
-257.2488055900041 
-257.24880718373146 
-257.2488083294229 
-257.24880947758044 
-257.24881008144104 
-257.24881076285357 
-257.2488111924375 
-257.24881155105805 
-257.2488118819094 
-257.24881208839867 
-257.24881232252324 
-257.2488124790029 
-257.248812637146 
-257.2488127735763 
-257.2488128924511 
-257.248813011476 
-257.2488131160455 
-257.2488132215597 
-257.248813321306 
-257.2488134199021 
-257.2488135170539 
-257.2488136133896 
-257.2488137090182 
-257.24881380484715 
-257.2488138998886 
-257.2488139955741 
-257.24881409044616 
-257.24881418606543 
-257.2488142809009 
-257.24881437649043 
-257.24881447131696 
-257.2488145668961 
-257.2488146617215 
-257.2488147572977 
-257.24881485212035 
-257.24881494769585 
-257.2488150425177 
-257.2488151380929 
-257.2488152329143 
-257.24881532848934 
-257.24881542331065 
-257.24881551888615 
-257.24881561370836 
-257.248815709285 
-257.2488158041084 
-257.24881589968544 
-257.248815994513 
-257.24881609009714 
-257.2488161849356 
-257.24881628054135 
-257.2488163754106 
-257.2488164710899 
-257.24881656605584 
-257.24881666197086 
-257.24881675732814 
-257.24881685388146 
-257.2488169509655 
-257.24881704976957 
-257.24881715426153 
-257.24881726388895 
-257.2488173971638 
-257.2488175613982 
-257.2488177594143 
-257.24881813498365 
-257.24881848371564 
-257.24881925267283 
-257.24882002594035 
-257.24882116105124 
-257.2488227944012 
-257.2488242443306 
-257.2488272936702 
-257.2488296024216 
-257.24883279149003 
-257.24883680759933 
-257.24884012620504 
-257.24884582242754 
-257.2488505906394 
-257.2488591591153 
-257.2488658766608 
-257.24887388088734 
-257.24888424042575 
-257.2488916138257 
-257.2489030107276 
-257.2489104330089 
-257.2489179693417 
-257.2489213493257 
-257.24892135111406 
-257.248921351683 
-257.24892135153743 
-257.24892135153726 
-257.24892135153704 
-257.248921351537 
-257.2489213515371 
-257.2489213516828 
-257.2489213516397 
-257.2489213515924 
-257.2489213592653 
-257.2489213744811 
-257.24892139985747 
-257.2489214350245 
-257.2489214612738 
-257.2489214905742 
-257.24892151999944 
-257.2489215482229 
-257.2489215847879 
-257.2489216172346 
-257.24892165584737 
-257.24892169475237 
-257.2489217315802 
-257.2489217763777 
-257.24892181637784 
-257.248921871423 
-257.2489219215417 
-257.24892197379006 
-257.2489220337141 
-257.24892208750686 
-257.2489221633929 
-257.24892222815083 
-257.2489223061538 
-257.24892239118304 
-257.24892246699886 
-257.2489225821726 
-257.2489226713902 
-257.2489227622404 
-257.248922838594 
-257.24892290887266 
-257.2489229648455 
-257.24892300108644 
-257.24892303605355 
-257.24892305666555 
-257.24892307528336 
-257.24892308853754 
-257.24892309766807 
-257.2489231060892 
-257.2489231109245 
-257.2489231156931 
-257.2489231186996 
-257.248923121196 
-257.2489231231721 
-257.24892312455137 
-257.2489231257976 
-257.24892312674524 
-257.2489231276116 
-257.2489231284028 
-257.248923129107 
-257.24892312982064 
-257.2489231304963 
-257.24892313119267 
-257.2489231318646 
-257.2489231325553 
-257.2489231332266 
-257.2489231338919 
-257.2489231345393 
-257.24892313520564 
-257.2489231358542 
-257.24892313652373 
-257.24892313720073 
-257.2489231379082 
-257.24892313860386 
-257.2489231393744 
-257.2489231401974 
-257.2489231410732 
-257.24892314221637 
-257.248923143558 
-257.24892314572054 
-257.24892314824933 
-257.2489231521492 
-257.24892315699157 
-257.2489231627096 
-257.2489231710886 
-257.2489231783979 
-257.24892318932183 
-257.248923199463 
-257.2489232125358 
-257.24892322669547 
-257.24892324119594 
-257.2489232607185 
-257.2489232777887 
-257.2489233000203 
-257.2489233211698 
-257.24892334386806 
-257.24892337433795 
-257.2489233981224 
-257.24892343840924 
-257.2489234682577 
-257.2489235072126 
-257.2489235489866 
-257.24892358830067 
-257.2489236406799 
-257.2489236813769 
-257.2489237388437 
-257.2489237863332 
-257.24892381826015 
-257.24892386139794 
-257.24892389575524 
-257.24892392977125 
-257.2489239624095 
-257.24892398958906 
-257.24892402272775 
-257.24892404315216 
-257.24892405573365 
-257.24892405642663 
-257.24892405653446 
-257.24892405663553 
-257.2489240564875 
-257.2489240564876 
-257.24892405648774 
-257.2489240564878 
-257.24892405648774 
-257.24892405663604 
-257.2489240565358 
-257.2489240564875 
-257.24892405669124 
-257.24892405679253 
-257.2489240569338 
-257.2489240571261 
-257.24892405733135 
-257.2489240575974 
-257.2489240578565 
-257.2489240581089 
-257.24892405835215 
-257.24892405853126 
-257.2489240587539 
-257.2489240589836 
-257.2489240591621 
-257.2489240593447 
-257.24892405948 
-257.248924059638 
-257.24892405978215 
-257.2489240598929 
-257.24892406002874 
-257.2489240601685 
-257.2489240603008 
-257.24892406045535 
-257.24892406059297 
-257.24892406078715 
-257.24892406095574 
-257.248924061111 
-257.2489240612991 
-257.24892406149235 
-257.2489240617437 
-257.24892406198154 
-257.2489240622741 
-257.2489240625667 
-257.2489240628584 
-257.248924063245 
-257.24892406358293 
-257.2489240640097 
-257.24892406444013 
-257.248924064876 
-257.24892406544126 
-257.2489240660753 
-257.2489240668796 
-257.2489240678399 
-257.2489240687468 
-257.2489240694883 
-257.2489240700591 
-257.2489240704734 
-257.24892407076754 
-257.24892407099145 
-257.24892407113333 
-257.24892407124474 
-257.24892407132796 
-257.2489240713566 
-257.24892407138094 
-257.2489240714072 
-257.2489240714339 
-257.24892407146405 
-257.2489240714964 
-257.24892407153385 
-257.2489240715582 
-257.2489240716083 
-257.24892407169415 
-257.24892407183785 
-257.24892407201656 
-257.2489240722628 
-257.2489240725043 
-257.2489240729047 
-257.2489240733532 
-257.24892407375734 
-257.248924074409 
-257.24892407495696 
-257.24892407562083 
-257.248924076344 
-257.24892407711053 
-257.24892407802116 
-257.24892407883823 
-257.2489240799309 
-257.2489240808898 
-257.2489240819579 
-257.24892408291925 
-257.2489240836516 
-257.24892408428985 
-257.2489240847586 
-257.24892408516763 
-257.2489240854624 
-257.24892408571617 
-257.24892408595196 
-257.24892408617575 
-257.24892408633565 
-257.2489240864555 
-257.24892408656854 
-257.2489240866834 
-257.24892408677493 
-257.2489240869076 
-257.2489240870553 
-257.24892408720376 
-257.24892408739953 
-257.24892408759234 
-257.24892408781403 
-257.24892408801475 
-257.2489240882289 
-257.24892408846716 
-257.24892408867083 
-257.24892408883437 
-257.24892408896187 
-257.2489240890109 
-257.2489240888045 
-257.248924088852 
-257.2489240889526 
-257.2489240888046 
-257.2489240888048 
-257.24892408880476 
-257.24892408880487 
-257.24892408880487 
-257.24892408895295 
-257.2489240888529 
-257.2489240888054 
-257.24892408901167 
-257.2489240890139 
-257.24892408904105 
-257.24892408907857 
-257.2489240890732 
-257.24892408906146 
-257.2489240890631 
-257.24892408908175 
-257.24892408908994 
-257.2489240890742 
-257.24892408908516 
-257.2489240891173 
-257.24892408910597 
-257.24892408912024 
-257.2489240891075 
-257.2489240891104 
-257.24892408914155 
-257.2489240891469 
-257.24892408916577 
-257.24892408914457 
-257.24892408917 
-257.2489240891698 
-257.2489240891961 
-257.2489240892182 
-257.24892408922364 
-257.2489240892468 
-257.2489240892784 
-257.24892408927764 
-257.2489240892898 
-257.24892408929776 
-257.2489240893073 
-257.24892408932243 
-257.24892408931146 
-257.24892408935347 
-257.2489240893469 
-257.24892408938643 
-257.2489240894304 
-257.24892408944953 
-257.2489240894967 
-257.24892408954287 
-257.2489240895746 
-257.2489240895788 
-257.2489240896129 
-257.2489240896569 
-257.2489240897 
-257.2489240897523 
-257.24892408981924 
-257.2489240899228 
-257.2489240900217 
-257.2489240901214 
-257.2489240901919 
-257.2489240902508 
-257.2489240903108 
-257.2489240904128 
-257.2489240906641 
-257.2489240916135 
-257.3939053038601 
-257.6758028584008 
-257.89854757008726 
-258.0344229269869 
-258.1290205508378 
-258.19550136349727 
-258.24343646543815 
-258.27885329676513 
-258.3027524838927 
-258.31585718336123 
-258.32463336009226 
-258.329666324686 
-258.3327879494854 
-258.33495450977495 
-258.3362347226892 
-258.3372062028223 
-258.337781941159 
-258.3382100310192 
-258.3384941367346 
-258.3386863068841 
-258.3388466308623 
-258.3389515021932 
-258.3390272375242 
-258.3390803432141 
-258.3391243204123 
-258.33915820003676 
-258.33918113081694 
-258.33919960352904 
-258.3392144729283 
-258.33922424470444 
-258.3392323012154 
-258.3392383286385 
-258.3392433854413 
-258.3392470662014 
-258.3392498156422 
-258.3392520698954 
-258.33925371342497 
-258.33925508901416 
-258.33925615279696 
-258.3392568914283 
-258.339257582778 
-258.33925817338826 
-258.3392585799303 
-258.3392588541071 
-258.3392590733736 
-258.33925923700957 
-258.3392593520969 
-258.33925942001366 
-258.33925945541654 
-258.3392594552594 
-258.33925945739173 
-258.3392594601699 
-258.33925946007815 
-258.3392594600779 
-258.3392594600779 
-258.33925946007815 
-258.33925946007815 
-258.3392594601699 
-258.3392594600894 
-258.3392594601506 
-258.33925946023345 
-258.3392594602496 
-258.3392594602587 
-258.3392594602755 
-258.3392594603045 
-258.33925946034714 
-258.3392594604059 
-258.33925946052136 
-258.33925946063385 
-258.3392594607557 
-258.3392594609356 
-258.3392594612132 
-258.3392594616552 
-258.3392594621876 
-258.3392594627637 
-258.3392594635812 
-258.3392594643993 
-258.3392594656777 
-258.33925946688674 
-258.3392594688075 
-258.3392594706161 
-258.3392594731579 
-258.33925947601205 
-258.3392594799528 
-258.33925948392977 
-258.33925949021653 
-258.33925949665337 
-258.3392595047573 
-258.3392595146121 
-258.3392595251749 
-258.3392595367189 
-258.33925955184037 
-258.33925956707634 
-258.33925958682704 
-258.3392596081498 
-258.33925963434217 
-258.3392596604919 
-258.3392596946571 
-258.33925973093704 
-258.3392597757059 
-258.3392598222603 
-258.33925988072275 
-258.3392599358496 
-258.33925999612876 
-258.3392600437218 
-258.3392600823152 
-258.33926011590364 
-258.3392601498759 
-258.33926020842165 
-258.35711819022714 
-258.4454003374456 
-258.65202440868796 
-259.0319744344839 
-259.49014319363397 
-259.8585762316498 
-260.17470960789103 
-260.3640300140275 
-260.50753748361075 
-260.5889450990813 
-260.64023994046346 
-260.6692876518565 
-260.68761666241977 
-260.6996112156897 
-260.70729282804103 
-260.713377943831 
-260.7170044296245 
-260.7196198090789 
-260.7215001720126 
-260.72284934016346 
-260.72383493733406 
-260.7244582663736 
-260.7250352276549 
-260.72536750767705 
-260.72566137052405 
-260.7258678852292 
-260.7260166474438 
-260.7261260132671 
-260.7262115030739 
-260.72627516666176 
-260.7263216495306 
-260.7263566658457 
-260.7263869242434 
-260.7264077719457 
-260.72642488340813 
-260.7264370753257 
-260.7264461710816 
-260.7264537827062 
-260.72645889793915 
-260.7264631423504 
-260.72646640183854 
-260.72646896839836 
-260.72647110322436 
-260.7264726218959 
-260.7264738947169 
-260.7264747635745 
-260.72647544175237 
-260.72647601779084 
-260.72647652963593 
-260.72647685795135 
-260.7264771028619 
-260.7264773040077 
-260.7264774561444 
-260.726477555586 
-260.72647762106357 
-260.7264776557941 
-260.726477655637 
-260.7264776577686 
-260.726477660546 
-260.7264776604539 
-260.7264776604538 
-260.726477660454 
-260.72647766045367 
-260.72647766045367 
-260.72647766054575 
-260.7264776604657 
-260.7264776605271 
-260.72647766060976 
-260.7264776606263 
-260.72647766063585 
-260.7264776606515 
-260.72647766068 
-260.7264776607214 
-260.7264776607797 
-260.72647766089125 
-260.72647766100175 
-260.72647766111993 
-260.7264776612961 
-260.72647766156746 
-260.7264776620092 
-260.72647766253607 
-260.72647766310905 
-260.7264776639235 
-260.72647766474023 
-260.7264776658171 
-260.7264776669925 
-260.7264776688988 
-260.7264776706923 
-260.72647767322354 
-260.72647767601205 
-260.7264776798757 
-260.72647768378124 
-260.72647768993585 
-260.72647769616054 
-260.72647770412635 
-260.7264777135835 
-260.72647772342617 
-260.72647773448324 
-260.72647774861446 
-260.7264777660121 
-260.72647778534383 
-260.7264778070042 
-260.7264778344872 
-260.7264778642029 
-260.7264778952576 
-260.7264779264288 
-260.7264779693211 
-260.7264780173951 
-260.726478075147 
-260.7264781486579 
-260.72647822988637 
-260.7264783226136 
-260.72647843951785 
-260.72647855668083 
-260.72647867980436 
-260.72647880965525 
-260.7264789363239 
-260.726479030897 
-260.7264791165049 
-260.72647917247895 
-260.72647920940966 
-260.726479234867 
-260.72647926350436 
-260.7264792937463 
-260.7264793167097 
-260.7264793317515 
-260.72647933845474 
-260.72647934017687 
-260.72647934106925 
-260.7264793415308 
-260.7264793418121 
-260.72647934199375 
-260.72647934215166 
-260.7264793422963 
-260.7264793424386 
-260.72647934254456 
-260.72647934264745 
-260.7264793427833 
-260.72647934288517 
-260.72647934302205 
-260.7264793431551 
-260.72647934326193 
-260.726479343364 
-260.72647934346634 
-260.726479343568 
-260.7264793436678 
-260.72647934376727 
-260.72647934386833 
-260.72647934392995 
-260.72647934399527 
-260.7264793440533 
-260.7264793441139 
-260.7264793441696 
-260.7264793442252 
-260.7264793442791 
-260.72647934433206 
-260.72647934438413 
-260.7264793444365 
-260.7264793444627 
-260.72647934448986 
-260.7264793445175 
-260.7264793445199 
-260.72647934452203 
-260.7264793445252 
-260.7264793445271 
-260.7264793445294 
-260.72647934453806 
-260.726479344535 
-260.7264793445393 
-260.72647934452556 
-260.72647934451896 
-260.7264793445268 
-260.7264793444436 
-260.72647934438226 
-260.7264793444627 
-260.7264793443706 
-260.7264793443708 
-260.7264793443706 
-260.7264793443706 
-260.7264793443704 
-260.72647934446223 
-260.72647934438163 
-260.7264793444429 
-260.7264793445259 
-260.7264793445178 
-260.72647934452493 
-260.72647934453875 
-260.72647934453465 
-260.7264793445374 
-260.7264793445289 
-260.7264793445268 
-260.72647934452505 
-260.7264793445218 
-260.72647934451953 
-260.72647934451817 
-260.7264793445177 
-260.7264793445166 
-260.72647934451635 
-260.7264793445161 
-260.72647934451624 
-260.7264793445158 
-260.72647934451555 
-260.72647934451544 
-260.7264793445151 
-260.72647934451476 
-260.72647934451453 
-260.7264793445142 
-260.72647934451385 
-260.7264793445138 
-260.7264793445133 
-260.72647934451317 
-260.7264793445132 
-260.72647934451305 
-260.7264793445128 
-260.7264793445128 
-260.72647934451254 
-260.7264793445125 
-260.7264793445122 
-260.72647934451214 
-260.7264793445119 
-260.7264793445118 
-260.7264793445119 
-260.72647934451163 
-260.7264793445119 
-260.7264793445116 
-260.7264793445103 
-260.7264793445342 
-260.72647934455716 
-260.7264793446072 
-260.7264793446615 
-260.7264793447212 
-260.72647934478226 
-260.7264793448381 
-260.7264793448923 
-260.7264793449172 
-260.72647934496916 
-260.7264793449951 
-260.72647934504704 
-260.7264793451015 
-260.72647934516186 
-260.72647934522394 
-260.7264793453334 
-260.7264793454786 
-260.72647934559626 
-260.7264793457402 
-260.72647934588326 
-260.72647934602975 
-260.72647934613957 
-260.72647934624337 
-260.7264793463525 
-260.7264793464528 
-260.72647934655123 
-260.72647934669175 
-260.7264793468349 
-260.7264793469771 
-260.72647934711443 
-260.72647934725177 
-260.7264793473568 
-260.726479347459 
-260.72647934756094 
-260.72647934766206 
-260.7264793477611 
-260.72647934786033 
-260.72647934796163 
-260.7264793480225 
-260.7264793480878 
-260.7264793481456 
-260.7264793482053 
-260.7264793482612 
-260.72647934831633 
-260.72647934836976 
-260.72647934842195 
-260.7264793484738 
-260.72647934852586 
-260.72647934855235 
-260.72647934857895 
-260.7264793486059 
-260.72647934860805 
-260.72647934861067 
-260.72647934861374 
-260.7264793486158 
-260.7264793486183 
-260.72647934862727 
-260.7264793486242 
-260.72647934862874 
-260.7264793486152 
-260.7264793486084 
-260.7264793486161 
-260.72647934853336 
-260.7264793484721 
-260.7264793485521 
-260.72647934846043 
-260.7264793484605 
-260.72647934846066 
-260.7264793484607 
-260.7264793484606 
-260.72647934855235 
-260.7264793484723 
-260.7264793485337 
-260.72647934861646 
-260.7264793486085 
-260.72647934861527 
-260.726479348629 
-260.72647934862465 
-260.7264793486276 
-260.72647934861885 
-260.72647934861646 
-260.72647934861425 
-260.7264793486111 
-260.72647934860885 
-260.72647934860714 
-260.7264793486069 
-260.72647934860566 
-260.7264793486052 
-260.7264793486048 
-260.72647934860396 
-260.7264793486035 
-260.7264793486031 
-260.7264793486027 
-260.72647934860237 
-260.72647934860265 
-260.7264793486026 
-260.72647934860225 
-260.726479348602 
-260.7264793486019 
-260.7264793486017 
-260.72647934860123 
-260.7264793486009 
-260.7264793486009 
-260.7264793486008 
-260.7264793486001 
-260.7264793486001 
-260.7264793486 
-260.72647934859987 
-260.72647934859975 
-260.72647934859964 
-260.7264793485995 
-260.7264793485992 
-260.7264793485992 
-260.72647934859884 
-260.7264793485984 
-260.72647934859805 
-260.72647934859805 
-260.72647934859816 
-260.72647934859816 
-260.72647934859816 
-260.72647934859776 
-260.7264793485976 
-260.72647934859805 
-260.7264793485978 
-260.7264793485978 
-260.7264793485976 
-260.72647934859737 
-260.726479348597 
-260.72647934859714 
-260.72647934859657 
-260.7264793485964 
-260.72647934859646 
-260.726479348596 
-260.72647934859623 
-260.72647934859657 
-260.72647934859657 
-260.7264793485961 
-260.7264793485962 
-260.72647934859606 
-260.7264793485958 
-260.72647934859566 
-260.72647934859555 
-260.7264793485953 
-260.7264793485952 
-260.7264793485951 
-260.726479348595 
-260.72647934859486 
-260.72647934859475 
-260.72647934859475 
-260.72647934859486 
-260.72647934859475 
-260.7264793485946 
-260.72647934859464 
-260.7264793485945 
-260.7264793485943 
-260.7264793485944 
-260.7264793485944 
-260.72647934859447 
-260.72647934859464 
-260.7264793485945 
-260.7264793485943 
-260.7264793485943 
-260.72647934859395 
-260.7264793485936 
-260.7264793485941 
-260.72647934859475 
-260.72647934859486 
-260.72647934859583 
-260.72647934859793 
-260.726479348601 
-260.7264793486028 
-260.72647934860487 
-260.7264793486133 
-260.7264793486103 
-260.7264793486144 
-260.7264793486007 
-260.72647934859384 
-260.7264793486019 
-260.7264793485187 
-260.7264793484574 
-260.7264793485378 
-260.72647934844605 
-260.7264793484463 
-260.72647934844616 
