2 -0.9319418562910743 
3 0.8266961383265352 
4 -0.6606883032964681 
5 0.4415587844918958 
6 -0.19123593145414702 
7 -0.06344321294431145 
8 0.2959061030693815 
9 -0.4843008364927354 
10 0.6130201888602654 
11 -0.6732038015092758 
12 0.6622755824410953 
13 -0.5837071737192452 
14 0.4470061693543857 
15 -0.26732436397560727 
16 0.06421897063915763 
17 0.14046289004589718 
18 -0.32521801214959556 
19 0.4713693567865162 
20 -0.5648903011360495 
21 0.5974934184255662 
22 -0.5671146666911268 
23 0.47793750142717806 
24 -0.34001214187388296 
25 0.16836098131682672 
26 0.018535243367218204 
27 -0.20076089340817688 
28 0.35920181949068103 
29 -0.4776262579395909 
30 0.5442966315529817 
31 -0.5529918652808827 
32 0.5034780964351339 
33 -0.4014689457808015 
34 0.2580707396493664 
35 -0.0886903033943237 
36 -0.08857785249877527 
37 0.254932494042197 
38 -0.3929293498299448 
39 0.48833138342240545 
40 -0.5315261263168976 
41 0.5184025319536737 
42 -0.4506853851866926 
43 0.3357467210294606 
44 -0.18588303310653007 
45 0.017066354930296897 
46 0.15274938999979729 
47 -0.3055865006304938 
48 0.42539615138382497 
49 -0.4997384068033685 
50 0.5210166319237013 
51 -0.4871881027050885 
52 0.40193508255415866 
53 -0.2743051506722439 
54 0.11782035422898732 
55 0.050916328968253516 
56 -0.21399632903314564 
57 0.35415244122512285 
58 -0.4566197177859643 
59 0.5106694899766824 
60 -0.5106694887798743 
61 0.4566197143091907 
62 -0.3541524356082314 
63 0.2139963217520608 
64 -0.05091632055662019 
65 -0.11782036305595178 
66 0.2743051592542715 
67 -0.40193509021272633 
68 0.4871881086978513 
69 -0.5210166356320023 
70 0.4997384079059523 
71 -0.42539614981062907 
72 0.3055864966099543 
73 -0.15274938423129375 
74 -0.017066361597190667 
75 0.18588303985788981 
76 -0.33574672726003085 
77 0.4506853905233614 
78 -0.5184025358932935 
79 0.5315261287657795 
80 -0.48833138461159353 
81 0.392929350157919 
82 -0.25493249403703544 
83 0.08857785280844559 
84 0.0886903023678424 
85 -0.2580707381492357 
86 0.401468944112661 
87 -0.5034780948816352 
88 0.5529918633794294 
89 -0.544296627920154 
90 0.47762625163497674 
91 -0.35920181089318587 
92 0.20076088419603577 
93 -0.018535234080870933 
94 -0.16836099018095652 
95 0.3400121490356595 
96 -0.47793750645955335 
97 0.5671146694677812 
98 -0.5974934177842908 
99 0.5648902966839487 
100 -0.4713693490395966 
101 0.32521800097028175 
102 -0.14046287913448874 
103 -0.06421898205097556 
104 0.26732437427073513 
105 -0.44700617853259067 
106 0.5837071800084882 
107 -0.6622755841348793 
108 0.6732037988711895 
109 -0.6130201809061566 
110 0.48430082113378337 
111 -0.2959060819219309 
112 0.0634431848180203 
113 0.19123595149584768 
114 -0.44155880788813784 
115 0.6606883176538554 
116 -0.8266961482897056 
117 0.9319418597622569 
