2 0.00017594019943546876 
3 -1.1072674182155327e-05 
4 1.167436116627188e-06 
5 -1.0073262902444438e-07 
6 1.0872422303670674e-10 
7 3.146609650228299e-10 
8 -3.0139167676197173e-10 
9 5.449946767346519e-10 
10 -1.1071124440328288e-10 
11 9.884600799989136e-11 
12 -1.003609678474428e-10 
13 8.461252053918349e-11 
14 -9.763132535541029e-11 
15 9.355245576896781e-11 
16 -9.803191743731708e-11 
17 1.0266327631197056e-10 
18 -1.0161267654969212e-10 
19 1.337671300015795e-10 
20 -1.1962670810408025e-10 
21 1.3195158721398554e-10 
22 -1.5128453136475808e-11 
23 9.761999129474833e-11 
24 -1.0331868832508824e-10 
25 1.0382622852468219e-10 
26 -5.693476238763681e-11 
27 1.5444603057475207e-10 
28 -6.354107484776253e-10 
29 1.5654294961796262e-10 
30 -9.974780784840705e-11 
31 9.620839409254968e-11 
32 -5.392124465676802e-11 
33 7.890413128063068e-11 
34 -1.1644858232288604e-10 
35 1.1968668230745715e-10 
36 -8.36370664021905e-11 
37 5.46144532091931e-11 
38 -3.629379105727812e-10 
39 1.2779303688706725e-10 
40 -9.844944983617389e-11 
41 4.144487114507407e-11 
42 -4.059801486938599e-10 
43 1.9840012023222287e-10 
44 -6.250493677909734e-11 
45 9.952151861989046e-11 
46 -8.304007653606816e-11 
47 6.884444816960068e-11 
48 -7.552835253487075e-11 
49 9.580638268380179e-11 
50 -8.288082929218702e-11 
51 1.698220921367244e-10 
52 -1.4243693505195257e-10 
53 1.0399607457297282e-10 
54 -9.697592685597328e-11 
55 1.0327047046094756e-10 
56 -2.1221619368338432e-10 
57 1.79789493494925e-10 
58 -2.8064859674388186e-11 
59 8.439347588243198e-11 
60 -1.1675625619641448e-10 
61 1.0060636075785075e-10 
62 -9.317949497545404e-11 
63 1.324741485043722e-10 
64 -2.599657022097674e-10 
65 9.513716039563785e-11 
66 -1.0328760940014161e-10 
67 1.6552191510255932e-10 
68 -2.1946159245781642e-10 
69 1.1747347568525545e-10 
70 -3.537243938127699e-11 
71 -6.459971390750962e-11 
72 -9.010387067325807e-11 
73 1.0436595793602207e-10 
74 -1.007389729868227e-10 
75 1.0408999466528637e-10 
76 -1.0578027225250842e-10 
77 9.299214343487197e-11 
78 -8.676007042286726e-11 
79 7.63441671068501e-11 
80 -5.441863666506305e-11 
81 -1.5452037516258131e-09 
82 -5.238249281133905e-09 
83 1.5586510169016095e-10 
84 -1.5574415108508687e-10 
85 -6.24149598765931e-10 
86 7.378587775093046e-09 
87 4.1749958679152825e-09 
88 -1.506140657818962e-09 
89 5.397315834082529e-10 
90 9.837629841928414e-10 
91 -6.270136817267959e-11 
92 1.545411845733336e-10 
93 1.2223906586450854e-10 
94 -1.6683975164474237e-10 
95 1.385361049545253e-10 
96 8.923007596980935e-11 
97 2.4035439314950458e-11 
98 -6.066751158244166e-11 
99 -1.1930300249359918e-10 
100 -2.795694585448242e-11 
101 3.804090179499363e-09 
102 -1.584635733413621e-10 
103 9.963456994828569e-11 
104 1.7883792621211337e-11 
105 1.0990473111779976e-10 
106 -1.0019001823565824e-10 
107 1.2808597994917159e-10 
108 -9.724115400110479e-11 
109 1.4474052957554167e-10 
110 -4.493538939759098e-11 
111 8.645962808267504e-11 
112 -9.953015560105307e-11 
113 8.187020990340009e-11 
114 -2.575308716936879e-10 
115 2.1059234988623526e-10 
116 -1.2813056938486324e-09 
117 -5.523058219048802e-10 
118 -1.0989912373134643e-10 
119 6.560183775928885e-11 
120 -1.0357534484389769e-10 
121 1.3783953375310687e-10 
122 4.8357365596897956e-11 
123 9.600180729827048e-11 
124 -5.086621829658596e-11 
125 -8.840951250638027e-11 
126 -9.237454231198421e-10 
127 1.189358291795015e-10 
128 -1.0129445607604868e-10 
129 9.919392927812466e-11 
130 -1.0278140516135009e-10 
131 1.0023200419208546e-10 
132 -1.0503469427049895e-10 
133 9.990846850769053e-11 
134 -1.0062649460085504e-10 
135 9.97687450588699e-11 
136 -1.0391685889537727e-10 
137 8.795210738225448e-11 
138 -9.65963085724441e-11 
139 8.431130514666415e-11 
140 -1.7876811139672158e-10 
141 4.6007761819624967e-10 
142 -1.0869994337228263e-10 
143 1.005426192742786e-10 
144 -1.143163846633286e-10 
145 1.0076428393090832e-10 
146 -9.96379088521607e-11 
147 1.0138193576272542e-10 
148 -1.0237421296363856e-10 
149 1.1185467535644158e-10 
150 -9.963431786979118e-11 
151 9.853353768046439e-11 
152 -1.0940065529343794e-10 
153 2.0704094916759903e-10 
154 -8.279946735453296e-11 
155 9.453299681983063e-11 
156 -1.09012223870706e-10 
157 1.0063448677495236e-10 
158 -1.0073944899518081e-10 
159 1.0074151959522081e-10 
160 -1.069822523939895e-10 
161 1.0520368429847335e-10 
162 -1.0106405570826667e-10 
163 9.956273153294237e-11 
164 -9.89552776812904e-11 
165 9.953579850739176e-11 
166 -9.737844855020039e-11 
167 9.419168843639722e-11 
168 -1.0099469687792742e-10 
169 1.0408409633213188e-10 
170 -9.549162730238523e-11 
171 1.0551899864834528e-10 
172 -3.695263633312185e-11 
173 -1.4455760456619079e-10 
174 -2.490945055776064e-10 
175 8.905390840475768e-11 
176 -9.205614737910672e-11 
177 1.2501896854368002e-10 
178 -1.0015814711943157e-10 
179 7.221679041721365e-11 
180 -1.905032067016466e-10 
181 3.499815893760337e-10 
182 -5.356131640640335e-11 
183 9.31641546811995e-11 
184 -1.1113562294757282e-10 
185 9.08618813762687e-11 
186 -4.539866799322077e-11 
187 2.011361570510284e-10 
188 -1.0237392390417156e-10 
189 1.162858851091975e-10 
190 -4.0340579491875307e-10 
191 -3.871726159010233e-10 
192 1.7527259321270145e-10 
193 4.3203899254579323e-10 
194 -1.0098621040573959e-07 
195 1.1674411861565456e-06 
196 -1.1072122139890187e-05 
197 0.00017594031665245263 
