2 -0.26646777510269515 
3 -0.2060014733110776 
4 -0.23729581991815715 
5 -0.24630383959236946 
6 -0.27830736624108654 
7 -0.2690904924697008 
8 -0.25251494421891196 
9 -0.2627407292372423 
10 -0.2808835036631908 
11 -0.26059928157203927 
12 -0.2583648354352092 
13 -0.2782399481042467 
14 -0.26886546041281184 
15 -0.25643279727686075 
16 -0.27264089811125597 
17 -0.2749184340459654 
18 -0.2585401328164723 
19 -0.2659386669798736 
20 -0.27690670788018557 
21 -0.2639490959307553 
22 -0.26114067996364226 
23 -0.2746737975134555 
24 -0.2698043421161299 
25 -0.26002079930222505 
26 -0.26991497239852114 
27 -0.2735548800268718 
28 -0.2624808398850457 
29 -0.26511050164715544 
30 -0.2738928756749632 
31 -0.26685547505420465 
32 -0.2624893274942068 
33 -0.2712173408297356 
34 -0.27074357303100166 
35 -0.2629921785045579 
36 -0.26734393207912915 
37 -0.27227098574476694 
38 -0.26586423329016706 
39 -0.2644791863715345 
40 -0.2710231553230259 
41 -0.2691866704029531 
42 -0.2640262861536066 
43 -0.2681320097808527 
44 -0.27102523242484516 
45 -0.26588487504013136 
46 -0.26551490887654805 
47 -0.27051551276157626 
48 -0.26863237095449555 
49 -0.2647209679479454 
50 -0.26826824861123394 
51 -0.2704582960450313 
52 -0.2660526430272834 
53 -0.26589482520412333 
54 -0.2702755512864818 
55 -0.2684656688475275 
56 -0.2649664728398158 
57 -0.2683426155893504 
58 -0.27028516756678145 
59 -0.2660412763362147 
60 -0.26604126561019065 
61 -0.27028516632155153 
62 -0.2683426079756329 
63 -0.2649664655227739 
64 -0.26846567936732046 
65 -0.2702755477173824 
66 -0.26589482469603115 
67 -0.2660526406066466 
68 -0.2704582963335591 
69 -0.2682682284125239 
70 -0.26472095406375706 
71 -0.268632372224897 
72 -0.2705154889438829 
73 -0.2655148857227507 
74 -0.2658848612463699 
75 -0.2710252176930625 
76 -0.26813197165932506 
77 -0.2640262654885833 
78 -0.2691866506240111 
79 -0.2710231049219167 
80 -0.26447916689179274 
81 -0.26586420982006503 
82 -0.2722709483527012 
83 -0.26734389891295185 
84 -0.262992165030645 
85 -0.27074354025955916 
86 -0.2712172854578676 
87 -0.26248931900366845 
88 -0.26685545079356493 
89 -0.27389282640922985 
90 -0.2651104775297101 
91 -0.26248082479618196 
92 -0.27355484589928974 
93 -0.2699149415110066 
94 -0.2600207857316295 
95 -0.2698043149357327 
96 -0.27467376749481254 
97 -0.2611406619442422 
98 -0.2639490753367229 
99 -0.2769066864998995 
100 -0.26593864367607645 
101 -0.2585401087532748 
102 -0.27491841871594946 
103 -0.2726408821033754 
104 -0.25643276428177403 
105 -0.2688654453117436 
106 -0.2782399466849086 
107 -0.25836480426436653 
108 -0.26059925077670415 
109 -0.280883508033548 
110 -0.26274071410563 
111 -0.25251490343232946 
112 -0.269090486498819 
113 -0.2783073642865824 
114 -0.24630381785198924 
115 -0.23729578636903043 
116 -0.20600148755119851 
117 -0.2664677595194678 
