2 -0.19639093867659982 
3 -0.3061997416551969 
4 0.6213953137588901 
5 -0.5111878710251868 
6 0.1370286726263814 
7 0.2918295279396007 
8 -0.5274512159800386 
9 0.44314986370010295 
10 -0.10819986621426574 
11 -0.27665550259515354 
12 0.4882177772931677 
13 -0.40552732415637116 
14 0.08711744234166033 
15 0.27729953813772856 
16 -0.46968377690482677 
17 0.3786129993441704 
18 -0.06292706201873403 
19 -0.28592164305938783 
20 0.4577671354328805 
21 -0.3526409304145305 
22 0.037288052324322474 
23 0.2956497953861206 
24 -0.4466337772125456 
25 0.327548942519396 
26 -0.013642290864584275 
27 -0.3044913038898393 
28 0.43646707782010535 
29 -0.30499702953888974 
30 -0.008085866012837312 
31 0.31352409284915755 
32 -0.42794906282045564 
33 0.284121719614633 
34 0.02944246806594343 
35 -0.323009546384385 
36 0.4200663347605938 
37 -0.2635759703271095 
38 -0.05048178835419418 
39 0.33207632579523605 
40 -0.41207766391687245 
41 0.24353397274619326 
42 0.07057002925250576 
43 -0.3406389845361813 
44 0.4044214640008064 
45 -0.22437431510077907 
46 -0.09010378711617711 
47 0.3493394288062939 
48 -0.39722617894195755 
49 0.205444462712414 
50 0.1097803967376925 
51 -0.35808689774362423 
52 0.38978164208013133 
53 -0.18618479118478484 
54 -0.12933020223956132 
55 0.3662516406772708 
56 -0.38183942111201663 
57 0.1670215678023664 
58 0.14826812414835702 
59 -0.37395925719694717 
60 0.3739592219481078 
61 -0.14826804000727703 
62 -0.16702163326806166 
63 0.3818394227750445 
64 -0.36625158448883066 
65 0.12933012771819183 
66 0.18618483320196752 
67 -0.38978162751551954 
68 0.35808683809684233 
69 -0.10978032471338234 
70 -0.20544450721263424 
71 0.39722616059612953 
72 -0.3493393562694967 
73 0.09010369740738229 
74 0.22437435628894642 
75 -0.4044214178685908 
76 0.3406388764874576 
77 -0.07056992958380782 
78 -0.24353399113237334 
79 0.41207758903134 
80 -0.33207620960345247 
81 0.05048170898904494 
82 0.26357596804429256 
83 -0.4200662572138675 
84 0.32300944565019857 
85 -0.029442399223200653 
86 -0.2841217208110948 
87 0.42794899413179593 
88 -0.3135239920060921 
89 0.008085784946200469 
90 0.30499703601646566 
91 -0.4364670025995922 
92 0.3044911870714207 
93 0.013642374437931589 
94 -0.32754893912429095 
95 0.44663368867968317 
96 -0.29564968068875885 
97 -0.03728811933072884 
98 0.35264091739241255 
99 -0.4577670561748438 
100 0.2859215437374564 
101 0.06292712205728065 
102 -0.37861299636505125 
103 0.46968371496632644 
104 -0.2772994509145906 
105 -0.08711750980265741 
106 0.40552733445338657 
107 -0.48821772798015317 
108 0.2766554238436512 
109 0.10819992481091462 
110 -0.44314987231878356 
111 0.527451174587593 
112 -0.2918294707416939 
113 -0.13702870844492387 
114 0.5111878750090247 
115 -0.621395291329838 
116 0.3061997116647168 
117 0.19639095510048832 
