2 -0.10757459177543405 
3 -0.4391662827735395 
4 0.594566575102671 
5 -0.36652145324837865 
6 -0.0910466030629557 
7 0.4465842685627726 
8 -0.4831622462120588 
9 0.188916659843226 
10 0.2156864222765359 
11 -0.4555339632876484 
12 0.3754634340812679 
13 -0.04019614635227191 
14 -0.30931339578994244 
15 0.4372450872143845 
16 -0.26061856898740887 
17 -0.09186215906225303 
18 0.3713180819344264 
19 -0.39050230787909035 
20 0.13807943293199826 
21 0.20571674681090887 
22 -0.4009332465281633 
23 0.3173380441162465 
24 -0.012483327591863724 
25 -0.2973357386637177 
26 0.3977349261228268 
27 -0.22190357213775735 
28 -0.10979140711326921 
29 0.3624836114768161 
30 -0.3624836117827798 
31 0.10979140756226105 
32 0.22190357163431937 
33 -0.39773492562069546 
34 0.29733573861295415 
35 0.012483327547061367 
36 -0.3173380437024293 
37 0.40093324562989396 
38 -0.20571674594083583 
39 -0.13807943360575145 
40 0.39050230746875575 
41 -0.3713180800189866 
42 0.09186215656019628 
43 0.2606185707542912 
44 -0.43724508626499026 
45 0.309313392476979 
46 0.04019615065218675 
47 -0.3754634363604231 
48 0.4555339615361637 
49 -0.2156864168507493 
50 -0.18891666611147073 
51 0.4831622482429775 
52 -0.44658426335750007 
53 0.09104659172651831 
54 0.36652146406929353 
55 -0.5945665789442887 
56 0.43916627132743485 
57 0.10757460362987774 
