2 3 0.0027385291164032243 
3 4 0.002895553893919377 
4 5 0.0029254793390670443 
5 6 0.0029278082846737677 
6 7 0.002927509929876148 
7 8 0.00292733196672004 
8 9 0.002927291019299042 
9 10 0.0029272854190978796 
10 11 0.0029272853103072282 
11 12 0.0029272855570016136 
12 13 0.002927285630400744 
13 14 0.0029272856293899633 
14 15 0.0029272856379490004 
15 16 0.0029272856598786 
16 17 0.0029272857412125488 
17 18 0.0029272856765566587 
18 19 0.0029272856515194868 
19 20 0.002927285678573922 
20 21 0.002927285687401718 
21 22 0.002927285923389426 
22 23 0.0029272855811443947 
23 24 0.0029272854827840414 
24 25 0.0029272856377414408 
25 26 0.0029272856560174612 
26 27 0.002927285390434601 
27 28 0.002927285233161644 
28 29 0.0029272863216222938 
29 30 0.0029272856557334905 
30 31 0.002927285629401263 
31 32 0.0029272855148280326 
32 33 0.002927285390449056 
33 34 0.002927285582546279 
34 35 0.0029272856484608384 
35 36 0.0029272857760357647 
36 37 0.002927285679565032 
37 38 0.0029272857618956784 
38 39 0.0029272857817113965 
39 40 0.002927285679905948 
40 41 0.0029272856371901535 
41 42 0.0029272857054868963 
42 43 0.002927285855001224 
43 44 0.002927285613116905 
44 45 0.002927285638055543 
45 46 0.0029272855914056423 
46 47 0.0029272861066998663 
47 48 0.002927285787434432 
48 49 0.0029272856673589077 
49 50 0.002927285653835596 
50 51 0.0029272856410156637 
51 52 0.0029272856514862243 
52 53 0.002927285656960303 
53 54 0.0029272856421019514 
54 55 0.0029272857082121937 
55 56 0.002927285827680436 
56 57 0.0029272857093185158 
57 58 0.002927285622460571 
58 59 0.0029272853828684366 
59 60 0.00292728687083461 
60 61 0.0029272946257310178 
61 62 0.0029272883047615286 
62 63 0.0029272860816114948 
63 64 0.002927285690840175 
64 65 0.0029272856887079713 
65 66 0.002927285679319927 
66 67 0.0029272856623453604 
67 68 0.0029272857035676893 
68 69 0.0029272856217396627 
69 70 0.002927285268170374 
70 71 0.00292728551415672 
71 72 0.0029272856050112143 
72 73 0.002927285601005128 
73 74 0.0029272856669421495 
74 75 0.002927285648358513 
75 76 0.002927285636028041 
76 77 0.002927285644017412 
77 78 0.0029272856469601725 
78 79 0.002927285647503305 
79 80 0.0029272856406909404 
80 81 0.0029272856246489523 
81 82 0.0029272856478544653 
82 83 0.002927286065857337 
83 84 0.0029272870859745315 
84 85 0.0029272885603197738 
85 86 0.002927290634913174 
86 87 0.002927284836425667 
87 88 0.002927285490631651 
88 89 0.002927285681954648 
89 90 0.0029272854535131515 
90 91 0.0029272855557521895 
91 92 0.0029272856248486207 
92 93 0.002927285568241742 
93 94 0.0029272855440706257 
94 95 0.002927285578882347 
95 96 0.002927285696024595 
96 97 0.0029272856610167166 
97 98 0.0029272856601741805 
98 99 0.002927285679206898 
99 100 0.002927280207231643 
100 101 0.002927277982873458 
101 102 0.0029272854003380565 
102 103 0.0029272859621229633 
103 104 0.002927285624533589 
104 105 0.0029272854296668563 
105 106 0.0029272853172602666 
106 107 0.002927285824653988 
107 108 0.0029272857138124653 
108 109 0.002927285497098315 
109 110 0.0029272861818743306 
110 111 0.002927285688555797 
111 112 0.0029272856833960055 
112 113 0.0029272856235001057 
113 114 0.002927285539160838 
114 115 0.0029272856242255948 
115 116 0.0029272856442949095 
116 117 0.0029272856507879326 
117 118 0.0029272856463503543 
118 119 0.0029272856477062445 
119 120 0.002927285644309817 
120 121 0.0029272856424948407 
121 122 0.00292728564299188 
122 123 0.002927285690363342 
123 124 0.0029272858171846407 
124 125 0.0029272849108005978 
125 126 0.002927285413941929 
126 127 0.002927285596937286 
127 128 0.0029272856592525713 
128 129 0.0029272856670415123 
129 130 0.002927285660280751 
130 131 0.002927285651174554 
131 132 0.0029272856499704797 
132 133 0.0029272856504643984 
133 134 0.002927285651027443 
134 135 0.0029272855991900565 
135 136 0.0029272853932884556 
136 137 0.0029272854437954144 
137 138 0.0029272855496393206 
138 139 0.002927285739664287 
139 140 0.0029272859397425997 
140 141 0.002927285709070999 
141 142 0.002927285238046949 
142 143 0.002927285491498447 
143 144 0.0029272856125931016 
144 145 0.002927285655744958 
145 146 0.002927285565529292 
146 147 0.002927285568015491 
147 148 0.002927285619134402 
148 149 0.002927285637342408 
149 150 0.0029272857446666807 
150 151 0.002927286519562353 
151 152 0.0029272873353265315 
152 153 0.0029272858674970694 
153 154 0.0029272856785925033 
154 155 0.0029272856465820778 
155 156 0.002927285646331161 
156 157 0.0029272856475684996 
157 158 0.002927285675580393 
158 159 0.002927285834293584 
159 160 0.0029272853191531756 
160 161 0.002927285476366476 
161 162 0.002927285541382113 
162 163 0.0029272855690482247 
163 164 0.0029272856436150345 
164 165 0.0029272853957239002 
165 166 0.002927285529887371 
166 167 0.00292728595775891 
167 168 0.0029272856553278722 
168 169 0.002927285604591551 
169 170 0.0029272855649502914 
170 171 0.002927285434608778 
171 172 0.0029272856745454316 
172 173 0.0029272857180709104 
173 174 0.0029272856572809852 
174 175 0.0029272856626469798 
175 176 0.0029272856362363656 
176 177 0.0029272856500154286 
177 178 0.0029272855872237253 
178 179 0.002927285581067 
179 180 0.0029272856332117343 
180 181 0.002927285639901497 
181 182 0.0029272856602281577 
182 183 0.002927285637968425 
183 184 0.002927285630494175 
184 185 0.002927285664890994 
185 186 0.0029272857649668225 
186 187 0.002927285668549573 
187 188 0.0029272855947942455 
188 189 0.0029272854413736784 
189 190 0.0029272855995551256 
190 191 0.0029272910277564805 
191 192 0.0029273318560387334 
192 193 0.0029275102617197617 
193 194 0.002927809255905447 
194 195 0.002925479227894568 
195 196 0.00289555371298942 
196 197 0.0027385290685989694 
197 198 0.002312396977358419 
