2 -0.4314892036556506 
3 -0.43915233896489125 
4 -0.4418916283444549 
5 -0.44303237301142906 
6 -0.44355219835000137 
7 -0.4438035686095569 
8 -0.44393034046135893 
9 -0.4439963043897474 
10 -0.44403146650244363 
11 -0.44405057280279836 
12 -0.4440611180081425 
13 -0.4440670138950112 
14 -0.44407034639565984 
15 -0.4440722475765452 
16 -0.44407334091490824 
17 -0.44407397409404936 
18 -0.4440743430413257 
19 -0.44407455918958927 
20 -0.44407468636419384 
21 -0.444074761615757 
22 -0.44407480626741913 
23 -0.4440748328392846 
24 -0.4440748486887479 
25 -0.44407485814742853 
26 -0.4440748637668996 
27 -0.444074867045121 
28 -0.44407486884725744 
29 -0.44407486964511506 
30 -0.44407486964628223 
31 -0.4440748688506762 
32 -0.4440748670501495 
33 -0.4440748637721281 
34 -0.44407485815034087 
35 -0.44407484868561564 
36 -0.4440748328269181 
37 -0.4440748062489696 
38 -0.4440747616064108 
39 -0.44407468638188746 
40 -0.4440745591446199 
41 -0.44407434300459375 
42 -0.44407397406756655 
43 -0.44407334088932426 
44 -0.44407224753016766 
45 -0.4440703463183917 
46 -0.44406701376790275 
47 -0.4440611178029936 
48 -0.44405057248318214 
49 -0.4440314660371951 
50 -0.4439963038063032 
51 -0.443930339994616 
52 -0.4438035688961549 
53 -0.4435521987809705 
54 -0.4430323728734761 
55 -0.44189162834567974 
56 -0.43915233896411593 
57 -0.43148920365476806 
