0.0 
160.42881915706525 
158.77103069086886 
156.59582263464117 
155.3185039891783 
153.1941264413753 
152.93860195492732 
149.35640146110703 
149.21902307245028 
145.5186896231602 
145.38492126305184 
141.68097624872922 
141.5440669456244 
137.84326368957434 
137.7079469584525 
134.00555070376524 
133.86943168217093 
130.16783792997543 
130.03212775512543 
126.3301250473614 
126.1942068598013 
122.49241221992195 
122.35660041327463 
118.65469936421144 
118.51883349522437 
114.81698652285243 
114.681148143175 
110.9792736741926 
110.84342129376505 
107.14156082925032 
107.00571558925542 
103.30384798241192 
103.16799906964933 
99.4661351365491 
99.33028815773427 
95.62842229017228 
95.49257428681058 
91.79070944406782 
91.65486198445826 
87.95299659781868 
87.81714886119558 
84.11528375164299 
83.97943615285241 
80.27757090543082 
80.1417232421807 
76.43985805923579 
76.30401042549222 
72.60214521303295 
72.4662975663474 
68.76443236683338 
68.62858471326952 
64.92671952063598 
64.79087188149391 
61.089006674434486 
60.95315902730925 
57.25129382823516 
57.11544618689507 
53.41358098203425 
53.27773333651832 
49.57586813583443 
49.44002054613126 
45.73815528961928 
45.60230753168759 
41.900442443450395 
41.7645948526091 
38.062729597235986 
37.926881925992554 
34.22501675104302 
34.089169117917685 
30.387303904839996 
30.251456237615347 
26.549591058646136 
26.41374342148914 
22.711878212444166 
22.576030568346635 
18.874165366243954 
18.738317638054095 
15.03645252006739 
14.900604920754855 
11.198739673855334 
11.062891976148604 
7.361026827669628 
7.225179266007917 
3.523313981446716 
3.3874662987509474 
-0.31439886474323187 
-0.4502462230018543 
-4.152111711023335 
-4.2879594798991985 
-7.98982455719049 
-8.1256722081042 
-11.827537403388133 
-11.96338505135868 
-15.665250249587297 
-15.801097929453714 
-19.50296309577738 
-19.63881074159978 
-23.34067594197686 
-23.47652358323683 
-27.17838878817782 
-27.314236351741847 
-31.0161016343987 
-31.151949317905263 
-34.85381448058842 
-34.98966210427118 
-38.6915273267939 
-38.82737511823472 
-42.52924017295317 
-42.66508771242061 
-46.36695301918147 
-46.502800650914374 
-50.20466586538633 
-50.34051351802514 
-54.04237871158421 
-54.17822631850135 
-57.8800915577944 
-58.01593927273458 
-61.71780440397518 
-61.85365199670341 
-65.55551725018917 
-65.69136492761167 
-69.3932300963804 
-69.52907772607792 
-73.23094294258432 
-73.36679058405308 
-77.06865578878538 
-77.20450344157778 
-80.90636863498311 
-81.04221628448657 
-84.74408148118177 
-84.87992912119597 
-88.58179432738301 
-88.71764196792333 
-92.41950717358414 
-92.55535478519376 
-96.25722001979324 
-96.39306768247657 
-100.09493286598844 
-100.23078049912023 
-103.93264571219154 
-104.06849336015962 
-107.7703585583906 
-107.90620619975722 
-111.60807140459158 
-111.74391905266936 
-115.44578425079067 
-115.5816318911947 
-119.28349709699182 
-119.41934474177815 
-123.12120994319176 
-123.25705758639187 
-126.95892278939209 
-127.09477043270148 
-130.79663563559254 
-130.93248327567508 
-134.63434848179358 
-134.7701961330221 
-138.47206132799184 
-138.60790896771883 
-142.3097741741932 
-142.4456218188811 
-146.14748702039324 
-146.28333466412246 
-149.98519986659338 
-150.12104749739487 
-153.8229127127974 
-153.95876036700818 
-157.66062555899475 
-157.79647319723952 
-161.49833840519642 
-161.63418605336804 
-165.33605125139542 
-165.4718988909527 
-169.173764097597 
-169.3096117414456 
-173.0114769437997 
-173.14732456781422 
-176.8491897900446 
-176.98503744459705 
-180.68690263684354 
-180.82275027699646 
-184.52461549222076 
-184.66046317162022 
-188.36232847760013 
-188.49817660735775 
-192.20004342124145 
-192.33589841976632 
-196.0377876321546 
-196.17374507306752 
-199.8759650926018 
-200.01344225773536 
-203.72043543495903 
-203.88036967672863 
-207.62440898338676 
-207.90209218886713 
-208.43331593863047 
-214.1413959613409 
-214.1413961904323 
-214.14139619955895 
-214.14139619964894 
-214.14139697428175 
-214.14139697438048 
-214.14139880899126 
-214.1413988090926 
-214.14140078408118 
-214.1414007841827 
-214.14140276886604 
-214.14140276896768 
-214.14140475428542 
-214.14140475438688 
-214.14140673974754 
-214.1414067398492 
-214.14140872521 
-214.14140872531152 
-214.14141071067706 
-214.1414107107786 
-214.14141269613572 
-214.1414126962372 
-214.14141468159974 
-214.1414146817013 
-214.14141666706286 
-214.14141666716432 
-214.14141865252816 
-214.14141865262985 
-214.141420637991 
-214.1414206380926 
-214.14142262345797 
-214.14142262355955 
-214.14142460891838 
-214.14142460901985 
-214.14142659438266 
-214.14142659448424 
-214.14142857984706 
-214.14142857994852 
-214.14143056531003 
-214.1414305654115 
-214.14143255077613 
-214.14143255087754 
-214.14143453623925 
-214.14143453634085 
-214.1414365217034 
-214.14143652180502 
-214.14143850716778 
-214.14143850726924 
-214.14144049263226 
-214.14144049273375 
-214.14144247809554 
-214.14144247819718 
-214.14144446356104 
-214.14144446366248 
-214.14144644902441 
-214.14144644912582 
-214.1414484344896 
-214.1414484345912 
-214.14145041995104 
-214.1414504200524 
-214.14145240542004 
-214.14145240552148 
-214.1414543908753 
-214.1414543909769 
-214.14145637633857 
-214.1414563764401 
-214.1414583618018 
-214.1414583619033 
-214.14146034726753 
-214.14146034736928 
-214.14146233273436 
-214.14146233283583 
-214.14146431819754 
-214.1414643182991 
-214.14146630365826 
-214.14146630375987 
-214.14146828913144 
-214.141468289233 
-214.141470274582 
-214.14147027468354 
-214.14147226006583 
-214.14147226016726 
-214.14147424552004 
-214.14147424562157 
-214.1414762309866 
-214.1414762310881 
-214.14147821644622 
-214.14147821654785 
-214.14148020188284 
-214.14148020198422 
-214.14148218738788 
-214.14148218748937 
-214.1414841728469 
-214.1414841729486 
-214.1414861583215 
-214.14148615842316 
-214.14148814376523 
-214.14148814386692 
-214.14149012922894 
-214.1414901293304 
-214.14149211469396 
-214.1414921147955 
-214.14149410016847 
-214.14149410027014 
-214.14149608563372 
-214.14149608573527 
-214.14149807110056 
-214.1414980712025 
-214.14150005659792 
-214.1415000566996 
-214.14150204198248 
-214.14150204208408 
-214.14150402745707 
-214.14150402755865 
-214.1415060128985 
-214.1415060130002 
-214.14150799837728 
-214.14150799847891 
-214.14150998382965 
-214.1415099839312 
-214.14151196931772 
-214.1415119694193 
-214.14151395478206 
-214.14151395488358 
-214.14151594024457 
-214.1415159403466 
-214.14151792571545 
-214.14151792581703 
-214.14151991117683 
-214.14151991127852 
-214.14152189664827 
-214.1415218967499 
-214.1415238820987 
-214.1415238822002 
-214.14152586759442 
-214.14152586769586 
-214.1415278530436 
-214.14152785314513 
-214.1415298385083 
-214.14152983860993 
-214.14153182397203 
-214.14153182407347 
-214.14153380943725 
-214.14153380953874 
-214.14153579490022 
-214.14153579500177 
-214.1415377803672 
-214.1415377804688 
-214.14153976583222 
-214.14153976593383 
-214.14154175129374 
-214.14154175139532 
-214.14154373676317 
-214.14154373686466 
-214.1415457222155 
-214.14154572231703 
-214.14154770770426 
-214.141547707806 
-214.14154969311974 
-214.14154969322112 
-214.1415516786796 
-214.14155167878118 
-214.14155366396727 
-214.14155366406874 
-214.1415556497684 
-214.14155564986999 
-214.14155763459476 
-214.1415576346963 
-214.14155962131596 
-214.14155962141757 
-214.14156160432242 
-214.14156160442406 
-214.14156359462407 
-214.1415635947255 
-214.14156557058516 
-214.14156557068696 
-214.14156757479589 
-214.14156757489695 
-214.14156952387526 
-214.1415695239777 
-214.1415715816935 
-214.14157158179336 
-214.14157342766146 
-214.141573427767 
-214.14157569994592 
-214.14157570004065 
-214.14157715836023 
-214.1415771584787 
-214.141580143111 
-214.14158014347794 
-214.14158326518665 
-214.14158326982158 
-214.57758936992903 
-214.5775893716877 
-214.58244951625335 
-214.582449516252 
-239.0798037992552 
-239.07980380812802 
-239.07980380813834 
-239.07980380813967 
-239.0798038081348 
-239.07980380813285 
-239.07980380812472 
-239.07980380812 
-239.07980380812018 
-239.07980380812 
-239.07980380812003 
-239.07980380811978 
-239.07980380811978 
-239.0798038081195 
-239.0798038081196 
-239.0798038081195 
-239.07980380811955 
-239.0798038081195 
-239.07980380811944 
-239.0798038081195 
-239.07980380811955 
-239.07980380811944 
-239.0798038081194 
-239.07980380811932 
-239.07980380811935 
-239.07980380811955 
-239.07980380811946 
-239.07980380811955 
-239.0798038081196 
-239.0798038081192 
-239.07980380811912 
-239.0798038081192 
-239.07980380811918 
-239.07980380811927 
-239.07980380811904 
-239.07980380811904 
-239.0798038081191 
-239.07980380811887 
-239.0798038081188 
-239.07980380811867 
-239.07980380811853 
-239.07980380811853 
-239.0798038081184 
-239.0798038081183 
-239.0798038081185 
-239.07980380811853 
-239.0798038081184 
-239.0798038081183 
-239.0798038081183 
-239.07980380811833 
-239.07980380811813 
-239.07980380811824 
-239.07980380811824 
-239.0798038081183 
-239.07980380811836 
-239.07980380811813 
-239.07980380811824 
-239.07980380811824 
-239.0798038081183 
-239.07980380811827 
-239.0798038081183 
-239.07980380811836 
-239.07980380811819 
-239.07980380811804 
-239.07980380811813 
-239.07980380811807 
-239.07980380811802 
-239.07980380811807 
-239.07980380811793 
-239.07980380811793 
-239.07980380811784 
-239.07980380811773 
-239.07980380811753 
-239.0798038081176 
-239.07980380811767 
-239.07980380811776 
-239.07980380811756 
-239.07980380811745 
-239.07980380811742 
-239.07980380811745 
-239.07980380811733 
-239.07980380811728 
-239.07980380811753 
-239.07980380811748 
-239.0798038081174 
-239.07980380811742 
-239.0798038081175 
-239.07980380811728 
-239.07980380811716 
-239.07980380811688 
-239.07980380811682 
-239.0798038081168 
-239.07980380811682 
-239.07980380811685 
-239.07980380811694 
-239.07980380811674 
-239.07980380811676 
-239.07980380811674 
-239.07980380811682 
-239.07980380811645 
-239.0798038081164 
-239.0798038081163 
-239.0798038081163 
-239.07980380811628 
-239.07980380811645 
-239.0798038081161 
-239.07980380811608 
-239.07980380811597 
-239.079803808116 
-239.079803808116 
-239.07980380811597 
-239.0798038081158 
-239.07980380811583 
-239.07980380811583 
-239.07980380811574 
-239.07980380811534 
-239.07980380811514 
-239.0798038081153 
-239.07980380811526 
-239.07980380811512 
-239.07980380811526 
-239.07980380811517 
-239.0798038081152 
-239.07980380811532 
-239.07980380811543 
-239.07980380811523 
-239.0798038081154 
-239.07980380811512 
-239.07980380811506 
-239.079803808115 
-239.0798038081153 
-239.07980380811506 
-239.079803808115 
-239.0798038081151 
-239.07980380811503 
-239.07980380811514 
-239.07980380811523 
-239.0798038081153 
-239.07980380811523 
-239.0798038081153 
-239.07980380811523 
-239.07980380811512 
-239.07980380811495 
-239.07980380811486 
-239.07980380811483 
-239.07980380811483 
-239.07980380811478 
-239.07980380811483 
-239.07980380811466 
-239.07980380811443 
-239.0798038081144 
-239.0798038081143 
-239.07980380811412 
-239.07980380811404 
-239.07980380811392 
-239.07980380811387 
-239.0798038081141 
-239.07980380811398 
-239.07980380811392 
-239.0798038081137 
-239.07980380811384 
-239.07980380811378 
-239.07980380811384 
-239.07980380811372 
-239.0798038081138 
-239.07980380811375 
-239.07980380811378 
-239.07980380811372 
-239.0798038081136 
-239.0798038081137 
-239.07980380811352 
-239.0798038081135 
-239.07980380811347 
-239.07980380811333 
-239.07980380811318 
-239.07980380811313 
-239.07980380811333 
-239.07980380811318 
-239.07980380811324 
-239.07980380811307 
-239.07980380811316 
-239.07980380811304 
-239.07980380811307 
-239.07980380811296 
-239.0798038081129 
-239.07980380811279 
-239.07980380811256 
-239.07980380811262 
-239.07980380811247 
-239.07980380811247 
-239.07980380811242 
-239.07980380811233 
-239.07980380811233 
-239.07980380811247 
-239.0798038081071 
-239.07980380810795 
-239.07980380810696 
-239.07980380810798 
-239.07980380810707 
-239.0798038081125 
-239.0798038081124 
-239.07980380811233 
-239.0798038081123 
-239.07980380811242 
-239.0798038081124 
-239.07980380811256 
-239.07980380811256 
-239.07980380811262 
-239.07980380811279 
-239.07980380811279 
-239.07980380811279 
-239.0798038081127 
-239.0798038081128 
-239.07980380811284 
-239.07980380811279 
-239.07980380811279 
-239.07980380811284 
-239.07980380811262 
-239.07980380811276 
-239.07980380811293 
-239.079803808113 
-239.0798038081131 
-239.07980380811324 
-239.0798038081132 
-239.07980380811313 
-239.07980380811313 
-239.0798038081131 
-239.07980380811324 
-239.0798038081133 
-239.07980380811324 
-239.07980380811333 
-239.07980380811352 
-239.0798038081134 
-239.07980380811338 
-239.0798038081135 
-239.07980380811352 
-239.07980380811355 
-239.0798038081134 
-239.07980380811352 
-239.0798038081135 
-239.07980380811358 
-239.07980380811364 
-239.07980380811358 
-239.0798038081138 
-239.07980380811398 
-239.07980380811404 
-239.07980380811406 
-239.079803808114 
-239.07980380811398 
-239.07980380811395 
-239.079803808114 
-239.07980380811426 
-239.07980380811438 
-239.07980380811443 
-239.0798038081145 
-239.07980380811438 
-239.07980380811452 
-239.07980380811458 
-239.07980380811438 
-239.07980380811415 
-239.07980380811424 
-239.07980380811418 
-239.07980380811432 
-239.07980380811438 
-239.07980380811415 
-239.07980380811426 
-239.07980380811455 
-239.0798038081143 
-239.07980380811438 
-239.07980380811426 
-239.0798038081142 
-239.07980380811415 
-239.07980380811418 
-239.07980380811426 
-239.0798038081141 
-239.0798038081142 
-239.07980380811404 
-239.07980380811424 
-239.07980380811443 
-239.07980380811466 
-239.07980380811478 
-239.07980380811466 
-239.07980380811472 
-239.0798038081148 
-239.07980380811478 
-239.07980380811478 
-239.07980380811475 
-239.07980380811497 
-239.07980380811503 
-239.07980380811497 
-239.07980380811506 
-239.07980380811506 
-239.07980380811506 
-239.0798038081152 
-239.0798038081154 
-239.07980380811537 
-239.07980380811537 
-239.07980380811512 
-239.0798038081153 
-239.07980380811523 
-239.0798038081153 
-239.07980380811512 
-239.07980380811523 
-239.0798038081155 
-239.0798038081154 
-239.07980380811563 
-239.07980380811563 
-239.07980380811568 
-239.07980380811577 
-239.07980380811563 
-239.07980380811574 
-239.07980380811546 
-239.07980380811563 
-239.0798038081155 
-239.07980380811537 
-239.0798038081155 
-239.0798038081156 
-239.07980380811568 
-239.07980380811574 
-239.07980380811566 
-239.07980380811568 
-239.0798038081158 
-239.07980380811574 
-239.0798038081158 
-239.0798038081159 
-239.07980380811603 
-239.07980380811603 
-239.07980380811614 
-239.07980380811625 
-239.07980380811614 
-239.0798038081163 
-239.07980380811608 
-239.0798038081162 
-239.0798038081162 
-239.07980380811637 
-239.07980380811637 
-239.07980380811634 
-239.07980380811625 
-239.0798038081163 
-239.0798038081163 
-239.0798038081162 
-239.0798038081163 
-239.07980380811628 
-239.07980380811642 
-239.0798038081164 
-239.0798038081166 
-239.0798038081166 
-239.0798038081167 
-239.0798038081166 
-239.0798038081163 
-239.07980380811648 
-239.07980380811645 
-239.07980380811665 
-239.0798038081167 
-239.0798038081167 
-239.07980380811694 
-239.07980380811694 
-239.07980380811694 
-239.0798038081171 
-239.07980380811722 
-239.07980380811722 
-239.07980380811722 
-239.0798038081174 
-239.07980380811728 
-239.07980380811756 
-239.07980380811762 
-239.0798038081177 
-239.07980380811784 
-239.0798038081177 
-239.07980380811753 
-239.07980380811767 
-239.0798038081176 
-239.07980380811762 
-239.0798038081176 
-239.0798038081175 
-239.07980380811762 
-239.07980380811753 
-239.07980380811762 
-239.07980380811776 
-239.0798038081177 
-239.0798038081179 
-239.07980380811796 
-239.07980380811807 
-239.07980380811813 
-239.07980380811824 
-239.07980380811824 
-239.07980380811827 
-239.07980380811836 
-239.0798038081183 
-239.0798038081183 
-239.079803808113 
-239.0798038081138 
-239.079803808113 
-239.07980380811392 
-239.07980380811324 
-239.0798038081188 
-239.0798038081188 
-239.07980380811873 
-239.07980380811867 
-239.07980380811875 
-239.07980380811864 
-239.07980380811873 
-239.0798038081188 
-239.0798038081189 
-239.07980380811875 
-239.07980380811878 
-239.0798038081187 
-239.07980380811864 
-239.07980380811875 
-239.0798038081187 
-239.07980380811875 
-239.0798038081186 
-239.07980380811853 
-239.07980380811847 
-239.0798038081187 
-239.07980380811864 
-239.07980380811847 
-239.0798038081183 
-239.07980380811827 
-239.07980380811813 
-239.0798038081181 
-239.07980380811804 
-239.07980380811802 
-239.07980380811819 
-239.07980380811793 
-239.0798038081179 
-239.0798038081178 
-239.07980380811784 
-239.0798038081178 
-239.07980380811782 
-239.0798038081178 
-239.07980380811776 
-239.07980380811767 
-239.0798038081176 
-239.07980380811784 
-239.0798038081179 
-239.07980380811796 
-239.07980380811787 
-239.0798038081179 
-239.07980380811796 
-239.0798038081178 
-239.07980380811784 
-239.0798038081176 
-239.07980380811762 
-239.07980380811767 
-239.07980380811762 
-239.07980380811767 
-239.07980380811767 
-239.07980380811756 
-239.07980380811767 
-239.07980380811733 
-239.07980380811733 
-239.0798038081174 
-239.0798038081174 
-239.07980380811745 
-239.07980380811762 
-239.07980380811745 
-239.0798038081176 
-239.07980380811753 
-239.0798038081176 
-239.07980380811745 
-239.07980380811725 
-239.07980380811725 
-239.07980380811733 
-239.07980380811722 
-239.07980380811722 
-239.0798038081174 
-239.07980380811728 
-239.07980380811716 
-239.07980380811728 
-239.07980380811702 
-239.07980380811696 
-239.079803808117 
-239.07980380811694 
-239.07980380811688 
-239.07980380811694 
-239.07980380811696 
-239.07980380811676 
-239.07980380811665 
-239.07980380811648 
-239.07980380811648 
-239.07980380811637 
-239.0798038081163 
-239.07980380811625 
-239.07980380811625 
-239.0798038081162 
-239.0798038081161 
-239.0798038081159 
-239.07980380811605 
-239.079803808116 
-239.07980380811586 
-239.0798038081159 
-239.07980380811568 
-239.07980380811568 
-239.0798038081155 
-239.07980380811574 
-239.0798038081159 
-239.07980380811586 
-239.07980380811586 
-239.07980380811597 
-239.07980380811594 
-239.07980380811597 
-239.07980380811586 
-239.0798038081159 
-239.07980380811597 
-239.0798038081158 
-239.07980380811574 
-239.07980380811574 
-239.0798038081158 
-239.07980380811568 
-239.0798038081159 
-239.07980380811583 
-239.0798038081158 
-239.0798038081157 
-239.0798038081158 
-239.07980380811574 
-239.07980380811557 
-239.07980380811557 
-239.07980380811574 
-239.07980380811546 
-239.07980380811534 
-239.07980380811537 
-239.07980380811546 
-239.07980380811546 
-239.0798038081154 
-239.0798038081154 
-239.0798038081155 
-239.07980380811557 
-239.07980380811554 
-239.0798038081155 
-239.07980380811546 
-239.07980380811532 
-239.0798038081153 
-239.07980380811517 
-239.0798038081149 
-239.07980380811495 
-239.07980380811483 
-239.07980380811503 
-239.07980380811483 
-239.079803808115 
-239.07980380811478 
-239.07980380811472 
-239.07980380811458 
-239.07980380811463 
-239.0798038081146 
-239.07980380811446 
-239.0798038081146 
-239.07980380811458 
-239.07980380811466 
-239.0798038081146 
-239.0798038081146 
-239.07980380811472 
-239.0798038081145 
-239.07980380811446 
-239.0798038081142 
-239.0798038081142 
-239.07980380811406 
-239.07980380811392 
-239.07980380811387 
-239.07980380811387 
-239.07980380811387 
-239.07980380811404 
-239.07980380811392 
-239.0798038081141 
-239.07980380811395 
-239.07980380811404 
-239.0798038081141 
-239.07980380811398 
-239.07980380811404 
-239.07980380811398 
-239.07980380811398 
-239.07980380811387 
-239.07980380811404 
-239.07980380811415 
-239.07980380811412 
-239.07980380811412 
-239.0798038081142 
-239.07980380811424 
-239.07980380811418 
-239.07980380811426 
-239.07980380811426 
-239.079803808114 
-239.07980380811404 
-239.07980380811387 
-239.0798038081141 
-239.07980380811404 
-239.07980380810875 
-239.07980380810963 
-239.07980380810886 
-239.07980380810966 
-239.07980380810886 
-239.07980380811426 
-239.0798038081143 
-239.07980380811415 
-239.07980380811432 
-239.07980380811435 
-239.0798038081145 
-239.0798038081145 
-239.07980380811443 
-239.07980380811452 
-239.0798038081147 
-239.0798038081146 
-239.0798038081145 
-239.0798038081146 
-239.07980380811455 
-239.07980380811455 
-239.07980380811443 
-239.0798038081145 
-239.07980380811455 
-239.07980380811466 
-239.07980380811466 
-239.07980380811455 
-239.07980380811452 
-239.07980380811455 
-239.0798038081145 
-239.0798038081145 
-239.07980380811438 
-239.0798038081145 
-239.07980380811455 
-239.0798038081146 
-239.0798038081147 
-239.0798038081147 
-239.07980380811478 
-239.079803808115 
-239.079803808115 
-239.079803808115 
-239.079803808115 
-239.07980380811506 
-239.079803808115 
-239.07980380811495 
-239.07980380811506 
-239.07980380811497 
-239.07980380811514 
-239.07980380811512 
-239.0798038081152 
-239.07980380811532 
-239.07980380811532 
-239.07980380811523 
-239.07980380811537 
-239.0798038081154 
-239.07980380811534 
-239.07980380811546 
-239.07980380811549 
-239.07980380811543 
-239.07980380811557 
-239.07980380811546 
-239.07980380811568 
-239.07980380811563 
-239.07980380811568 
-239.07980380811586 
-239.07980380811568 
-239.07980380811568 
-239.0798038081158 
-239.0798038081158 
-239.07980380811574 
-239.0798038081159 
-239.0798038081159 
-239.07980380811597 
-239.07980380811608 
-239.07980380811605 
-239.07980380811614 
-239.0798038081162 
-239.0798038081162 
-239.07980380811642 
-239.0798038081163 
-239.07980380811625 
-239.0798038081163 
-239.07980380811625 
-239.0798038081162 
-239.07980380811617 
-239.07980380811614 
-239.0798038081161 
-239.07980380811614 
-239.0798038081162 
-239.07980380811625 
-239.07980380811617 
-239.07980380811617 
-239.0798038081162 
-239.07980380811608 
-239.07980380811625 
-239.07980380811608 
-239.07980380811622 
-239.0798038081161 
-239.07980380811608 
-239.0798038081163 
-239.0798038081163 
-239.0798038081163 
-239.07980380811648 
-239.07980380811662 
-239.07980380811657 
-239.0798038081167 
-239.07980380811654 
-239.07980380811685 
-239.07980380811682 
-239.07980380811696 
-239.0798038081169 
-239.079803808117 
-239.07980380811716 
-239.07980380811722 
-239.0798038081174 
-239.07980380811767 
-239.07980380811756 
-239.07980380811748 
-239.07980380811748 
-239.07980380811762 
-239.07980380811756 
-239.0798038081177 
-239.07980380811762 
-239.0798038081178 
-239.0798038081178 
-239.07980380811787 
-239.07980380811776 
-239.0798038081177 
-239.07980380811796 
-239.07980380811784 
-239.0798038081179 
-239.0798038081179 
-239.0798038081179 
-239.0798038081179 
-239.0798038081179 
-239.07980380811784 
-239.07980380811802 
-239.0798038081178 
-239.0798038081178 
-239.0798038081178 
-239.07980380811776 
-239.07980380811784 
-239.07980380811796 
-239.07980380811793 
-239.07980380811796 
-239.07980380811793 
-239.07980380811804 
-239.07980380811813 
-239.0798038081181 
-239.07980380811807 
-239.07980380811819 
-239.07980380811819 
-239.07980380811816 
-239.07980380811813 
-239.07980380811796 
-239.07980380811824 
-239.0798038081183 
-239.07980380811824 
-239.07980380811827 
-239.07980380811827 
-239.07980380811836 
-239.07980380811853 
-239.07980380811853 
-239.07980380811847 
-239.07980380811856 
-239.07980380811858 
-239.0798038081185 
-239.07980380811864 
-239.0798038081187 
-239.07980380811867 
-239.0798038081187 
-239.0798038081187 
-239.07980380811867 
-239.0798038081187 
-239.07980380811864 
-239.0798038081188 
-239.07980380811898 
-239.07980380811898 
-239.07980380811898 
-239.07980380811912 
-239.07980380811898 
-239.07980380811904 
-239.07980380811904 
-239.07980380811912 
-239.07980380811904 
-239.0798038081191 
-239.0798038081191 
-239.07980380811898 
-239.07980380811898 
-239.07980380811904 
-239.0798038081188 
-239.0798038081189 
-239.07980380811898 
-239.07980380811904 
-239.07980380811875 
-239.0798038081188 
-239.07980380811884 
-239.0798038081134 
-239.07980380811398 
-239.07980380811318 
-239.0798038081138 
-239.07980380811296 
-239.07980380811853 
-239.07980380811856 
-239.07980380811864 
-239.07980380811864 
-239.07980380811847 
-239.07980380811847 
-239.07980380811858 
-239.07980380811847 
-239.0798038081186 
-239.07980380811867 
-239.07980380811864 
-239.07980380811864 
-239.0798038081186 
-239.07980380811864 
-239.07980380811867 
-239.07980380811875 
-239.0798038081187 
-239.07980380811875 
-239.07980380811892 
-239.07980380811904 
-239.07980380811898 
-239.07980380811887 
-239.07980380811875 
-239.07980380811887 
-239.07980380811875 
-239.0798038081189 
-239.0798038081188 
-239.07980380811875 
-239.0798038081188 
-239.0798038081188 
-239.07980380811856 
-239.07980380811873 
-239.07980380811867 
-239.0798038081187 
-239.07980380811858 
-239.0798038081188 
-239.07980380811847 
-239.0798038081184 
-239.07980380811819 
-239.07980380811816 
-239.07980380811819 
-239.07980380811802 
-239.0798038081181 
-239.07980380811807 
-239.07980380811827 
-239.07980380811807 
-239.07980380811807 
-239.07980380811802 
-239.07980380811796 
-239.0798038081179 
-239.07980380811787 
-239.07980380811784 
-239.07980380811784 
-239.07980380811776 
-239.0798038081178 
-239.07980380811767 
-239.07980380811773 
-239.07980380811784 
-239.07980380811767 
-239.07980380811767 
-239.07980380811756 
-239.07980380811762 
-239.0798038081176 
-239.07980380811733 
-239.0798038081175 
-239.07980380811756 
-239.0798038081176 
-239.07980380811733 
-239.07980380811742 
-239.0798038081174 
-239.07980380811745 
-239.0798038081175 
-239.07980380811748 
-239.07980380811745 
-239.07980380811728 
-239.0798038081174 
-239.07980380811728 
-239.0798038081173 
-239.0798038081171 
-239.07980380811713 
-239.07980380811694 
-239.07980380811722 
-239.079803808117 
-239.07980380811688 
-239.07980380811705 
-239.07980380811705 
-239.0798038081171 
-239.07980380811716 
-239.07980380811705 
-239.07980380811705 
-239.0798038081171 
-239.07980380811722 
-239.07980380811708 
-239.07980380811728 
-239.079803808117 
-239.0798038081171 
-239.07980380811705 
-239.07980380811722 
-239.07980380811716 
-239.07980380811722 
-239.07980380811725 
-239.0798038081171 
-239.07980380811722 
-239.07980380811708 
-239.079803808117 
-239.07980380811688 
-239.079803808117 
-239.07980380811694 
-239.07980380811702 
-239.07980380811694 
-239.07980380811694 
-239.07980380811676 
-239.07980380811688 
-239.07980380811682 
-239.0798038081167 
-239.07980380811694 
-239.07980380811685 
-239.07980380811696 
-239.07980380811705 
-239.0798038081169 
-239.0798038081169 
-239.0798038081168 
-239.07980380811657 
-239.0798038081166 
-239.0798038081166 
-239.07980380811642 
-239.0798038081164 
-239.07980380811625 
-239.0798038081163 
-239.07980380811637 
-239.0798038081163 
-239.07980380811622 
-239.0798038081164 
-239.07980380811637 
-239.07980380811642 
-239.07980380811657 
-239.07980380811665 
-239.07980380811665 
-239.0798038081167 
-239.07980380811676 
-239.07980380811685 
-239.07980380811668 
-239.07980380811665 
-239.07980380811665 
-239.07980380811654 
-239.0798038081167 
-239.07980380811648 
-239.07980380811637 
-239.07980380811637 
-239.07980380811648 
-239.07980380811634 
-239.07980380811637 
-239.07980380811637 
-239.07980380811648 
-239.07980380811625 
-239.07980380811614 
-239.07980380811622 
-239.07980380811625 
-239.07980380811628 
-239.0798038081162 
-239.0798038081161 
-239.07980380811617 
-239.07980380811608 
-239.07980380811597 
-239.079803808116 
-239.07980380811603 
-239.079803808116 
-239.07980380811603 
-239.07980380811586 
-239.0798038081159 
-239.07980380811597 
-239.07980380811605 
-239.07980380811614 
-239.07980380811614 
-239.07980380811603 
-239.07980380811614 
-239.0798038081161 
-239.07980380811617 
-239.07980380811625 
-239.07980380811603 
-239.07980380811605 
-239.07980380811605 
-239.0798038081158 
-239.0798038081157 
-239.0798038081158 
-239.07980380811557 
-239.07980380811563 
-239.07980380811574 
-239.07980380811574 
-239.07980380811549 
-239.0798038081155 
-239.07980380810994 
-239.07980380811082 
-239.07980380810986 
-239.07980380811094 
-239.07980380811 
-239.0798038081154 
-239.0798038081155 
-239.07980380811566 
-239.07980380811568 
-239.07980380811554 
-239.07980380811568 
-239.0798038081159 
-239.07980380811577 
-239.07980380811588 
-239.0798038081159 
-239.07980380811605 
-239.07980380811614 
-239.0798038081162 
-239.07980380811608 
-239.07980380811608 
-239.07980380811605 
-239.0798038081161 
-239.0798038081161 
-239.07980380811614 
-239.07980380811603 
-239.07980380811608 
-239.0798038081161 
-239.07980380811608 
-239.07980380811625 
-239.07980380811622 
-239.07980380811614 
-239.07980380811625 
-239.0798038081162 
-239.07980380811622 
-239.0798038081162 
-239.07980380811648 
-239.0798038081166 
-239.07980380811648 
-239.07980380811642 
-239.07980380811648 
-239.0798038081164 
-239.07980380811654 
-239.0798038081167 
-239.07980380811657 
-239.07980380811648 
-239.07980380811654 
-239.07980380811657 
-239.0798038081165 
-239.0798038081166 
-239.07980380811654 
-239.0798038081167 
-239.07980380811665 
-239.07980380811688 
-239.07980380811676 
-239.07980380811688 
-239.079803808117 
-239.07980380811685 
-239.0798038081168 
-239.07980380811694 
-239.07980380811682 
-239.07980380811665 
-239.0798038081166 
-239.07980380811654 
-239.07980380811654 
-239.07980380811654 
-239.0798038081165 
-239.07980380811657 
-239.0798038081163 
-239.07980380811637 
-239.0798038081163 
-239.07980380811625 
-239.07980380811637 
-239.0798038081163 
-239.07980380811634 
-239.0798038081166 
-239.07980380811648 
-239.0798038081167 
-239.07980380811657 
-239.0798038081165 
-239.07980380811665 
-239.07980380811648 
-239.07980380811654 
-239.0798038081167 
-239.07980380811676 
-239.07980380811688 
-239.079803808117 
-239.07980380811705 
-239.0798038081171 
-239.079803808117 
-239.07980380811702 
-239.0798038081169 
-239.07980380811705 
-239.07980380811713 
-239.0798038081173 
-239.07980380811725 
-239.07980380811728 
-239.07980380811716 
-239.0798038081171 
-239.0798038081171 
-239.07980380811694 
-239.07980380811694 
-239.07980380811688 
-239.079803808117 
-239.07980380811705 
-239.07980380811716 
-239.07980380811713 
-239.07980380811696 
-239.07980380811705 
-239.079803808117 
-239.07980380811694 
-239.079803808117 
-239.07980380811694 
-239.07980380811682 
-239.07980380811688 
-239.07980380811688 
-239.07980380811694 
-239.07980380811708 
-239.0798038081171 
-239.07980380811728 
-239.07980380811716 
-239.07980380811722 
-239.07980380811722 
-239.0798038081175 
-239.07980380811745 
-239.0798038081174 
-239.07980380811733 
-239.07980380811742 
-239.07980380811736 
-239.07980380811728 
-239.07980380811745 
-239.07980380811745 
-239.07980380811733 
-239.07980380811742 
-239.07980380811756 
-239.07980380811773 
-239.0798038081178 
-239.0798038081178 
-239.07980380811784 
-239.07980380811796 
-239.07980380811787 
-239.07980380811784 
-239.07980380811782 
-239.07980380811784 
-239.07980380811773 
-239.0798038081178 
-239.07980380811782 
-239.0798038081178 
-239.07980380811782 
-239.07980380811773 
-239.07980380811784 
-239.07980380811787 
-239.07980380811802 
-239.07980380811796 
-239.07980380811802 
-239.07980380811787 
-239.0798038081178 
-239.07980380811784 
-239.07980380811796 
-239.07980380811807 
-239.07980380811824 
-239.07980380811838 
-239.07980380811827 
-239.07980380811824 
-239.07980380811833 
-239.07980380811824 
-239.0798038081181 
-239.07980380811819 
-239.07980380811819 
-239.07980380811836 
-239.0798038081183 
-239.07980380811853 
-239.07980380811853 
-239.07980380811864 
-239.07980380811858 
-239.07980380811858 
-239.07980380811887 
-239.0798038081187 
-239.0798038081187 
-239.07980380811853 
-239.07980380811858 
-239.0798038081187 
-239.07980380811878 
-239.07980380811875 
-239.07980380811853 
-239.07980380811858 
-239.0798038081188 
-239.0798038081188 
-239.07980380811878 
-239.0798038081187 
-239.07980380811878 
-239.07980380811875 
-239.07980380811873 
-239.0798038081188 
-239.07980380811892 
-239.07980380811892 
-239.07980380811892 
-239.07980380811347 
-239.07980380811446 
-239.07980380811355 
-239.0798038081146 
-239.07980380811352 
-239.07980380811898 
-239.07980380811887 
-239.07980380811875 
-239.07980380811887 
-239.07980380811875 
-239.07980380811878 
-239.07980380811892 
-239.0798038081187 
-239.0798038081186 
-239.07980380811853 
-239.07980380811858 
-239.0798038081183 
-239.0798038081184 
-239.07980380811824 
-239.07980380811807 
-239.07980380811802 
-239.07980380811793 
-239.07980380811784 
-239.0798038081178 
-239.07980380811773 
-239.07980380811762 
-239.07980380811776 
-239.0798038081179 
-239.07980380811796 
-239.07980380811796 
-239.0798038081178 
-239.07980380811773 
-239.07980380811784 
-239.07980380811802 
-239.0798038081178 
-239.07980380811802 
-239.07980380811813 
-239.07980380811824 
-239.07980380811816 
-239.07980380811813 
-239.07980380811796 
-239.07980380811796 
-239.07980380811796 
-239.07980380811787 
-239.07980380811802 
-239.07980380811802 
-239.079803808118 
-239.07980380811813 
-239.07980380811804 
-239.07980380811802 
-239.07980380811802 
-239.07980380811802 
-239.07980380811784 
-239.079803808118 
-239.07980380811802 
-239.07980380811796 
-239.07980380811807 
-239.07980380811802 
-239.0798038081179 
-239.07980380811784 
-239.07980380811802 
-239.07980380811787 
-239.07980380811784 
-239.07980380811776 
-239.07980380811767 
-239.0798038081178 
-239.0798038081179 
-239.0798038081179 
-239.07980380811776 
-239.07980380811765 
-239.07980380811756 
-239.07980380811753 
-239.0798038081175 
-239.0798038081175 
-239.07980380811733 
-239.07980380811756 
-239.0798038081174 
-239.0798038081176 
-239.0798038081175 
-239.07980380811748 
-239.07980380811745 
-239.07980380811745 
-239.07980380811748 
-239.07980380811742 
-239.07980380811725 
-239.07980380811722 
-239.07980380811722 
-239.07980380811722 
-239.0798038081171 
-239.0798038081172 
-239.07980380811725 
-239.07980380811713 
-239.07980380811722 
-239.07980380811716 
-239.0798038081171 
-239.0798038081171 
-239.07980380811705 
-239.0798038081172 
-239.07980380811708 
-239.079803808117 
-239.07980380811705 
-239.07980380811705 
-239.07980380811725 
-239.079803808117 
-239.0798038081171 
-239.079803808117 
-239.07980380811708 
-239.0798038081171 
-239.07980380811705 
-239.07980380811722 
-239.0798038081171 
-239.07980380811694 
-239.07980380811676 
-239.07980380811668 
-239.0798038081166 
-239.07980380811648 
-239.07980380811654 
-239.07980380811642 
-239.0798038081162 
-239.07980380811637 
-239.0798038081162 
-239.07980380811603 
-239.07980380811603 
-239.0798038081161 
-239.07980380811608 
-239.07980380811614 
-239.07980380811603 
-239.07980380811597 
-239.07980380811586 
-239.07980380811603 
-239.07980380811614 
-239.0798038081161 
-239.0798038081162 
-239.07980380811628 
-239.07980380811637 
-239.07980380811642 
-239.07980380811648 
-239.07980380811648 
-239.07980380811637 
-239.07980380811648 
-239.07980380811642 
-239.07980380811654 
-239.07980380811648 
-239.07980380811674 
-239.0798038081166 
-239.07980380811645 
-239.07980380811637 
-239.07980380811657 
-239.07980380811665 
-239.07980380811676 
-239.07980380811676 
-239.07980380811676 
-239.0798038081167 
-239.07980380811665 
-239.07980380811676 
-239.07980380811674 
-239.07980380811665 
-239.0798038081167 
-239.07980380811642 
-239.07980380811625 
-239.07980380811625 
-239.07980380811625 
-239.07980380811645 
-239.0798038081163 
-239.0798038081164 
-239.0798038081162 
-239.0798038081162 
-239.07980380811603 
-239.07980380811603 
-239.07980380811597 
-239.079803808116 
-239.07980380811597 
-239.0798038081159 
-239.0798038081159 
-239.0798038081161 
-239.0798038081159 
-239.07980380811586 
-239.0798038081158 
-239.07980380811577 
-239.07980380811563 
-239.07980380811546 
-239.0798038081158 
-239.07980380811568 
-239.07980380811557 
-239.0798038081156 
-239.07980380811568 
-239.07980380811574 
-239.07980380811574 
-239.07980380811574 
-239.07980380811574 
-239.07980380811563 
-239.07980380811557 
-239.0798038081155 
-239.0798038081154 
-239.0798038081153 
-239.07980380811512 
-239.07980380810972 
-239.07980380811063 
-239.0798038081098 
-239.0798038081106 
-239.07980380810972 
-239.0798038081153 
-239.07980380811549 
-239.0798038081156 
-239.07980380811574 
-239.07980380811586 
-239.07980380811563 
-239.0798038081158 
-239.07980380811574 
-239.07980380811574 
-239.07980380811568 
-239.07980380811554 
-239.07980380811557 
-239.0798038081155 
-239.07980380811574 
-239.0798038081158 
-239.07980380811563 
-239.07980380811574 
-239.0798038081159 
-239.07980380811597 
-239.07980380811608 
-239.0798038081161 
-239.0798038081162 
-239.07980380811617 
-239.07980380811603 
-239.07980380811614 
-239.07980380811625 
-239.0798038081164 
-239.0798038081163 
-239.07980380811637 
-239.07980380811625 
-239.07980380811645 
-239.07980380811642 
-239.07980380811648 
-239.0798038081166 
-239.0798038081167 
-239.07980380811662 
-239.0798038081167 
-239.07980380811685 
-239.0798038081171 
-239.07980380811705 
-239.07980380811722 
-239.07980380811725 
-239.07980380811733 
-239.07980380811716 
-239.07980380811733 
-239.07980380811736 
-239.07980380811725 
-239.07980380811733 
-239.07980380811716 
-239.07980380811705 
-239.07980380811716 
-239.07980380811722 
-239.07980380811745 
-239.07980380811745 
-239.07980380811733 
-239.07980380811748 
-239.07980380811742 
-239.0798038081174 
-239.0798038081173 
-239.07980380811745 
-239.07980380811722 
-239.07980380811736 
-239.07980380811725 
-239.07980380811725 
-239.07980380811728 
-239.07980380811722 
-239.07980380811733 
-239.07980380811733 
-239.07980380811745 
-239.07980380811756 
-239.07980380811762 
-239.07980380811773 
-239.0798038081176 
-239.07980380811762 
-239.07980380811762 
-239.07980380811773 
-239.07980380811776 
-239.0798038081176 
-239.07980380811773 
-239.07980380811784 
-239.07980380811767 
-239.07980380811787 
-239.07980380811796 
-239.07980380811796 
-239.07980380811802 
-239.0798038081183 
-239.0798038081183 
-239.07980380811827 
-239.07980380811824 
-239.07980380811819 
-239.07980380811813 
-239.0798038081183 
-239.07980380811836 
-239.07980380811856 
-239.07980380811847 
-239.07980380811847 
-239.07980380811856 
-239.07980380811864 
-239.07980380811864 
-239.07980380811824 
-239.07980380811838 
-239.0798038081183 
-239.0798038081186 
-239.07980380811858 
-239.07980380811847 
-239.07980380811864 
-239.0798038081187 
-239.07980380811858 
-239.07980380811867 
-239.07980380811858 
-239.07980380811853 
-239.07980380811853 
-239.07980380811875 
-239.07980380811864 
-239.07980380811864 
-239.0798038081189 
-239.07980380811875 
-239.0798038081187 
-239.07980380811904 
-239.07980380811887 
-239.07980380811892 
-239.0798038081189 
-239.0798038081187 
-239.0798038081187 
-239.07980380811878 
-239.0798038081188 
-239.079803808119 
-239.07980380811915 
-239.07980380811924 
-239.0798038081193 
-239.0798038081192 
-239.07980380811927 
-239.07980380811927 
-239.0798038081192 
-239.07980380811938 
-239.07980380811955 
-239.0798038081195 
-239.0798038081196 
-239.07980380811972 
-239.07980380811972 
-239.07980380811966 
-239.0798038081196 
-239.07980380811972 
-239.07980380811975 
-239.07980380811975 
-239.0798038081199 
-239.07980380811972 
-239.07980380811978 
-239.07980380811983 
-239.0798038081199 
-239.07980380811983 
-239.07980380812012 
-239.0798038081199 
-239.07980380811992 
-239.07980380811995 
-239.07980380812 
-239.07980380812018 
-239.07980380812023 
-239.07980380812046 
-239.07980380812023 
-239.07980380812003 
-239.07980380812 
-239.07980380812015 
-239.07980380812012 
-239.0798038081201 
-239.0798038081201 
-239.07980380812012 
-239.07980380812015 
-239.07980380812012 
-239.07980380812003 
-239.07980380811995 
-239.07980380812003 
-239.07980380811995 
-239.07980380812012 
-239.0798038081202 
-239.07980380812003 
-239.07980380812018 
-239.0798038081203 
-239.07980380812032 
-239.07980380812023 
-239.07980380812032 
-239.07980380812032 
-239.0798038081204 
-239.07980380812043 
-239.07980380812066 
-239.07980380812054 
-239.0798038081206 
-239.0798038081204 
-239.07980380812046 
-239.0798038081207 
-239.07980380812074 
-239.07980380811523 
-239.07980380811605 
-239.0798038081152 
-239.07980380811603 
-239.07980380811506 
-239.07980380812063 
-239.0798038081205 
-239.07980380812054 
-239.07980380812023 
-239.07980380812018 
-239.0798038081203 
-239.07980380812037 
-239.07980380812018 
-239.07980380812012 
-239.07980380811995 
-239.07980380812015 
-239.07980380812018 
-239.07980380812 
-239.07980380812023 
-239.07980380812018 
-239.07980380812006 
-239.07980380812015 
-239.07980380812006 
-239.07980380812003 
-239.07980380812006 
-239.07980380811998 
-239.07980380812 
-239.07980380811972 
-239.07980380811966 
-239.07980380811952 
-239.0798038081195 
-239.07980380811958 
-239.0798038081195 
-239.07980380811944 
-239.0798038081192 
-239.0798038081191 
-239.0798038081191 
-239.0798038081192 
-239.0798038081191 
-239.07980380811895 
-239.07980380811875 
-239.0798038081188 
-239.0798038081188 
-239.07980380811873 
-239.07980380811887 
-239.0798038081189 
-239.07980380811864 
-239.07980380811878 
-239.07980380811887 
-239.07980380811887 
-239.07980380811898 
-239.07980380811884 
-239.0798038081187 
-239.07980380811878 
-239.0798038081187 
-239.07980380811853 
-239.0798038081187 
-239.07980380811892 
-239.07980380811887 
-239.0798038081187 
-239.07980380811853 
-239.0798038081187 
-239.07980380811892 
-239.0798038081189 
-239.0798038081188 
-239.07980380811887 
-239.07980380811858 
-239.07980380811856 
-239.0798038081184 
-239.07980380811838 
-239.07980380811824 
-239.07980380811824 
-239.07980380811807 
-239.07980380811836 
-239.07980380811824 
-239.07980380811824 
-239.07980380811819 
-239.07980380811807 
-239.07980380811784 
-239.07980380811762 
-239.07980380811745 
-239.07980380811742 
-239.0798038081175 
-239.07980380811742 
-239.07980380811728 
-239.07980380811722 
-239.07980380811733 
-239.07980380811705 
-239.0798038081171 
-239.07980380811708 
-239.079803808117 
-239.07980380811682 
-239.07980380811694 
-239.07980380811694 
-239.07980380811676 
-239.0798038081167 
-239.07980380811665 
-239.07980380811682 
-239.07980380811688 
-239.07980380811668 
-239.07980380811654 
-239.0798038081163 
-239.0798038081163 
-239.07980380811637 
-239.07980380811617 
-239.07980380811597 
-239.0798038081159 
-239.07980380811586 
-239.0798038081159 
-239.07980380811597 
-239.07980380811597 
-239.07980380811597 
-239.07980380811603 
-239.07980380811614 
-239.07980380811588 
-239.07980380811583 
-239.0798038081159 
-239.0798038081158 
-239.07980380811586 
-239.0798038081158 
-239.07980380811574 
-239.07980380811586 
-239.0798038081159 
-239.0798038081157 
-239.07980380811577 
-239.07980380811583 
-239.07980380811563 
-239.0798038081155 
-239.0798038081154 
-239.07980380811526 
-239.07980380811523 
-239.0798038081154 
-239.07980380811534 
-239.0798038081153 
-239.0798038081152 
-239.07980380811512 
-239.0798038081151 
-239.07980380811503 
-239.07980380811512 
-239.07980380811517 
-239.07980380811512 
-239.079803808115 
-239.07980380811506 
-239.07980380811503 
-239.07980380811483 
-239.07980380811472 
-239.0798038081145 
-239.07980380811446 
-239.0798038081144 
-239.07980380811455 
-239.07980380811443 
-239.07980380811438 
-239.07980380811435 
-239.07980380811426 
-239.0798038081143 
-239.07980380811404 
-239.07980380811406 
-239.07980380811398 
-239.07980380811387 
-239.07980380811372 
-239.07980380811364 
-239.07980380811355 
-239.07980380811335 
-239.07980380811338 
-239.0798038081131 
-239.07980380811324 
-239.079803808113 
-239.079803808113 
-239.0798038081129 
-239.07980380811296 
-239.0798038081129 
-239.07980380811279 
-239.07980380811279 
-239.07980380811279 
-239.07980380811273 
-239.07980380811262 
-239.07980380811233 
-239.07980380811256 
-239.0798038081124 
-239.07980380811233 
-239.07980380811247 
-239.07980380811244 
-239.0798038081124 
-239.0798038081123 
-239.07980380811213 
-239.079803808112 
-239.07980380811205 
-239.079803808112 
-239.079803808112 
-239.07980380811188 
-239.0798038081119 
-239.07980380811176 
-239.07980380811176 
-239.07980380811188 
-239.0798038081119 
-239.07980380811176 
-239.0798038081063 
-239.07980380810707 
-239.07980380810625 
-239.07980380810702 
-239.0798038081062 
-239.07980380811176 
-239.07980380811193 
-239.07980380811168 
-239.07980380811162 
-239.07980380811165 
-239.0798038081117 
-239.07980380811193 
-239.0798038081121 
-239.07980380811216 
-239.0798038081124 
-239.07980380811247 
-239.07980380811233 
-239.07980380811244 
-239.07980380811247 
-239.07980380811267 
-239.07980380811262 
-239.07980380811244 
-239.07980380811244 
-239.07980380811247 
-239.07980380811233 
-239.07980380811244 
-239.0798038081126 
-239.07980380811273 
-239.0798038081125 
-239.07980380811273 
-239.07980380811267 
-239.07980380811273 
-239.07980380811284 
-239.07980380811296 
-239.07980380811313 
-239.07980380811324 
-239.07980380811318 
-239.07980380811335 
-239.0798038081134 
-239.07980380811355 
-239.07980380811375 
-239.07980380811378 
-239.0798038081139 
-239.07980380811392 
-239.0798038081142 
-239.07980380811392 
-239.07980380811412 
-239.079803808114 
-239.07980380811418 
-239.07980380811432 
-239.0798038081144 
-239.07980380811443 
-239.07980380811443 
-239.0798038081145 
-239.07980380811466 
-239.07980380811455 
-239.07980380811466 
-239.0798038081149 
-239.0798038081146 
-239.0798038081146 
-239.0798038081146 
-239.0798038081145 
-239.07980380811455 
-239.07980380811438 
-239.0798038081145 
-239.07980380811458 
-239.07980380811472 
-239.0798038081146 
-239.07980380811472 
-239.07980380811452 
-239.0798038081145 
-239.07980380811443 
-239.0798038081146 
-239.0798038081146 
-239.07980380811483 
-239.07980380811506 
-239.079803808115 
-239.07980380811506 
-239.0798038081153 
-239.07980380811523 
-239.0798038081153 
-239.0798038081152 
-239.07980380811532 
-239.07980380811523 
-239.07980380811534 
-239.07980380811532 
-239.0798038081154 
-239.07980380811566 
-239.07980380811563 
-239.07980380811563 
-239.07980380811546 
-239.07980380811557 
-239.0798038081155 
-239.07980380811563 
-239.07980380811568 
-239.07980380811574 
-239.0798038081159 
-239.0798038081162 
-239.07980380811622 
-239.0798038081163 
-239.07980380811634 
-239.07980380811642 
-239.07980380811648 
-239.07980380811654 
-239.07980380811642 
-239.07980380811654 
-239.07980380811682 
-239.07980380811682 
-239.07980380811688 
-239.0798038081168 
-239.079803808117 
-239.0798038081171 
-239.07980380811716 
-239.07980380811705 
-239.07980380811733 
-239.07980380811728 
-239.0798038081174 
-239.0798038081174 
-239.07980380811756 
-239.0798038081175 
-239.0798038081178 
-239.0798038081177 
-239.07980380811784 
-239.0798038081179 
-239.07980380811807 
-239.07980380811807 
-239.07980380811824 
-239.07980380811827 
-239.07980380811819 
-239.07980380811838 
-239.07980380811833 
-239.0798038081184 
-239.07980380811858 
-239.07980380811864 
-239.07980380811867 
-239.0798038081189 
-239.07980380811875 
-239.07980380811878 
-239.07980380811887 
-239.07980380811858 
-239.0798038081187 
-239.0798038081186 
-239.0798038081187 
-239.0798038081187 
-239.0798038081187 
-239.07980380811875 
-239.0798038081187 
-239.07980380811873 
-239.0798038081187 
-239.07980380811867 
-239.0798038081188 
-239.0798038081187 
-239.07980380811864 
-239.07980380811858 
-239.0798038081184 
-239.07980380811858 
-239.07980380811858 
-239.07980380811853 
-239.0798038081187 
-239.07980380811856 
-239.07980380811858 
-239.07980380811864 
-239.07980380811887 
-239.07980380811898 
-239.07980380811892 
-239.07980380811898 
-239.07980380811915 
-239.0798038081193 
-239.07980380811932 
-239.07980380811932 
-239.07980380811915 
-239.07980380811938 
-239.07980380811944 
-239.07980380811966 
-239.07980380811983 
-239.07980380811975 
-239.07980380811975 
-239.07980380811983 
-239.0798038081198 
-239.0798038081199 
-239.07980380811998 
-239.0798038081202 
-239.07980380812018 
-239.07980380812018 
-239.0798038081203 
-239.07980380812026 
-239.07980380812023 
-239.07980380812032 
-239.07980380812035 
-239.0798038081205 
-239.0798038081204 
-239.0798038081204 
-239.07980380812046 
-239.07980380812074 
-239.07980380812063 
-239.0798038081207 
-239.0798038081154 
-239.07980380811597 
-239.07980380811523 
-239.07980380811597 
-239.0798038081155 
-239.07980380812086 
-239.07980380812091 
-239.07980380812074 
-239.0798038081207 
-239.07980380812072 
-239.0798038081207 
-239.07980380812057 
-239.07980380812054 
-239.07980380812052 
-239.0798038081206 
-239.0798038081205 
-239.07980380812052 
-239.07980380812046 
-239.07980380812057 
-239.07980380812052 
-239.07980380812054 
-239.07980380812035 
-239.07980380812012 
-239.07980380812012 
-239.07980380812023 
-239.07980380812018 
-239.0798038081204 
-239.07980380812043 
-239.07980380812035 
-239.0798038081204 
-239.07980380812032 
-239.0798038081203 
-239.0798038081203 
-239.07980380812035 
-239.0798038081204 
-239.07980380812046 
-239.0798038081204 
-239.07980380812018 
-239.07980380812015 
-239.07980380812012 
-239.07980380811995 
-239.07980380812012 
-239.07980380812023 
-239.0798038081203 
-239.07980380812018 
-239.0798038081201 
-239.07980380811998 
-239.07980380811998 
-239.0798038081199 
-239.07980380811995 
-239.07980380812 
-239.07980380811995 
-239.07980380811983 
-239.07980380811992 
-239.07980380811992 
-239.07980380811995 
-239.07980380811978 
-239.07980380811966 
-239.0798038081196 
-239.0798038081196 
-239.07980380811958 
-239.07980380811938 
-239.0798038081192 
-239.07980380811915 
-239.0798038081191 
-239.07980380811898 
-239.07980380811878 
-239.0798038081188 
-239.07980380811915 
-239.07980380811884 
-239.0798038081189 
-239.07980380811875 
-239.07980380811875 
-239.07980380811864 
-239.0798038081186 
-239.0798038081184 
-239.0798038081184 
-239.07980380811836 
-239.07980380811836 
-239.0798038081184 
-239.07980380811853 
-239.07980380811853 
-239.07980380811858 
-239.07980380811847 
-239.0798038081184 
-239.07980380811836 
-239.07980380811838 
-239.0798038081183 
-239.07980380811847 
-239.07980380811853 
-239.07980380811847 
-239.07980380811847 
-239.07980380811833 
-239.07980380811836 
-239.0798038081184 
-239.07980380811824 
-239.07980380811813 
-239.07980380811802 
-239.07980380811807 
-239.0798038081179 
-239.07980380811784 
-239.07980380811776 
-239.0798038081178 
-239.07980380811767 
-239.07980380811767 
-239.07980380811762 
-239.0798038081175 
-239.07980380811745 
-239.07980380811733 
-239.07980380811705 
-239.07980380811705 
-239.07980380811725 
-239.079803808117 
-239.07980380811694 
-239.07980380811688 
-239.07980380811685 
-239.0798038081168 
-239.07980380811682 
-239.0798038081168 
-239.07980380811688 
-239.0798038081167 
-239.0798038081168 
-239.07980380811676 
-239.0798038081167 
-239.0798038081165 
-239.07980380811645 
-239.0798038081162 
-239.07980380811617 
-239.0798038081163 
-239.07980380811628 
-239.07980380811605 
-239.07980380811608 
-239.07980380811603 
-239.07980380811605 
-239.07980380811605 
-239.07980380811597 
-239.0798038081161 
-239.07980380811608 
-239.07980380811614 
-239.07980380811625 
-239.0798038081163 
-239.07980380811625 
-239.0798038081163 
-239.07980380811634 
-239.0798038081162 
-239.07980380811642 
-239.07980380811648 
-239.0798038081163 
-239.0798038081163 
-239.07980380811637 
-239.0798038081162 
-239.0798038081163 
-239.07980380811625 
-239.0798038081165 
-239.0798038081163 
-239.07980380811637 
-239.07980380811637 
-239.07980380811622 
-239.07980380811603 
-239.07980380811622 
-239.07980380811642 
-239.0798038081163 
-239.0798038081163 
-239.0798038081164 
-239.07980380811637 
-239.07980380811628 
-239.07980380811637 
-239.0798038081162 
-239.07980380811625 
-239.0798038081161 
-239.07980380811614 
-239.0798038081162 
-239.0798038081162 
-239.0798038081161 
-239.07980380811608 
-239.07980380811603 
-239.07980380811608 
-239.079803808116 
-239.0798038081158 
-239.0798038081159 
-239.0798038081159 
-239.07980380811605 
-239.0798038081159 
-239.07980380811568 
-239.07980380811597 
-239.07980380811594 
-239.0798038081159 
-239.07980380811583 
-239.07980380811574 
-239.0798038081155 
-239.07980380811546 
-239.07980380811557 
-239.07980380811534 
-239.0798038081153 
-239.0798038081153 
-239.07980380811534 
-239.07980380810983 
-239.07980380811065 
-239.0798038081097 
-239.07980380811068 
-239.07980380810983 
-239.07980380811523 
-239.07980380811517 
-239.07980380811523 
-239.07980380811534 
-239.0798038081154 
-239.0798038081154 
-239.07980380811546 
-239.0798038081156 
-239.07980380811557 
-239.07980380811568 
-239.0798038081155 
-239.07980380811546 
-239.0798038081153 
-239.07980380811534 
-239.07980380811557 
-239.0798038081155 
-239.07980380811563 
-239.07980380811546 
-239.07980380811563 
-239.07980380811568 
-239.0798038081158 
-239.07980380811574 
-239.079803808116 
-239.07980380811597 
-239.07980380811608 
-239.07980380811605 
-239.07980380811603 
-239.07980380811608 
-239.0798038081158 
-239.07980380811614 
-239.07980380811614 
-239.07980380811597 
-239.079803808116 
-239.0798038081159 
-239.07980380811588 
-239.0798038081159 
-239.07980380811563 
-239.07980380811546 
-239.0798038081155 
-239.07980380811577 
-239.07980380811557 
-239.07980380811574 
-239.07980380811583 
-239.07980380811574 
-239.07980380811563 
-239.0798038081155 
-239.0798038081157 
-239.07980380811563 
-239.0798038081156 
-239.0798038081158 
-239.07980380811557 
-239.07980380811563 
-239.07980380811574 
-239.07980380811574 
-239.07980380811557 
-239.07980380811557 
-239.07980380811568 
-239.07980380811568 
-239.0798038081158 
-239.07980380811568 
-239.07980380811568 
-239.07980380811566 
-239.07980380811574 
-239.07980380811563 
-239.0798038081158 
-239.07980380811577 
-239.07980380811586 
-239.07980380811574 
-239.0798038081157 
-239.07980380811574 
-239.07980380811594 
-239.07980380811614 
-239.07980380811622 
-239.0798038081162 
-239.07980380811614 
-239.07980380811617 
-239.07980380811622 
-239.0798038081163 
-239.07980380811637 
-239.0798038081163 
-239.0798038081164 
-239.07980380811642 
-239.07980380811642 
-239.07980380811648 
-239.0798038081167 
-239.0798038081166 
-239.07980380811648 
-239.0798038081168 
-239.079803808117 
-239.07980380811705 
-239.07980380811705 
-239.07980380811713 
-239.07980380811705 
-239.07980380811705 
-239.07980380811716 
-239.07980380811705 
-239.0798038081171 
-239.0798038081171 
-239.07980380811716 
-239.0798038081171 
-239.07980380811728 
-239.07980380811725 
-239.07980380811728 
-239.0798038081174 
-239.07980380811748 
-239.07980380811765 
-239.0798038081175 
-239.07980380811765 
-239.07980380811736 
-239.07980380811742 
-239.0798038081174 
-239.07980380811745 
-239.07980380811736 
-239.07980380811745 
-239.07980380811728 
-239.07980380811745 
-239.07980380811745 
-239.07980380811745 
-239.0798038081174 
-239.07980380811756 
-239.0798038081175 
-239.07980380811767 
-239.07980380811773 
-239.07980380811784 
-239.0798038081178 
-239.07980380811796 
-239.07980380811796 
-239.07980380811796 
-239.07980380811787 
-239.0798038081178 
-239.0798038081179 
-239.07980380811802 
-239.07980380811802 
-239.07980380811807 
-239.07980380811824 
-239.07980380811853 
-239.0798038081185 
-239.07980380811864 
-239.07980380811875 
-239.0798038081187 
-239.07980380811875 
-239.0798038081188 
-239.0798038081187 
-239.07980380811892 
-239.07980380811892 
-239.0798038081188 
-239.0798038081189 
-239.07980380811892 
-239.0798038081191 
-239.07980380811892 
-239.07980380811904 
-239.07980380811898 
-239.07980380811907 
-239.07980380811898 
-239.07980380811904 
-239.07980380811887 
-239.07980380811904 
-239.07980380811887 
-239.07980380811898 
-239.07980380811918 
-239.07980380811924 
-239.0798038081193 
-239.07980380811938 
-239.07980380811932 
-239.07980380811932 
-239.0798038081192 
-239.07980380811912 
-239.07980380811915 
-239.07980380811907 
-239.0798038081191 
-239.07980380811904 
-239.07980380811904 
-239.07980380811904 
-239.07980380811904 
-239.07980380811907 
-239.0798038081192 
-239.07980380811924 
-239.0798038081192 
-239.07980380811915 
-239.0798038081192 
-239.07980380811927 
-239.07980380811935 
-239.07980380811927 
-239.07980380811938 
-239.07980380811927 
-239.07980380811944 
-239.0798038081195 
-239.0798038081197 
-239.0798038081197 
-239.07980380811972 
-239.07980380811983 
-239.07980380811438 
-239.07980380811514 
-239.0798038081142 
