2 3 0.001466328502030678 
3 4 0.0017532654467863808 
4 5 0.0018216217097966122 
5 6 0.00173027081884089 
6 7 0.0016894399397742407 
7 8 0.0016973163867464456 
8 9 0.0017073421732454331 
9 10 0.0017053969456358915 
10 11 0.0017013773719311413 
11 12 0.0017013946753584976 
12 13 0.0017028799926247723 
13 14 0.0017029737188657618 
14 15 0.0017022625920850767 
15 16 0.0017020992927671739 
16 17 0.0017024139471411566 
17 18 0.001702527558446903 
18 19 0.0017023672818088768 
19 20 0.0017022780533637696 
20 21 0.0017023519760926392 
21 22 0.0017024107326532357 
22 23 0.001702374010054763 
23 24 0.0017023326493759972 
24 25 0.0017023478999490295 
25 26 0.0017023744426357867 
26 27 0.0017023685990691802 
27 28 0.0017023513518481838 
28 29 0.001702352124060121 
29 30 0.001702362193433855 
30 31 0.001702363054428149 
31 32 0.00170235721707524 
32 33 0.0017023557230611244 
33 34 0.0017023587549236654 
34 35 0.0017023599878618959 
35 36 0.0017023583786076111 
36 37 0.0017023574076315015 
37 38 0.0017023581726993977 
38 39 0.001702358819984915 
39 40 0.0017023584616424226 
40 41 0.0017023580373823994 
41 42 0.0017023581748804458 
42 43 0.0017023584253247474 
43 44 0.0017023583787532932 
44 45 0.0017023582310437815 
45 46 0.0017023582335761868 
46 47 0.0017023583106881215 
47 48 0.0017023583182140649 
48 49 0.0017023582777573934 
49 50 0.001702358267952628 
50 51 0.0017023582885306806 
51 52 0.0017023582951307156 
52 53 0.001702358282993592 
53 54 0.001702358278213827 
54 55 0.0017023582894931698 
55 56 0.0017023582952927815 
56 57 0.0017023582808887833 
57 58 0.0017023582724051806 
58 59 0.0017023582887354242 
59 60 0.0017023583056657882 
60 61 0.001702358284213407 
61 62 0.0017023582564412716 
62 63 0.0017023582828733599 
63 64 0.0017023583335694062 
64 65 0.0017023582944499412 
65 66 0.001702358221220336 
66 67 0.0017023582638489181 
67 68 0.0017023583833537664 
68 69 0.001702358342063553 
69 70 0.0017023581455565533 
70 71 0.0017023581911115877 
71 72 0.0017023584781770678 
72 73 0.001702358475461531 
73 74 0.0017023580562450457 
74 75 0.0017023579837467356 
75 76 0.001702358594117528 
76 77 0.0017023588197912045 
77 78 0.0017023579813374335 
78 79 0.0017023574858118186 
79 80 0.0017023586167974158 
80 81 0.0017023595940326194 
81 82 0.001702358169720706 
82 83 0.001702356454151668 
83 84 0.0017023582020592948 
84 85 0.0017023611575422623 
85 86 0.0017023592723454698 
86 87 0.0017023545153191755 
87 88 0.001702356355284073 
88 89 0.0017023640382372019 
89 90 0.0017023631217329598 
90 91 0.0017023513774023274 
91 92 0.0017023503658114677 
92 93 0.0017023687127042265 
93 94 0.0017023749450083422 
94 95 0.00170234787866426 
95 96 0.0017023324133997877 
96 97 0.0017023739671063395 
97 98 0.0017024108481029482 
98 99 0.001702352038024959 
99 100 0.001702278078260929 
100 101 0.001702367265278112 
101 102 0.001702527489999854 
102 103 0.0017024139219438687 
103 104 0.0017020993440001295 
104 105 0.001702262618938939 
105 106 0.0017029736616395498 
106 107 0.0017028799265849266 
107 108 0.001701394635504158 
108 109 0.001701377258664437 
109 110 0.0017053965452802598 
110 111 0.0017073412523618372 
111 112 0.0016973168096529817 
112 113 0.0016894403248210346 
113 114 0.0017302708947667716 
114 115 0.00182162210622056 
115 116 0.0017532647701856536 
116 117 0.001466327928490261 
117 118 0.0015459253912385022 
