-128.70689315546784 
-128.70689315607225 
-128.70689315995213 
-128.70689316673284 
-128.7068931772876 
-128.70689319238235 
-128.70689321265132 
-128.7068932385726 
-128.70689327043448 
-128.7068933082978 
-128.70689335195246 
-128.70689340087247 
-128.70689345417654 
-128.7068935106009 
-128.70689356849752 
-128.70689362587376 
-128.70689368048795 
-128.70689373001923 
-128.70689377232364 
-128.70689380576724 
-128.70689382959884 
-128.7068938442635 
-128.70689385149277 
-128.70689385395372 
-128.7068938543549 
-128.7068938543617 
-128.7068938543616 
-128.70689385436157 
-128.70689385436134 
-128.7068938543616 
-128.7068938543643 
-128.70689385436256 
-128.70689385436162 
-128.70689385436177 
-128.70689385436162 
-128.7068938543618 
-128.70689385436197 
-128.706893854362 
-128.70689385436245 
-128.7068938543629 
-128.70689385436373 
-128.7068938543652 
-128.70689385436745 
-128.70689385437038 
-128.70689385437447 
-128.70689385437956 
-128.70689385438607 
-128.70689385439385 
-128.7068938544029 
-128.70689385441295 
-128.7068938544239 
-128.70689385443507 
-128.7068938544456 
-128.70689385445442 
-128.70689385445863 
-128.70689385445868 
-128.70689385619931 
-128.70689385854934 
-128.70689386267463 
-128.7068938696109 
-128.70689388027048 
-128.7068938954383 
-128.70689391575996 
-128.7068939417194 
-128.70689397360934 
-128.7068940114938 
-128.70689405516475 
-128.7068941040974 
-128.7068941574111 
-128.70689421384253 
-128.70689427174477 
-128.70689432912553 
-128.70689438374282 
-128.70689443327655 
-128.70689447558237 
-128.7068945090269 
-128.7068945328589 
-128.70689454752394 
-128.7068945547533 
-128.70689455721427 
-128.70689455761578 
-128.70689455762255 
-128.7068945576226 
-128.7068945576226 
-128.70689455762258 
-128.70689455762277 
-128.70689455762238 
-128.7068945576229 
-128.70689455762223 
-128.70689455762212 
-128.70689455762195 
-128.706894557622 
-128.70689455762198 
-128.7068945576221 
-128.70689455762246 
-128.70689455762286 
-128.70689455762357 
-128.70689455762488 
-128.70689455762707 
-128.70689455762997 
-128.70689455763397 
-128.70689455763898 
-128.70689455764563 
-128.70689455765367 
-128.70689455766305 
-128.70689455767427 
-128.70689455768658 
-128.70689455770037 
-128.70689455771526 
-128.70689455773103 
-128.7068945577481 
-128.70689455776548 
-128.7068945577839 
-128.70689455781277 
-128.70689455781329 
-128.70689455781337 
-128.7068945578132 
-128.70689455781363 
-128.70689455781388 
-128.70689455781374 
-128.70689455781385 
-128.70689455781397 
-128.7068945578139 
-128.70689455781388 
-128.70689455781383 
-128.70689455781363 
-128.70689455781357 
-128.70689455781346 
-128.7068945578133 
-128.7068945578131 
-128.706894557813 
-128.70689455781292 
-128.70689455781292 
-128.70689455781283 
-128.70689455781286 
-128.7068945578128 
-128.706894557813 
-128.7068945578131 
-128.70689455781314 
-128.70689455781286 
-128.70689455781277 
-128.706894557813 
-128.7068945578128 
-128.70689455781283 
-128.70689455781277 
-128.70689455781263 
-128.70689455781277 
-128.7068945578126 
-128.7068945578125 
-128.70689455781243 
-128.70689455781252 
-128.70689455781272 
-128.70689455781275 
-128.70689455781286 
-128.7068945578128 
-128.70689455781294 
-128.70689455781292 
-128.70689455781303 
-128.706894557813 
-128.7068945578132 
-128.70689455781303 
-128.70689455781317 
-128.70689455781311 
-128.70689455781292 
-128.70689455781272 
-128.70689455781266 
-128.70689455781266 
-128.70689455781272 
-128.70689455781277 
-128.706894557813 
-128.70689455781314 
-128.7068945578132 
-128.70689455781343 
-128.70689455781337 
-128.70689455781334 
-128.70689455781334 
-128.70689455781346 
-128.7068945578136 
-128.70689455781377 
-128.7068945578138 
-128.70689455781368 
-128.70689455781388 
-128.70689455781394 
-128.70689455781383 
-128.70689455781374 
-128.70689455781357 
-128.7068945578137 
-128.70689455781363 
-128.70689455781365 
-128.70689455781408 
-128.70689455781402 
-128.70689455781397 
-128.706894557814 
-128.7068945578141 
-128.706894557814 
-128.70689455781434 
-128.7068945578141 
