2 -0.6995585569421553 
3 0.6239832549376668 
4 -0.561508870135869 
5 0.5076138140805624 
6 -0.4601579409253507 
7 0.41791726093573467 
8 -0.38009101507480797 
9 0.3461022217892613 
10 -0.315505235614024 
11 0.28793880337256844 
12 -0.2631002526833687 
13 0.24073036510595383 
14 -0.22060379602623556 
15 0.2025228155666347 
16 -0.18631296940796743 
17 0.17181988229803719 
18 -0.15890683195082875 
19 0.14745284826134894 
20 -0.13735118355542897 
21 0.12850805704094273 
22 -0.12084161076236447 
23 0.11428103534122759 
24 -0.10876583692745018 
25 0.10424522548048075 
26 -0.10067761005573159 
27 0.0980301908652411 
28 -0.09627864058404721 
29 0.0954068695696961 
30 -0.09540687127629943 
31 0.09627864552422061 
32 -0.09803019849752288 
33 0.10067761946944631 
34 -0.10424523538925272 
35 0.10876584567083974 
36 -0.11428104089706476 
37 0.1208416108125144 
38 -0.12850804909116328 
39 0.13735116519245616 
40 -0.14745281756117895 
41 0.15890678813165443 
42 -0.17181982661931577 
43 0.1863129061854298 
44 -0.20252275275694737 
45 0.22060374382611714 
46 -0.24073032837684272 
47 0.26310021511173715 
48 -0.2879387447025757 
49 0.315505169628729 
50 -0.3461021503243622 
51 0.38009094235159246 
52 -0.41791720849462655 
53 0.46015795133605664 
54 -0.5076137958230693 
55 0.5615088635980457 
56 -0.6239832508621488 
57 0.6995585548566917 
