-197.69760873979607 
-197.69760873979573 
-197.69760876163932 
-197.69760878460156 
-197.69760880835688 
-197.69760883259735 
-197.69760885709584 
-197.6976088816813 
-197.69760890623965 
-197.6976089307097 
-197.69760895507073 
-197.6976089793315 
-197.6976090035141 
-197.69760902764486 
-197.69760905174826 
-197.69760907584217 
-197.69760909993744 
-197.69760912403774 
-197.69760914814273 
-197.69760917224846 
-197.6976091963507 
-197.69760922044642 
-197.6976092445358 
-197.6976092686241 
-197.69760929272144 
-197.6976093168448 
-197.6976093410137 
-197.6976093652483 
-197.69760938956404 
-197.6976094139638 
-197.69760943843258 
-197.69760946293775 
-197.6976094874325 
-197.69760951186916 
-197.69760953621102 
-197.6976095604444 
-197.69760958457692 
-197.69760960862413 
-197.6976096325917 
-197.69760965650474 
-197.69760968056354 
-197.69760970540895 
-197.69760973213897 
-197.69760976167117 
-197.69760979402625 
-197.69760982839583 
-197.6976098638003 
-197.6976098996928 
-197.6976099362402 
-197.6976099747243 
-197.69761001860118 
-197.69761007339505 
-197.6976101420725 
-197.69761022573095 
-197.6976102884742 
-197.69761030535736 
-197.69761030600628 
-197.697610306007 
-197.69761030600276 
-197.6976103060053 
-197.69761030600534 
-197.6976103060052 
-197.69761030600577 
-197.69761030600756 
-197.6976103060175 
-197.69761030603814 
-197.69761030607987 
-197.69761030615942 
-197.6976103062915 
-197.69761030648442 
-197.69761030674402 
-197.69761030707446 
-197.69761030748475 
-197.6976103079743 
-197.69761030850844 
-197.6976103090216 
-197.69761030948501 
-197.69761030993917 
-197.6976103104515 
-197.69761031106978 
-197.69761031180911 
-197.69761031265412 
-197.69761031357368 
-197.69761031453066 
-197.69761031549035 
-197.6976103164251 
-197.69761031731414 
-197.6976103181469 
-197.69761031892122 
-197.69761031964265 
-197.69761032032324 
-197.69761032097833 
-197.69761032162228 
-197.69761032226833 
-197.697610322926 
-197.6976103236005 
-197.69761032429298 
-197.69761032500145 
-197.69761032572148 
-197.69761032644854 
-197.69761032717736 
-197.69761032790322 
-197.69761032862323 
-197.69761032933607 
-197.69761033004215 
-197.6976103307452 
-197.697610331451 
-197.6976103321674 
-197.69761033290345 
-197.6976103336629 
-197.69761033443928 
-197.69761033520513 
-197.69761033590845 
-197.69761033648822 
-197.69761033689534 
-197.69761033689537 
-197.6976103614905 
-197.69761038576337 
-197.69761040984451 
-197.69761043384653 
-197.6976104578409 
-197.69761048186376 
-197.69761050592783 
-197.69761053003094 
-197.69761055416484 
-197.69761057831963 
-197.6976106024855 
-197.69761062665577 
-197.69761065082574 
-197.69761067499206 
-197.69761069915364 
-197.69761072330925 
-197.69761074745756 
-197.69761077159694 
-197.6976107957257 
-197.69761081984163 
-197.6976108439439 
-197.69761086803325 
-197.69761089211352 
-197.697610916192 
-197.69761094028095 
-197.697610964398 
-197.69761098856318 
-197.6976110127963 
-197.69761103711238 
-197.69761106151324 
-197.69761108598354 
-197.69761111049007 
-197.69761113498623 
-197.6976111594239 
-197.6976111837666 
-197.69761120800044 
-197.6976112321331 
-197.69761125618015 
-197.69761128014738 
-197.69761130406008 
-197.69761132811877 
-197.69761135296406 
-197.69761137969377 
-197.69761140922637 
-197.6976114415821 
-197.6976114759512 
-197.6976115113556 
-197.69761154724833 
-197.6976115837952 
-197.69761162227968 
-197.69761166615646 
-197.69761172095045 
-197.69761178962807 
-197.6976118732865 
-197.69761193602966 
-197.6976119529121 
-197.6976119535607 
-197.6976119535605 
-197.69761195356008 
-197.69761195356233 
-197.69761195356142 
-197.69761195356045 
-197.69761195356094 
-197.69761195356222 
-197.69761195357208 
-197.69761195359305 
-197.69761195363475 
-197.6976119537148 
-197.69761195384606 
-197.6976119540394 
-197.6976119542988 
-197.69761195462942 
-197.6976119550391 
-197.69761195552834 
-197.69761195606242 
-197.69761195657512 
-197.69761195703873 
-197.6976119574928 
-197.697611958005 
-197.69761195862358 
-197.6976119593627 
-197.69761196020764 
-197.69761196112705 
-197.69761196208427 
-197.69761196304424 
-197.6976119639788 
-197.6976119648682 
-197.69761196570118 
-197.6976119664757 
-197.69761196719801 
-197.69761196787945 
-197.69761196853457 
-197.69761196917867 
-197.69761196982472 
-197.6976119704813 
-197.6976119711542 
-197.69761197184468 
-197.69761197255102 
-197.69761197326952 
-197.69761197399623 
-197.69761197472656 
-197.69761197545645 
-197.69761197618416 
-197.69761197690764 
-197.6976119776266 
-197.69761197834217 
-197.69761197905498 
-197.69761197976635 
-197.6976119804769 
-197.69761198118672 
-197.69761198189408 
-197.69761198259684 
-197.69761198329175 
-197.69761198397495 
-197.6976119846428 
-197.69761198529466 
-197.69761198594742 
-197.69761198710245 
-197.69761198716316 
-197.6976119871911 
-197.6976119872073 
-197.69761198721812 
-197.69761198722645 
-197.69761198723458 
-197.69761198724385 
-197.69761198725428 
-197.6976119872659 
-197.69761198727818 
-197.6976119872909 
-197.6976119873036 
-197.69761198731658 
-197.6976119873293 
-197.69761198734224 
-197.69761198735503 
-197.6976119873682 
-197.69761198738172 
-197.6976119873952 
-197.697611987409 
-197.69761198742293 
-197.69761198743657 
-197.69761198744905 
-197.6976119874597 
-197.6976119874684 
-197.69761198747597 
-197.69761198748307 
-197.6976119874905 
-197.69761198750078 
-197.6976119875149 
-197.69761198753386 
-197.69761198755884 
-197.69761198759065 
-197.69761198762907 
-197.6976119876745 
-197.69761198772704 
-197.69761198778536 
-197.69761198783416 
-197.69761198785818 
-197.69761198786577 
-197.69761198786776 
-197.69761198786864 
-197.69761198786927 
-197.69761198786912 
-197.6976119878695 
-197.69761198786958 
-197.69761198786986 
-197.69761198786958 
-197.6976119878695 
-197.69761198786944 
-197.69761198786966 
-197.6976119878698 
-197.69761198786992 
-197.69761198786964 
-197.6976119878716 
-197.69761198786932 
-197.6976119878691 
-197.69761198787015 
-197.6976119878695 
-197.69761198786964 
-197.6976119878694 
-197.6976119878693 
-197.6976119878693 
-197.69761198786912 
-197.6976119878692 
-197.6976119878694 
-197.69761198786952 
-197.6976119878693 
-197.6976119878694 
-197.69761198786932 
-197.69761198786938 
-197.69761198786944 
-197.69761198786907 
-197.69761198786912 
-197.697611987869 
-197.69761198786918 
-197.69761198786932 
-197.6976119878696 
-197.69761198786995 
-197.6976119878702 
-197.69761198787046 
-197.6976119878709 
-197.6976119878716 
-197.69761198787214 
-197.69761198787322 
-197.6976119878751 
-197.6976119878776 
-197.69761198787887 
-197.69761198787938 
-197.69761198787998 
-197.69761198788038 
-197.69761198788072 
-197.69761198788112 
-197.69761198788137 
-197.69761198788203 
-197.69761198788265 
-197.69761198788308 
-197.6976119878834 
-197.69761198788422 
-197.6976119878849 
-197.69761198788544 
-197.69761198788513 
-197.69761198777096 
-197.69761198787228 
-197.6976119878723 
-197.69761198787242 
-197.69761198787234 
-197.69761198787253 
-197.69761198787256 
-197.69761198787248 
-197.69761198787256 
-197.69761198787282 
-197.69761198787282 
-197.69761198787293 
-197.6976119878881 
-197.69761198790383 
-197.69761198791988 
-197.697611987935 
-197.69761198794924 
-197.69761198796263 
-197.6976119879755 
-197.69761198798807 
-197.6976119879996 
-197.6976119880115 
-197.69761198802289 
-197.6976119880346 
-197.69761198804642 
-197.6976119880582 
-197.69761198807004 
-197.69761198808186 
-197.69761198809465 
-197.69761198810733 
-197.69761198812057 
-197.6976119881342 
-197.69761198814794 
-197.69761198816178 
-197.697611988176 
-197.69761198818958 
-197.69761198820174 
-197.69761198821243 
-197.69761198822118 
-197.6976119882279 
-197.6976119882345 
-197.6976119882421 
-197.69761198825248 
-197.69761198826646 
-197.69761198828573 
-197.69761198831077 
-197.6976119883423 
-197.69761198838088 
-197.69761198842616 
-197.69761198847888 
-197.69761198853692 
-197.69761198858575 
-197.69761198860965 
-197.69761198861676 
-197.69761198861903 
-197.69761198861954 
-197.69761198862057 
-197.69761198862085 
-197.69761198862108 
-197.69761198862145 
-197.69761198862147 
-197.69761198862162 
-197.69761198862167 
-197.6976119886215 
-197.69761198862167 
-197.69761198862165 
-197.69761198862201 
-197.6976119886229 
-197.69761198862227 
-197.69761198862557 
-197.69761198858075 
