-260.11717675281506 
-260.1171767528152 
-260.11717675283205 
-260.1171767528495 
-260.11717675286695 
-260.1171767528847 
-260.1171767529026 
-260.1171767529199 
-260.11717675293846 
-260.11717675295523 
-260.11717675297274 
-260.1171767529899 
-260.11717675300764 
-260.117176753025 
-260.11717675304243 
-260.1171767530602 
-260.11717675307716 
-260.1171767530946 
-260.1171767531118 
-260.11717675312923 
-260.11717675314696 
-260.1171767531643 
-260.1171767531816 
-260.1171767531989 
-260.11717675321677 
-260.11717675323445 
-260.117176753252 
-260.1171767532693 
-260.1171767532866 
-260.11717675330425 
-260.11717675332153 
-260.11717675333944 
-260.1171767533569 
-260.11717675337474 
-260.11717675339196 
-260.11717675340935 
-260.117176753427 
-260.1171767534447 
-260.1171767534626 
-260.1171767534799 
-260.1171767534976 
-260.1171767535148 
-260.11717675353214 
-260.11717675355015 
-260.1171767535679 
-260.11717675358506 
-260.1171767536032 
-260.1171767536199 
-260.1171767536378 
-260.1171767536551 
-260.1171767536726 
-260.1171767536901 
-260.1171767537077 
-260.11717675372563 
-260.1171767537429 
-260.11717675376025 
-260.1171767537782 
-260.1171767537955 
-260.1171767538131 
-260.1171767538306 
-260.11717675384807 
-260.1171767538658 
-260.1171767538835 
-260.11717675390094 
-260.11717675391867 
-260.117176753936 
-260.117176753954 
-260.1171767539717 
-260.11717675398916 
-260.11717675400627 
-260.11717675402446 
-260.11717675404134 
-260.117176754059 
-260.117176754077 
-260.1171767540945 
-260.1171767541126 
-260.1171767541293 
-260.1171767541464 
-260.117176754164 
-260.11717675418186 
-260.11717675419976 
-260.1171767542191 
-260.11717675424103 
-260.1171767542782 
-260.1171767543189 
-260.1171767544617 
-260.11717675457123 
-260.11717675481054 
-260.11717675493446 
-260.1171767552371 
-260.11717675570634 
-260.1171767560709 
-260.11717675726356 
-260.11717675784274 
-260.1171767618457 
-260.11717676232814 
-260.1171767623411 
-260.1171767623407 
-260.11717676233934 
-260.1171767623426 
-260.1171767623412 
-260.11717676234 
-260.1171767623394 
-260.1171767623405 
-260.1171767623418 
-260.11717676234355 
-260.11717676234485 
-260.11717676234684 
-260.1171767623497 
-260.11717676235133 
-260.11717676235435 
-260.11717676235526 
-260.1171767623737 
-260.11717676237623 
-260.1171767623945 
-260.1171767624367 
-260.1171767624812 
-260.1171767625116 
-260.1171767625368 
-260.11717676256075 
-260.1171767625828 
-260.11717676260184 
-260.11717676261816 
-260.11717676263294 
-260.11717676264624 
-260.11717676265823 
-260.11717676266903 
-260.117176762679 
-260.11717676268813 
-260.1171767626963 
-260.1171767627039 
-260.1171767627105 
-260.1171767627166 
-260.11717676272235 
-260.11717676272724 
-260.1171767627319 
-260.11717676273594 
-260.11717676273975 
-260.1171767627435 
-260.1171767627464 
-260.11717676274964 
-260.1171767627519 
-260.11717676275435 
-260.11717676275623 
-260.1171767627581 
-260.1171767627595 
-260.11717676276123 
-260.1171767627624 
-260.11717676276413 
-260.11717676276476 
-260.11717676276595 
-260.11717676276686 
-260.11717676276777 
-260.1171767627684 
-260.11717676276874 
-260.1171767627694 
-260.11717676277027 
-260.1171767627705 
-260.1171767627709 
-260.11717676277107 
-260.117176762771 
-260.1171767627713 
-260.1171767627716 
-260.11717676277203 
-260.1171767627726 
-260.1171767627723 
-260.11717676277254 
-260.1171767627722 
-260.11717676277294 
-260.117176762773 
-260.1171767627727 
-260.1171767627732 
-260.1171767627735 
-260.11717676277334 
-260.1171767627731 
-260.117176762773 
-260.11717676277306 
-260.11717676277317 
-260.1171767627735 
-260.1171767627736 
-260.1171767627738 
-260.1171767627741 
-260.1171767627741 
-260.11717676277453 
-260.1171767627746 
-260.1171767627751 
-260.11717676277516 
-260.1171767627751 
-260.11717676277533 
-260.11717676277533 
-260.11717676277516 
-260.1171767627753 
-260.11717676277493 
-260.1171767627755 
-260.1171767627753 
-260.1171767627752 
-260.117176762794 
-260.1171767628113 
-260.11717676282865 
-260.1171767628465 
-260.11717676286395 
-260.1171767628816 
-260.11717676289925 
-260.11717676291715 
-260.11717676293466 
-260.1171767629528 
-260.1171767629703 
-260.11717676298775 
-260.11717676300543 
-260.11717676302266 
-260.1171767630402 
-260.1171767630579 
-260.11717676307575 
-260.11717676309325 
-260.1171767631106 
-260.11717676312827 
-260.117176763146 
-260.11717676316357 
-260.11717676318136 
-260.117176763199 
-260.11717676321683 
-260.1171767632344 
-260.1171767632521 
-260.1171767632697 
-260.1171767632871 
-260.1171767633047 
-260.11717676332256 
-260.1171767633403 
-260.11717676335815 
-260.1171767633756 
-260.1171767633931 
-260.11717676340993 
-260.11717676342806 
-260.11717676344585 
-260.11717676346365 
-260.117176763481 
-260.1171767634985 
-260.11717676351617 
-260.1171767635335 
-260.11717676355073 
-260.1171767635687 
-260.1171767635863 
-260.1171767636037 
-260.11717676362133 
-260.1171767636396 
-260.11717676365686 
-260.1171767636741 
-260.1171767636919 
-260.1171767637096 
-260.117176763727 
-260.11717676374525 
-260.1171767637626 
-260.1171767637799 
-260.11717676379783 
-260.117176763816 
-260.11717676383375 
-260.1171767638516 
-260.1171767638694 
-260.11717676388685 
-260.11717676390447 
-260.1171767639219 
-260.11717676393994 
-260.1171767639577 
-260.11717676397524 
-260.11717676399303 
-260.1171767640105 
-260.1171767640283 
-260.1171767640458 
-260.1171767640637 
-260.1171767640815 
-260.117176764099 
-260.11717676411627 
-260.11717676413406 
-260.1171767641516 
-260.11717676416976 
-260.1171767641872 
-260.1171767642046 
-260.11717676422404 
-260.11717676424627 
-260.1171767642835 
-260.1171767643241 
-260.1171767644671 
-260.11717676457675 
-260.11717676481635 
-260.11717676494 
-260.1171767652431 
-260.1171767657129 
-260.1171767660771 
-260.1171767672703 
-260.1171767678483 
-260.11717677185095 
-260.11717677233423 
-260.1171767723458 
-260.1171767723458 
-260.11717677234554 
-260.1171767723463 
-260.1171767723476 
-260.11717677234566 
-260.1171767723452 
-260.1171767723468 
-260.117176772348 
-260.1171767723501 
-260.1171767723517 
-260.1171767723539 
-260.1171767723567 
-260.11717677235794 
-260.1171767723614 
-260.1171767723629 
-260.1171767723787 
-260.1171767723816 
-260.1171767724007 
-260.11717677244224 
-260.1171767724865 
-260.1171767725168 
-260.11717677254256 
-260.1171767725667 
-260.1171767725883 
-260.11717677260697 
-260.1171767726236 
-260.1171767726389 
-260.1171767726524 
-260.11717677266427 
-260.11717677267535 
-260.11717677268547 
-260.11717677269513 
-260.1171767727031 
-260.11717677271014 
-260.1171767727168 
-260.117176772723 
-260.1171767727285 
-260.11717677273356 
-260.1171767727384 
-260.11717677274305 
-260.1171767727468 
-260.1171767727504 
-260.1171767727534 
-260.11717677275647 
-260.1171767727595 
-260.1171767727619 
-260.1171767727641 
-260.1171767727659 
-260.117176772768 
-260.1171767727695 
-260.1171767727711 
-260.1171767727725 
-260.1171767727744 
-260.1171767727753 
-260.1171767727763 
-260.117176772777 
-260.1171767727775 
-260.11717677277824 
-260.1171767727788 
-260.11717677277943 
-260.1171767727799 
-260.11717677278034 
-260.1171767727812 
-260.11717677278136 
-260.1171767727815 
-260.11717677278205 
-260.1171767727824 
-260.11717677278267 
-260.11717677278256 
-260.11717677278233 
-260.11717677278233 
-260.1171767727826 
-260.11717677278256 
-260.1171767727827 
-260.11717677278267 
-260.1171767727824 
-260.1171767727825 
-260.11717677278244 
-260.11717677278233 
-260.11717677278216 
-260.11717677278233 
-260.11717677278233 
-260.11717677278233 
-260.1171767727822 
-260.1171767727824 
-260.11717677278205 
-260.1171767727826 
-260.11717677278256 
-260.11717677278233 
-260.11717677278216 
-260.11717677278233 
-260.1171767727823 
-260.1171767727823 
-260.1171767727824 
-260.1171767727822 
-260.1171767727823 
-260.11717677278216 
-260.11717677278216 
-260.11717677278233 
-260.11717677278205 
-260.11717677278176 
-260.11717677278176 
-260.11717677278216 
-260.1171767727823 
-260.11717677278193 
-260.1171767727821 
-260.11717677278233 
-260.1171767727824 
-260.11717677278244 
-260.11717677278244 
-260.1171767727826 
-260.11717677278267 
-260.1171767727826 
-260.11717677278267 
-260.1171767727829 
-260.11717677278295 
-260.1171767727831 
-260.11717677278295 
-260.117176772783 
-260.11717677278295 
-260.11717677278256 
-260.11717677278244 
-260.1171767727824 
-260.11717677278233 
-260.11717677278295 
-260.1171767727831 
-260.1171767727832 
-260.1171767727834 
-260.1171767727837 
-260.1171767727844 
-260.1171767727856 
-260.1171767727881 
-260.11717677279364 
-260.11717677282144 
-260.11760840074703 
-260.11841847795364 
-260.1191140564257 
-260.11974992737447 
-260.1204012786181 
-260.121049554257 
-260.12159569319607 
-260.12204326565245 
-260.12262924021576 
-260.1237596989369 
-260.125394259902 
-260.12716585252144 
-260.12902320458466 
-260.1307953060301 
-260.13251957338923 
-260.1340147414014 
-260.13539647456327 
-260.1366879178537 
-260.1379288688739 
-260.13904696796544 
-260.14008418995803 
-260.14106797302526 
-260.1418482386459 
-260.1428422721222 
-260.14367020186256 
-260.14442208721556 
-260.14515822333175 
-260.1458317569216 
-260.14649138234137 
-260.146984479294 
-260.14772944422043 
-260.1482752340816 
-260.148810567288 
-260.14935696531836 
-260.1498546893768 
-260.1503240930984 
-260.15083198884173 
-260.1512845483501 
-260.1518892312312 
-260.1522959160313 
-260.15266046372307 
-260.1531235117111 
-260.1536131888024 
-260.15399157813783 
-260.15418872677117 
-260.1543872594094 
-260.1545962257408 
-260.1547264224338 
-260.15475070065474 
-260.15475728769826 
-260.154760442964 
-260.15476171742205 
-260.15476194815557 
-260.15476200669525 
-260.15476201877414 
-260.1547620268093 
-260.1547620274407 
-260.15476205272114 
-260.1547620527612 
-260.15476205276104 
-260.1547620527622 
-260.1547620527611 
-260.1547620527616 
-260.15476205276155 
-260.1547620527612 
-260.15476205276246 
-260.1547620527615 
-260.1547620527611 
-260.1547620527613 
-260.15476205276104 
-260.1547620527616 
-260.1547620527617 
-260.1547620527617 
-260.1547620527619 
-260.1547620527617 
-260.15476205276286 
-260.1547620527946 
-260.1547620530329 
-260.154762054322 
-260.15476206644587 
-260.1547624891764 
-260.15476311445013 
-260.1547640149421 
-260.15476638361014 
-260.15477977896455 
-260.15478400747355 
-260.15479338972716 
-260.15480261777225 
-260.15482387067675 
-260.1548941870997 
-260.15492358017633 
-260.154952931915 
-260.1549863877738 
-260.155045625026 
-260.15510581027155 
-260.15515234593903 
-260.15517768525467 
-260.15524543887074 
-260.15529631824563 
-260.15535685015084 
-260.1553869520603 
-260.155421528485 
-260.15545571770247 
-260.1554873506358 
-260.1555275597524 
-260.15554738699734 
-260.1555776568009 
-260.15558917955707 
-260.15560815709415 
-260.15562174416704 
-260.1556343203912 
-260.1556422764797 
-260.155656794514 
-260.1556660338396 
-260.1556726907055 
-260.1556801085602 
-260.1556837806104 
-260.15568681295747 
-260.1556902461131 
-260.15569248488777 
-260.1556931366176 
-260.1556935709925 
-260.1556939138459 
-260.1556940559567 
-260.1556940900818 
-260.1556941931339 
-260.1556942274646 
-260.1557763578091 
-260.1558993518234 
-260.1559214889418 
-260.1559375644466 
-260.1559600923312 
-260.15597787942164 
-260.15598792756185 
-260.1559958574251 
-260.1560026589645 
-260.1560076254437 
-260.15601149557443 
-260.15601549553884 
-260.15601919679625 
-260.15602143942937 
-260.1560232858947 
-260.1560259132295 
-260.15602996598795 
-260.1560320734455 
-260.15603247964503 
-260.15603345634815 
-260.1560409522296 
-260.15605282693 
-260.1560729785286 
-260.1560730459271 
-260.1566088431646 
-260.1566119780448 
-260.15661477097154 
-260.1566164727355 
-260.1566174986833 
-260.15661811741734 
-260.15661843130795 
-260.15662173967365 
-260.15690544931243 
-260.1569071534285 
-260.15698089001154 
-260.15703853494506 
-260.157379886336 
-260.15749736861113 
-260.15760913923674 
-260.15771498425454 
-260.1578155655022 
-260.1579110564085 
-260.1580018657601 
-260.1580882230223 
-260.158170082292 
-260.15824762910006 
-260.15832210685494 
-260.15839205807185 
-260.15845891802786 
-260.15852185790374 
-260.1585817109933 
-260.15863865540877 
-260.15869259543143 
-260.15874351582204 
-260.1587916175326 
-260.15883707904203 
-260.15888018904644 
-260.1589218341806 
-260.1589609036578 
-260.1589983367882 
-260.15903444869804 
-260.1590688502453 
-260.1591015871802 
-260.1591326658058 
-260.1591619926602 
-260.15919167128135 
-260.1592190110641 
-260.1592451234953 
-260.15927020051953 
-260.1592943211544 
-260.1593175042224 
-260.15933967225175 
-260.159361142031 
-260.15938174761965 
-260.159400567986 
-260.15942069179596 
-260.1594389878107 
-260.1594565842139 
-260.15947361983905 
-260.1594900471632 
-260.15950596344595 
-260.1595214131146 
-260.1595364515847 
-260.15955105203943 
-260.1595652379276 
-260.1595791097947 
-260.1595926592665 
-260.15960589251034 
-260.15961825102914 
-260.15963169389966 
-260.1596442599129 
-260.1596565619686 
-260.1596687149167 
-260.1596809809764 
-260.1596932070348 
-260.1597049905343 
-260.15971670408993 
-260.15972894043904 
-260.15974145667445 
-260.1597535188849 
-260.15976449309073 
-260.1597715243961 
-260.159793347913 
-260.1598073466773 
-260.1598206165979 
-260.1598349245075 
-260.1598532851199 
-260.15987385065085 
-260.1598932577189 
-260.1599163593761 
-260.1600320582048 
-260.161698745419 
-260.16341225925845 
-260.1644005672966 
-260.16542020054425 
-260.1665134054816 
-260.1672289372222 
-260.1673763659668 
-260.16742712472904 
-260.1674530799178 
-260.1674646978401 
-260.1674679522274 
-260.1674688148759 
-260.1674690393637 
-260.1674691486743 
-260.1674691600431 
-260.1674692837327 
-260.16746928404376 
-260.1674692840441 
-260.16746928404575 
-260.16746928404456 
-260.167469284046 
-260.1674692840444 
-260.16746928404484 
-260.16746928404524 
-260.1674692840449 
-260.1674692840445 
-260.16746928404405 
-260.1674692840443 
-260.16746928404484 
-260.16746928404496 
-260.167469284046 
-260.16746928405126 
-260.1674692840666 
-260.16746928427585 
-260.167469285107 
-260.16746928930803 
-260.16746929590545 
-260.16746930856846 
-260.1674693997714 
-260.1674708638469 
-260.1674739587408 
-260.1674804941264 
-260.16751940339805 
-260.1676819917617 
-260.16808682233165 
-260.1687141262713 
-260.169262066804 
-260.1696775832166 
-260.1702364271679 
-260.17076727682104 
-260.1711160174798 
-260.17149699189645 
-260.1718267076034 
-260.17224802162 
-260.1725757809841 
-260.1728605175775 
-260.1731802090956 
-260.173589376271 
-260.174058275969 
-260.1744365178446 
-260.1747853226546 
-260.17524365240695 
-260.1758975945051 
-260.1764745822828 
-260.17698050276493 
-260.1775663012286 
-260.1779503301764 
-260.1787148344974 
-260.17953618343165 
-260.1798816284325 
-260.18042793838623 
-260.181403028561 
-260.18194646740983 
-260.18272860464424 
-260.1831115947857 
-260.18339560397374 
-260.1839550392569 
-260.1844074124364 
-260.1847486560754 
-260.1852523853041 
-260.1858599075547 
-260.1869588591854 
-260.1876742411394 
-260.1878288719389 
-260.1882606118385 
-260.1885923307586 
-260.18887711392597 
-260.18934155681063 
-260.1897778021029 
-260.1901804146981 
-260.1908223506155 
-260.19100492130997 
-260.1914037643085 
-260.1920978282279 
-260.1923726977049 
-260.19264163463515 
-260.19293856620493 
-260.1931632735795 
-260.19335536560146 
-260.1936337173772 
-260.1938691644339 
-260.1940943290304 
-260.1943637647922 
-260.1947143865951 
-260.19486564247114 
-260.1951421494068 
-260.1953473798535 
-260.1954953247699 
-260.19572719746685 
-260.19592313160837 
-260.19611469913224 
-260.1962657331956 
-260.1964134082297 
-260.19654851006294 
-260.1966801400653 
-260.1968032228716 
-260.19690799611254 
-260.1969913022468 
-260.19709045843507 
-260.1971679105351 
-260.19740775446854 
-260.19737771397445 
-260.197484092567 
-260.19753861578107 
-260.1975771492315 
-260.19764373712803 
-260.19769617100224 
-260.19775917288763 
-260.1978072953143 
-260.1978383647675 
-260.1978803799195 
-260.19792262020763 
-260.19793929216615 
-260.1979638544681 
-260.1979755360417 
-260.19799171749827 
-260.1979484837749 
-260.1979947195175 
-260.19801265511666 
-260.1980070998976 
-260.19802935499126 
-260.1979386971801 
-260.19799715857664 
-260.1980300651702 
-260.1980601508669 
-260.19806380211986 
-260.1980785992071 
-260.1980670511312 
-260.1980996160216 
-260.19811624221103 
-260.198163388818 
-260.19819423301675 
-260.19813554260315 
-260.19748697006025 
-260.19843214942165 
-260.1983234740073 
-260.1995275314256 
-260.20001608744144 
-260.2006162673664 
-260.2014081543202 
-260.20176724837967 
-260.20201063961156 
-260.20260362964723 
-260.2028287438891 
-260.20319492718073 
-260.2032805305609 
-260.20356727701835 
-260.2037488208289 
-260.20382210536826 
-260.20407286886154 
-260.2043529942827 
-260.2044773433441 
-260.20480660163366 
-260.20498391714756 
-260.2050421059602 
-260.20512738030567 
-260.20519404938125 
-260.20522564270647 
-260.2052302414069 
-260.2052346873674 
-260.20524150806756 
-260.20524538154393 
-260.2052462740023 
-260.20524678114685 
-260.2052468995907 
-260.20524932718996 
-260.2052497121306 
-260.2052498094681 
-260.2052496758995 
-260.20524913083705 
-260.20525008963585 
-260.2052500669167 
-260.20524980262394 
-260.20524996775055 
-260.2052501082012 
-260.20525009726344 
-260.20525009743886 
-260.20525010670906 
-260.2052501076291 
-260.205250093701 
-260.20525010550745 
-260.2052501056751 
-260.205250105761 
-260.205250105752 
-260.2052501057648 
-260.2052501057452 
-260.20525010576233 
-260.20525010576233 
-260.2052501057623 
-260.20525010576216 
-260.2052501057624 
-260.2052501057621 
-260.2052501057618 
-260.2052501057619 
-260.2052501057623 
-260.20525010576307 
-260.2052501057637 
-260.20525010576006 
-260.2052501057613 
-260.2052501057627 
-260.20525010576216 
-260.20525010576245 
-260.2052501057621 
-260.2052501057623 
-260.2052501057626 
-260.2052501057622 
-260.20525010576256 
-260.20525010576233 
-260.20525010576256 
-260.2052501057653 
-260.2052501057648 
-260.20525010574954 
-260.2052501057516 
-260.20525010560533 
-260.20525010523187 
-260.205250102753 
-260.20525010774406 
-260.20525007850125 
-260.2052500890248 
-260.20525010679916 
-260.2052501080118 
-260.20525010587164 
-260.20525005978 
-260.2052499697315 
-260.2052501196819 
-260.2052501703888 
-260.205250183752 
-260.20525018431346 
-260.20525018363304 
-260.20525017258126 
-260.20525003274054 
-260.2052502009839 
-260.2052502008147 
-260.2052502055076 
-260.2052502064208 
-260.205250205936 
-260.2052502077939 
-260.2052502083382 
-260.2052502121568 
-260.20525021268423 
-260.20525022487874 
-260.2052502294788 
-260.2052502919544 
-260.20525033068094 
-260.2052503702585 
-260.205250804008 
-260.2052510529108 
-260.20525128682357 
-260.20525189891134 
-260.2052522540532 
-260.20525335473826 
-260.20525518157865 
-260.20525700797236 
-260.20525955869346 
-260.20526293952327 
-260.20526596108755 
-260.20526865443696 
-260.2052906642164 
-260.2052939822832 
-260.2053659224519 
-260.2053978637575 
-260.2054499374422 
-260.2055599122858 
-260.2056344385317 
-260.20570536720476 
-260.20582910413907 
-260.20605222575875 
-260.2062899031236 
-260.2064997102023 
-260.2067001568991 
-260.2068498256004 
-260.20718183761784 
-260.2073990605735 
-260.2077596602082 
-260.20795179993905 
-260.20822671944256 
-260.2084443090437 
-260.20871279877406 
-260.2093801969638 
-260.20949186287845 
-260.20968887161536 
-260.2097792643647 
-260.20990314939877 
-260.2099805633385 
-260.21008107493253 
-260.21021543981954 
-260.2102844625715 
-260.2103367263789 
-260.2105367299606 
-260.21064272024546 
-260.21074924617596 
-260.2108368719653 
-260.2110153033983 
-260.21131200367915 
-260.21133064553476 
-260.21144034032676 
-260.21149817497445 
-260.21157029344437 
-260.2115940008528 
-260.211657835811 
-260.2116944129929 
-260.2117198625948 
-260.21175354348065 
-260.21177158333074 
-260.2118071640622 
-260.211833420633 
-260.2118590876692 
-260.21188439414135 
-260.2119607581959 
-260.2119733661601 
-260.21198588592796 
-260.21199932156986 
-260.2120463576611 
-260.21205055994426 
-260.21205802084455 
-260.2120754316484 
-260.21207956460137 
-260.2120889303454 
-260.2120986717815 
-260.21210360916905 
-260.21210828484556 
-260.212111048341 
-260.21211423390105 
-260.21211735498736 
-260.21211841589684 
-260.21211983458477 
-260.2121196047592 
-260.2121227565323 
-260.2121234218179 
-260.2121247361179 
-260.21212528254154 
-260.21212551901675 
-260.2121257574341 
-260.21212577419436 
-260.2121261064182 
-260.21212658250835 
-260.21212720322546 
-260.21212754398533 
-260.2121281841465 
-260.2121285238981 
-260.2121287419327 
-260.2121288583079 
-260.21212955788735 
-260.2121296673786 
-260.21213046316734 
-260.2121306288087 
-260.2121307028129 
-260.21213086293153 
-260.2121310356347 
-260.2121311377317 
-260.2121311725622 
-260.2121312134721 
-260.2121312365225 
-260.2121312825664 
-260.212131305262 
-260.21213131439697 
-260.2121313121906 
-260.2121313208097 
-260.212131323856 
-260.2121313029139 
-260.21213132791735 
-260.212131330145 
-260.2121313319621 
-260.21213131946564 
-260.21213133057694 
-260.21213132932183 
-260.21213132865273 
-260.21213133139423 
-260.2121313316428 
-260.21213133134773 
-260.21213132787136 
-260.2121313310219 
-260.21213132713024 
-260.21213132887215 
-260.21213133055784 
-260.21213133056034 
-260.2121313308043 
-260.2121313307805 
-260.2121313308301 
-260.21213133083376 
-260.2121313308219 
-260.2121313308324 
-260.2121313308325 
-260.21213133083273 
-260.2121313308329 
-260.21213133083256 
-260.2121313308322 
-260.21213133083273 
-260.2121313308321 
-260.21213133083245 
-260.21213133083273 
-260.21213133083376 
-260.2121313308347 
-260.21213133083285 
-260.2121313308344 
-260.212131330834 
-260.21213133083364 
-260.2121313308331 
-260.21213133083273 
-260.21213133083245 
-260.2121313308318 
-260.2121313308319 
-260.21213133083194 
-260.2121313308317 
-260.21213133083177 
-260.21213133083154 
-260.21213133083324 
-260.21213133083137 
-260.21213133082813 
-260.2121313307954 
-260.2121313304482 
-260.2121313306012 
-260.2121313301065 
-260.21213133045416 
-260.2121313285762 
-260.2121313284997 
-260.2121313099068 
-260.2121313277022 
-260.21213133122563 
-260.2121313312302 
-260.21213123097453 
-260.21213132989453 
-260.2121313237462 
-260.21213131817746 
-260.2121313260812 
-260.21213132747516 
-260.21212823835305 
-260.2121312958864 
-260.21213130018026 
-260.21213129499637 
-260.2121312932336 
-260.21213129789385 
-260.2121312942939 
-260.21213128960784 
-260.21213130108083 
-260.21213129964923 
-260.2121312904497 
-260.212130735801 
-260.2121312964103 
-260.2121312931257 
-260.2121312937327 
-260.2121312963358 
-260.21213129215846 
-260.21213129502934 
-260.21213129410023 
-260.21213129544896 
-260.21213128112805 
-260.2121312824707 
-260.2121312561333 
-260.2121312698315 
-260.21213126285977 
-260.21213113274615 
-260.21213121097827 
-260.21213118844594 
-260.2121312499073 
-260.2121310777422 
-260.2121310727917 
-260.2121310600991 
-260.2121304368849 
-260.2121305727693 
-260.21212591752885 
-260.2121307871688 
-260.2121122311271 
-260.2121302293772 
-260.21207860539835 
-260.2121280187792 
-260.2121251263297 
-260.21212797515483 
-260.2121265006329 
-260.2121273847427 
-260.2119189405396 
-260.2121200941168 
-260.2121175800218 
-260.21211775605286 
-260.2121168811049 
-260.2121178946097 
-260.21211143845926 
-260.211723411569 
-260.2121106079534 
-260.21211176427863 
-260.2121061269632 
-260.2121104604172 
-260.2120949503359 
-260.21211070113264 
-260.2121095344944 
-260.2121077644005 
-260.212111628692 
-260.21210884853963 
-260.21205190043986 
-260.212092534686 
-260.2120874079095 
-260.2120916593975 
-260.21210759868967 
-260.21207330612026 
-260.2121083201816 
-260.2120731693595 
-260.212105448022 
-260.212102841999 
-260.21210827720097 
-260.2120969189402 
-260.2121069568009 
-260.21209099713 
-260.2121076062769 
-260.21207129508423 
-260.2121055162264 
-260.212104065721 
-260.2121060618388 
-260.2120993268465 
-260.212059790435 
-260.21210422408825 
-260.2120644357609 
-260.2120379767869 
-260.2120877184737 
-260.21208992738406 
-260.212102386117 
-260.2121095209594 
-260.2121164584654 
-260.2121170508288 
-260.2121089155385 
-260.2121403356608 
-260.2117362626163 
-260.2121374027764 
-260.21213794638305 
-260.2121464462694 
-260.21215141657706 
-260.2121547326218 
-260.2121617571446 
-260.21215189127463 
-260.2121642845888 
-260.21218307870413 
-260.21218109325326 
-260.21217485200816 
-260.212185481099 
-260.2121814383749 
-260.212145652855 
-260.21218605792296 
-260.21218631352514 
-260.2121869321809 
-260.2121864824721 
-260.2121865702872 
-260.2121855987 
-260.2121870049432 
-260.21218469816836 
-260.21218466293715 
-260.2121870238293 
-260.21218714678173 
-260.2121869970743 
-260.21218657198074 
-260.2121871813628 
-260.21218720853955 
-260.21218714013787 
-260.2121871910298 
-260.2121870117066 
-260.2121871828455 
-260.21218647735634 
-260.21218710513756 
-260.21218706058477 
-260.21218714718714 
-260.2121871736311 
-260.2121871645899 
-260.21218707810766 
-260.21218703576335 
-260.2121871610685 
-260.2121871649399 
-260.2121871745292 
-260.2121871729128 
-260.2121871726838 
-260.21218716708756 
-260.212187164676 
-260.21218713343916 
-260.21218717033656 
-260.21218716841736 
-260.2121871667151 
-260.2121871701285 
-260.21218717054967 
-260.21218717074885 
-260.21218717075266 
-260.2121871707548 
-260.2121871707556 
-260.2121871707555 
-260.2121871707554 
-260.2121871707553 
-260.21218717075516 
-260.21218717075493 
-260.21218717075453 
-260.2121871707542 
-260.21218717075385 
-260.21218717075374 
-260.21218717075413 
-260.21218717075357 
-260.21218717075567 
-260.21218717075607 
-260.21218717075374 
-260.2121871707539 
-260.2121871707542 
-260.2121871707544 
-260.2121871707504 
-260.2121871707258 
-260.2121871693794 
-260.212187167692 
-260.21218715995934 
-260.2121871298436 
-260.21218716564476 
-260.2121871693554 
-260.21218715884635 
-260.2121871583754 
-260.21218716806095 
-260.21218714784544 
-260.2121871624866 
-260.21218654823343 
-260.2121871624268 
-260.21218713748624 
-260.2121871681139 
-260.2121871717419 
-260.2121871709359 
-260.21218715935953 
-260.2121871649597 
-260.21218715693027 
-260.2121870626981 
-260.2121871689911 
-260.2121870735963 
-260.2121870405603 
-260.21218678968506 
-260.2121871752388 
-260.21218716592824 
-260.21218716316366 
-260.2121868375942 
-260.2121870910169 
-260.2121868659159 
-260.2121871397236 
-260.2121870285293 
-260.21218710363354 
-260.21218719692166 
-260.2121859237103 
-260.2121870436475 
-260.21218662701835 
-260.2121872917138 
-260.2121871561432 
-260.2121869724239 
-260.21218735351323 
-260.2121872133173 
-260.2121872934487 
-260.2121868813888 
-260.2121872475373 
-260.21218822541493 
-260.2121886101077 
-260.2121872715218 
-260.21218754049073 
-260.21218894531125 
-260.2121890629544 
-260.21218945398516 
-260.2121880782188 
-260.2121881019526 
-260.2121906254796 
-260.21215191101595 
-260.2121882221975 
-260.21218941965316 
-260.2121888210936 
-260.2122062127774 
-260.21220581965406 
-260.21217336649 
-260.2122061028456 
-260.2122051275033 
-260.21220504146675 
-260.21220667675965 
-260.21220587445 
-260.21220582245047 
-260.21220886035854 
-260.2122106575154 
-260.21174798064345 
-260.21219149483557 
-260.2121829561894 
-260.2121923007827 
-260.2121922332721 
-260.21218257939 
-260.2121973876773 
-260.2121914980236 
-260.211844295372 
-260.21218807170925 
-260.21218758446156 
-260.21218232321235 
-260.2120107491055 
-260.21217002865575 
-260.21218598709265 
-260.21218417591206 
-260.21216852431377 
-260.2121746940969 
-260.2121851422547 
-260.21205164679264 
-260.2121777098019 
-260.21218169281093 
-260.2121785093954 
-260.2121726277173 
-260.2121840560927 
-260.21218115537795 
-260.2121815084441 
-260.21218332340055 
-260.2121834174043 
-260.2121829937738 
-260.2121841617779 
-260.21218344260154 
-260.2121903980479 
-260.2121856432339 
-260.21218968669365 
-260.2121909730628 
-260.21219194216 
-260.21218830692965 
-260.21219079171675 
-260.212195942462 
-260.2121690873657 
-260.2121978634956 
-260.2121991308206 
-260.2121976640117 
-260.21219880292614 
-260.21219976521036 
-260.21219230905405 
-260.21220111809464 
-260.2122012094046 
-260.21216974308413 
-260.21220034599514 
-260.21220001230284 
-260.21220044734935 
-260.2122001360981 
-260.21219835332124 
-260.21218867421754 
-260.21219610112394 
-260.2121999410596 
-260.2121991157408 
-260.2121998287429 
-260.2121999208722 
-260.2121995307419 
-260.21219993890577 
-260.2121999402409 
-260.21219994105047 
-260.21219994056827 
-260.2121999417861 
-260.2121999425668 
-260.2121999424529 
-260.2121999427415 
-260.2121999429557 
-260.2121999429805 
-260.21219994904175 
-260.21219994914344 
-260.21219994911934 
-260.21219994838924 
-260.21219990151724 
-260.2121999453113 
-260.21219993710713 
-260.21219994476 
-260.21219990361874 
-260.21219994177477 
-260.21219993395687 
-260.21219997272834 
-260.21219990322936 
-260.2121999710538 
-260.21219997032034 
-260.21219996526986 
-260.21219995188966 
-260.21219997069954 
-260.2121999501351 
-260.2121998833087 
-260.2121999629372 
-260.2121999601708 
-260.2121999271741 
-260.2121999589776 
-260.212199960331 
-260.2121999604263 
-260.2121999602039 
-260.21219996035694 
-260.212199960249 
-260.2121999605077 
-260.2121999606419 
-260.2121999606369 
-260.21219996064184 
-260.2121999606423 
-260.2121999606422 
-260.21219996064224 
-260.2121999606423 
-260.21219996064264 
-260.2121999606428 
-260.212199960643 
-260.21219996064366 
-260.21219996064474 
-260.2121999606439 
-260.2121999606457 
-260.21219996064264 
-260.2121999606447 
-260.2121999606441 
-260.21219996064326 
-260.2121999606432 
-260.21219996064286 
-260.21219996064315 
-260.2121999606007 
-260.21219996024274 
-260.21219995923815 
-260.21219995993476 
-260.2121999600619 
-260.21219994319813 
-260.21219991586275 
-260.2121999595237 
-260.21219995984995 
-260.2121999565566 
-260.2121999537151 
-260.2121999528701 
-260.2121998857635 
-260.2121999544286 
-260.2121978335287 
-260.21218087002376 
-260.2121998620437 
-260.21219987935393 
-260.21219988196555 
-260.21219987561665 
-260.2121998844674 
-260.21219984154874 
-260.21219988883666 
-260.2121998814797 
-260.2121998758613 
-260.2121998796634 
-260.21219978097173 
-260.21219987984455 
-260.2121997445743 
-260.21219988365874 
-260.2121997561415 
-260.2121998539305 
-260.21219954871094 
-260.2121998102104 
-260.21219987112426 
-260.2121998877408 
-260.21219986150214 
-260.2121997947706 
-260.2121998900588 
-260.2121998866057 
-260.21219987973325 
-260.21219988032965 
-260.2121998828439 
-260.2121997401622 
-260.21219947012617 
-260.2121997006484 
-260.2121998605483 
-260.2121998234602 
-260.2121994425083 
-260.2121996236173 
-260.21219962044415 
-260.21219977029256 
-260.2121987913791 
-260.2121995362564 
-260.21220008890725 
-260.21219964200685 
-260.2121977771999 
-260.2121998680195 
-260.21219848632364 
-260.2121974421825 
-260.2121818468318 
-260.21219067943065 
-260.21220012353797 
-260.21219882335936 
-260.2121984592275 
-260.2121992721267 
-260.21219949401996 
-260.21219981214404 
-260.21218589795234 
-260.21219772105394 
-260.21216175291164 
-260.21220024386713 
-260.21218372035537 
-260.21219838433564 
-260.21218801503625 
-260.2121970107119 
-260.21219626035355 
-260.21219556618723 
-260.2121993971987 
-260.21219505729096 
-260.2121888455734 
-260.2121982192404 
-260.2121837771414 
-260.21219746419507 
-260.2121991587108 
-260.21219860319707 
-260.21215242861877 
-260.2121944721479 
-260.21219204078955 
-260.2121981383753 
-260.2121996966287 
-260.21219974204894 
-260.2121961959928 
-260.212192602256 
-260.21216078989244 
-260.21219680849794 
-260.2121976746074 
-260.21219210413324 
-260.2122064592772 
-260.2122059642293 
-260.21219974380233 
-260.21220070847636 
-260.2122096225498 
-260.21221401881377 
-260.21219606917145 
-260.21220846490803 
-260.2122093242646 
-260.21217906849813 
-260.21214099863363 
-260.2122177325313 
-260.2122220327527 
-260.21221755833733 
-260.21222620350113 
-260.21221943925156 
-260.21218645700725 
-260.21221069791966 
-260.21211774031633 
-260.21208899938784 
-260.2122204886982 
-260.21222020544633 
-260.2122198345482 
-260.2121720149102 
-260.2122173471513 
-260.2122193100345 
-260.2122201547426 
-260.2122038373965 
-260.21221420165693 
-260.21221315093743 
-260.2122203975878 
-260.212217543924 
-260.2122155078681 
-260.212219196593 
-260.2122176919147 
-260.2122196611572 
-260.21221845408104 
-260.2122186420861 
-260.21218437777 
-260.2122158472604 
-260.21220478889785 
-260.212217064065 
-260.2122182434807 
-260.21221735464866 
-260.21221825838904 
-260.2122183691472 
-260.2122160341449 
-260.212217181836 
-260.2122177066922 
-260.21221795586877 
-260.21221705102715 
-260.21221824443955 
-260.21221830568055 
-260.2122182032914 
-260.2122182459621 
-260.2122176476196 
-260.2122182754298 
-260.21221809560575 
-260.21221824866046 
-260.21221454691863 
-260.2122179809846 
-260.21221799106166 
-260.21221799164414 
-260.2122179859164 
-260.21221628796604 
-260.2122178342791 
-260.212217895663 
-260.21221792869244 
-260.21221792526796 
-260.21221788068357 
-260.2122176578065 
-260.21221791101624 
-260.2122179161391 
-260.21221791456975 
-260.21221791559384 
-260.21221790954485 
-260.2122179158242 
-260.21221791609554 
-260.21221791603676 
-260.21221791549124 
-260.2122179145199 
-260.212217916061 
-260.2122179160727 
-260.2122179160731 
-260.21221791607286 
-260.21221791607303 
-260.2122179160736 
-260.21221791607314 
-260.2122179160728 
-260.21221791607394 
-260.21221791607377 
-260.21221791607275 
-260.2122179160732 
-260.21221791607366 
-260.21221791607286 
-260.2122179160749 
-260.2122179160731 
-260.21221791607314 
-260.2122179160732 
-260.2122179160735 
-260.21221791607326 
-260.21221791607394 
-260.2122179162356 
-260.21221791629875 
-260.2122179163087 
-260.2122179163056 
-260.2122179163106 
-260.2122179161645 
-260.21221791671604 
-260.21221791312695 
-260.2122179170815 
-260.2122177974531 
-260.21221786658 
-260.21221792921006 
-260.2122179321923 
-260.21221792050267 
-260.2122179253522 
-260.21221791417787 
-260.2122180334088 
-260.2122180170141 
-260.21221801128064 
-260.2122165854824 
-260.2122179372877 
-260.2122169693067 
-260.21221607200374 
-260.21221775308913 
-260.2122182205278 
-260.21221796813677 
-260.21221149122465 
-260.21221685285263 
-260.2122180526522 
-260.2122123365174 
-260.2122173292582 
-260.21221757585533 
-260.21221744513474 
-260.2122179952416 
-260.2122154776794 
-260.2122176840325 
-260.2122116365705 
-260.2121624949534 
-260.2122167346677 
-260.21221705177163 
-260.21221433313644 
-260.21220297269747 
-260.21221919609883 
-260.21221904127106 
-260.2121922502099 
-260.21220940967436 
-260.2122161856552 
-260.21221447935704 
-260.21221774981865 
-260.2122142757728 
-260.2122122327489 
-260.21220612925816 
-260.2122150109429 
-260.21221578276345 
-260.21221905882055 
-260.21221748417406 
-260.2122172945401 
-260.2122189581271 
-260.21217414602563 
-260.21221707849634 
-260.2122169573785 
-260.2122019501522 
-260.21196115177815 
-260.212206356907 
-260.2122131465217 
-260.21220396786873 
-260.21220351407266 
-260.2122117104616 
-260.2122130568765 
-260.2122137055188 
-260.2121946141532 
-260.21220227612974 
-260.2122135317235 
-260.2122133742863 
-260.2122150648691 
-260.2122113477229 
-260.21221210189583 
-260.21218356257293 
-260.2121551745385 
-260.21220332241364 
-260.21221155595737 
-260.2121904637868 
-260.21221346470793 
-260.21218744049406 
-260.21221480061416 
-260.2122136219166 
-260.21221547330504 
-260.21220789141967 
-260.21215572131797 
-260.21221480449356 
-260.21221584991923 
-260.21221124725975 
-260.2122164092847 
-260.2122149678059 
-260.2120243481243 
-260.212208872212 
-260.212208681312 
-260.2122079338525 
-260.21219667795515 
-260.2121257712204 
-260.21220687521327 
-260.2122052517459 
-260.21216990011607 
-260.2122060960526 
-260.2122040153799 
-260.2121399611714 
-260.212183669033 
-260.2122034298976 
-260.21220541339255 
-260.21220411453294 
-260.21220399226735 
-260.2122051339187 
-260.21220520082335 
-260.21220455017294 
-260.21220615842105 
-260.21220493005876 
-260.2121390847422 
-260.2122031068443 
-260.212204449236 
-260.2122019050446 
-260.2122027707689 
-260.21220411285935 
-260.2122048791939 
-260.2122039268269 
-260.2122042540223 
-260.2122046848268 
-260.212205018991 
-260.2122013676112 
-260.21220444444833 
-260.2122029443864 
-260.2122047653041 
-260.21220454849754 
-260.2122048996099 
-260.21220430688345 
-260.212204764136 
-260.2122048860212 
-260.21220490497893 
-260.2122048775218 
-260.2122049048208 
-260.21220490851584 
-260.21220490861776 
-260.21220491067606 
-260.21220491080277 
-260.2122049111668 
-260.2122049111043 
-260.2122049116873 
-260.21220491347697 
-260.2122049156691 
-260.21220491628435 
-260.2122049174086 
-260.21220491515265 
-260.21220491840876 
-260.21220491900635 
-260.2122049195081 
-260.2122049191577 
-260.2122048744776 
-260.21220491135733 
-260.2122049111978 
-260.21220491218827 
-260.21220491202826 
-260.2122049118159 
-260.2122049002843 
-260.2122049113519 
-260.2122049652162 
-260.2122049891058 
-260.2122049897054 
-260.21220499072683 
-260.21220499073655 
-260.2122049908026 
-260.21220499096484 
-260.2122049911856 
-260.21220499120363 
-260.212204991254 
-260.21220499130607 
-260.21220499131044 
-260.2122049913153 
-260.2122049913243 
-260.2122049913276 
-260.2122049913282 
-260.2122049913281 
-260.2122049913279 
-260.2122049913284 
-260.21220499132835 
-260.2122049913286 
-260.2122049913302 
-260.2122049913285 
-260.21220499132824 
-260.2122049913282 
-260.2122049913279 
-260.21220499132784 
-260.21220499132755 
-260.21220499132755 
-260.212204991328 
-260.2122049913275 
-260.21220499132784 
-260.2122049913278 
-260.21220499132727 
-260.2122049913269 
-260.2122049913266 
-260.2122049913272 
-260.2122049913296 
-260.2122049913449 
-260.21220499138343 
-260.21220499141043 
-260.2122049914363 
-260.2122049914663 
-260.2122049913025 
-260.21220499358384 
-260.2122049841865 
-260.21220499409344 
-260.21220499438704 
-260.21220499434 
-260.2122049936096 
-260.2122049931481 
-260.21220499252513 
-260.21220499741486 
-260.2122050014145 
-260.2122050011178 
-260.2122050002936 
-260.2122050011028 
-260.21220433752006 
-260.2122049952149 
-260.21220499349323 
-260.2122049928583 
-260.2122049790194 
-260.2122041432197 
-260.21220498498417 
-260.21220496647146 
-260.2122049698183 
-260.2122049506756 
-260.2122049038972 
-260.21197260094334 
-260.2122011243491 
-260.2121993343304 
-260.21220078498413 
-260.2122015393865 
-260.2122016729951 
-260.21220169068033 
-260.2122015354076 
-260.2122010381958 
-260.2122017880477 
-260.2122013302728 
-260.212201120527 
-260.2122009057116 
-260.21220112983127 
-260.2122016066749 
-260.21220171856555 
-260.2122016888481 
-260.2122004023027 
-260.2122013952593 
-260.2121712056057 
-260.21219497853104 
-260.2121999036378 
-260.2121452911235 
-260.21220129726225 
-260.2122004992754 
-260.2121983338624 
-260.21219909373986 
-260.2121824942061 
-260.2121992131333 
-260.2121902771336 
-260.2121960431753 
-260.21220058898064 
-260.2121996157654 
-260.2121978482016 
-260.2122029751959 
-260.2121979480354 
-260.21219994770524 
-260.21220120184387 
-260.2121916423809 
-260.21220166495584 
-260.21220330341237 
-260.212200280347 
-260.2122000527405 
-260.2058915173023 
-260.212001577892 
-260.2120091824134 
-260.2120106681309 
-260.21199847617765 
-260.2120101009872 
-260.2120085493611 
-260.21200978318404 
-260.212012165022 
-260.211998677105 
-260.21200710518946 
-260.21200997928014 
-260.2119876936481 
-260.21200021287274 
-260.2119940935558 
-260.211998868637 
-260.2120076946587 
-260.2120076980156 
-260.21199099010994 
-260.21200706435593 
-260.212011257619 
-260.21200753126686 
-260.21199286516753 
-260.21200884423763 
-260.2120056302655 
-260.2120108685468 
-260.21201082251474 
-260.2120125023068 
-260.212011266567 
-260.21200449419996 
-260.21201262371875 
-260.21201310378717 
-260.2120129123743 
-260.2120138122337 
-260.21202396645265 
-260.2120114994703 
-260.2120238136007 
-260.2120174862353 
-260.21202485692277 
-260.21202477297993 
-260.21202331972336 
-260.2120234103263 
-260.21202403672504 
-260.21202334575 
-260.2120183994791 
-260.2120250046483 
-260.212022651393 
-260.2120261576856 
-260.2120239868877 
-260.2120242189186 
-260.2120234839156 
-260.2120254079394 
-260.21202243689777 
-260.2120240444375 
-260.2120257219514 
-260.2120260144065 
-260.21202608248564 
-260.21202542881235 
-260.2120259055604 
-260.21202771764587 
-260.21202746466423 
-260.2120278680196 
-260.21202787731124 
-260.21202740215284 
-260.21202555051184 
-260.2120272029343 
-260.2120274639447 
-260.2120279530605 
-260.2120279326317 
-260.21201863517734 
-260.21200758253167 
-260.21202687078625 
-260.2120268906808 
-260.2120252607319 
-260.2120269694182 
-260.2120270376376 
-260.2120269433525 
-260.2120229499268 
-260.2120266208462 
-260.21202686254395 
-260.2120268563649 
-260.2120266695807 
-260.21202687866906 
-260.21202686643153 
-260.2120268760991 
-260.2120268859072 
-260.2120268788431 
-260.21202688619275 
-260.2120268843798 
-260.21202688512943 
-260.2120268847397 
-260.2120268865485 
-260.2120268861781 
-260.21202688682206 
-260.21202688682456 
-260.21202688683036 
-260.21202688683184 
-260.21202688683206 
-260.21202688683184 
-260.2120268868315 
-260.21202688683223 
-260.21202688683167 
-260.21202688683195 
-260.2120268868312 
-260.2120268868317 
-260.2120268868334 
-260.21202688683326 
-260.2120268868317 
-260.2120268868328 
-260.21202688683303 
-260.21202688683206 
-260.21202688683206 
-260.2120268868324 
-260.21202688683235 
-260.2120268865618 
-260.2120268868127 
-260.2120268823356 
-260.2120268255034 
-260.21202688150504 
-260.2120268216 
-260.21202688265174 
-260.212026876382 
-260.2120268559754 
-260.21202685786847 
-260.2120268826172 
-260.2120267303527 
-260.21202685881855 
-260.21202681970124 
-260.21202684788824 
-260.2120266225305 
-260.2120268626411 
-260.2120268590732 
-260.21202686253105 
-260.21202689292517 
-260.21202675668155 
-260.2120268537474 
-260.21202685345406 
-260.21202708089044 
-260.21202477768657 
-260.2120270386633 
-260.21202679587446 
-260.21202680369976 
-260.212026937776 
-260.2120265983008 
-260.2120274379122 
-260.21202803179995 
-260.21185951755893 
-260.21202624980776 
-260.21202476868746 
-260.2120249519825 
-260.2120255375272 
-260.2120262852361 
-260.21202641391864 
-260.21202663711387 
-260.21202327958673 
-260.21202648875146 
-260.2120199270408 
-260.21202602529746 
-260.21202563726104 
-260.2120262348945 
-260.2120251718861 
-260.2120184344714 
-260.2111925295218 
-260.2120060719356 
-260.2119952209554 
-260.2120021081242 
-260.21200624037334 
-260.2120048134867 
-260.21200688183734 
-260.21200709301803 
-260.21199334122764 
-260.21200469115456 
-260.21200340521256 
-260.21200521455955 
-260.21192576710536 
-260.2120009036042 
-260.21200356911044 
-260.21200564146346 
-260.2119902995297 
-260.2119991688334 
-260.21200424373023 
-260.2120001734837 
-260.2120013975131 
-260.21200450594716 
-260.2120007073447 
-260.2119817920856 
-260.2120044517219 
-260.21200261950304 
-260.2120018523154 
-260.2120035152752 
-260.2119962885899 
-260.2120034651294 
-260.21200413974253 
-260.21200126390374 
-260.21200511462234 
-260.21200215176844 
-260.2120043486376 
-260.2120050565986 
-260.21199800702846 
-260.2119966678363 
-260.21200442649973 
-260.2112667934464 
-260.2119761136051 
-260.21197642463926 
-260.211975938292 
-260.21197583873726 
-260.21197512588566 
-260.2119762926044 
-260.2119727776304 
-260.21190819575577 
-260.2119636973627 
-260.2119719114448 
-260.21196892162016 
-260.21196089665443 
-260.21217617675967 
-260.212125958049 
-260.21214545671467 
-260.21217492765646 
-260.2121758449212 
-260.21217663861034 
-260.2121599718613 
-260.2121569391788 
-260.2121654165923 
-260.21217590838694 
-260.21217280866165 
-260.21217507376184 
-260.212171281888 
-260.2121485024819 
-260.21212794220526 
-260.21216910869543 
-260.21217238450583 
-260.2121740962115 
-260.2121650962768 
-260.2121713316715 
-260.2121664326545 
-260.21217541166953 
-260.2121659216669 
-260.2121642959404 
-260.2121651875484 
-260.2121755133913 
-260.21217617300294 
-260.2121747580686 
-260.2121290846095 
-260.2121726955566 
-260.212164711024 
-260.2121535905213 
-260.2121723171867 
-260.2121724941226 
-260.21217162252134 
-260.2121699650957 
-260.2121723422907 
-260.21217255712656 
-260.2121721682563 
-260.21217238454955 
-260.2121726061533 
-260.2121722392063 
-260.2121726219233 
-260.21217563668074 
-260.2121756138398 
-260.2121756156857 
-260.2121756537236 
-260.21217568032824 
-260.21217564528183 
-260.2121756814778 
-260.212175678738 
-260.21217569594626 
-260.212175681276 
-260.2121756957512 
-260.21217569949977 
-260.21217570081154 
-260.2121757013869 
-260.2121757014024 
-260.21217570142153 
-260.2121757014595 
-260.2121757014446 
-260.2121757014894 
-260.2121757014987 
-260.21217570151043 
-260.2121757015025 
-260.21217570150503 
-260.2121757015309 
-260.21217570153783 
-260.21217570155886 
-260.21217570156585 
-260.2121757015557 
-260.2121757015756 
-260.21217570157705 
-260.2121757015725 
-260.21217570157614 
-260.2121757015739 
-260.2121757015759 
-260.21217570157614 
-260.21217570157665 
-260.2121757015773 
-260.2121757015774 
-260.2121757015773 
-260.21217570157745 
-260.2121757015773 
-260.2121757015772 
-260.2121757015771 
-260.212175701577 
-260.212175701578 
-260.21217570157916 
-260.2121757015771 
