0.0 
41.78259567657375 
40.215399610419965 
37.66494049003144 
35.98740433890972 
33.55232799043156 
31.805134229338055 
29.442577548474365 
27.65185805269163 
25.33606231002201 
23.514110405324654 
21.2316599692272 
19.386055280536514 
17.128859443043243 
15.264555561915618 
13.027311103180818 
11.147737570962068 
8.926761924837352 
7.0344011454035105 
4.827023785129997 
2.923738243152779 
0.7279536988728588 
-1.1848174919187158 
-3.3705591214220894 
-5.291676409534035 
-7.468602008168229 
-9.397144231697533 
-11.566244877767518 
-13.501454197605204 
-15.663544484688508 
-17.60478791177847 
-19.760547473011894 
-21.707289292975897 
-23.85729260325373 
-25.80907416476417 
-27.953812403845458 
-29.910237009886878 
-32.05013441457844 
-34.0108558297164 
-36.14628213607022 
-38.11099570756644 
-40.24227576424118 
-42.21071146654105 
-44.33813276534473 
-46.31004968270781 
-48.43386833118456 
-50.40905023131556 
-52.52949574319421 
-54.507747489462986 
-56.625026666399265 
-58.60617128239073 
-60.720471388862556 
-62.7043476359443 
-64.8158390183216 
-66.80229938073485 
-68.9111376449046 
-70.90004664157846 
-73.00637447673587 
-74.99760723728336 
-77.1015559536993 
-79.09499700971698 
-81.19668784347435 
-83.1922300965948 
-85.2917753230797 
-87.28931915912027 
-89.38682304849452 
-91.38627557312869 
-93.48183521440622 
-95.48310959051703 
-97.57681560573666 
-99.57983047632224 
-101.67176764228154 
-103.67644662571723 
-105.76669441755321 
-107.7729656643472 
-109.86159873271544 
-111.86939453476774 
-113.9564831263492 
-115.96573957122939 
-118.0513499006534 
-120.06200656464202 
-122.14620114459136 
-124.15820081922307 
-126.24103875440154 
-128.25432720207303 
-130.33586445183423 
-132.35039018671233 
-134.43067980040792 
-136.44639389143632 
-138.52548621994518 
-140.54234211321207 
-142.62028499959953 
-144.63823835772203 
-146.7150773095627 
-148.73408586606828 
-150.80986421160557 
-152.82988763856812 
-154.90464666859296 
-156.92564645601695 
-158.99942555308783 
-161.02136489872746 
-163.09420165514237 
-165.11704536364064 
-167.18897568925277 
-169.21269008047727 
-171.28374829564726 
-173.30830115826583 
-175.37851982982852 
-177.40388196257092 
-179.47328121185743 
-181.4994910608158 
-183.5675422431938 
-185.59481859055566 
-187.56284763381464 
-188.01885470654557 
-189.8504221211999 
-191.73788798211044 
-191.90377957283127 
-191.90470154816992 
-191.90508748008205 
-191.94299065231544 
-191.94416837898498 
-191.97861979139407 
-191.98049116184936 
-192.01280493278236 
-192.01531480827546 
-192.0461068504863 
-192.04918120501645 
-192.0788313109736 
-192.0823956956554 
-192.1111566023253 
-192.11514320425064 
-192.14319226358307 
-192.14754154256954 
-192.17500873510613 
-192.17966906879582 
-192.2066531642067 
-192.21157987128043 
-192.23815822469095 
-192.24331249104313 
-192.26954723907625 
-192.2748951345976 
-192.30083726168516 
-192.30634890085673 
-192.33204099530053 
-192.33768984244918 
-192.3631680184203 
-192.36893032117007 
-192.394225591605 
-192.40007992109378 
-192.42521920030302 
-192.43114607858251 
-192.4561529267328 
-192.46213452423956 
-192.4870297086943 
-192.49304959773704 
-192.5178515206268 
-192.523894473755 
-192.54861950017394 
-192.55467132443562 
-192.57933403499476 
-192.5853814349283 
-192.60999481947906 
-192.6160252833444 
-192.6406008878751 
-192.64660259263235 
-192.67115062810797 
-192.6771123594522 
-192.70164177865496 
-192.7075528632185 
-192.7320714103301 
-192.73792165794282 
-192.76243589309271 
-192.76821554625747 
-192.7927308477954 
-192.79843053813852 
-192.8229510823964 
-192.82856179103385 
-192.8530905104049 
-192.8586035323171 
-192.8831420493358 
-192.88854895994842 
-192.9130974959878 
-192.91839011850948 
-192.94294737367716 
-192.9481177472232 
-192.97268074556274 
-192.97772109209788 
-193.00228498590644 
-193.00718767590303 
-193.0317454997519 
-193.03650301430918 
-193.06104537515137 
-193.0656502646198 
-193.0901649507117 
-193.09460978804614 
-193.11908127250234 
-193.12335859977955 
-193.14776740482722 
-193.15186967152937 
-193.1761915465039 
-193.18011103735654 
-193.204315883501 
-193.20804463361287 
-193.2320950793431 
-193.23562477350202 
-193.25947425913327 
-193.26279611199487 
-193.28638627298193 
-193.28949088616866 
-193.31274791551982 
-193.31562510751814 
-193.3384546005846 
-193.34109320678098 
-193.3633727009121 
-193.3657603448579 
-193.38732827023898 
-193.38945111930553 
-193.4100899994353 
-193.41193254334183 
-193.4313425883255 
-193.43288754841598 
-193.4506433668264 
-193.4518715565344 
-193.4673357046355 
-193.46822545360573 
-193.48015003455288 
-193.48066790495227 
-193.48864517564536 
-193.4889091773609 
-193.4889094473601 
-193.48890944736002 
-195.23429327774397 
-195.2386748069057 
-195.23871751391187 
-195.2387293082204 
-195.23873870708113 
-195.2387449076174 
-195.238754882562 
-195.2387621522558 
-195.2387742092235 
-195.23878543257945 
-195.2388009916728 
-195.23881794605154 
-195.2388377999365 
-195.23886167352055 
-195.23888630157978 
-195.2389178984937 
-195.23894758358387 
-195.2389874464215 
-195.2390223437025 
-195.23907083249128 
-195.23911101355796 
-195.2391683595152 
-195.2392138409245 
-195.2392801829077 
-195.2393309445622 
-195.23940635358707 
-195.23946235073254 
-195.23954684596845 
-195.23960801648434 
-195.23970157709493 
-195.2397678461736 
-195.23987041801735 
-195.23994170086056 
-195.24005320186495 
-195.24012940519924 
-195.2402497282563 
-195.2403307509406 
-195.2404597658345 
-195.24054549901237 
-195.2406830535408 
-195.24077338052433 
-195.24091930091404 
-195.24101409659295 
-195.2411681880405 
-195.24126731848628 
-195.24142936437332 
-195.24153268637667 
-195.24170244803815 
-195.2418098073271 
-195.24198702409018 
-195.24209825615503 
-195.24228264356873 
-195.2423975719791 
-195.2425888215866 
-195.2427072569082 
-195.2429050349949 
-195.24302677447142 
-195.24323072094944 
-195.2433555465238 
-195.24356527283913 
-195.2436929523745 
-195.24390804045154 
-195.24403832263434 
-195.2442583221971 
-195.2443909393312 
-195.24461536613887 
-195.24475002891035 
-195.2449783606091 
-195.24511475813696 
-195.24534643187266 
-195.24548422895873 
-195.24571863643905 
-195.2458574709133 
-195.24609395370032 
-195.24623343322878 
-195.24647127665656 
-195.24661097518901 
-195.24684940145636 
-195.24698885460373 
-195.24722701442914 
-195.24736571462373 
-195.24760267767635 
-195.24774006787828 
-195.24797481106324 
-195.24811027779813 
-195.24834167287406 
-195.2484745381912 
-195.24870133658908 
-195.2488308487945 
-195.24905166578765 
-195.24917699004675 
-195.24939028764936 
-195.24951049527064 
-195.2497145663541 
-195.24982862611063 
-195.2500215822776 
-195.25012835495536 
-195.2503081233681 
-195.2504063641026 
-195.25057070259416 
-195.2506590786232 
-195.25080562334307 
-195.25088275947786 
-195.2510091269809 
-195.25107369745757 
-195.2511776712189 
-195.25122856425548 
-195.25130840112732 
-195.2513449795071 
-195.25139985335056 
-195.25142232371047 
-195.25145283508786 
-195.25146194457824 
-195.2514706641848 
-195.25147069541495 
-195.25147069539463 
-195.25147069539472 
-195.25147069539474 
-195.25147069541492 
-195.25147069539486 
-195.2514706984021 
-195.25147070411597 
-195.2514707187371 
-195.2514707458959 
-195.2514707913248 
-195.2514708616046 
-195.25147096033592 
-195.25147109972457 
-195.2514712767013 
-195.2514715126366 
-195.2514717930202 
-195.25147215182594 
-195.25147255949733 
-195.25147306497996 
-195.25147362130554 
-195.251474293877 
-195.25147501709847 
-195.25147587322573 
-195.25147677801183 
-195.25147783049815 
-195.2514789278576 
-195.25148018534236 
-195.25148148247445 
-195.2514829499657 
-195.25148445070832 
-195.25148613001215 
-195.2514878352367 
-195.25148972538847 
-195.25149163339657 
-195.25149373107854 
-195.25149583799308 
-195.25149813792484 
-195.25150043805394 
-195.2515029333409 
-195.2515054194937 
-195.2515081019275 
-195.2515107657002 
-195.25151362601332 
-195.2515164580159 
-195.25151948608695 
-195.25152247613212 
-195.25152566115008 
-195.25152879840135 
-195.2515321289865 
-195.25153540206648 
-195.25153886635658 
-195.25154226342116 
-195.251545849123 
-195.2515493578991 
-195.25155305230422 
-195.25155666012085 
-195.25156045008853 
-195.25156414382653 
-195.25156801578797 
-195.25157178187962 
-195.25157572170522 
-195.25157954603006 
-195.25158353902575 
-195.25158740686737 
-195.2515914376006 
-195.25159533351885 
-195.25159938573643 
-195.25160329346102 
-195.25160734994947 
-195.2516112522574 
-195.25161529470697 
-195.2516191732981 
-195.25162318215396 
-195.2516270175375 
-195.25163097191987 
-195.25163474331688 
-195.25163862087427 
-195.25164230615601 
-195.25164608305977 
-195.25164965875595 
-195.25165330972726 
-195.25165675110216 
-195.25166024955527 
-195.25166353081408 
-195.25166684915283 
-195.25166994381047 
-195.25167305392716 
-195.25167593538046 
-195.25167880940563 
-195.25168145176673 
-195.25168406314495 
-195.25168644239056 
-195.2516887673111 
-195.2516908627774 
-195.25169288199902 
-195.2516946782193 
-195.2516963792549 
-195.25169786812776 
-195.25169924766618 
-195.2517004307453 
-195.2517014969272 
-195.2517023873452 
-195.25170316185708 
-195.25170378640408 
-195.25170430522385 
-195.251704703963 
-195.2517050156378 
-195.25170523958334 
-195.25170540082243 
-195.25170550608775 
-195.25170557347874 
-195.25170561133703 
-195.25170562941804 
-195.25170563627196 
-195.25170563772326 
-195.2517056377448 
-195.25170563772434 
-195.25170563772426 
-195.25170563772423 
-195.25170563774486 
-195.25170563772437 
-195.2517056377514 
-195.2517056377736 
-195.25170563782373 
-195.25170563791087 
-195.2517056380278 
-195.25170563825026 
-195.25170563860502 
-195.25170563911232 
-195.25170563992214 
-195.25170564110334 
-195.25170564287825 
-195.25170564525664 
-195.25170564850524 
-195.2517056528619 
-195.2517056586414 
-195.25170566511704 
-195.25170567321132 
-195.25170568302184 
-195.25170569492266 
-195.2517057089378 
-195.2517057254966 
-195.25170574459005 
-195.25170576669697 
-195.2517057917233 
-195.25170582022676 
-195.25170585204697 
-195.25170588774 
-195.25170592707653 
-195.25170597063664 
-195.25170601814864 
-195.25170607017665 
-195.25170612636643 
-195.25170618728112 
-195.25170625250684 
-195.2517063225826 
-195.2517063970389 
-195.25170647638285 
-195.25170656009064 
-195.25170664863424 
-195.25170674143666 
-195.2517068389342 
-195.2517069404985 
-195.25170704652828 
-195.25170715634906 
-195.25170727034399 
-195.2517073877785 
-195.2517075089826 
-195.25170763319213 
-195.2517077607063 
-195.2517078907238 
-195.25170802351715 
-195.2517081582519 
-195.25170829517978 
-195.25170843345964 
-195.25170857331491 
-195.2517087138561 
-195.2517088553091 
-195.25170899676507 
-195.25170913844613 
-195.2517092794315 
-195.25170941994628 
-195.25170955906245 
-195.2517096969938 
-195.25170983282564 
-195.25170996681345 
-195.25171009803702 
-195.25171022677748 
-195.25171035213012 
-195.2517104744085 
-195.25171059270968 
-195.25171070740006 
-195.25171081762934 
-195.25171092379668 
-195.2517110250931 
-195.251711121968 
-195.25171121366137 
-195.25171130067562 
-195.2517113823096 
-195.25171145911762 
-195.25171153046668 
-195.25171159696194 
-195.25171165804588 
-195.25171171436685 
-195.25171176545194 
-195.25171181195694 
-195.25171185351667 
-195.25171189080103 
-195.2517119235394 
-195.25171195238312 
-195.25171197713976 
-195.25171199838564 
-195.25171201563137 
-195.25171203307121 
-195.25171204750504 
-195.2517120588896 
-195.2517120681767 
-195.25171207534137 
-195.25171208068443 
-195.25171208452718 
-195.25171208745513 
-195.25171208945233 
-195.25171209082015 
-195.25171209176233 
-195.2517120923355 
-195.2517120926619 
-195.25171209285062 
-195.25171209290878 
-195.25171209293862 
-195.2517120929543 
-195.2517120929279 
-195.25171209294862 
-195.25171209292802 
-195.251712092928 
-195.251712092928 
-195.2517120929487 
-195.2517120929282 
-195.25171209295442 
-195.25171209295908 
-195.2517120929598 
-195.25171209296687 
-195.25171209297994 
-195.2517120929877 
-195.25171209299216 
-195.2517120930112 
-195.2517120930292 
-195.25171209302965 
-195.25171209304878 
-195.25171209309136 
-195.2517120931148 
-195.25171209314618 
-195.25171209320374 
-195.251712093273 
-195.2517120933558 
-195.25171209346053 
-195.25171209359908 
-195.25171209374773 
-195.25171209392252 
-195.2517120941429 
-195.25171209437113 
-195.25171209464023 
-195.25171209490296 
-195.25171209523444 
-195.25171209553434 
-195.2517120958758 
-195.25171209627575 
-195.25171209672374 
-195.2517120972219 
-195.251712097789 
-195.25171209841096 
-195.251712099092 
-195.25171209984762 
-195.2517121006669 
-195.2517121015508 
-195.2517121025008 
-195.2517121035183 
-195.25171210460408 
-195.25171210577366 
-195.251712106929 
-195.25171210814756 
-195.2517121094303 
-195.25171211078975 
-195.25171211221232 
-195.25171211369752 
-195.2517121152646 
-195.25171211673668 
-195.2517121182497 
-195.2517121197982 
-195.251712121378 
-195.25171212298304 
-195.25171212462135 
-195.2517121262713 
-195.2517121279241 
-195.251712129548 
-195.25171213133513 
-195.2517121331163 
-195.2517121348837 
-195.25171213661918 
-195.25171213832814 
-195.2517121400061 
-195.25171214164425 
-195.25171214323922 
-195.2517121447626 
-195.25171214635287 
-195.2517121478859 
-195.2517121493636 
-195.2517121507629 
-195.25171215210085 
-195.25171215335592 
-195.251712154546 
-195.25171215566385 
-195.25171215671352 
-195.2517121576899 
-195.2517121585985 
-195.2517121594336 
-195.25171216020084 
-195.2517121608799 
-195.25171216148019 
-195.2517121620894 
-195.2517121626374 
-195.25171216311608 
-195.25171216351544 
-195.25171216391593 
-195.25171216429774 
-195.2517121646171 
-195.25171216488812 
-195.25171216515682 
-195.25171216538442 
-195.2517121655537 
-195.2517121657163 
-195.25171216583334 
-195.25171216591508 
-195.2517121659687 
-195.2517121660089 
-195.25171216602075 
-195.25171216604954 
-195.25171216608967 
-195.2517121661168 
-195.2517121661543 
-195.2517121661674 
-195.251712166176 
-195.25171216618145 
-195.25171216618173 
-195.25171216617406 
-195.25171216617312 
-195.25171216616837 
-195.25171216614189 
-195.25171216616235 
-195.2517121661416 
-195.25171216614166 
-195.25171216614177 
-195.25171216616232 
-195.2517121661419 
-195.25171216616812 
-195.251712166173 
-195.2517121661737 
-195.25171216618125 
-195.25171216618082 
-195.25171216618912 
-195.2517121661801 
-195.2517121661836 
-195.25171216618432 
-195.25171216619447 
-195.25171216620217 
-195.25171216620984 
-195.2517121662184 
-195.25171216621288 
-195.251712166223 
-195.25171216623212 
-195.2517121662278 
-195.25171216622286 
-195.25171216623175 
-195.25171216623872 
-195.25171216624597 
-195.25171216625304 
-195.2517121662609 
-195.2517121662844 
-195.2517121662941 
-195.2517121663201 
-195.25171216633055 
-195.25171216635448 
-195.2517121663812 
-195.25171216640692 
-195.2517121664361 
-195.25171216644753 
-195.25171216645975 
-195.25171216647283 
-195.2517121665011 
-195.25171216653092 
-195.2517121665627 
-195.25171216659646 
-195.25171216663395 
-195.25171216666976 
-195.25171216670836 
-195.25171216674477 
-195.25171216678262 
-195.25171216682162 
-195.2517121668605 
-195.2517121669003 
-195.2517121669411 
-195.25171216699744 
-195.2517121670548 
-195.25171216711408 
-195.25171216715808 
-195.25171216720292 
-195.25171216724806 
-195.2517121672925 
-195.25171216733696 
-195.25171216738107 
-195.251712167424 
-195.25171216748316 
-195.2517121675417 
-195.25171216759958 
-195.25171216765648 
-195.2517121677123 
-195.25171216776795 
-195.25171216782257 
-195.2517121678613 
-195.251712167898 
-195.2517121679543 
-195.25171216800865 
-195.25171216805984 
-195.2517121681255 
-195.2517121681743 
-195.25171216822065 
-195.25171216826413 
-195.25171216829318 
-195.25171216832013 
-195.25171216834335 
-195.25171216838666 
-195.25171216842648 
-195.25171216844984 
-195.25171216848736 
-195.25171216852164 
-195.2517121685521 
-195.25171216858416 
-195.25171216861304 
-195.25171216862722 
-195.25171216865394 
-195.25171216866343 
-195.2517121686716 
-195.25171216867795 
-195.25171216868554 
-195.25171216869106 
-195.25171216870882 
-195.25171216872855 
-195.25171216873247 
-195.2517121687373 
-195.25171216874017 
-195.25171216874494 
-195.25171216873568 
-195.25171216872698 
-195.25171216873102 
-195.25171216874793 
-195.25171216876063 
-195.25171216875634 
-195.25171216876458 
-195.25171216875546 
-195.25171216875572 
-195.25171216874787 
-195.25171216874736 
-195.2517121687426 
-195.25171216871658 
-195.2517121687369 
-195.25171216871627 
-195.25171216871615 
-195.25171216871627 
-195.25171216873684 
-195.25171216871644 
-195.25171216874247 
-195.2517121687474 
-195.25171216874767 
-195.2517121687555 
-195.25171216875506 
-195.25171216876376 
-195.25171216875518 
-195.2517121687593 
-195.2517121687462 
-195.25171216874293 
-195.25171216875114 
-195.25171216875904 
-195.2517121687679 
-195.2517121687629 
-195.25171216875952 
-195.25171216876845 
-195.2517121687645 
-195.25171216875998 
-195.25171216875586 
-195.25171216876245 
-195.25171216876893 
-195.25171216876248 
-195.2517121687687 
-195.25171216877533 
-195.25171216878084 
-195.2517121687867 
-195.25171216879136 
-195.25171216879608 
-195.2517121688 
-195.25171216880383 
-195.25171216880779 
-195.25171216881205 
-195.25171216881574 
-195.25171216881927 
-195.2517121688224 
-195.25171216882524 
-195.2517121688286 
-195.25171216881944 
-195.25171216882285 
-195.25171216884036 
-195.2517121688428 
-195.25171216884496 
-195.251712168847 
-195.25171216884925 
-195.25171216885124 
-195.25171216885343 
-195.2517121688548 
-195.2517121688556 
-195.25171216885627 
-195.2517121688569 
-195.2517121688573 
-195.25171216885764 
-195.2517121688703 
-195.25171216888285 
-195.25171216889507 
-195.25171216890698 
-195.25171216891894 
-195.25171216893077 
-195.2517121689422 
-195.2517121689535 
-195.25171216896473 
-195.25171216897556 
-195.25171216897334 
-195.25171216898633 
-195.25171216899892 
-195.25171216901128 
-195.2517121690093 
-195.25171216900725 
-195.25171216900478 
-195.25171216901714 
-195.2517121690289 
-195.2517121690523 
-195.25171216907552 
-195.25171216907154 
-195.25171216906867 
-195.2517121690649 
-195.2517121690752 
-195.25171216908473 
-195.25171216909365 
-195.2517121690888 
-195.25171216908382 
-195.2517121690929 
-195.25171216910095 
-195.25171216910732 
-195.25171216911275 
-195.25171216912057 
-195.2517121691269 
-195.25171216913222 
-195.2517121691368 
-195.25171216912807 
-195.25171216912054 
-195.25171216912327 
-195.2517121691265 
-195.25171216913 
-195.25171216912057 
-195.25171216912398 
-195.25171216912798 
-195.25171216911872 
-195.25171216911048 
-195.2517121691021 
-195.25171216910496 
-195.25171216911787 
-195.2517121691134 
-195.25171216912187 
-195.25171216911306 
-195.25171216911323 
-195.2517121691055 
-195.2517121691047 
-195.2517121690998 
-195.25171216907344 
-195.25171216909393 
-195.25171216907327 
-195.25171216907313 
-195.2517121690732 
-195.2517121690938 
-195.25171216907344 
-195.25171216909985 
-195.25171216910454 
-195.25171216910553 
-195.2517121691134 
-195.2517121691131 
-195.25171216912221 
-195.25171216911383 
-195.25171216911815 
-195.25171216910502 
-195.25171216910212 
-195.25171216911042 
-195.2517121691186 
-195.25171216912773 
-195.25171216913776 
-195.25171216913353 
-195.25171216914248 
-195.25171216913864 
-195.25171216913483 
-195.2517121691313 
-195.25171216913824 
-195.25171216914623 
-195.25171216915288 
-195.25171216915965 
-195.25171216915177 
-195.25171216915768 
-195.2517121691512 
-195.251712169157 
-195.25171216914805 
-195.25171216915243 
-195.25171216915646 
-195.25171216916084 
-195.25171216916408 
-195.2517121691673 
-195.25171216917042 
-195.25171216917346 
-195.25171216917607 
-195.2517121691797 
-195.25171216917056 
-195.25171216917312 
-195.2517121691747 
-195.25171216917636 
-195.25171216917812 
-195.25171216917983 
-195.25171216918162 
-195.2517121691693 
-195.25171216917022 
-195.25171216917084 
-195.251712169172 
-195.251712169173 
-195.25171216917337 
-195.25171216917377 
-195.25171216917363 
-195.2517121691733 
-195.25171216917283 
-195.2517121691726 
-195.25171216917192 
-195.2517121691711 
-195.25171216916996 
-195.25171216918133 
-195.25171216919261 
-195.25171216920324 
-195.251712169214 
-195.25171216922433 
-195.25171216923394 
-195.25171216924423 
-195.25171216925537 
-195.2517121692529 
-195.251712169251 
-195.25171216924872 
-195.25171216924628 
-195.2517121692433 
-195.25171216925406 
-195.25171216927689 
-195.25171216928672 
-195.25171216928294 
-195.25171216927964 
-195.25171216927617 
-195.2517121692722 
-195.25171216928112 
-195.25171216928905 
-195.25171216928393 
-195.25171216927953 
-195.251712169288 
-195.25171216928206 
-195.25171216928794 
-195.25171216928115 
-195.25171216928857 
-195.25171216928115 
-195.2517121692867 
-195.25171216929115 
-195.25171216928294 
-195.2517121692865 
-195.25171216929007 
-195.25171216929365 
-195.2517121692843 
-195.2517121692878 
-195.25171216929252 
-195.2517121692974 
-195.25171216928896 
-195.25171216928078 
-195.25171216928388 
-195.2517121692968 
-195.25171216929246 
-195.25171216930102 
-195.25171216929223 
-195.25171216929277 
-195.25171216928513 
-195.25171216928462 
-195.25171216927964 
-195.25171216925335 
-195.25171216927373 
-195.25171216925304 
-195.25171216925298 
-195.25171216925284 
-195.2517121692734 
-195.25171216925293 
-195.25171216927922 
-195.2517121692839 
-195.2517121692844 
-195.25171216929206 
-195.2517121692915 
-195.25171216930056 
-195.2517121692921 
-195.25171216929607 
-195.25171216928325 
-195.2517121692802 
-195.2517121692883 
-195.2517121692968 
-195.25171216929215 
-195.2517121693017 
-195.25171216929752 
-195.251712169307 
-195.25171216930306 
-195.25171216929934 
-195.25171216929567 
-195.25171216930372 
-195.2517121692987 
-195.2517121693055 
-195.25171216931213 
-195.2517121693043 
-195.2517121693106 
-195.25171216930408 
-195.25171216930954 
-195.2517121693008 
-195.25171216930482 
-195.25171216930946 
-195.25171216930073 
-195.25171216930428 
-195.25171216930764 
-195.2517121693107 
-195.25171216931346 
-195.25171216931676 
-195.25171216930647 
-195.25171216929726 
-195.25171216929957 
-195.25171216930158 
-195.25171216930326 
-195.25171216930508 
-195.2517121693066 
-195.2517121693087 
-195.2517121692968 
-195.25171216929914 
-195.25171216930016 
-195.25171216930062 
-195.2517121693007 
-195.25171216930107 
-195.25171216930113 
-195.25171216930136 
-195.25171216930136 
-195.25171216930147 
-195.2517121693009 
-195.2517121693006 
-195.25171216930025 
-195.25171216929982 
-195.25171216929925 
-195.25171216929812 
-195.25171216929712 
-195.25171216929562 
-195.2517121693065 
-195.25171216931693 
-195.25171216932645 
-195.25171216933683 
-195.25171216933427 
-195.25171216933217 
-195.2517121693298 
-195.25171216932753 
-195.25171216932543 
-195.25171216932264 
-195.25171216933137 
-195.2517121693413 
-195.25171216933776 
-195.2517121693346 
-195.2517121693312 
-195.2517121693276 
-195.25171216932384 
-195.25171216933222 
-195.2517121693274 
-195.2517121693224 
-195.25171216933109 
-195.25171216932512 
-195.25171216933128 
-195.25171216933634 
-195.25171216934365 
-195.25171216933637 
-195.25171216932966 
-195.25171216933367 
-195.25171216932577 
-195.2517121693289 
-195.2517121693327 
-195.25171216933643 
-195.2517121693272 
-195.2517121693315 
-195.25171216932137 
-195.25171216932608 
-195.25171216931753 
-195.25171216930943 
-195.25171216931233 
-195.251712169325 
-195.25171216932074 
-195.2517121693292 
-195.25171216932014 
-195.2517121693206 
-195.2517121693129 
-195.25171216931224 
-195.25171216930755 
-195.2517121692809 
-195.2517121693013 
-195.25171216928067 
-195.2517121692806 
-195.25171216928052 
-195.25171216930124 
-195.2517121692808 
-195.25171216930752 
-195.25171216931219 
-195.2517121693125 
-195.25171216932003 
-195.2517121693199 
-195.2517121693288 
-195.25171216932017 
-195.2517121693242 
-195.2517121693114 
-195.2517121693083 
-195.2517121693166 
-195.25171216932503 
-195.25171216932026 
-195.25171216933023 
-195.251712169326 
-195.25171216933532 
-195.2517121693315 
-195.2517121693275 
-195.25171216932426 
-195.251712169332 
-195.25171216932736 
-195.25171216933407 
-195.2517121693412 
-195.2517121693337 
-195.25171216932856 
-195.2517121693338 
-195.2517121693389 
-195.25171216933 
-195.2517121693346 
-195.25171216933919 
-195.2517121693305 
-195.25171216933404 
-195.25171216933728 
-195.25171216934046 
-195.25171216934353 
-195.25171216934731 
-195.25171216933728 
-195.25171216932853 
-195.25171216933126 
-195.25171216933342 
-195.25171216933546 
-195.2517121693375 
-195.25171216933973 
-195.25171216934214 
-195.25171216933157 
-195.25171216932083 
-195.251712169322 
-195.2517121693229 
-195.25171216932353 
-195.25171216932398 
-195.25171216932466 
-195.2517121693249 
-195.25171216932515 
-195.25171216932503 
-195.25171216932483 
-195.25171216932483 
-195.2517121693247 
-195.2517121693243 
-195.25171216932387 
-195.25171216932327 
-195.25171216932253 
-195.25171216932193 
-195.251712169321 
-195.25171216931966 
-195.25171216932975 
-195.25171216933987 
-195.2517121693374 
-195.25171216933546 
-195.25171216933356 
-195.25171216933154 
-195.25171216932935 
-195.25171216932674 
-195.25171216933578 
-195.25171216934592 
-195.25171216934228 
-195.25171216933936 
-195.25171216933637 
-195.25171216933285 
-195.25171216932938 
-195.25171216933796 
-195.25171216933313 
-195.25171216932893 
-195.25171216933745 
-195.2517121693318 
-195.25171216933828 
-195.25171216934336 
-195.2517121693506 
-195.25171216934353 
-195.2517121693366 
-195.25171216934146 
-195.25171216933305 
-195.2517121693365 
-195.25171216934012 
-195.25171216934396 
-195.25171216933472 
-195.25171216933884 
-195.25171216932915 
-195.25171216933404 
-195.25171216932543 
-195.25171216931736 
-195.25171216932006 
-195.2517121693329 
-195.2517121693287 
-195.25171216933742 
-195.25171216932844 
-195.2517121693286 
-195.25171216932088 
-195.25171216932014 
-195.2517121693158 
-195.25171216928933 
-195.25171216931 
-195.25171216928936 
-195.25171216928942 
-195.25171216928942 
-195.2517121693102 
-195.25171216928953 
-195.25171216931597 
-195.25171216932065 
-195.25171216932134 
-195.25171216932895 
-195.25171216932887 
-195.25171216933774 
-195.25171216932893 
-195.25171216933325 
-195.25171216932017 
-195.25171216931756 
-195.25171216932574 
-195.25171216933433 
-195.25171216932932 
-195.25171216933902 
-195.2517121693348 
-195.25171216934388 
-195.25171216934032 
-195.25171216933677 
-195.2517121693333 
-195.25171216934146 
-195.25171216933646 
-195.25171216934314 
-195.25171216935055 
-195.25171216934325 
-195.25171216933796 
-195.2517121693431 
-195.25171216934825 
-195.25171216933978 
-195.25171216934393 
-195.25171216934882 
-195.25171216934024 
-195.2517121693436 
-195.25171216934706 
-195.2517121693498 
-195.2517121693528 
-195.2517121693566 
-195.25171216934652 
-195.25171216933774 
-195.25171216934035 
-195.25171216934268 
-195.25171216934447 
-195.25171216934626 
-195.25171216934842 
-195.25171216935064 
-195.25171216934015 
-195.2517121693292 
-195.25171216933055 
-195.2517121693313 
-195.25171216933174 
-195.25171216933225 
-195.25171216933285 
-195.25171216933308 
-195.2517121693335 
-195.25171216933356 
-195.25171216933353 
-195.25171216933327 
-195.25171216933296 
-195.25171216933256 
-195.25171216933208 
-195.2517121693314 
-195.2517121693308 
-195.2517121693299 
-195.25171216932875 
-195.25171216932748 
-195.25171216933813 
-195.25171216934808 
-195.25171216934558 
-195.25171216934325 
-195.25171216934132 
-195.2517121693391 
-195.251712169337 
-195.25171216933427 
-195.25171216934294 
-195.25171216935294 
-195.25171216934916 
-195.25171216934604 
-195.25171216934274 
-195.2517121693395 
-195.25171216933592 
-195.25171216934461 
-195.25171216933984 
-195.2517121693353 
-195.25171216934416 
-195.25171216933882 
-195.25171216933327 
-195.25171216933865 
-195.2517121693459 
-195.25171216933882 
-195.25171216933202 
-195.25171216933666 
-195.25171216932864 
-195.25171216933205 
-195.25171216933597 
-195.25171216933964 
-195.25171216933012 
-195.25171216933413 
-195.25171216932432 
-195.251712169329 
-195.25171216932057 
-195.25171216931204 
-195.25171216931489 
-195.25171216932785 
-195.25171216932387 
-195.2517121693325 
-195.25171216932364 
-195.25171216932355 
-195.25171216931594 
-195.2517121693157 
-195.2517121693113 
-195.25171216928484 
-195.25171216930528 
-195.2517121692844 
-195.25171216928447 
