2 3 0.0873840649968155 
3 4 0.1114292773143816 
4 5 0.12778986226211106 
5 6 0.14136412802587778 
6 7 0.1532252046535811 
7 8 0.1636137815523823 
8 9 0.1728708278879697 
9 10 0.18121289672512136 
10 11 0.1887901511402547 
11 12 0.19571934928568022 
12 13 0.20209213748967383 
13 14 0.20798142749287268 
14 15 0.21344635461309122 
15 16 0.2185355427102924 
16 17 0.2232894368592841 
17 18 0.2277420263029184 
18 19 0.23192213427081124 
19 20 0.23585440027365878 
20 21 0.23956003944819115 
21 22 0.24305743758565085 
22 23 0.24636262236799938 
23 24 0.24948964097786308 
24 25 0.2524508650864131 
25 26 0.25525723969292813 
26 27 0.25791848753768376 
27 28 0.2604432775463129 
28 29 0.26283936607852615 
29 30 0.26511371473754086 
30 31 0.26727258975480894 
31 32 0.26932164619910043 
32 33 0.2712659996491328 
33 34 0.2731102873067553 
34 35 0.27485872075670414 
35 36 0.2765151311239907 
36 37 0.2780830085744989 
37 38 0.27956553619570357 
38 39 0.28096561983194857 
39 40 0.2822859136541158 
40 41 0.2835288432374567 
41 42 0.2846966251876501 
42 43 0.2857912847017201 
43 44 0.28681467097850233 
44 45 0.28776847081801504 
45 46 0.2886542208232836 
46 47 0.28947331756546263 
47 48 0.2902270273450016 
48 49 0.2909164941257537 
49 50 0.29154274697902377 
50 51 0.292106706473699 
51 52 0.2926091900995052 
52 53 0.293050917261579 
53 54 0.29343251350177624 
54 55 0.29375451419976245 
55 56 0.2940173671166901 
56 57 0.2942214352827032 
57 58 0.2943669993478895 
58 59 0.29445425851861595 
59 60 0.29448333180372716 
60 61 0.2944542588364957 
61 62 0.2943670000213358 
62 63 0.29422143629081987 
63 64 0.2940173683744745 
64 65 0.2937545157017482 
65 66 0.29343251549045957 
66 67 0.2930509196660437 
67 68 0.2926091922974548 
68 69 0.2921067085694238 
69 70 0.29154274912794936 
70 71 0.2909164965503127 
71 72 0.2902270300215426 
72 73 0.2894733205804034 
73 74 0.2886542240651045 
74 75 0.28776847439235737 
75 76 0.2868146748593527 
76 77 0.2857912889519135 
77 78 0.28469662980622623 
78 79 0.2835288481450556 
79 80 0.28228591875076575 
80 81 0.2809656249741651 
81 82 0.2795655414296977 
82 83 0.2780830137845275 
83 84 0.2765151363570594 
84 85 0.27485872601596223 
85 86 0.2731102926026609 
86 87 0.27126600489042474 
87 88 0.26932165126426005 
88 89 0.26727259462010433 
89 90 0.2651137193778113 
90 91 0.2628393704567661 
91 92 0.26044328167380576 
92 93 0.257918491403302 
93 94 0.2552572432489725 
94 95 0.2524508680729076 
95 96 0.24948964331735587 
96 97 0.24636262433619852 
97 98 0.2430574394668828 
98 99 0.23956004150412155 
99 100 0.23585440255805762 
100 101 0.23192213690649557 
101 102 0.22774202914489763 
102 103 0.2232894396899742 
103 104 0.21853554515751245 
104 105 0.21344635661503283 
105 106 0.20798142898131688 
106 107 0.2020921382166038 
107 108 0.1957193492079774 
108 109 0.18879015044813774 
109 110 0.1812128957255798 
110 111 0.17287082697432074 
111 112 0.16361378085911898 
112 113 0.15322520417678143 
113 114 0.1413641278055862 
114 115 0.12778986220902222 
115 116 0.11142927724765607 
116 117 0.08738406480327683 
117 118 0.06440712256819904 
