2 -0.5247326181925394 
3 -0.54007452508121 
4 -0.5537669948573579 
5 -0.5655586974128256 
6 -0.5737795627591605 
7 -0.5800027902795528 
8 -0.584893343613951 
9 -0.5887744160034897 
10 -0.5919038032832271 
11 -0.5944686215409584 
12 -0.5965988309545952 
13 -0.5983894437619517 
14 -0.5999110165723099 
15 -0.6012166038694117 
16 -0.6023466805764928 
17 -0.6033325446445966 
18 -0.6041986910259194 
19 -0.6049645088564994 
20 -0.6056455082620823 
21 -0.6062542183183148 
22 -0.6068008527460096 
23 -0.6072938088619844 
24 -0.6077400450244819 
25 -0.6081453702127765 
26 -0.6085146671216545 
27 -0.6088520659308275 
28 -0.6091610815575992 
29 -0.6094447215284349 
30 -0.6097055726063348 
31 -0.6099458705165097 
32 -0.6101675559125798 
33 -0.6103723204851303 
34 -0.6105616442534672 
35 -0.610736826639254 
36 -0.6108990123173248 
37 -0.6110492123619637 
38 -0.6111883222867973 
39 -0.6113171370378547 
40 -0.611436363632959 
41 -0.6115466318391116 
42 -0.6116485035408934 
43 -0.6117424804574353 
44 -0.6118290108502448 
45 -0.6119084951744603 
46 -0.6119812911387852 
47 -0.6120477177621018 
48 -0.6121080593266026 
49 -0.6121625681388722 
50 -0.6122114675915499 
51 -0.612254954315854 
52 -0.6122932001534089 
53 -0.6123263541834834 
54 -0.6123545436319558 
55 -0.6123778755786694 
56 -0.6123964379326979 
57 -0.6124102998324433 
58 -0.6124195128712473 
59 -0.6124241109534954 
60 -0.6124241109856868 
61 -0.6124195129071637 
62 -0.6124103000522735 
63 -0.6123964381245413 
64 -0.6123778755608356 
65 -0.612354543547893 
66 -0.6123263539332475 
67 -0.6122931998061424 
68 -0.6122549538310653 
69 -0.6122114671308172 
70 -0.6121625677525769 
71 -0.6121080589855584 
72 -0.6120477173624352 
73 -0.6119812906423687 
74 -0.611908494772068 
75 -0.6118290104875609 
76 -0.6117424801103087 
77 -0.6116485031550948 
78 -0.611546631427879 
79 -0.6114363632233724 
80 -0.6113171366624116 
81 -0.6111883217793084 
82 -0.6110492118506193 
83 -0.6108990117826134 
84 -0.6107368261117067 
85 -0.6105616437471789 
86 -0.6103723200664418 
87 -0.6101675555729874 
88 -0.6099458701170344 
89 -0.6097055721607972 
90 -0.6094447210987074 
91 -0.6091610813188003 
92 -0.6088520659078933 
93 -0.6085146672463798 
94 -0.6081453704684394 
95 -0.6077400453873072 
96 -0.6072938093206646 
97 -0.6068008532445873 
98 -0.6062542187109086 
99 -0.6056455087458578 
100 -0.6049645093377979 
101 -0.6041986914730829 
102 -0.6033325451104525 
103 -0.6023466811801478 
104 -0.6012166044372125 
105 -0.599911017031128 
106 -0.5983894441411042 
107 -0.5965988313824441 
108 -0.5944686219761679 
109 -0.5919038037093135 
110 -0.5887744161697507 
111 -0.5848933437247115 
112 -0.5800027901857546 
113 -0.5737795623524026 
114 -0.5655586967938596 
115 -0.5537669942610554 
116 -0.540074524857726 
117 -0.5247326178034635 
