-456.4044316229253 
-456.4122177294785 
-456.49118681592927 
-456.7189448121207 
-456.72202129688867 
-456.7307144941029 
-456.79000775724614 
-457.01566313623493 
-457.0196085362497 
-457.0309110726165 
-457.0966862287118 
-457.3856893187271 
-457.38859044936453 
-457.4021956203708 
-457.4951969846546 
-457.51623065404937 
-457.5189590734431 
-457.5343522568917 
-457.6396756428843 
-457.6673030897433 
-457.6701749595012 
-457.68726397246263 
-457.76989252905184 
-457.8016655877564 
-457.8050174955171 
-457.81951068884496 
-457.8936179045193 
-457.92090349085885 
-457.9243373311598 
-457.93843373923505 
-458.026916951252 
-458.0467158416107 
-458.0499836419439 
-458.06861655170763 
-458.2331953692374 
-458.24396671767477 
-458.2478983977085 
-458.28850061676457 
-458.3238374757957 
-458.3315113663833 
-458.33679372661356 
-458.4102615416484 
-458.4604467088178 
-458.4668327970875 
-458.4753986481754 
-458.5497539320069 
-458.59728793402985 
-458.60231918796904 
-458.6168988131781 
-458.63852484460307 
-458.6744396016559 
-458.6788823001609 
-458.69442165160825 
-458.71777388585343 
-458.73626868654554 
-458.7423393163677 
-458.74241618978095 
-458.74241618977936 
-458.74241618977726 
-458.74241618977817 
-458.7424161897798 
-458.7424162373487 
-458.7425085574564 
-458.74269295835927 
-458.742839524063 
-458.74312932074946 
-458.7434074820138 
-458.74403800732875 
-458.7444983706267 
-458.7450531944019 
-458.7455446600598 
-458.7465335224541 
-458.7478258131496 
-458.7488699281475 
-458.7496630364946 
-458.751275466205 
-458.7532464725534 
-458.75466265134304 
-458.75584299175773 
-458.7571956592531 
-458.7590382735604 
-458.7601455348144 
-458.7612891708756 
-458.7639038536979 
-458.76744464651057 
-458.76932564777195 
-458.77174085151717 
-458.7758621291155 
-458.77980674715724 
-458.7822766224018 
-458.7847923011251 
-458.78903856386637 
-458.7929723635696 
-458.7955886967228 
-458.7974983966483 
-458.8023080155894 
-458.8066673623816 
-458.80948714855214 
-458.81167593951255 
-458.81744635850936 
-458.82272103070454 
-458.82608779751035 
-458.829897017258 
-458.83621945787564 
-458.8416934302912 
-458.8455652109121 
-458.8524168637809 
-458.86439803078554 
-458.8732966267522 
-458.87991035668864 
-458.89104390916384 
-458.90230202743766 
-458.91167693485505 
-458.9161828199928 
-458.9238042609655 
-458.92380426096423 
-458.9632174662802 
-458.96783055277757 
-458.9802909398311 
-459.05044347680143 
-459.08081579094653 
-459.0848651696888 
-459.0977913384059 
-459.18718170235945 
-459.2081699012448 
-459.21156130386566 
-459.230785985068 
-459.3845330291221 
-459.395784329879 
-459.3996394767609 
-459.4413004912239 
-459.4841774742196 
-459.49243556414655 
-459.49784944206107 
-459.5576810333503 
-459.61571522603475 
-459.62299876254764 
-459.6302054914635 
-459.68208155287266 
-459.74205264524556 
-459.74928954568554 
-459.7561657971977 
-459.8045267504017 
-459.8490272529764 
-459.85513050460736 
-459.8628523174511 
-459.92593979125166 
-459.95576541311345 
-459.96012174871225 
-459.9717903372325 
-460.1014431936546 
-460.11782868440406 
-460.1208123646678 
-460.15108104565445 
-460.19185363872697 
-460.202642139076 
-460.2064362630613 
-460.2675149674923 
-460.32892329660706 
-460.3375105380528 
-460.3440057299979 
-460.408143542225 
-460.46560514637497 
-460.4720373191064 
-460.48351449378293 
-460.50288743542575 
-460.54464162848757 
-460.5498942059684 
-460.5628633188621 
-460.58415560345645 
-460.60442528779197 
-460.61074754315615 
-460.610818359806 
-460.6108183598053 
-460.61081835980286 
-460.610818359806 
-460.6108183598052 
-460.6108184064797 
-460.6109101569197 
-460.6110989045436 
-460.6112447563378 
-460.61150320601246 
-460.61177034542567 
-460.61247137729566 
-460.61295617573484 
-460.61348396847785 
-460.61401668816654 
-460.6152618644327 
-460.61660030616974 
-460.61760379190747 
-460.618533207211 
-460.6206168108391 
-460.6227519875724 
-460.62416957150066 
-460.6257474075502 
-460.62708153513296 
-460.6288609439009 
-460.62997588810595 
-460.6315053344095 
-460.6334386478921 
-460.6356470261125 
-460.6369342307857 
-460.63881979527923 
-460.6414069268304 
-460.6435003142219 
-460.64487587029225 
-460.64677708412364 
-460.6492986819426 
-460.6512231324387 
-460.6526198797241 
-460.6542644814786 
-460.6566183865105 
-460.65839823556814 
-460.65968738238064 
-460.6616827468146 
-460.66424872562385 
-460.6660785004705 
-460.6675077155034 
-460.66936297231365 
-460.6717455041343 
-460.67323759279634 
-460.6746715731377 
-460.6775889559398 
-460.6816667691319 
-460.6838437794002 
-460.6864623591961 
-460.69156239528826 
-460.696573754528 
-460.69969711989694 
-460.7031651601531 
-460.7097806746214 
-460.71747622024805 
-460.72454182837 
-460.7352511673386 
-460.73715666385186 
-460.73860029159005 
-460.73995188574224 
-460.74087564270565 
-460.7419749733764 
-460.7426593281371 
-460.74327178460766 
-460.74377237210905 
-460.74438657914334 
-460.7448386935724 
-460.7451801218747 
-460.7455596930605 
-460.74600220034836 
-460.7463134910239 
-460.74659564343483 
-460.74699866788364 
-460.7474375515547 
-460.747775691296 
-460.7480510902282 
-460.74844757359614 
-460.7489608091744 
-460.74930552775993 
-460.74958646128533 
-460.7500085375501 
-460.75051019468236 
-460.7508936014786 
-460.75117763350346 
-460.75164086239874 
-460.7521943983177 
-460.75260362709514 
-460.7529458866298 
-460.753488746244 
-460.7539898652262 
-460.75434087871554 
-460.75470382044125 
-460.75519014608454 
-460.75556721438875 
-460.75582920048447 
-460.7561422076561 
-460.7564859146857 
-460.756704517597 
-460.75688212500745 
-460.75706495915307 
-460.75724629035716 
-460.7573538096252 
-460.7574337014658 
-460.75750533433046 
-460.7575517139876 
-460.7575839667777 
-460.757603575131 
-460.7576212137914 
-460.75762787446075 
-460.7576278773155 
-460.75762787731554 
-460.7576278773157 
-460.75762787731725 
-460.75762787731384 
-460.7576278773166 
-460.7576278773159 
-460.75762787731605 
-460.7576278773156 
-460.75762787731986 
-460.7576279128711 
-460.7576280352793 
-460.7576282059834 
-460.75762847493394 
-460.75762882568665 
-460.75762945678827 
-460.7576302187608 
-460.7576312852023 
-460.75763265361354 
-460.7576350777876 
-460.75763768640235 
-460.75764054706497 
-460.75764478371786 
-460.7576518275814 
-460.7576583169121 
-460.75766656958945 
-460.75767800366475 
-460.757692963572 
-460.7577056549995 
-460.7577206951316 
-460.75774057114154 
-460.75776161418264 
-460.75777998858325 
-460.75780089228414 
-460.75782510914644 
-460.75784888393787 
-460.7578696102293 
-460.7578937518564 
-460.7579215704763 
-460.757950857187 
-460.7579757810219 
-460.7580062522872 
-460.7580423084166 
-460.7580832973689 
-460.7581151053965 
-460.75815090656437 
-460.7581917002641 
-460.7582339293785 
-460.7582648208031 
-460.7582981254207 
-460.75832979022044 
-460.758362151897 
-460.7583884144556 
-460.758412931141 
-460.75843691429066 
-460.75846341879685 
-460.7584811858332 
-460.7584995394187 
-460.7585163858717 
-460.75853240130994 
-460.75854170274283 
-460.7585417027425 
-460.7587401505273 
-460.7589991309753 
-460.7595016930929 
-460.76015992884743 
-460.76070595595485 
-460.7611225582344 
-460.7618515311813 
-460.7627941796109 
-460.7635021163435 
-460.7641094802768 
-460.7650991053018 
-460.7660274784355 
-460.7666905091002 
-460.7674310531129 
-460.76839311719556 
-460.769233251134 
-460.7698149934633 
-460.7706229047208 
-460.7715757804419 
-460.77226585270114 
-460.77281669992965 
-460.77354769114544 
-460.7745174456158 
-460.77512903041236 
-460.7756691606182 
-460.77636163445237 
-460.777143650645 
-460.7778788027088 
-460.7783677223736 
-460.77910975094136 
-460.77995627386844 
-460.78066982668156 
-460.7811982509123 
-460.78202233223607 
-460.7827054357427 
-460.7832196745899 
-460.78371875387165 
-460.78432205630503 
-460.7848468171381 
-460.78518213191325 
-460.7855795551662 
-460.7859686873664 
-460.78623445046577 
-460.78643213538794 
-460.7866425170699 
-460.7868495944718 
-460.78697466416435 
-460.78706831164607 
-460.78714706386484 
-460.78719791341604 
-460.78723486267273 
-460.7872569726025 
-460.7872770843033 
-460.78728399491627 
-460.78728399788486 
-460.7872839978855 
-460.7872839978858 
-460.78728399788815 
-460.7872839978852 
-460.7872839978877 
-460.78728399788633 
-460.78728399788645 
-460.7872839978866 
-460.7872839978876 
-460.7872840332523 
-460.7872841581241 
-460.78728432885924 
-460.7872846092192 
-460.78728497589253 
-460.7872856148414 
-460.78728639565685 
-460.7872874720879 
-460.7872889104361 
-460.78729131886723 
-460.7872938465943 
-460.7872968446478 
-460.7873015829466 
-460.7873082275042 
-460.7873145717411 
-460.78732375651504 
-460.7873374105826 
-460.78735219431695 
-460.78736649613194 
-460.78738123158655 
-460.78740608860284 
-460.78743062319813 
-460.7874540721556 
-460.787478725642 
-460.7875159202752 
-460.7875479908632 
-460.78758032743633 
-460.78761377594293 
-460.7876621837337 
-460.7877039185149 
-460.78774453119496 
-460.7877856038677 
-460.78785186526943 
-460.78791123787266 
-460.7879637906885 
-460.7880238259967 
-460.7881056732262 
-460.78817664626 
-460.7882506210511 
-460.7883348781856 
-460.788433498182 
-460.7885195596386 
-460.7886005737158 
-460.7887071851328 
-460.7888244626952 
-460.7889343211564 
-460.78904579852974 
-460.7891783059923 
-460.789331408283 
-460.78948012011176 
-460.78963344906373 
-460.78981336353735 
-460.790049491296 
-460.7904893646424 
-460.79053807656805 
-460.7905786739704 
-460.7906107498208 
-460.7906315354726 
-460.79065691201185 
-460.7906781655456 
-460.79069525416634 
-460.79070963980115 
-460.7907274976054 
-460.7907418616104 
-460.7907550261351 
-460.7907655892127 
-460.790778770075 
-460.79079149884166 
-460.7908031423931 
-460.79081215286607 
-460.7908236498249 
-460.79083505077944 
-460.79084504605277 
-460.7908520321098 
-460.79086060611655 
-460.7908686489979 
-460.79087501247847 
-460.7908795615026 
-460.79088458238857 
-460.79088833191224 
-460.79089151967736 
-460.79089388636703 
-460.79089631014483 
-460.79089815413346 
-460.7908997234591 
-460.7909008810689 
-460.7909020291793 
-460.7909029367738 
-460.7909035784228 
-460.7909040401405 
-460.79090445753775 
-460.79090475002494 
-460.79090494150444 
-460.79090508557425 
-460.79090519268607 
-460.7909052669794 
-460.79090531122705 
-460.7909053450944 
-460.79090536753176 
-460.79090537999735 
-460.7909053874959 
-460.7909053924269 
-460.79090539445764 
-460.7909053950362 
-460.79090539503 
-460.7909053950301 
-460.7909053950287 
-460.790905395029 
-460.7909053950293 
-460.7909053950293 
-460.7909053950279 
-460.79090539502846 
-460.79090539502886 
-460.7909053950286 
-460.7909053950284 
-460.7909053950288 
-460.79090539502977 
-460.7909053950358 
-460.79090539508155 
-460.79090539514857 
-460.79090539526385 
-460.7909053954261 
-460.79090539561224 
-460.79090539589646 
-460.79090539628277 
-460.7909053967387 
-460.79090539738314 
-460.7909053982449 
-460.79090539934083 
-460.7909054005615 
-460.7909054023473 
-460.79090540460885 
-460.7909054071463 
-460.79090541032053 
-460.7909054149905 
-460.7909054208397 
-460.7909054270161 
-460.79090543581634 
-460.7909054486432 
-460.7909054650747 
-460.7909054856107 
-460.79090551597716 
-460.7909055600683 
-460.7909056228407 
-460.7909057224775 
-460.7909058570657 
-460.79090608103866 
-460.79090637158475 
-460.79090675575594 
-460.7909072418985 
-460.79090803729423 
-460.7909090762332 
-460.79091034734165 
-460.79091193566313 
-460.7909145292544 
-460.7909175524371 
-460.79092184853374 
-460.7909266474271 
-460.79093275819616 
-460.79093921005625 
-460.7909474235385 
-460.790954988563 
-460.7909629877341 
-460.7909700424076 
-460.79097720736866 
-460.7909821834791 
-460.7909871213958 
-460.79098901566437 
-460.7910117403374 
-460.7910439992363 
-460.79107582415537 
-460.791129277058 
-460.7911864236506 
-460.79125270495524 
-460.7913130974894 
-460.7914045808255 
-460.7914894874904 
-460.79158293568383 
-460.79167392361853 
-460.791804508496 
-460.7919406901037 
-460.79207085831587 
-460.7922100064064 
-460.7923975014551 
-460.7926068579608 
-460.7927722597947 
-460.79295744556214 
-460.7931635286943 
-460.7933714242759 
-460.7935283495899 
-460.79370084032035 
-460.7938526685272 
-460.79399217158027 
-460.7940935514821 
-460.79420112037974 
-460.79429529718544 
-460.7943698234235 
-460.7944228165819 
-460.79448141754625 
-460.7945231217303 
-460.7945542648441 
-460.79457627174787 
-460.7945983413832 
-460.7946124258125 
-460.7946225299421 
-460.79462878648866 
-460.79463467553035 
-460.79463826013557 
-460.7946404841012 
-460.7946418361041 
-460.79464297266003 
-460.7946436864611 
-460.7946440603202 
-460.79464432375306 
-460.79464451853147 
-460.7946446025873 
-460.7946446498094 
-460.79464467642316 
-460.7946446853821 
-460.7946446874776 
-460.79464468746727 
-460.794644687467 
-460.79464468746863 
-460.794644687469 
-460.79464468746846 
-460.79464468747136 
-460.79464468746716 
-460.79464468747057 
-460.79464468746835 
-460.79464468746863 
-460.79464468746863 
-460.79464468746727 
-460.79464468746676 
-460.79464468747705 
-460.794644687541 
-460.7946446876479 
-460.7946446878343 
-460.7946446880904 
-460.7946446884229 
-460.7946446889943 
-460.7946446896645 
-460.794644690586 
-460.79464469199127 
-460.7946446940034 
-460.79464469653595 
-460.79464469995145 
-460.79464470510743 
-460.7946447121392 
-460.7946447225454 
-460.79464473821645 
-460.7946447617307 
-460.79464479969397 
-460.79464485955754 
-460.7946449590364 
-460.794645121853 
-460.7946454089467 
-460.79464584500494 
-460.7946466170758 
-460.7946479427532 
-460.7946500429461 
-460.7946529674263 
-460.794657991284 
-460.7946655579887 
-460.7946756969248 
-460.79468927926655 
-460.79470920753187 
-460.79473756362023 
-460.7947734884034 
-460.7948122074609 
-460.79487039050963 
-460.7949433957877 
-460.7950344915836 
-460.7951410556484 
-460.7953256787025 
-460.7955865641313 
-460.7959136488231 
-460.7964049655221 
-460.79710926297525 
-460.79811300966327 
-460.79924451736974 
-460.80057765321476 
-460.80202495070495 
-460.8034611142509 
-460.80486933372646 
-460.8062853428455 
-460.8076516809118 
-460.80864612292135 
-460.8093998264419 
-460.81018863035206 
-460.8107463967794 
-460.8113259659445 
-460.8119487969661 
-460.8126162432932 
-460.81321157980847 
-460.813822868483 
-460.8143604158704 
-460.8148774870457 
-460.81526882357747 
-460.81564084027497 
-460.81591834960165 
-460.81615716768505 
-460.81631023672 
-460.81644780589613 
-460.81655242548914 
-460.8166397221778 
-460.8167007158363 
-460.8167542542803 
-460.8168000212313 
-460.81683952771306 
-460.8168688271093 
-460.8168947242177 
-460.81691606218163 
-460.8169334098055 
-460.81694584224266 
-460.8169560707419 
-460.816963032452 
-460.8169679689465 
-460.8169712456433 
-460.8169735740993 
-460.81697497776474 
-460.8169759076692 
-460.81697651656543 
-460.81697694806013 
-460.81697720746035 
-460.81697737806604 
-460.8169774912813 
-460.81697756602745 
-460.8169776103781 
-460.8169776375278 
-460.8169776560548 
-460.8169776657808 
-460.81697767162234 
-460.81697767460685 
-460.8169776758828 
-460.81697767623297 
-460.8169776762329 
-460.816977676226 
-460.8169776762259 
-460.8169776762267 
-460.8169776762261 
-460.8169776762276 
-460.8169776762286 
-460.81697767622643 
-460.81697767622836 
-460.81697767622796 
-460.8169776762263 
-460.81697767622626 
-460.8169776762269 
-460.8169776762261 
-460.81697767623314 
-460.81697767627765 
-460.8169776763464 
-460.8169776764512 
-460.8169776765792 
-460.8169776767324 
-460.8169776769711 
-460.81697767723847 
-460.81697767751524 
-460.81697767795674 
-460.8169776784823 
-460.8169776790649 
-460.81697767968785 
-460.81697768071274 
-460.81697768184716 
-460.81697768291116 
-460.8169776845233 
-460.8169776867252 
-460.8169776893697 
-460.8169776920243 
-460.8169776969546 
-460.8169777036281 
-460.8169777119311 
-460.81697772253744 
-460.8169777373168 
-460.8169777534527 
-460.8169777741955 
-460.8169777987147 
-460.81697782712115 
-460.8169778548601 
-460.8169778872938 
-460.8169779218601 
-460.81697796800864 
-460.816978012517 
-460.8169780661089 
-460.81697812983754 
-460.81697822022466 
-460.816978327075 
-460.81697846869366 
-460.81697865726153 
-460.81697891931606 
-460.8169792214839 
-460.8169796086333 
-460.81698004233635 
-460.8169805696888 
-460.81698123674374 
-460.81698195156633 
-460.8169828924265 
-460.81698428521577 
-460.81698586955093 
-460.81698794151913 
-460.81699144957173 
-460.81699669607895 
-460.8170022081357 
-460.8170109835598 
-460.81702256154705 
-460.81703464761944 
-460.8170505992549 
-460.8170683266011 
-460.81708684046646 
-460.817106111521 
-460.81712264701895 
-460.8171390306666 
-460.8171517371012 
-460.81716319719226 
-460.81717297955487 
-460.8171815948032 
-460.8171890002443 
-460.817195504486 
-460.8172018019292 
-460.81720811515413 
-460.8172128833332 
-460.8172172573986 
-460.81722135361304 
-460.81722474283305 
-460.8172272584833 
-460.81722921967895 
-460.8172308175994 
-460.8172319724168 
-460.81723277983696 
-460.81723336334716 
-460.81723375895507 
-460.8172340433037 
-460.8172342472498 
-460.81723439628195 
-460.8172345049758 
-460.8172345850877 
-460.81723464548037 
-460.81723469004527 
-460.8172347248164 
-460.8172347479457 
-460.81723476574905 
-460.81723477829706 
-460.8172347866635 
-460.81723479199906 
-460.81723479568717 
-460.81723479798666 
-460.81723479921084 
-460.81723479996185 
-460.8172348003055 
-460.81723480041194 
-460.81723480041506 
-460.8172348003785 
-460.81723480037164 
-460.8172348003729 
-460.81723480037385 
-460.8172348003732 
-460.81723480037346 
-460.8172348003728 
-460.81723480037203 
-460.8172348003727 
-460.81723480037357 
-460.8172348003729 
-460.8172348003732 
-460.81723480037294 
-460.81723480037203 
-460.8172348003788 
-460.81723480042416 
-460.8172348004937 
-460.81723480059776 
-460.81723480072384 
-460.8172348008749 
-460.8172348011064 
-460.8172348013606 
-460.817234801624 
-460.8172348020367 
-460.81723480252106 
-460.81723480301616 
-460.817234803556 
-460.8172348044063 
-460.8172348052823 
-460.8172348060195 
-460.8172348070565 
-460.8172348084467 
-460.81723480968105 
-460.8172348107788 
-460.8172348125916 
-460.81723481467344 
-460.8172348163048 
-460.8172348183246 
-460.81723482145077 
-460.81723482458415 
-460.81723482812424 
-460.8172348326558 
-460.81723483812686 
-460.8172348443157 
-460.81723485207857 
-460.8172348607104 
-460.8172348697479 
-460.81723487983436 
-460.8172348906585 
-460.8172349033942 
-460.8172349157774 
-460.8172349288521 
-460.8172349428782 
-460.81723496007 
-460.81723497734697 
-460.8172349965739 
-460.81723502135725 
-460.81723504986957 
-460.81723508417235 
-460.81723513093516 
-460.8172351931418 
-460.8172352613876 
-460.81723535281674 
-460.81723548475156 
-460.81723562759436 
-460.8172357830727 
-460.8172359762164 
-460.8172361732269 
-460.8172363616744 
-460.817236536167 
-460.8172367097592 
-460.81723686278707 
-460.8172369913058 
-460.81723710872075 
-460.81723721085604 
-460.81723729641936 
-460.8172373705873 
-460.8172374328799 
-460.8172374894889 
-460.81723753993396 
-460.81723758229055 
-460.8172376210871 
-460.8172376567436 
-460.8172376900845 
-460.8172377160082 
-460.8172377435153 
-460.81723776669656 
-460.81723778566055 
-460.81723780171893 
-460.81723781518286 
-460.81723782603376 
-460.81723783347604 
-460.81723783912923 
-460.817237842621 
-460.8172378454518 
-460.8172378473373 
-460.8172378479741 
-460.8172378481863 
-460.8172378486424 
-460.8172378485514 
-460.81723784798487 
-460.8172378475624 
-460.81723784726654 
-460.8172378467159 
-460.8172378460709 
-460.81723784568476 
-460.8172378452844 
-460.81723784485854 
-460.8172378444826 
-460.81723784424014 
-460.81723784399725 
-460.817237843771 
-460.81723784362293 
-460.8172378434982 
-460.8172378433944 
-460.81723784332644 
-460.8172378432807 
-460.8172378432746 
-460.81723784327374 
-460.81723784327454 
-460.81723784327744 
-460.8172378432767 
-460.81723784327795 
-460.8172378432713 
-460.81723784327835 
-460.81723784327653 
-460.81723784327613 
-460.81723784327403 
-460.81723784327295 
-460.81723784327306 
-460.81723784328 
-460.81723784332553 
-460.81723784339454 
-460.81723784349873 
-460.8172378436236 
-460.8172378437723 
-460.8172378440043 
-460.8172378442537 
-460.81723784451 
-460.8172378449084 
-460.81723784537655 
-460.8172378458373 
-460.8172378463311 
-460.817237847133 
-460.8172378479027 
-460.8172378485421 
-460.81723784941875 
-460.8172378506225 
-460.8172378515536 
-460.81723785235744 
-460.81723785373174 
-460.81723785517215 
-460.81723785614435 
-460.81723785713524 
-460.8172378589119 
-460.81723786024867 
-460.8172378613581 
-460.81723786265167 
-460.81723786428097 
-460.8172378656268 
-460.81723786719033 
-460.81723786884777 
-460.81723787064993 
-460.8172378725068 
-460.8172378738166 
-460.81723787598736 
-460.81723787803 
-460.81723788001386 
-460.8172378808403 
-460.8172378836857 
-460.8172378855532 
-460.81723788667347 
-460.8172378878016 
-460.81723789082935 
-460.81723789232456 
-460.8172378936539 
-460.8172378968289 
-460.8172378998287 
-460.81723790339805 
-460.8172379084941 
-460.8172379153638 
-460.81723792226046 
-460.8172379319528 
-460.81723794172075 
-460.8172379526769 
-460.81723796312406 
-460.81723797320274 
-460.8172379821652 
-460.81723799127036 
-460.81723799876437 
-460.8172380038092 
-460.8172380099218 
-460.8172380150364 
-460.81723801833584 
-460.8172380205605 
-460.8172380246032 
-460.8172380267349 
-460.8172380285012 
-460.8172380300965 
-460.8172380323765 
-460.8172380333572 
-460.817238034447 
-460.81723803515575 
-460.8172380356918 
-460.8172380360643 
-460.81723803576665 
-460.8172380356692 
-460.8172380353938 
-460.81723803472204 
-460.8172380334376 
-460.8172380328473 
-460.8172380321764 
-460.8172380309605 
-460.817238029743 
-460.81723802908016 
-460.81723802824166 
-460.8172380271083 
-460.817238026287 
-460.8172380256812 
-460.81723802493485 
-460.81723802414984 
-460.817238023665 
-460.8172380232106 
-460.81723802274746 
-460.81723802235 
-460.8172380220954 
-460.8172380218467 
-460.81723802161684 
-460.8172380214673 
-460.81723802134206 
-460.81723802123685 
-460.81723802116744 
-460.81723802112197 
-460.8172380211152 
-460.81723802111503 
-460.8172380211157 
-460.8172380211148 
-460.8172380211155 
-460.817238021116 
-460.817238021114 
-460.81723802111674 
-460.81723802111634 
-460.81723802111526 
-460.81723802111594 
-460.81723802111503 
-460.81723802111577 
-460.81723802112305 
-460.8172380211689 
-460.81723802123827 
-460.8172380213422 
-460.8172380214676 
-460.8172380216165 
-460.8172380218465 
-460.8172380220956 
-460.8172380223521 
-460.8172380227502 
-460.8172380232173 
-460.81723802367543 
-460.8172380241694 
-460.81723802496725 
-460.81723802573174 
-460.8172380263678 
-460.81723802723224 
-460.8172380284242 
-460.81723802933635 
-460.8172380301324 
-460.8172380314837 
-460.8172380328844 
-460.8172380338308 
-460.81723803478997 
-460.81723803652227 
-460.81723803779266 
-460.8172380388463 
-460.8172380400461 
-460.8172380415695 
-460.8172380428204 
-460.8172380441826 
-460.81723804568816 
-460.81723804727204 
-460.81723804888435 
-460.8172380498997 
-460.8172380517846 
-460.8172380535274 
-460.8172380550629 
-460.81723805551417 
-460.8172380578629 
-460.81723805919927 
-460.817238059674 
-460.81723806013656 
-460.8172380621682 
-460.8172380625851 
-460.81723806247436 
-460.8172380636259 
-460.8172380640375 
-460.81723806443364 
-460.8172380648119 
-460.81723806572046 
-460.81723806587246 
-460.81723806711784 
-460.8172380676407 
-460.81723806858537 
-460.8172380693351 
-460.81723807007177 
-460.8172380699103 
-460.81723807088446 
-460.8172380712458 
-460.81723806980244 
-460.817238070012 
-460.81723807004414 
-460.81723806910304 
-460.8172380671986 
-460.8172380671244 
-460.8172380659027 
-460.81723806445376 
-460.81723806286914 
-460.8172380621303 
-460.817238060713 
-460.8172380593478 
-460.81723805800715 
-460.8172380567949 
-460.8172380556718 
-460.8172380542616 
-460.8172380531706 
-460.8172380521867 
-460.81723805097823 
-460.81723804929123 
-460.8172380483733 
-460.81723804745525 
-460.8172380460788 
-460.8172380447427 
-460.8172380439604 
-460.81723804305557 
-460.8172380418711 
-460.81723804101136 
-460.8172380403792 
-460.81723803961467 
-460.8172380388178 
-460.81723803832557 
-460.81723803786747 
-460.8172380373998 
-460.8172380370015 
-460.8172380367457 
-460.81723803649464 
-460.81723803626335 
-460.8172380361146 
-460.81723803599016 
-460.81723803588574 
-460.8172380358161 
-460.81723803577023 
-460.81723803576295 
-460.81723803576426 
-460.8172380357645 
-460.81723803576415 
-460.81723803576483 
-460.8172380357634 
-460.81723803576375 
-460.8172380357656 
-460.81723803576534 
-460.8172380357646 
-460.8172380357657 
-460.81723803576597 
-460.8172380357647 
-460.8172380357718 
-460.8172380358166 
-460.8172380358853 
-460.81723803598965 
-460.8172380361141 
-460.8172380362629 
-460.8172380364932 
-460.81723803674504 
-460.8172380370001 
-460.81723803739817 
-460.8172380378673 
-460.8172380383248 
-460.8172380388185 
-460.81723803961677 
-460.81723804038165 
-460.81723804101745 
-460.8172380418826 
-460.8172380430719 
-460.8172380439843 
-460.8172380447811 
-460.81723804612795 
-460.8172380475173 
-460.8172380484627 
-460.81723804941566 
-460.8172380511323 
-460.81723805240034 
-460.8172380534293 
-460.8172380546149 
-460.8172380561002 
-460.81723805733407 
-460.817238058684 
-460.81723806014554 
-460.81723806168634 
-460.81723806326204 
-460.81723806422383 
-460.81723806601707 
-460.817238067713 
-460.8172380691846 
-460.817238069545 
-460.8172380717902 
-460.81723807307685 
-460.81723807340364 
-460.81723807371276 
-460.8172380756396 
-460.81723807587707 
-460.81723807554636 
-460.81723807646296 
-460.81723807660427 
-460.8172380766609 
-460.81723807668243 
-460.8172380770048 
-460.81723807664974 
-460.81723807720255 
-460.81723807702843 
-460.8172380771878 
-460.81723807726047 
-460.8172380772887 
-460.81723807649206 
-460.8172380769299 
-460.8172380767969 
-460.8172380749644 
-460.8172380747265 
-460.81723807445815 
-460.8172380732336 
-460.8172380710403 
-460.8172380707335 
-460.8172380693251 
-460.8172380676695 
-460.8172380659068 
-460.8172380649945 
-460.8172380634524 
-460.81723806195293 
-460.81723806050695 
-460.8172380591959 
-460.8172380579907 
-460.81723805651404 
-460.8172380553517 
-460.81723805432875 
-460.8172380530865 
-460.8172380513727 
-460.8172380504271 
-460.8172380494899 
-460.81723804810446 
-460.8172380467598 
-460.8172380459668 
-460.81723804505685 
-460.81723804386866 
-460.81723804300583 
-460.8172380423698 
-460.8172380416046 
-460.81723804080667 
-460.8172380403128 
-460.817238039856 
-460.81723803938786 
-460.81723803898984 
-460.8172380387333 
-460.8172380384843 
-460.8172380382538 
-460.81723803810456 
-460.81723803797985 
-460.8172380378766 
-460.81723803780795 
-460.8172380377614 
-460.8172380377548 
-460.8172380377552 
-460.8172380377563 
-460.81723803775674 
-460.8172380377572 
-460.81723803775907 
-460.81723803775316 
