-186.29930826020984 
-186.29930826020993 
-186.2993082602921 
-186.29930826037725 
-186.2993082604631 
-186.29930826054846 
-186.29930826063355 
-186.29930826071885 
-186.29930826080354 
-186.2993082608882 
-186.29930826097373 
-186.2993082610618 
-186.2993082611744 
-186.2993082613195 
-186.29930826146895 
-186.29930826161976 
-186.29930826177116 
-186.29930826192268 
-186.29930826207448 
-186.29930826222613 
-186.29930826237813 
-186.29930826253008 
-186.29930826268205 
-186.29930826283393 
-186.29930826298587 
-186.299308263138 
-186.2993082632904 
-186.2993082634423 
-186.29930826359438 
-186.29930826374638 
-186.29930826389838 
-186.2993082640504 
-186.29930826420235 
-186.29930826435444 
-186.29930826450666 
-186.29930826465863 
-186.29930826481058 
-186.29930826496278 
-186.29930826511463 
-186.29930826526675 
-186.29930826541866 
-186.2993082655706 
-186.29930826572271 
-186.29930826587514 
-186.29930826602828 
-186.29930826618204 
-186.2993082663359 
-186.2993082664892 
-186.2993082666475 
-186.2993082667726 
-186.29930826695838 
-186.2993082672702 
-186.29930826777567 
-186.29930826840342 
-186.29930826909714 
-186.2993082698674 
-186.29930826988493 
-186.29930826988482 
-186.29930826988422 
-186.2993082698844 
-186.29930826988468 
-186.29930826988425 
-186.2993082698874 
-186.29930826988544 
-186.29930826988502 
-186.29930826988502 
-186.29930826988522 
-186.29930826988587 
-186.29930826988692 
-186.2993082698876 
-186.29930826988806 
-186.29930826988817 
-186.29930826988803 
-186.29930826988806 
-186.2993082698882 
-186.29930826988854 
-186.2993082698888 
-186.29930826988868 
-186.29930826988883 
-186.29930826988902 
-186.29930826988914 
-186.29930826988937 
-186.29930826988928 
-186.29930826988942 
-186.29930826988942 
-186.29930826988948 
-186.29930826988965 
-186.29930826988985 
-186.29930826989 
-186.29930826988996 
-186.29930826988974 
-186.2993082698897 
-186.29930826988996 
-186.29930826988982 
-186.29930826989005 
-186.29930826989013 
-186.2993082698904 
-186.2993082698904 
-186.2993082698907 
-186.2993082698908 
-186.29930826989096 
-186.29930826989138 
-186.2993082698916 
-186.29930826989175 
-186.29930826989195 
-186.29930826989204 
-186.29930826989232 
-186.2993082698926 
-186.29930826989275 
-186.2993082698935 
-186.2993082698936 
-186.29930826989394 
-186.2993082698944 
-186.29930826989437 
-186.29930826989468 
-186.2993082698949 
-186.29930826997975 
-186.29930827006478 
-186.29930827014965 
-186.29930827023463 
-186.2993082703196 
-186.29930827040462 
-186.2993082704898 
-186.29930827057484 
-186.29930827065974 
-186.2993082707446 
-186.29930827082822 
-186.299308270912 
-186.29930827101987 
-186.2993082711657 
-186.29930827131562 
-186.29930827146703 
-186.2993082716185 
-186.29930827177057 
-186.2993082719224 
-186.29930827207428 
-186.29930827222643 
-186.2993082723784 
-186.2993082725304 
-186.29930827268237 
-186.29930827283445 
-186.2993082729863 
-186.29930827313882 
-186.2993082732904 
-186.29930827344245 
-186.2993082735948 
-186.29930827374653 
-186.29930827389842 
-186.2993082740503 
-186.2993082742025 
-186.2993082743546 
-186.29930827450661 
-186.2993082746585 
-186.29930827481027 
-186.29930827496253 
-186.29930827511438 
-186.2993082752664 
-186.29930827541833 
-186.2993082755705 
-186.29930827572304 
-186.29930827587572 
-186.2993082760293 
-186.29930827618307 
-186.29930827633632 
-186.2993082764947 
-186.2993082766194 
-186.29930827680516 
-186.29930827711706 
-186.29930827762212 
-186.29930827825 
-186.2993082789435 
-186.29930827971472 
-186.299308279731 
-186.29930827973112 
-186.299308279731 
-186.29930827973158 
-186.29930827973124 
-186.29930827973203 
-186.29930827973197 
-186.2993082797313 
-186.2993082797317 
-186.29930827973172 
-186.299308279732 
-186.29930827973317 
-186.2993082797339 
-186.29930827973456 
-186.29930827973496 
-186.29930827973524 
-186.29930827973553 
-186.2993082797357 
-186.29930827973587 
-186.2993082797358 
-186.29930827973592 
-186.29930827973592 
-186.29930827973607 
-186.29930827973632 
-186.29930827973672 
-186.29930827973692 
-186.2993082797373 
-186.29930827973737 
-186.2993082797374 
-186.29930827973763 
-186.29930827973772 
-186.29930827973806 
-186.29930827973806 
-186.2993082797382 
-186.29930827973843 
-186.29930827973882 
-186.2993082797391 
-186.29930827973922 
-186.29930827973922 
-186.29930827973945 
-186.2993082797396 
-186.29930827973993 
-186.29930827974007 
-186.29930827974027 
-186.2993082797404 
-186.29930827974053 
-186.29930827974061 
-186.299308279741 
-186.29930827974127 
-186.29930827974167 
-186.29930827974204 
-186.29930827974275 
-186.29930827974297 
-186.29930827974346 
-186.29930827974397 
-186.29930827974408 
-186.29930827974474 
-186.29930827974508 
-186.2993082797456 
-186.2993082797456 
-186.2993082797459 
-186.29930827974678 
-186.29930827974684 
-186.29930827974678 
-186.2993082797468 
-186.2993082797469 
-186.29930827974678 
-186.29930827974724 
-186.29930827974704 
-186.29930827974704 
-186.2993082797472 
-186.29930827974732 
-186.29930827974763 
-186.29930827974772 
-186.29930827974792 
-186.29930827974792 
-186.2993082797479 
-186.29930827974795 
-186.299308279748 
-186.299308279748 
-186.29930827974795 
-186.299308279748 
-186.29930827974812 
-186.29930827974837 
-186.2993082797484 
-186.2993082797486 
-186.29930827974897 
-186.29930827974903 
-186.29930827974917 
-186.29930827974917 
-186.29930827974903 
-186.29930827974906 
-186.29930827974914 
-186.29930827974923 
-186.29930827974923 
-186.29930827974943 
-186.29930827974968 
-186.29930827974962 
-186.2993082797497 
-186.29930827974974 
-186.29930827974974 
-186.29930827974962 
-186.29930827974957 
-186.2993082797492 
-186.29930827974943 
-186.29930827974945 
-186.29930827974937 
-186.29930827974917 
-186.29930827974917 
-186.29930827974897 
-186.29930827974889 
-186.29930827974894 
-186.299308279749 
-186.29930827974925 
-186.2993082797487 
-186.29930827974934 
-186.2993082797493 
-186.29930827974968 
-186.29930827974812 
-186.29930827974889 
-186.29930827974925 
-186.299308279749 
-186.2993082797487 
-186.29930827974863 
-186.29930827974871 
-186.2993082797491 
-186.29930827974897 
-186.29930827974894 
-186.2993082797489 
-186.29930827974874 
-186.29930827974886 
-186.2993082797489 
-186.29930827974874 
-186.29930827974894 
-186.2993082797488 
-186.29930827974877 
-186.29930827974866 
-186.29930827974874 
-186.2993082797487 
-186.29930827974897 
-186.29930827974886 
-186.29930827974886 
-186.29930827974854 
-186.29930827974886 
-186.29930827974871 
-186.29930827974871 
-186.29930827974854 
-186.29930827974837 
-186.29930827974832 
-186.29930827974815 
-186.29930827974806 
-186.29930827974795 
-186.29930827974823 
-186.29930827974775 
-186.29930827974758 
-186.2993082797474 
-186.2993082797476 
-186.29930827974744 
-186.2993082797474 
-186.2993082797473 
-186.29930827974727 
-186.29930827974707 
-186.29930827974673 
-186.29930827974647 
-186.29930827974644 
-186.29930827974638 
-186.2993082797462 
-186.2993082797461 
-186.2993082797462 
-186.2993082797463 
-186.29930827974616 
-186.29930827974593 
-186.29930827974601 
-186.29930827974613 
-186.29930827974619 
-186.29930827974604 
-186.2993082797461 
-186.29930827974604 
-186.29930827974636 
-186.29930827974647 
-186.29930827974655 
-186.2993082797462 
-186.29930827974647 
-186.29930827974601 
-186.29930827974601 
-186.299308279746 
-186.29930827974582 
-186.29930827974573 
-186.29930827974542 
-186.29930827974533 
-186.2993082797452 
-186.29930827974508 
-186.29930827974525 
-186.2993082797454 
-186.29930827974542 
-186.29930827974525 
-186.299308279745 
-186.29930827974513 
-186.2993082797449 
-186.29930827974488 
-186.29930827974508 
-186.29930827974482 
-186.29930827974454 
-186.2993082797447 
-186.2993082797447 
-186.29930827974476 
-186.29930827974468 
-186.2993082797448 
-186.29930827974476 
-186.29930827974482 
-186.29930827974476 
-186.29930827974468 
-186.29930827974445 
-186.2993082797443 
-186.2993082797444 
-186.2993082797443 
-186.29930827974445 
-186.29930827974454 
-186.29930827974434 
-186.2993082797443 
-186.29930827974434 
-186.29930827974425 
-186.29930827974422 
-186.29930827974417 
-186.2993082797441 
-186.29930827974422 
-186.2993082797442 
-186.29930827974408 
-186.29930827974422 
-186.29930827974528 
-186.29930827974408 
-186.29930827974502 
-186.29930827974428 
-186.29930827974442 
-186.29930827974403 
