2 -0.9109406318549222 
3 0.9048952029668216 
4 -0.901642589026103 
5 0.9011291364749596 
6 -0.9013192541938153 
7 0.9015804126676912 
8 -0.9017355157292981 
9 0.9017874222031254 
10 -0.9017881865385656 
11 0.9017758417330003 
12 -0.9017665566909773 
13 0.9017629231053853 
14 -0.9017626828181242 
15 0.9017634534706647 
16 -0.9017640689047696 
17 0.9017643036349936 
18 -0.9017643060600335 
19 0.9017642449848502 
20 -0.9017642017270463 
21 0.9017641883035312 
22 -0.9017641908842325 
23 0.9017641963750579 
24 -0.9017641994361458 
25 0.9017642000086434 
26 -0.9017641995557022 
27 0.901764199105792 
28 -0.9017641989474928 
29 0.9017641989809388 
30 -0.9017641990550541 
31 0.9017641990965145 
32 -0.9017641991029676 
33 0.9017641990948483 
34 -0.9017641990873945 
35 0.9017641990849786 
36 -0.9017641990858217 
37 0.9017641990872712 
38 -0.9017641990880266 
39 0.9017641990880989 
40 -0.90176419908785 
41 0.9017641990876514 
42 -0.9017641990875805 
43 0.9017641990876057 
44 -0.9017641990876365 
45 0.9017641990876405 
46 -0.9017641990876537 
47 0.9017641990876316 
48 -0.9017641990876538 
49 0.901764199087687 
50 -0.901764199087678 
51 0.9017641990876198 
52 -0.9017641990875712 
53 0.9017641990875868 
54 -0.9017641990875916 
55 0.9017641990877417 
56 -0.9017641990878922 
57 0.9017641990877858 
58 -0.901764199087781 
59 0.9017641990876926 
60 -0.9017641990868197 
61 0.901764199085365 
62 -0.9017641990848672 
63 0.9017641990873022 
64 -0.9017641990921756 
65 0.9017641990941953 
66 -0.9017641990875632 
67 0.9017641990777225 
68 -0.9017641991760079 
69 0.9017641991213596 
70 -0.9017641992580185 
71 0.901764199208821 
72 -0.9017641983519689 
73 0.9017641985195579 
74 -0.9017641986988638 
75 0.9017641995716794 
76 -0.9017642003735198 
77 0.9017642003711278 
78 -0.9017642000821695 
79 0.9017641997882357 
80 -0.9017641995177841 
81 0.9017641995183985 
82 -0.9017641993350143 
83 0.901764199270085 
84 -0.9017641996551762 
85 0.9017641994412411 
86 -0.9017641991332722 
87 0.9017641989074496 
88 -0.9017641988950834 
89 0.9017641994058904 
90 -0.9017642001485591 
91 0.9017641998479806 
92 -0.901764199353741 
93 0.901764199591636 
94 -0.9017641994975953 
95 0.9017641987171902 
96 -0.9017641966052884 
97 0.9017641920787058 
98 -0.9017641900574664 
99 0.9017642037939309 
100 -0.9017642451307649 
101 0.9017643061677989 
102 -0.9017642999365268 
103 0.9017640630955639 
104 -0.9017634476819115 
105 0.9017626803829221 
106 -0.9017629258180874 
107 0.9017665583562589 
108 -0.9017758420225986 
109 0.9017881854179169 
110 -0.901787419856507 
111 0.9017355130251051 
112 -0.901580410655103 
113 0.9013192530331585 
114 -0.9011291358966613 
115 0.9016425887710318 
116 -0.904895202879962 
117 0.9109406318409193 
