2 -0.9999973700235639 
3 0.9999983444367052 
4 -0.9999999925677202 
5 0.9999999970218691 
6 -0.9999999999765551 
7 0.999999999996011 
8 -0.9999999999999998 
9 1.0000000000000002 
10 -1.0000000000000007 
11 0.9999999999999993 
12 -0.9999999999999991 
13 0.9999999999999997 
14 -1.0 
15 0.9999999999999998 
16 -1.0000000000000004 
17 1.0000000000000004 
18 -1.0000000000000013 
19 1.0000000000000004 
20 -0.9999999999999996 
21 1.0 
22 -1.0000000000000007 
23 1.0000000000000002 
24 -1.0 
25 0.9999999999999998 
26 -1.0000000000000004 
27 0.9999999999999997 
28 -1.0 
29 0.9999999999999999 
30 -1.0000000000000002 
31 1.0 
32 -1.0000000000000002 
33 1.0000000000000002 
34 -1.0000000000000002 
35 0.9999999999999997 
36 -1.0 
37 1.0000000000000002 
38 -0.9999999999999999 
39 1.0 
40 -1.0000000000000004 
41 1.0000000000000002 
42 -1.0000000000000007 
43 0.9999999999999997 
44 -1.0000000000000004 
45 1.0000000000000007 
46 -0.9999999999999998 
47 1.0000000000000007 
48 -0.9999999999999998 
49 1.0000000000000002 
50 -1.0000000000000013 
51 0.9999999999999997 
52 -1.0000000000000002 
53 0.9999999999999998 
54 -0.9999999999999998 
55 0.9999999999999997 
56 -1.0000000000000002 
57 0.9999999999999997 
58 -0.9999999999999998 
59 1.0000000000000002 
60 -1.0000000000000002 
61 0.9999999999999997 
62 -0.9999999999999997 
63 1.0000000000000002 
64 -1.0000000000000002 
65 1.0000000000000002 
66 -0.9999999999999998 
67 1.0 
68 -1.0000000000000007 
69 1.0 
70 -1.0000000000000009 
71 1.0000000000000004 
72 -1.0000000000000004 
73 1.0000000000000002 
74 -1.0000000000000002 
75 1.0 
76 -0.9999999999999992 
77 1.0 
78 -1.0 
79 1.0 
80 -0.9999999999999998 
81 0.9999999999999998 
82 -1.0000000000000004 
83 1.0000000000000007 
84 -0.9999999999999998 
85 1.0000000000000002 
86 -1.0000000000000002 
87 1.0 
88 -1.0000000000000002 
89 1.0000000000000007 
90 -1.0000000000000002 
91 1.0000000000000002 
92 -1.0000000000000007 
93 1.0000000000000004 
94 -0.9999999999999998 
95 1.0000000000000002 
96 -0.9999999999999999 
97 1.0000000000000007 
98 -0.9999999999999998 
99 1.0000000000000002 
100 -1.0000000000000002 
101 1.0000000000000004 
102 -1.0000000000000002 
103 1.0 
104 -1.0000000000000007 
105 1.0000000000000007 
106 -1.0000000000000013 
107 1.0000000000000004 
108 -1.0000000000000002 
109 1.0000000000000002 
110 -1.0000000000000004 
111 1.0000000000000007 
112 -1.0000000000000002 
113 1.0 
114 -1.0000000000000002 
115 1.0000000000000004 
116 -1.0000000000000002 
117 1.0 
118 -1.0000000000000002 
119 0.9999999999999998 
120 -1.0000000000000002 
121 0.9999999999999996 
122 -1.0000000000000007 
123 0.9999999999999997 
124 -0.9999999999999998 
125 1.0000000000000002 
126 -0.9999999999999996 
127 1.0 
128 -1.0000000000000007 
129 0.9999999999999998 
130 -0.9999999999999998 
131 0.9999999999999998 
132 -0.9999999999999998 
133 1.0000000000000004 
134 -1.0000000000000013 
135 0.9999999999999996 
136 -1.0 
137 0.9999999999999996 
138 -0.9999999999999998 
139 0.9999999999999993 
140 -1.0 
141 1.0000000000000007 
142 -0.9999999999999998 
143 0.9999999999999999 
144 -0.9999999999999997 
145 1.0000000000000002 
146 -0.9999999999999993 
147 1.0000000000000009 
148 -1.0 
149 0.9999999999999998 
150 -1.0 
151 1.0 
152 -1.000000000000001 
153 1.0000000000000002 
154 -1.0000000000000007 
155 1.0000000000000002 
156 -1.0000000000000007 
157 1.0000000000000007 
158 -0.9999999999999996 
159 1.0000000000000007 
160 -1.0000000000000002 
161 1.0 
162 -1.0 
163 0.9999999999999991 
164 -1.0 
165 0.9999999999999998 
166 -1.0 
167 1.0 
168 -1.0000000000000002 
169 0.9999999999999998 
170 -1.0000000000000007 
171 0.9999999999999997 
172 -1.0000000000000002 
173 0.9999999999999999 
174 -1.0 
175 1.0000000000000002 
176 -0.9999999999999991 
177 1.0000000000000013 
178 -1.0000000000000004 
179 1.0000000000000004 
180 -0.9999999999999999 
181 1.0000000000000004 
182 -0.9999999999999993 
183 1.0 
184 -1.0000000000000002 
185 1.0000000000000002 
186 -1.0000000000000007 
187 0.9999999999999999 
188 -0.9999999999999989 
189 1.0000000000000004 
190 -0.9999999999999998 
191 0.9999999999999998 
192 -0.9999999999963466 
193 0.9999999999768727 
194 -0.9999999970264413 
195 0.9999999925717556 
196 -0.9999983444323534 
197 0.9999973700085828 
