0.0 
172.62348269429796 
168.9967285076751 
168.5233971689542 
165.04767539645357 
164.52053525747985 
161.0987069832361 
160.57760705635755 
157.1497279987058 
156.62665268298255 
153.20075271708853 
152.67838479338891 
149.2517761310384 
148.7291656770527 
145.30279998902395 
144.78027222787293 
141.35382369568262 
140.83126801262327 
137.40484745335786 
136.88229960713417 
133.45587119709745 
132.93332247433526 
129.5068949420038 
128.98434630536954 
125.5579186868087 
125.03537003447215 
121.60894243160185 
121.08639377934455 
117.65996617643398 
117.13741754077127 
113.71098992107639 
113.1884411800827 
109.7620136661507 
109.23946502403841 
105.81303741095107 
105.29048879692805 
101.86406115570591 
101.34151262463776 
97.91508490029989 
97.39253664715467 
93.96610864422533 
93.44356030529364 
90.0171323884832 
89.49458366412757 
86.06815613347955 
85.54560754739329 
82.11917987818761 
81.5966312068846 
78.17020362305419 
77.64765498290713 
74.22122736786339 
73.69867876471913 
70.27225111257924 
69.74970242679491 
66.32327485746855 
65.80072623682157 
62.37429860223702 
61.851749941099385 
58.42532234708544 
57.902773774666805 
54.476346091718 
53.953797389213285 
50.52736983664687 
50.004821208249254 
46.57839358143442 
46.055844925978 
42.629417326271714 
42.10686868138557 
38.68044107109173 
38.15789242113122 
34.73146481591897 
34.20891616782752 
30.78248856074279 
30.259939904291684 
26.833512305585586 
26.3109636615408 
22.884536050401568 
22.361987352357033 
18.935559795337614 
18.413011184530323 
14.986583540081305 
14.464034874765838 
11.037607284936785 
10.515058642353395 
7.088631029750445 
6.566082368903757 
3.1396547745982457 
2.617106130892571 
-0.8093214805861891 
-1.3318701308127552 
-4.758297735758529 
-5.280846383732668 
-8.707273990934992 
-9.229822639648884 
-12.656250246110101 
-13.178798894594523 
-16.605226501285635 
-17.127775149857566 
-20.55420275646099 
-21.07675140494028 
-24.50317901163663 
-25.025727660238246 
-28.45215526681192 
-28.974703916319324 
-32.40113152198603 
-32.9236801706279 
-36.35010777715922 
-36.87265641344454 
-40.29908403236728 
-40.821632678833275 
-44.24806028753753 
-44.770608936766315 
-48.197036542712084 
-48.71958519505705 
-52.14601279788144 
-52.66856144510225 
-56.09498905305932 
-56.61753770710949 
-60.043965308222795 
-60.566513937765116 
-63.992941563443324 
-64.51549022105972 
-67.94191781859094 
-68.46446646172406 
-71.89089407377675 
-72.41344272425276 
-75.83987032894852 
-76.36241898153672 
-79.78884658413882 
-80.31139510031586 
-83.7378228395899 
-84.26037156513355 
-87.68679909461093 
-88.20934781469184 
-91.63577534957719 
-92.15832366854455 
-95.58475160543567 
-96.10730039265995 
-99.5337278603539 
-100.05627646026662 
-103.4827041156183 
-104.00525278136404 
-107.4316803707369 
-107.95422880495457 
-111.38065662640554 
-111.90320538932058 
-115.32963288135454 
-115.85218160664895 
-119.27860913636809 
-119.80115777698786 
-123.22758539155544 
-123.75013402117933 
-127.17656164678078 
-127.69911010986299 
-131.12553790244394 
-131.64808660341717 
-135.07451415752783 
-135.59706278943958 
-139.023490412734 
-139.5460390668225 
-142.97246666789923 
-143.49501531708668 
-146.92144292307287 
-147.4439915746103 
-150.87041917824203 
-151.39296766476602 
-154.81939543361057 
-155.34194561367744 
-158.7683716852391 
-159.2909197107308 
-162.71734794157274 
-163.23989678112193 
-166.66632419639265 
-167.1888726697256 
-170.6153004521606 
-171.13784922837877 
-174.56427670708305 
-175.08682530718076 
-178.51325296235342 
-179.03580200400287 
-182.46222921671304 
-182.98477782333762 
-186.41120547196417 
-186.93375414274865 
-190.36018172709683 
-190.88273033702043 
-194.30915798247685 
-194.83170696951092 
-198.25813423713765 
-198.78068214076924 
-202.20710998372442 
-202.72958161437117 
-206.1554293133885 
-206.62982300508455 
-209.51959710285112 
-210.1844578833276 
-213.12524082833684 
-213.16962579488367 
-213.2236149412753 
-213.22372704042044 
-213.25756412443235 
-213.25773285798036 
-213.27781700296686 
-213.27798839233628 
-213.29076465529414 
-213.29092557339305 
-213.29946506728328 
-213.29961384885473 
-213.30551998307533 
-213.30565809272252 
-213.30983968773188 
-213.30996915830124 
-213.3129776325923 
-213.31310034359632 
-213.31528849660367 
-213.31540599870328 
-213.317009079985 
-213.31712260522892 
-213.31830236172755 
-213.31841286350476 
-213.31928322093697 
-213.3193914350768 
-213.3200340560175 
-213.3201405401814 
-213.32061481250162 
-213.3207200002665 
-213.32106983276216 
-213.32117404483682 
-213.32143174458284 
-213.32153522809972 
-213.32172448423375 
-213.3218274235058 
-213.32196596788447 
-213.3220685026781 
-213.32216960275525 
-213.32227183843784 
-213.3223453944109 
-213.32244741018224 
-213.322500786935 
-213.32260264095328 
-213.3226412749654 
-213.32274301164216 
-213.3227708951819 
-213.32287254605166 
-213.32289261279016 
-213.3229942014674 
-213.32300860378155 
-213.32311014738457 
-213.32312045718862 
-213.32322196752116 
-213.3232293306298 
-213.3233308180903 
-213.3233360649755 
-213.32343753548196 
-213.3234412645309 
-213.323542723337 
-213.32354536515157 
-213.32364681439694 
-213.32364867884345 
-213.32375012282694 
-213.32375143292046 
-213.32385287247078 
-213.32385378895742 
-213.32395522497922 
-213.32395586371214 
-213.32405729781783 
-213.32405774212322 
-213.32415917473278 
-213.32415948418205 
-213.324260915734 
-213.32426113246453 
-213.32436256334245 
-213.3243627167205 
-213.32446414704094 
-213.324464257466 
-213.32456568751815 
-213.32456576896536 
-213.32466719878417 
-213.3246672607309 
-213.324768690411 
-213.32476873927357 
-213.32487016884957 
-213.32487020895914 
-213.32497163847347 
-213.32497167274104 
-213.3250731021738 
-213.325073132399 
-213.32517456182677 
-213.32517458931835 
-213.32527601872775 
-213.32527604447205 
-213.32537747386922 
-213.3253774985055 
-213.32547892789552 
-213.3254789518317 
-213.32558038121758 
-213.3255804047137 
-213.32568183409654 
-213.32568185731694 
-213.32578328669868 
-213.32578330974692 
-213.32588473912637 
-213.3258847620676 
-213.32598619145045 
-213.32598621432524 
-213.3260876436956 
-213.32608766652962 
-213.3261890959318 
-213.3261891187278 
-213.32629054809513 
-213.3262905708753 
-213.32639200028447 
-213.3263920230575 
-213.32649345235498 
-213.3264934751261 
-213.3265949046162 
-213.32659492738702 
-213.3266963567573 
-213.32669637952685 
-213.32679780892445 
-213.32679783169505 
-213.32689926107287 
-213.3268992838432 
-213.32700071322463 
-213.3270007359952 
-213.3271021653695 
-213.32710218813995 
-213.32720361753135 
-213.32720364030186 
-213.32730506964376 
-213.32730509241426 
-213.3274065218971 
-213.32740654466755 
-213.32750797385458 
-213.32750799662503 
-213.3276094260275 
-213.32760944879792 
-213.32771087812088 
-213.3277109008915 
-213.32781233033512 
-213.3278123531056 
-213.3279137823756 
-213.3279138051462 
-213.32801523450962 
-213.3280152572801 
-213.32811668670067 
-213.32811670947115 
-213.32821813873312 
-213.3282181615036 
-213.32831959105405 
-213.32831961382456 
-213.32842104263668 
-213.32842106540718 
-213.328522493887 
-213.3285225166574 
-213.32862394580556 
-213.32862396857607 
-213.32872539788505 
-213.32872542065547 
-213.32882685001 
-213.3288268727804 
-213.32892830240874 
-213.32892832517936 
-213.32902975437565 
-213.3290297771462 
-213.32913120653248 
-213.3291312293031 
-213.32923265865043 
-213.32923268142102 
-213.32933411077997 
-213.32933413355065 
-213.32943556301083 
-213.3294355857811 
-213.32953701407496 
-213.3295370368479 
-213.32963847907598 
-213.3296385018388 
-213.32973989305532 
-213.32973991584927 
-213.32984145837705 
-213.3298414810787 
-213.3299425796154 
-213.32994260258798 
-213.33004500550877 
-213.3300450277069 
-213.3301437280829 
-213.33014375207415 
-213.33025306454476 
-213.33025308047914 
-213.33027565238837 
-213.3302756910515 
-213.3302756910494 
-216.24846803027773 
-216.31108497025684 
-216.3327717245117 
-216.3376540516776 
-216.35418122457276 
-216.3813018858704 
-216.38437751760947 
-216.3997681001773 
-216.40179568278907 
-216.41161255375476 
-216.41294994563583 
-216.41949308228084 
-216.42040931998585 
-216.4248979846829 
-216.42553709871967 
-216.42867823688442 
-216.4291307766585 
-216.431359390305 
-216.43168346849873 
-216.4332796498249 
-216.43351304859164 
-216.43466443763288 
-216.43483349477683 
-216.43566738882276 
-216.43579056070053 
-216.43639749848145 
-216.43648710338329 
-216.4369295236685 
-216.43699495319035 
-216.43731812852468 
-216.43736598366027 
-216.43760251114094 
-216.43763790304817 
-216.43781047879872 
-216.43783615690378 
-216.43796293994777 
-216.4379817538955 
-216.43807468656848 
-216.4380884813377 
-216.43815657471544 
-216.43816653687944 
-216.43821622436434 
-216.43822355426147 
-216.43825966521064 
-216.4382650082202 
-216.43829131364944 
-216.43829520697636 
-216.43831437471232 
-216.43831720954475 
-216.43833117844915 
-216.43833324560407 
-216.43834336349636 
-216.43834485241888 
-216.43835213625547 
-216.43835320833776 
-216.43835845552292 
-216.43835922694737 
-216.43836299695798 
-216.43836354860647 
-216.43836625952267 
-216.43836665730973 
-216.4383686093402 
-216.43836890203576 
-216.43837028458748 
-216.43837048831557 
-216.43837149259394 
-216.43837163991498 
-216.43837235983125 
-216.43837246556708 
-216.43837298213538 
-216.4383730579883 
-216.43837342882424 
-216.43837348325695 
-216.43837374090958 
-216.43837378144744 
-218.78618597225338 
-218.8232022785534 
-218.8526159666944 
-218.87764977986026 
-218.90096936354934 
-218.9210025909209 
-218.94040705666697 
-218.9570138076998 
-218.9733800946631 
-218.98708094505105 
-219.00055408887317 
-219.00084507231406 
-219.00108024366335 
-219.00131913942892 
-219.00153273916808 
-219.00173982004574 
-219.00194016733735 
-219.0021276554642 
-219.00231975104256 
-219.00249504175494 
-219.00268185061736 
-219.00284942989728 
-219.0030327452868 
-219.00319533551138 
-219.00337622083075 
-219.00353545420197 
-219.00371451937323 
-219.00387130006666 
-219.00404881303953 
-219.00420332208031 
-219.00437920563772 
-219.00452816283902 
-219.0047048020857 
-219.00478383830475 
-219.00486850851684 
-219.00494673957243 
-219.00503126102666 
-219.0051085828745 
-219.00519085042254 
-219.00526700404757 
-219.00534727562197 
-219.00542185619582 
-219.00549944330015 
-219.0055718647547 
-219.00564555224724 
-219.00571500430186 
-219.00578277763938 
-219.00584827242864 
-219.0059092023594 
-219.00596957075948 
-219.00602166092736 
-219.00607583473038 
-219.00611797865844 
-219.00616515705013 
-219.00619758813917 
-219.0062374025179 
-219.00626145858982 
-219.0062940226663 
-219.0063115742306 
-219.0063374030768 
-219.00635017041736 
-219.00637007895787 
-219.0063794347534 
-219.0063943730503 
-219.00640133102894 
-219.00641225530327 
-219.00641753228933 
-219.00642531440522 
-219.00642940499796 
-219.0064348114487 
-219.0064380616319 
-219.00644240010828 
-219.0064438685463 
-219.00644682558223 
-219.00644823344123 
-219.00645020986732 
-219.00645152394614 
-219.00645281245752 
-219.00645399261603 
-219.00645480776123 
-219.00645581070944 
-219.00645632424843 
-219.00645712073398 
-219.00645815396004 
-219.00645820543932 
-219.00645900959287 
-219.00645905758185 
-219.00645969479913 
-219.0064597389651 
-219.00646025425138 
-219.00646029556196 
-219.00646072152009 
-219.00646076036202 
-219.00646111952196 
-219.0064611568309 
-219.00646135925297 
-219.00646139463797 
-219.00646157688394 
-219.00646161042948 
-219.00646177636239 
-219.0064618080392 
-219.00646196020787 
-219.00646198992706 
-219.0064621297955 
-219.0064621574241 
-219.00646228545833 
-219.00646231085045 
-219.00646242656168 
-219.00646244958148 
-219.0064625514527 
-219.00646257199236 
-219.00646265735378 
-219.0064626753254 
-219.00646274017433 
-219.0064627554721 
-219.00646279518196 
-219.0064628077463 
-219.00646281986351 
-219.0064628309854 
-219.00646283109583 
-219.00646283131894 
-219.00646283131866 
-219.00646283131883 
-219.0064628313228 
-219.00646283131954 
-219.00646283131942 
-219.00646283131923 
-219.00646283132045 
-219.00646283131928 
-219.0064628313193 
-219.0064628313194 
-219.00646283131925 
-219.00646283131925 
-219.00646283131914 
-219.00646283131908 
-219.00646283131914 
-219.00646283131914 
-219.00646283131908 
-219.00646283131903 
-219.00646283131903 
-219.00646283131894 
-219.00646283131877 
-219.0064628313188 
-219.0064628313189 
-219.0064628313188 
-219.0064628313188 
-219.0064628313187 
-219.0064628313187 
-219.0064628313187 
-219.00646283131866 
-219.00646283131863 
-219.00646283131852 
-219.00646283131834 
-219.0064628313183 
-219.00646283131834 
-219.00646283131817 
-219.00646283131823 
-219.00646283131823 
-219.00646283131823 
-219.00646283131834 
-219.00646283131834 
-219.00646283131843 
-219.00646283131834 
-219.00646283131846 
-219.00646283131834 
-219.00646283131837 
-219.00646283131834 
-219.0064628313183 
-219.00646283131826 
-219.0064628313182 
-219.00646283131823 
-219.0064628313183 
-219.00646283131817 
-219.0064628313183 
-219.00646283131823 
-219.00646283131832 
-219.00646283131852 
-219.00646283131834 
-219.00646283131846 
-219.00646283131843 
-219.0064628313184 
-219.00646283131834 
-219.00646283131846 
-219.00646283131852 
-219.00646283131852 
-219.00646283131852 
-219.0064628313184 
-219.0064628313183 
-219.00646283131834 
-219.0064628313183 
-219.00646283131823 
-219.0064628313183 
-219.00646283131823 
-219.00646283131823 
-219.00646283131823 
-219.00646283131823 
-219.00646283131812 
-219.006462831318 
-219.0064628313181 
-219.006462831318 
-219.00646283131795 
-219.00646283131795 
-219.00646283131795 
-219.00646283131812 
-219.00646283131798 
-219.006462831318 
-219.0064628313179 
-219.00646283131786 
-219.00646283131783 
-219.00646283131772 
-219.00646283131783 
-219.00646283131806 
-219.00646283131826 
-219.00646283131857 
-219.0064628313187 
-219.0064628313189 
-219.0064628313192 
-219.00646283131948 
-219.0064628313197 
-219.00646283132016 
-219.00646283132048 
-219.00646283132073 
-219.00646283132107 
-219.00646283132136 
-219.00646283132178 
-219.00646283132215 
-219.00646283132255 
-219.00646283132286 
-219.00646283132357 
-219.0064628313238 
-219.00646283132437 
-219.0064628313248 
-219.00646283132562 
-219.00646283135387 
-219.0064628313578 
-219.00646283184096 
-219.00646283184662 
-219.00646283244595 
-219.0064628334242 
-219.0064628342967 
-219.00646283595722 
-219.00646283728105 
-219.00646283797823 
-219.00654739856978 
-219.00654761104457 
-219.00663607272733 
-219.00663667502653 
-219.0066448715431 
-219.00664547408883 
-219.00665366851382 
-219.00665427079622 
-219.00666246524827 
-219.006663066751 
-219.0066713390848 
-219.0066719428823 
-219.0066798964682 
-219.00668049321953 
-219.00668868531432 
-219.00668928716263 
-219.0066975160301 
-219.00669811832063 
-219.00670631026296 
-219.00670691630378 
-219.00671518949537 
-219.00671578604798 
-219.00672405330312 
-219.00672464966874 
-219.00673292444705 
-219.00673356716266 
-219.00673877148216 
-219.00673941404563 
-219.00674461328938 
-219.00674525561422 
-219.00675045338562 
-219.0067510953403 
-219.0067562940032 
-219.0067569354648 
-219.0067621803841 
-219.00676281904134 
-219.00676805194476 
-219.00676810581302 
-219.0067733338644 
-219.00677338767247 
-219.00677860667017 
-219.00677866041156 
-219.00678382476733 
-219.00678387832812 
-219.00678907729034 
-219.00678913074705 
-219.00679431196002 
-219.0067943652082 
-219.00679952127365 
-219.00679957422264 
-219.00680468303946 
-219.00680473566743 
-219.00680981258637 
-219.00680986462737 
-219.00681488007584 
-219.00681493140436 
-219.00681986066652 
-219.00681991099495 
-219.0068247241583 
-219.0068247731119 
-219.00682942969183 
-219.00682946599937 
-219.00683389212676 
-219.0068339271981 
-219.00683803100756 
-219.00683806421927 
-219.0068417028022 
-219.0068417332871 
-219.00684471776958 
-219.00684474346855 
-219.00684664826102 
-219.0068474201114 
-219.00684742032755 
-219.00684742038644 
-219.00684742038644 
-219.00684742038644 
-219.0068474203906 
-219.00684742038754 
-219.00684742038743 
-219.00684742038715 
-219.0068474203884 
-219.00684742038723 
-219.00684742038717 
-219.00684742038717 
-219.0068474203871 
-219.0068474203869 
-219.00684742038663 
-219.00684742038663 
-219.00684742038646 
-219.00684742038638 
-219.00684742038635 
-219.0068474203863 
-219.00684742038632 
-219.00684742038618 
-219.00684742038638 
-219.00684742038646 
-219.00684742038652 
-219.0068474203864 
-219.00684742038652 
-219.0068474203865 
-219.00684742038652 
-219.00684742038646 
-219.00684742038663 
-219.0068474203864 
-219.00684742038652 
-219.00684742038655 
-219.00684742038646 
-219.00684742038644 
-219.00684742038635 
-219.00684742038607 
-219.00684742038618 
-219.0068474203863 
-219.0068474203863 
-219.00684742038626 
-219.00684742038624 
-219.00684742038607 
-219.00684742038612 
-219.0068474203859 
-219.0068474203859 
-219.0068474203859 
-219.0068474203859 
-219.006847420386 
-219.0068474203859 
-219.00684742038584 
-219.0068474203859 
-219.00684742038587 
-219.00684742038578 
-219.0068474203856 
-219.0068474203857 
-219.00684742038572 
-219.00684742038567 
-219.0068474203856 
-219.00684742038564 
-219.00684742038564 
-219.0068474203856 
-219.0068474203856 
-219.00684742038567 
-219.00684742038558 
-219.0068474203854 
-219.00684742038533 
-219.00684742038527 
-219.00684742038533 
-219.0068474203852 
-219.0068474203852 
-219.0068474203851 
-219.00684742038513 
-219.00684742038516 
-219.00684742038504 
-219.00684742038504 
-219.00684742038496 
-219.00684742038493 
-219.00684742038496 
-219.00684742038516 
-219.00684742038513 
-219.00684742038493 
-219.00684742038493 
-219.0068474203848 
-219.00684742038467 
-219.00684742038482 
-219.00684742038464 
-219.00684742038487 
-219.00684742038476 
-219.0068474203848 
-219.00684742038476 
-219.00684742038484 
-219.00684742038504 
-219.006847420385 
-219.006847420385 
-219.00684742038493 
-219.00684742038493 
-219.00684742038501 
-219.00684742038518 
-219.0068474203852 
-219.00684742038513 
-219.00684742038504 
-219.00684742038496 
-219.00684742038484 
-219.00684742038487 
-219.00684742038493 
-219.00684742038493 
-219.00684742038501 
-219.00684742038527 
-219.00684742038527 
-219.00684742038553 
-219.00684742038553 
-219.00684742038572 
-219.00684742038587 
-219.00684742038578 
-219.00684742038578 
-219.00684742038572 
-219.00684742038567 
-219.0068474203857 
-219.00684742038575 
-219.00684742038555 
-219.00684742038558 
-219.0068474203855 
-219.00684742038555 
-219.00684742038564 
-219.00684742038567 
-219.0068474203856 
-219.00684742038572 
-219.00684742038567 
-219.00684742038572 
-219.0068474203858 
-219.0068474203859 
-219.00684742038607 
-219.00684742038595 
-219.00684742038595 
-219.00684742038595 
-219.00684742038595 
-219.00684742038572 
-219.00684742038598 
-219.0068474203859 
-219.00684742038578 
-219.00684742038595 
-219.0068474203859 
-219.00684742038598 
-219.00684742038612 
-219.0068474203862 
-219.0068474203859 
-219.00684742038612 
-219.00684742038607 
-219.0068474203861 
-219.00684742038607 
-219.00684742038626 
-219.00684742038624 
-219.0068474203863 
-219.00684742038615 
-219.00684742038618 
-219.00684742038618 
-219.00684742038612 
-219.00684742038607 
-219.00684742038618 
-219.0068474203862 
-219.00684742038612 
-219.00684742038618 
-219.0068474203862 
-219.00684742038632 
-219.00684742038655 
-219.00684742038658 
-219.0068474203863 
-219.00684742038626 
-219.00684742038626 
-219.00684742038644 
-219.00684742038652 
-219.00684742038658 
-219.0068474203866 
-219.0068474203868 
-219.00684742038686 
-219.00684742038683 
-219.00684742038672 
-219.00684742038678 
-219.00684742038658 
-219.00684742038663 
-219.00684742038683 
-219.00684742038692 
-219.00684742038686 
-219.00684742038675 
-219.0068474203868 
-219.00684742038675 
-219.00684742038672 
-219.00684742038663 
-219.00684742038646 
-219.00684742038658 
-219.00684742038763 
-219.00684742038658 
-219.00684742038675 
-219.00684742038703 
-219.00684742039024 
-219.00684742038635 
-219.0068474203862 
-219.00684742038626 
-219.00684742039013 
-219.0068474203869 
-219.00684742038646 
-219.00684742038632 
-219.00684742038743 
-219.0068474203863 
-219.0068474203863 
-219.0068474203864 
-219.00684742038644 
-219.0068474203864 
-219.00684742038663 
-219.00684742038652 
-219.00684742038658 
-219.00684742038663 
-219.00684742038652 
-219.0068474203865 
-219.00684742038638 
-219.0068474203865 
-219.0068474203866 
-219.00684742038663 
-219.00684742038672 
-219.0068474203865 
-219.00684742038632 
-219.00684742038635 
-219.00684742038626 
-219.00684742038612 
-219.00684742038604 
-219.006847420386 
-219.00684742038612 
-219.00684742038646 
-219.00684742038646 
-219.00684742038626 
-219.00684742038618 
-219.0068474203861 
-219.00684742038595 
-219.0068474203862 
-219.006847420386 
-219.006847420386 
-219.00684742038607 
-219.00684742038618 
-219.00684742038624 
-219.00684742038607 
-219.0068474203863 
-219.00684742038635 
-219.00684742038624 
-219.00684742038624 
-219.00684742038615 
-219.00684742038612 
-219.00684742038624 
-219.00684742038607 
-219.00684742038618 
-219.00684742038624 
-219.00684742038607 
-219.00684742038607 
-219.00684742038612 
-219.00684742038607 
-219.00684742038612 
-219.00684742038618 
-219.006847420386 
-219.00684742038607 
-219.00684742038612 
-219.00684742038612 
-219.00684742038618 
-219.00684742038624 
-219.00684742038618 
-219.00684742038598 
-219.00684742038578 
-219.00684742038584 
-219.0068474203859 
-219.00684742038592 
-219.0068474203859 
-219.00684742038584 
-219.00684742038578 
-219.00684742038578 
-219.0068474203859 
-219.006847420386 
-219.00684742038624 
-219.00684742038607 
-219.0068474203861 
-219.00684742038618 
-219.00684742038615 
-219.00684742038607 
-219.00684742038615 
-219.00684742038612 
-219.00684742038587 
-219.00684742038587 
-219.00684742038578 
-219.0068474203856 
-219.00684742038553 
-219.00684742038544 
-219.00684742038536 
-219.00684742038527 
-219.00684742038533 
-219.00684742038538 
-219.0068474203855 
-219.00684742038558 
-219.00684742038572 
-219.00684742038567 
-219.0068474203856 
-219.00684742038538 
-219.00684742038555 
-219.00684742038567 
-219.00684742038567 
-219.00684742038572 
-219.00684742038547 
-219.0068474203855 
-219.00684742038538 
-219.0068474203855 
-219.0068474203855 
-219.00684742038538 
-219.00684742038544 
-219.00684742038544 
-219.0068474203855 
-219.00684742038544 
-219.00684742038544 
-219.00684742038567 
-219.0068474203858 
-219.0068474203856 
-219.0068474203855 
-219.00684742038547 
-219.00684742038544 
-219.00684742038538 
-219.00684742038536 
-219.0068474203853 
-219.00684742038538 
-219.00684742038538 
-219.00684742038536 
-219.00684742038544 
-219.0068474203855 
-219.00684742038553 
-219.0068474203857 
-219.00684742038555 
-219.00684742038572 
-219.0068474203855 
-219.0068474203855 
-219.00684742038547 
-219.0068474203856 
-219.00684742038538 
-219.00684742038544 
-219.00684742038544 
-219.00684742038544 
-219.00684742038544 
-219.00684742038547 
-219.00684742038555 
-219.0068474203856 
-219.0068474203856 
-219.00684742038572 
-219.0068474203856 
-219.0068474203855 
-219.00684742038555 
-219.0068474203855 
-219.0068474203856 
-219.00684742038578 
-219.00684742038567 
-219.00684742038587 
-219.00684742038592 
-219.0068474203859 
-219.00684742038584 
-219.0068474203859 
-219.00684742038595 
-219.00684742038592 
-219.00684742038595 
-219.00684742038598 
-219.00684742038618 
-219.00684742038607 
-219.00684742038604 
-219.006847420386 
-219.00684742038598 
-219.00684742038587 
-219.006847420386 
-219.00684742038578 
-219.0068474203856 
-219.00684742038564 
-219.0068474203856 
-219.00684742038558 
-219.00684742038555 
-219.00684742038555 
-219.00684742038553 
-219.00684742038555 
-219.00684742038555 
-219.00684742038553 
-219.00684742038564 
-219.00684742038578 
-219.00684742038595 
-219.00684742038604 
-219.00684742038598 
-219.00684742038618 
-219.00684742038615 
-219.00684742038698 
-219.00684742038595 
-219.00684742038618 
-219.00684742038658 
-219.00684742038982 
-219.00684742038564 
-219.00684742038553 
-219.0068474203855 
-219.00684742038962 
-219.0068474203863 
-219.006847420386 
-219.00684742038584 
-219.00684742038658 
-219.00684742038553 
-219.00684742038544 
-219.00684742038544 
-219.00684742038555 
-219.00684742038544 
-219.0068474203855 
-219.00684742038544 
-219.00684742038555 
-219.00684742038544 
-219.0068474203855 
-219.00684742038555 
-219.00684742038558 
-219.00684742038572 
-219.00684742038553 
-219.00684742038578 
-219.00684742038584 
-219.00684742038578 
-219.00684742038584 
-219.006847420386 
-219.00684742038595 
-219.00684742038618 
-219.00684742038615 
-219.00684742038615 
-219.00684742038626 
-219.00684742038632 
-219.00684742038652 
-219.00684742038675 
-219.0068474203867 
-219.00684742038675 
-219.00684742038663 
-219.00684742038686 
-219.00684742038678 
-219.00684742038692 
-219.0068474203869 
-219.00684742038692 
-219.00684742038706 
-219.00684742038706 
-219.00684742038698 
-219.00684742038692 
-219.00684742038698 
-219.00684742038695 
-219.00684742038703 
-219.00684742038692 
-219.00684742038692 
-219.00684742038703 
-219.0068474203871 
-219.0068474203871 
-219.00684742038717 
-219.0068474203871 
-219.0068474203869 
-219.0068474203868 
-219.0068474203868 
-219.00684742038675 
-219.00684742038678 
-219.0068474203867 
-219.00684742038663 
-219.00684742038666 
-219.0068474203867 
-219.00684742038663 
-219.00684742038675 
-219.00684742038663 
-219.00684742038652 
-219.00684742038658 
-219.00684742038652 
-219.0068474203866 
-219.0068474203865 
-219.00684742038655 
-219.0068474203866 
-219.00684742038658 
-219.00684742038663 
-219.0068474203867 
-219.0068474203867 
-219.00684742038683 
-219.0068474203867 
-219.0068474203868 
-219.00684742038675 
-219.0068474203867 
-219.00684742038675 
-219.00684742038675 
-219.0068474203869 
-219.00684742038692 
-219.00684742038703 
-219.00684742038695 
-219.00684742038672 
-219.00684742038675 
-219.0068474203867 
-219.00684742038678 
-219.00684742038703 
-219.00684742038692 
-219.00684742038712 
-219.00684742038698 
-219.00684742038703 
-219.00684742038698 
-219.0068474203871 
-219.0068474203871 
-219.00684742038726 
-219.00684742038726 
-219.00684742038746 
-219.00684742038752 
-219.00684742038726 
-219.00684742038732 
-219.00684742038734 
-219.0068474203874 
-219.00684742038737 
-219.00684742038737 
-219.00684742038732 
-219.00684742038726 
-219.00684742038712 
-219.00684742038706 
-219.0068474203873 
-219.00684742038732 
-219.00684742038732 
-219.00684742038743 
-219.00684742038757 
-219.00684742038774 
-219.0068474203876 
-219.00684742038771 
-219.00684742038771 
-219.0068474203876 
-219.00684742038774 
-219.00684742038777 
-219.0068474203879 
-219.00684742038777 
-219.00684742038783 
-219.006847420388 
-219.00684742038803 
-219.0068474203881 
-219.00684742038823 
-219.0068474203881 
-219.006847420388 
-219.0068474203879 
-219.00684742038803 
-219.00684742038803 
-219.00684742038803 
-219.00684742038794 
-219.00684742038797 
-219.00684742038783 
-219.00684742038806 
-219.0068474203882 
-219.0068474203881 
-219.0068474203881 
-219.0068474203884 
-219.00684742038862 
-219.00684742038868 
-219.0068474203886 
-219.00684742038857 
-219.0068474203885 
-219.00684742038857 
-219.00684742038862 
-219.0068474203888 
-219.0068474203888 
-219.00684742038888 
-219.0068474203891 
-219.0068474203891 
-219.00684742038914 
-219.00684742038922 
-219.00684742038925 
-219.00684742038925 
-219.0068474203891 
-219.00684742038925 
-219.00684742038914 
-219.00684742038908 
-219.0068474203891 
-219.00684742038908 
-219.00684742038905 
-219.0068474203892 
-219.00684742038936 
-219.00684742038953 
-219.00684742038965 
-219.00684742038973 
-219.00684742038993 
-219.0068474203901 
-219.0068474203901 
-219.00684742038993 
-219.00684742038993 
-219.0068474203901 
-219.00684742039 
-219.00684742038996 
-219.00684742038987 
-219.00684742038987 
-219.00684742038982 
-219.00684742038985 
-219.00684742038982 
-219.00684742039076 
-219.0068474203898 
-219.00684742038985 
-219.00684742039022 
-219.0068474203936 
-219.00684742038973 
-219.00684742038996 
-219.00684742038985 
-219.00684742039377 
-219.00684742039033 
-219.0068474203899 
-219.00684742038982 
-219.00684742039084 
-219.00684742038993 
-219.00684742039 
-219.00684742039016 
-219.00684742039005 
-219.0068474203901 
-219.00684742039024 
-219.00684742039027 
-219.0068474203903 
-219.00684742039033 
-219.0068474203901 
-219.00684742039022 
-219.0068474203903 
-219.00684742039033 
-219.0068474203901 
-219.00684742038993 
-219.00684742038987 
-219.00684742038965 
-219.00684742038953 
-219.00684742038942 
-219.00684742038936 
-219.0068474203894 
-219.00684742038953 
-219.0068474203895 
-219.00684742038956 
-219.0068474203895 
-219.00684742038965 
-219.00684742038973 
-219.00684742038965 
-219.0068474203895 
-219.00684742038965 
-219.0068474203897 
-219.00684742038928 
-219.00684742038914 
-219.00684742038908 
-219.00684742038914 
-219.0068474203889 
-219.00684742038885 
-219.0068474203888 
-219.00684742038885 
-219.00684742038885 
-219.00684742038885 
-219.00684742038874 
-219.00684742038845 
-219.0068474203884 
-219.0068474203883 
-219.00684742038828 
-219.00684742038808 
-219.00684742038814 
-219.00684742038828 
-219.00684742038817 
-219.00684742038814 
-219.00684742038817 
-219.0068474203881 
-219.00684742038823 
-219.00684742038834 
-219.00684742038845 
-219.00684742038834 
-219.00684742038825 
-219.00684742038817 
-219.006847420388 
-219.00684742038803 
-219.0068474203882 
-219.00684742038797 
-219.0068474203879 
-219.00684742038783 
-219.00684742038783 
-219.00684742038794 
-219.0068474203879 
-219.006847420388 
-219.00684742038788 
-219.00684742038754 
-219.00684742038754 
-219.00684742038746 
-219.0068474203874 
-219.00684742038732 
-219.0068474203873 
-219.00684742038737 
-219.0068474203876 
-219.00684742038766 
-219.00684742038763 
-219.00684742038766 
-219.00684742038752 
-219.00684742038754 
-219.00684742038763 
-219.0068474203876 
-219.0068474203876 
-219.00684742038737 
-219.00684742038743 
-219.00684742038732 
-219.00684742038715 
-219.00684742038717 
-219.00684742038703 
-219.0068474203871 
-219.00684742038726 
-219.00684742038703 
-219.0068474203871 
-219.00684742038698 
-219.00684742038686 
-219.00684742038675 
-219.0068474203868 
-219.00684742038692 
-219.00684742038692 
-219.00684742038692 
-219.00684742038678 
-219.00684742038663 
-219.0068474203868 
-219.00684742038672 
-219.0068474203868 
-219.00684742038692 
-219.00684742038666 
-219.0068474203867 
-219.00684742038655 
-219.00684742038658 
-219.0068474203865 
-219.00684742038652 
-219.00684742038652 
-219.0068474203866 
-219.00684742038652 
-219.00684742038658 
-219.00684742038663 
-219.00684742038675 
-219.00684742038675 
-219.00684742038686 
-219.00684742038683 
-219.00684742038672 
-219.0068474203868 
-219.0068474203867 
-219.00684742038683 
-219.00684742038686 
-219.00684742038698 
-219.00684742038695 
-219.0068474203871 
-219.0068474203871 
-219.0068474203871 
-219.0068474203873 
-219.00684742038743 
-219.00684742038732 
-219.0068474203873 
-219.0068474203872 
-219.0068474203872 
-219.00684742038715 
-219.00684742038726 
-219.0068474203872 
-219.00684742038723 
-219.00684742038715 
-219.00684742038715 
-219.00684742038715 
-219.00684742038726 
-219.00684742038717 
-219.0068474203872 
-219.00684742038698 
-219.00684742038698 
-219.00684742038698 
-219.00684742038692 
-219.00684742038695 
-219.00684742038695 
-219.00684742038692 
-219.00684742038675 
-219.00684742038652 
-219.0068474203863 
-219.00684742038638 
-219.00684742038638 
-219.00684742038652 
-219.00684742038624 
-219.00684742038626 
-219.00684742038618 
-219.00684742038615 
-219.00684742038612 
-219.00684742038595 
-219.00684742038575 
-219.0068474203859 
-219.00684742038584 
-219.0068474203859 
-219.0068474203859 
-219.00684742038578 
-219.00684742038595 
-219.00684742038587 
-219.0068474203858 
-219.0068474203858 
-219.0068474203859 
-219.0068474203858 
-219.00684742038584 
-219.00684742038592 
-219.0068474203871 
-219.00684742038624 
-219.00684742038652 
-219.00684742038686 
-219.0068474203902 
-219.0068474203861 
-219.00684742038607 
-219.00684742038626 
-219.00684742039041 
-219.00684742038715 
-219.0068474203867 
-219.00684742038646 
-219.00684742038743 
-219.00684742038666 
-219.0068474203865 
-219.00684742038652 
-219.0068474203865 
-219.00684742038658 
-219.00684742038644 
-219.00684742038663 
-219.00684742038646 
-219.0068474203865 
-219.00684742038635 
-219.0068474203865 
-219.00684742038658 
-219.00684742038675 
-219.00684742038692 
-219.00684742038698 
-219.00684742038698 
-219.0068474203868 
-219.00684742038698 
-219.00684742038686 
-219.0068474203868 
-219.00684742038675 
-219.00684742038692 
-219.00684742038686 
-219.00684742038686 
-219.0068474203867 
-219.006847420387 
-219.0068474203871 
-219.006847420387 
-219.0068474203872 
-219.00684742038698 
-219.00684742038703 
-219.00684742038706 
-219.00684742038717 
-219.00684742038706 
-219.0068474203871 
-219.00684742038732 
-219.00684742038717 
-219.00684742038715 
-219.00684742038726 
-219.0068474203874 
-219.00684742038726 
-219.0068474203872 
-219.00684742038743 
-219.00684742038726 
-219.00684742038715 
-219.00684742038715 
-219.00684742038698 
-219.00684742038717 
-219.00684742038726 
-219.0068474203872 
-219.00684742038734 
-219.0068474203873 
-219.00684742038726 
-219.00684742038723 
-219.0068474203873 
-219.0068474203874 
-219.0068474203875 
-219.00684742038771 
-219.00684742038754 
-219.0068474203876 
-219.00684742038774 
-219.0068474203879 
-219.0068474203879 
-219.00684742038788 
-219.00684742038783 
-219.00684742038794 
-219.0068474203879 
-219.0068474203879 
-219.0068474203879 
-219.006847420388 
-219.0068474203882 
-219.00684742038814 
-219.00684742038794 
-219.00684742038803 
-219.00684742038834 
-219.00684742038834 
-219.00684742038834 
-219.00684742038834 
-219.0068474203885 
-219.00684742038843 
-219.0068474203883 
-219.00684742038823 
-219.00684742038817 
-219.00684742038806 
-219.00684742038825 
-219.0068474203881 
-219.00684742038828 
-219.00684742038825 
-219.0068474203884 
-219.00684742038845 
-219.00684742038817 
-219.00684742038814 
-219.00684742038817 
-219.00684742038806 
-219.00684742038806 
-219.00684742038817 
-219.00684742038823 
-219.00684742038845 
-219.00684742038834 
-219.00684742038854 
-219.00684742038843 
-219.00684742038862 
-219.0068474203885 
-219.00684742038868 
-219.0068474203888 
-219.00684742038862 
-219.00684742038874 
-219.006847420389 
-219.00684742038908 
-219.00684742038897 
-219.006847420389 
-219.00684742038888 
-219.00684742038897 
-219.00684742038902 
-219.00684742038908 
-219.0068474203892 
-219.00684742038908 
-219.0068474203893 
-219.00684742038914 
-219.00684742038905 
-219.00684742038914 
-219.0068474203893 
-219.00684742038914 
-219.00684742038908 
-219.0068474203892 
-219.00684742038933 
-219.0068474203894 
-219.00684742038948 
-219.00684742038962 
-219.00684742038945 
-219.0068474203894 
-219.00684742038925 
-219.00684742038914 
-219.00684742038914 
-219.00684742038925 
-219.0068474203892 
-219.0068474203892 
-219.00684742038916 
-219.00684742038914 
-219.00684742038897 
-219.00684742038902 
-219.0068474203889 
-219.00684742038897 
-219.0068474203891 
-219.006847420389 
-219.00684742038885 
-219.00684742038902 
-219.00684742038897 
-219.0068474203889 
-219.00684742038897 
-219.00684742038905 
-219.0068474203892 
-219.00684742038933 
-219.00684742038928 
-219.0068474203893 
-219.0068474203896 
-219.0068474203896 
-219.0068474203896 
-219.0068474203895 
-219.0068474203894 
-219.00684742038942 
-219.0068474203893 
-219.00684742038925 
-219.00684742038945 
-219.0068474203893 
-219.0068474203894 
-219.0068474203893 
-219.00684742038925 
-219.0068474203892 
-219.00684742038914 
-219.00684742038916 
-219.00684742038922 
-219.00684742038936 
-219.0068474203893 
-219.00684742038956 
-219.00684742038953 
-219.00684742038962 
-219.0068474203896 
-219.0068474203896 
-219.0068474203898 
-219.00684742038996 
-219.00684742038996 
-219.00684742039 
-219.00684742039113 
-219.00684742039027 
-219.00684742039044 
-219.00684742039084 
-219.00684742039422 
-219.00684742039022 
-219.00684742039013 
-219.00684742039016 
-219.00684742039405 
-219.00684742039098 
-219.00684742039073 
-219.0068474203905 
-219.00684742039135 
-219.00684742039033 
-219.0068474203902 
-219.00684742039016 
-219.00684742039005 
-219.0068474203899 
-219.00684742038976 
-219.00684742038973 
-219.00684742038976 
-219.0068474203897 
-219.00684742038962 
-219.00684742038965 
-219.0068474203894 
-219.0068474203893 
-219.0068474203892 
-219.00684742038925 
-219.00684742038936 
-219.0068474203893 
-219.00684742038945 
-219.00684742038928 
-219.00684742038945 
-219.0068474203893 
-219.00684742038936 
-219.00684742038942 
-219.00684742038948 
-219.00684742038936 
-219.00684742038936 
-219.0068474203894 
-219.0068474203894 
-219.00684742038928 
-219.0068474203891 
-219.00684742038916 
-219.00684742038902 
-219.00684742038885 
-219.0068474203888 
-219.0068474203888 
-219.0068474203888 
-219.0068474203888 
-219.0068474203888 
-219.00684742038888 
-219.00684742038897 
-219.00684742038897 
-219.0068474203888 
-219.00684742038897 
-219.0068474203889 
-219.00684742038902 
-219.0068474203892 
-219.00684742038908 
-219.00684742038908 
-219.00684742038902 
-219.00684742038902 
-219.0068474203892 
-219.00684742038922 
-219.0068474203893 
-219.00684742038936 
-219.00684742038953 
-219.00684742038936 
-219.0068474203894 
-219.00684742038925 
-219.0068474203893 
-219.00684742038914 
-219.00684742038908 
-219.00684742038916 
-219.006847420389 
-219.00684742038902 
-219.00684742038908 
-219.00684742038914 
-219.0068474203892 
-219.0068474203892 
-219.006847420389 
-219.00684742038902 
-219.00684742038902 
-219.00684742038897 
-219.00684742038882 
-219.00684742038888 
-219.00684742038908 
-219.00684742038902 
-219.00684742038868 
-219.00684742038862 
-219.00684742038857 
-219.00684742038868 
-219.0068474203886 
-219.0068474203887 
-219.0068474203885 
-219.00684742038868 
-219.00684742038845 
-219.0068474203885 
-219.00684742038828 
-219.0068474203884 
-219.00684742038823 
-219.00684742038837 
-219.0068474203882 
-219.0068474203884 
-219.00684742038817 
-219.00684742038857 
-219.00684742038845 
-219.00684742038843 
-219.00684742038834 
-219.00684742038823 
-219.00684742038828 
-219.00684742038828 
-219.00684742038828 
-219.00684742038834 
-219.00684742038857 
-219.0068474203887 
-219.0068474203886 
-219.00684742038857 
-219.00684742038854 
-219.00684742038845 
-219.00684742038837 
-219.00684742038823 
-219.00684742038806 
-219.00684742038823 
-219.0068474203882 
-219.0068474203881 
-219.00684742038797 
-219.006847420388 
-219.006847420388 
-219.00684742038817 
-219.00684742038794 
-219.00684742038788 
-219.00684742038794 
-219.0068474203879 
-219.00684742038777 
-219.00684742038746 
-219.00684742038752 
-219.0068474203876 
-219.00684742038737 
-219.00684742038723 
-219.00684742038715 
-219.0068474203872 
-219.0068474203871 
-219.00684742038715 
-219.0068474203872 
-219.00684742038703 
-219.006847420387 
-219.006847420387 
-219.00684742038695 
-219.00684742038698 
-219.00684742038695 
-219.0068474203872 
-219.00684742038732 
-219.00684742038698 
-219.00684742038717 
-219.00684742038723 
-219.0068474203872 
-219.00684742038717 
-219.00684742038712 
-219.00684742038732 
-219.00684742038712 
-219.00684742038698 
-219.00684742038717 
-219.00684742038706 
-219.0068474203871 
-219.00684742038712 
-219.0068474203872 
-219.00684742038706 
-219.00684742038706 
-219.00684742038703 
-219.00684742038675 
-219.00684742038698 
-219.006847420387 
-219.00684742038692 
-219.00684742038686 
-219.00684742038692 
-219.00684742038695 
-219.00684742038686 
-219.0068474203869 
-219.00684742038698 
-219.00684742038698 
-219.00684742038698 
-219.00684742038686 
-219.00684742038663 
-219.00684742038658 
-219.00684742038646 
-219.00684742038646 
-219.00684742038655 
-219.00684742038663 
-219.0068474203867 
-219.0068474203867 
-219.00684742038672 
-219.00684742038675 
-219.00684742038675 
-219.00684742038675 
-219.00684742038754 
-219.00684742038658 
-219.0068474203867 
-219.0068474203871 
-219.0068474203903 
-219.00684742038615 
-219.00684742038604 
-219.00684742038604 
-219.00684742039007 
-219.0068474203868 
-219.00684742038663 
-219.00684742038646 
-219.0068474203875 
-219.00684742038675 
-219.00684742038658 
-219.00684742038655 
-219.00684742038658 
-219.00684742038646 
-219.00684742038663 
-219.00684742038655 
-219.00684742038663 
-219.0068474203865 
-219.00684742038635 
-219.00684742038632 
-219.00684742038652 
-219.0068474203866 
-219.00684742038655 
-219.00684742038672 
-219.00684742038692 
-219.00684742038675 
-219.00684742038666 
-219.00684742038663 
-219.00684742038666 
-219.0068474203868 
-219.00684742038663 
-219.00684742038658 
-219.00684742038675 
-219.00684742038675 
-219.00684742038658 
-219.00684742038655 
-219.0068474203866 
-219.0068474203865 
-219.0068474203863 
-219.00684742038644 
-219.0068474203865 
-219.0068474203864 
-219.0068474203863 
-219.0068474203865 
-219.00684742038635 
-219.0068474203863 
-219.00684742038615 
-219.00684742038615 
-219.0068474203862 
-219.00684742038615 
-219.00684742038607 
-219.00684742038607 
-219.00684742038618 
-219.00684742038612 
-219.00684742038618 
-219.0068474203862 
-219.0068474203864 
-219.0068474203864 
-219.00684742038646 
-219.0068474203863 
-219.00684742038612 
-219.00684742038635 
-219.00684742038638 
-219.0068474203866 
-219.00684742038658 
-219.00684742038652 
-219.00684742038658 
-219.00684742038652 
-219.00684742038658 
-219.00684742038658 
-219.0068474203867 
-219.0068474203867 
-219.00684742038666 
-219.00684742038658 
-219.0068474203867 
-219.00684742038692 
-219.00684742038678 
-219.00684742038686 
-219.00684742038678 
-219.00684742038683 
-219.0068474203871 
-219.00684742038715 
-219.00684742038712 
-219.006847420387 
-219.006847420387 
-219.0068474203872 
-219.0068474203874 
-219.00684742038746 
-219.00684742038752 
-219.00684742038743 
-219.00684742038743 
-219.00684742038746 
-219.00684742038743 
-219.00684742038763 
-219.0068474203879 
-219.0068474203879 
-219.00684742038783 
-219.0068474203878 
-219.00684742038774 
-219.0068474203875 
-219.00684742038766 
-219.00684742038771 
-219.00684742038777 
-219.00684742038794 
-219.00684742038783 
-219.00684742038777 
-219.00684742038771 
-219.00684742038771 
-219.0068474203879 
-219.0068474203878 
-219.00684742038774 
-219.0068474203877 
-219.0068474203878 
-219.00684742038754 
-219.00684742038777 
-219.00684742038774 
-219.00684742038794 
-219.00684742038794 
-219.00684742038794 
-219.00684742038777 
-219.00684742038777 
-219.00684742038777 
-219.00684742038774 
-219.0068474203877 
-219.00684742038766 
-219.00684742038777 
-219.0068474203876 
-219.0068474203877 
-219.0068474203876 
-219.0068474203875 
-219.0068474203875 
-219.00684742038754 
-219.00684742038788 
-219.0068474203879 
-219.00684742038788 
-219.00684742038806 
-219.006847420388 
-219.00684742038794 
-219.00684742038806 
-219.0068474203881 
-219.00684742038837 
-219.00684742038834 
-219.00684742038834 
-219.00684742038814 
-219.00684742038843 
-219.0068474203883 
-219.0068474203884 
-219.00684742038848 
-219.00684742038834 
-219.00684742038834 
-219.00684742038823 
-219.0068474203886 
-219.00684742038854 
-219.00684742038845 
-219.00684742038854 
-219.00684742038837 
-219.00684742038862 
-219.0068474203888 
-219.00684742038862 
-219.00684742038854 
-219.00684742038845 
-219.00684742038845 
-219.00684742038862 
-219.00684742038854 
-219.00684742038848 
-219.00684742038843 
-219.00684742038837 
-219.00684742038845 
-219.00684742038845 
-219.00684742038857 
-219.00684742038857 
-219.0068474203886 
-219.00684742038854 
-219.0068474203884 
-219.00684742038845 
-219.00684742038848 
-219.0068474203885 
-219.00684742038848 
-219.00684742038862 
-219.00684742038868 
-219.00684742038885 
-219.00684742038908 
-219.00684742038914 
-219.00684742038936 
-219.00684742038933 
-219.00684742038945 
-219.00684742038953 
-219.00684742038976 
-219.0068474203898 
-219.00684742038985 
-219.00684742039005 
-219.0068474203901 
-219.00684742039095 
-219.00684742039007 
-219.00684742039022 
-219.00684742039056 
-219.00684742039365 
-219.0068474203899 
-219.00684742038976 
-219.00684742038973 
-219.0068474203936 
-219.00684742039022 
-219.00684742038987 
-219.00684742038982 
-219.00684742039056 
-219.00684742038976 
-219.0068474203896 
-219.00684742038948 
-219.00684742038948 
-219.00684742038933 
-219.0068474203892 
-219.00684742038902 
-219.00684742038885 
-219.00684742038885 
-219.00684742038868 
-219.00684742038868 
-219.00684742038845 
-219.00684742038825 
-219.00684742038828 
-219.0068474203881 
-219.00684742038817 
-219.00684742038817 
-219.00684742038823 
-219.00684742038823 
-219.00684742038828 
-219.00684742038834 
-219.00684742038823 
-219.00684742038828 
-219.0068474203882 
-219.00684742038823 
-219.00684742038817 
-219.00684742038823 
-219.00684742038817 
-219.00684742038845 
-219.00684742038845 
-219.00684742038834 
-219.00684742038817 
-219.0068474203885 
-219.00684742038848 
-219.0068474203886 
-219.00684742038843 
-219.00684742038823 
-219.0068474203883 
-219.0068474203881 
-219.00684742038823 
-219.00684742038823 
-219.00684742038806 
-219.00684742038806 
-219.00684742038808 
-219.00684742038817 
-219.00684742038806 
-219.00684742038803 
-219.00684742038806 
-219.0068474203878 
-219.00684742038794 
-219.00684742038777 
-219.00684742038806 
-219.00684742038783 
-219.00684742038763 
-219.0068474203876 
-219.00684742038774 
-219.00684742038771 
-219.00684742038757 
-219.0068474203876 
-219.00684742038757 
-219.00684742038737 
-219.00684742038734 
-219.00684742038723 
-219.00684742038732 
-219.00684742038746 
-219.00684742038732 
-219.00684742038752 
-219.0068474203875 
-219.00684742038743 
-219.0068474203875 
-219.00684742038734 
-219.0068474203875 
-219.00684742038743 
-219.00684742038763 
-219.0068474203877 
-219.00684742038771 
-219.00684742038737 
-219.00684742038726 
-219.00684742038726 
-219.0068474203873 
-219.00684742038723 
-219.00684742038734 
-219.00684742038732 
-219.0068474203875 
-219.00684742038726 
-219.00684742038726 
-219.0068474203873 
-219.00684742038737 
-219.00684742038746 
-219.00684742038732 
-219.00684742038732 
-219.00684742038717 
-219.00684742038703 
-219.0068474203872 
-219.00684742038723 
-219.00684742038737 
-219.00684742038737 
-219.00684742038743 
-219.0068474203871 
-219.00684742038692 
-219.00684742038695 
-219.00684742038698 
-219.00684742038695 
-219.00684742038692 
-219.00684742038692 
-219.0068474203868 
-219.00684742038678 
-219.00684742038652 
-219.00684742038658 
-219.0068474203867 
-219.00684742038655 
-219.00684742038652 
-219.00684742038646 
-219.0068474203863 
-219.0068474203864 
-219.00684742038638 
-219.0068474203864 
-219.00684742038635 
-219.00684742038612 
-219.00684742038624 
-219.00684742038615 
-219.00684742038612 
-219.00684742038615 
-219.00684742038624 
-219.00684742038618 
-219.00684742038607 
-219.00684742038595 
-219.006847420386 
-219.00684742038607 
-219.00684742038607 
-219.00684742038592 
-219.00684742038575 
-219.00684742038584 
-219.00684742038598 
-219.00684742038592 
-219.00684742038584 
-219.0068474203856 
-219.0068474203856 
-219.00684742038572 
-219.00684742038578 
-219.00684742038555 
-219.0068474203856 
-219.00684742038558 
-219.00684742038578 
-219.00684742038555 
-219.00684742038572 
-219.00684742038572 
-219.00684742038567 
-219.0068474203857 
-219.0068474203856 
-219.00684742038564 
-219.00684742038567 
-219.0068474203856 
-219.0068474203855 
-219.0068474203856 
-219.00684742038587 
-219.00684742038572 
-219.0068474203859 
-219.006847420386 
-219.006847420386 
-219.00684742038584 
-219.00684742038584 
-219.006847420386 
-219.0068474203859 
-219.00684742038595 
-219.006847420386 
-219.00684742038598 
-219.00684742038618 
-219.00684742038595 
-219.0068474203857 
-219.00684742038584 
-219.00684742038567 
-219.0068474203856 
-219.0068474203856 
-219.00684742038578 
-219.00684742038578 
-219.00684742038575 
-219.00684742038584 
-219.0068474203857 
-219.00684742038572 
-219.00684742038572 
-219.0068474203858 
-219.00684742038587 
-219.00684742038675 
-219.00684742038555 
-219.00684742038595 
-219.00684742038618 
-219.00684742038933 
-219.00684742038524 
-219.0068474203853 
-219.00684742038547 
-219.00684742038948 
-219.00684742038618 
-219.0068474203859 
-219.0068474203855 
-219.00684742038652 
-219.00684742038575 
-219.00684742038578 
-219.00684742038572 
-219.00684742038575 
-219.0068474203857 
-219.0068474203859 
-219.00684742038595 
-219.0068474203859 
-219.00684742038595 
-219.006847420386 
-219.00684742038595 
-219.00684742038584 
-219.00684742038572 
-219.00684742038578 
-219.00684742038592 
-219.00684742038598 
-219.00684742038607 
-219.00684742038595 
-219.00684742038572 
-219.00684742038572 
-219.00684742038567 
-219.00684742038572 
-219.00684742038567 
-219.00684742038567 
-219.00684742038572 
-219.00684742038575 
-219.00684742038564 
-219.00684742038567 
-219.00684742038564 
-219.00684742038544 
-219.0068474203856 
-219.00684742038567 
-219.00684742038575 
-219.00684742038578 
-219.00684742038564 
-219.0068474203858 
-219.00684742038584 
-219.00684742038584 
-219.00684742038587 
-219.0068474203859 
-219.00684742038572 
-219.0068474203856 
-219.00684742038584 
-219.00684742038595 
-219.00684742038607 
-219.00684742038618 
-219.00684742038607 
-219.00684742038607 
-219.00684742038618 
-219.00684742038607 
-219.006847420386 
-219.006847420386 
-219.0068474203861 
-219.0068474203862 
-219.00684742038624 
-219.00684742038624 
-219.0068474203862 
-219.00684742038626 
-219.0068474203863 
-219.00684742038624 
-219.0068474203861 
-219.0068474203863 
-219.00684742038635 
-219.00684742038618 
-219.00684742038615 
-219.0068474203861 
-219.00684742038607 
-219.00684742038584 
-219.00684742038595 
-219.0068474203859 
-219.0068474203858 
-219.00684742038578 
-219.00684742038575 
-219.0068474203856 
-219.00684742038553 
-219.00684742038572 
-219.0068474203856 
-219.00684742038567 
-219.00684742038558 
-219.00684742038595 
-219.00684742038607 
-219.00684742038607 
-219.006847420386 
-219.006847420386 
-219.00684742038632 
-219.00684742038638 
-219.00684742038646 
-219.00684742038635 
-219.0068474203863 
-219.00684742038624 
-219.00684742038626 
-219.00684742038618 
-219.00684742038612 
-219.00684742038626 
-219.00684742038598 
-219.00684742038612 
-219.00684742038604 
-219.00684742038615 
-219.00684742038607 
-219.00684742038612 
-219.00684742038618 
-219.00684742038612 
-219.00684742038624 
-219.00684742038646 
-219.00684742038646 
-219.00684742038658 
-219.0068474203864 
-219.00684742038644 
-219.00684742038632 
-219.0068474203864 
-219.00684742038652 
-219.00684742038652 
-219.00684742038646 
-219.0068474203864 
-219.00684742038624 
-219.0068474203863 
-219.00684742038635 
-219.00684742038624 
-219.00684742038618 
-219.0068474203863 
-219.0068474203861 
-219.00684742038624 
-219.0068474203864 
-219.0068474203863 
-219.00684742038624 
-219.0068474203862 
-219.00684742038612 
-219.006847420386 
-219.00684742038592 
-219.00684742038607 
-219.006847420386 
-219.00684742038607 
-219.00684742038595 
-219.0068474203859 
-219.00684742038578 
-219.00684742038567 
-219.00684742038572 
-219.00684742038584 
-219.0068474203859 
-219.00684742038578 
-219.00684742038604 
-219.0068474203861 
-219.0068474203863 
-219.0068474203863 
-219.00684742038638 
-219.00684742038635 
-219.0068474203863 
-219.0068474203864 
-219.0068474203864 
-219.00684742038652 
-219.00684742038652 
-219.00684742038644 
-219.00684742038652 
-219.00684742038655 
-219.00684742038658 
-219.00684742038646 
-219.00684742038646 
-219.00684742038652 
-219.00684742038624 
-219.00684742038646 
-219.0068474203864 
-219.00684742038666 
-219.0068474203866 
-219.00684742038646 
-219.00684742038652 
-219.00684742038652 
-219.00684742038652 
-219.00684742038663 
-219.00684742038675 
-219.0068474203865 
-219.0068474203864 
-219.00684742038652 
-219.00684742038626 
-219.0068474203863 
-219.00684742038632 
-219.0068474203865 
-219.00684742038675 
-219.0068474203867 
-219.0068474203867 
-219.00684742038652 
-219.00684742038652 
-219.0068474203866 
-219.0068474203868 
-219.0068474203876 
-219.00684742038672 
-219.0068474203868 
-219.0068474203871 
-219.00684742039044 
-219.0068474203865 
-219.00684742038675 
-219.00684742038663 
-219.00684742039053 
-219.00684742038717 
-219.00684742038686 
-219.00684742038666 
-219.00684742038766 
-219.00684742038675 
-219.0068474203867 
-219.0068474203867 
-219.00684742038658 
-219.00684742038675 
-219.00684742038678 
-219.00684742038683 
-219.00684742038666 
-219.0068474203864 
-219.00684742038624 
-219.00684742038632 
-219.0068474203863 
-219.0068474203864 
-219.00684742038646 
-219.0068474203867 
-219.0068474203867 
-219.0068474203864 
-219.0068474203863 
-219.00684742038638 
-219.00684742038638 
-219.00684742038652 
-219.00684742038652 
-219.0068474203863 
-219.00684742038635 
-219.0068474203861 
-219.00684742038632 
-219.00684742038638 
-219.0068474203863 
-219.00684742038635 
-219.00684742038638 
-219.00684742038646 
-219.00684742038635 
-219.00684742038644 
-219.00684742038632 
-219.00684742038632 
-219.00684742038638 
-219.00684742038626 
-219.00684742038624 
-219.0068474203864 
-219.00684742038618 
-219.00684742038607 
-219.00684742038595 
-219.0068474203858 
-219.00684742038572 
-219.0068474203859 
-219.00684742038572 
-219.00684742038572 
-219.00684742038578 
-219.0068474203857 
-219.00684742038584 
-219.00684742038587 
-219.0068474203859 
-219.006847420386 
-219.006847420386 
-219.00684742038592 
-219.00684742038592 
-219.00684742038612 
-219.00684742038612 
-219.00684742038612 
-219.0068474203862 
-219.0068474203864 
-219.00684742038626 
-219.00684742038612 
-219.0068474203861 
-219.00684742038612 
-219.00684742038604 
-219.00684742038607 
-219.006847420386 
-219.00684742038607 
-219.00684742038626 
-219.0068474203863 
-219.00684742038644 
-219.00684742038652 
-219.00684742038646 
-219.00684742038632 
-219.00684742038646 
-219.00684742038624 
-219.00684742038655 
-219.00684742038644 
-219.00684742038635 
-219.00684742038626 
-219.0068474203863 
-219.00684742038624 
-219.00684742038612 
-219.00684742038607 
-219.00684742038618 
-219.00684742038612 
-219.00684742038607 
-219.00684742038618 
-219.00684742038618 
-219.00684742038624 
-219.00684742038632 
-219.00684742038638 
-219.0068474203863 
-219.00684742038638 
-219.00684742038635 
-219.00684742038638 
-219.00684742038635 
-219.0068474203864 
-219.0068474203861 
-219.00684742038607 
-219.00684742038598 
-219.0068474203861 
-219.00684742038604 
-219.0068474203856 
-219.00684742038567 
-219.0068474203858 
-219.00684742038595 
-219.00684742038572 
-219.0068474203858 
-219.00684742038584 
-219.00684742038598 
-219.00684742038604 
-219.00684742038595 
-219.0068474203861 
-219.00684742038595 
-219.00684742038618 
-219.0068474203863 
-219.00684742038624 
-219.0068474203863 
-219.00684742038658 
-219.00684742038652 
-219.00684742038615 
-219.00684742038635 
-219.00684742038646 
-219.0068474203864 
-219.00684742038652 
-219.00684742038646 
-219.00684742038635 
-219.00684742038635 
-219.00684742038626 
-219.00684742038618 
-219.00684742038644 
-219.00684742038638 
-219.00684742038638 
-219.00684742038635 
-219.00684742038635 
-219.0068474203864 
-219.00684742038626 
-219.00684742038607 
-219.006847420386 
-219.0068474203859 
-219.00684742038598 
-219.00684742038612 
-219.00684742038607 
-219.00684742038615 
-219.0068474203861 
-219.00684742038612 
-219.006847420386 
-219.00684742038604 
-219.00684742038612 
-219.006847420386 
-219.00684742038598 
-219.00684742038587 
-219.00684742038584 
-219.0068474203859 
-219.00684742038595 
-219.00684742038598 
-219.00684742038604 
-219.00684742038592 
-219.006847420386 
-219.0068474203861 
-219.006847420386 
-219.00684742038592 
-219.00684742038607 
-219.00684742038618 
-219.0068474203863 
-219.00684742038624 
-219.00684742038618 
-219.00684742038607 
-219.00684742038607 
-219.00684742038615 
-219.0068474203862 
-219.0068474203863 
-219.0068474203863 
-219.00684742038612 
-219.00684742038624 
-219.0068474203861 
-219.00684742038604 
-219.00684742038598 
-219.006847420386 
-219.00684742038604 
-219.0068474203859 
-219.00684742038672 
-219.00684742038567 
-219.00684742038604 
-219.00684742038635 
-219.00684742038965 
-219.00684742038555 
-219.0068474203854 
-219.00684742038564 
-219.0068474203897 
-219.0068474203863 
-219.00684742038607 
-219.0068474203858 
-219.00684742038678 
-219.00684742038598 
-219.00684742038595 
-219.00684742038595 
-219.00684742038595 
-219.006847420386 
-219.0068474203861 
-219.00684742038592 
-219.00684742038592 
-219.0068474203859 
-219.00684742038584 
-219.00684742038607 
-219.0068474203861 
-219.00684742038652 
-219.0068474203864 
-219.00684742038646 
-219.0068474203867 
-219.00684742038658 
-219.0068474203864 
-219.00684742038646 
-219.00684742038638 
-219.00684742038646 
-219.00684742038635 
-219.00684742038624 
-219.00684742038618 
-219.0068474203863 
-219.00684742038626 
-219.0068474203863 
-219.00684742038652 
-219.00684742038646 
-219.00684742038658 
-219.00684742038666 
-219.0068474203865 
-219.00684742038652 
-219.00684742038652 
-219.00684742038632 
-219.00684742038652 
-219.00684742038658 
-219.00684742038646 
-219.00684742038646 
-219.00684742038635 
-219.00684742038635 
-219.0068474203863 
-219.00684742038618 
-219.0068474203864 
-219.00684742038652 
-219.0068474203867 
-219.0068474203867 
-219.00684742038652 
-219.00684742038655 
-219.0068474203867 
-219.0068474203865 
-219.00684742038646 
-219.00684742038658 
-219.00684742038666 
-219.0068474203864 
-219.0068474203864 
-219.0068474203866 
-219.00684742038652 
-219.00684742038655 
-219.00684742038663 
-219.00684742038652 
-219.0068474203866 
-219.00684742038652 
-219.00684742038635 
-219.00684742038644 
-219.00684742038652 
-219.00684742038638 
-219.0068474203864 
-219.0068474203864 
-219.00684742038624 
-219.00684742038644 
-219.0068474203865 
-219.00684742038632 
-219.0068474203864 
-219.00684742038686 
-219.00684742038672 
-219.00684742038658 
-219.0068474203867 
-219.00684742038678 
-219.0068474203868 
-219.00684742038672 
-219.00684742038658 
-219.00684742038672 
-219.00684742038652 
-219.00684742038632 
-219.00684742038632 
-219.00684742038626 
-219.0068474203863 
-219.0068474203863 
-219.0068474203862 
-219.00684742038624 
-219.00684742038612 
-219.0068474203862 
-219.00684742038626 
-219.0068474203863 
-219.0068474203864 
-219.00684742038655 
-219.00684742038635 
-219.0068474203863 
-219.00684742038635 
-219.0068474203866 
-219.0068474203867 
-219.00684742038652 
-219.0068474203864 
-219.0068474203864 
-219.00684742038626 
-219.00684742038632 
-219.00684742038612 
-219.00684742038618 
-219.00684742038607 
-219.00684742038598 
-219.0068474203859 
-219.00684742038595 
-219.00684742038598 
-219.00684742038612 
-219.00684742038612 
-219.00684742038604 
-219.006847420386 
-219.00684742038607 
-219.0068474203859 
-219.006847420386 
-219.00684742038595 
-219.00684742038604 
-219.00684742038604 
-219.00684742038592 
-219.00684742038612 
-219.006847420386 
-219.0068474203857 
-219.00684742038578 
-219.00684742038584 
-219.00684742038578 
-219.00684742038575 
-219.0068474203859 
-219.00684742038607 
-219.00684742038612 
-219.00684742038612 
-219.006847420386 
-219.00684742038598 
-219.00684742038598 
-219.00684742038618 
-219.00684742038615 
-219.00684742038612 
-219.00684742038607 
-219.00684742038615 
-219.00684742038615 
-219.00684742038607 
-219.00684742038595 
-219.0068474203858 
-219.00684742038584 
-219.00684742038595 
-219.00684742038592 
-219.00684742038584 
-219.006847420386 
-219.0068474203859 
-219.00684742038595 
-219.00684742038578 
-219.00684742038567 
-219.00684742038595 
-219.00684742038567 
-219.00684742038567 
-219.00684742038558 
-219.0068474203856 
-219.0068474203857 
-219.00684742038587 
-219.00684742038567 
-219.00684742038567 
-219.00684742038584 
-219.00684742038578 
-219.0068474203857 
-219.0068474203856 
-219.00684742038578 
-219.0068474203856 
-219.0068474203857 
-219.00684742038584 
-219.00684742038592 
-219.0068474203858 
-219.00684742038595 
-219.00684742038607 
-219.0068474203859 
-219.00684742038604 
-219.00684742038607 
-219.0068474203861 
-219.0068474203859 
-219.00684742038686 
-219.00684742038607 
-219.0068474203864 
-219.00684742038663 
-219.00684742039005 
-219.0068474203862 
-219.00684742038635 
-219.00684742038626 
-219.00684742039013 
-219.00684742038698 
-219.00684742038663 
-219.00684742038632 
-219.0068474203872 
-219.00684742038607 
-219.00684742038626 
-219.00684742038624 
-219.00684742038624 
-219.0068474203862 
-219.0068474203862 
-219.00684742038618 
-219.006847420386 
-219.00684742038607 
-219.006847420386 
-219.006847420386 
-219.00684742038598 
-219.00684742038607 
-219.00684742038587 
-219.00684742038592 
-219.00684742038615 
-219.00684742038612 
-219.00684742038604 
-219.00684742038595 
-219.00684742038612 
-219.00684742038595 
-219.00684742038604 
-219.006847420386 
-219.00684742038624 
-219.00684742038624 
-219.0068474203863 
-219.0068474203862 
-219.00684742038635 
-219.00684742038635 
-219.00684742038632 
-219.00684742038635 
-219.0068474203863 
-219.0068474203863 
-219.00684742038644 
-219.00684742038624 
-219.00684742038632 
-219.0068474203864 
-219.00684742038652 
-219.00684742038652 
-219.00684742038663 
-219.00684742038658 
-219.00684742038675 
-219.00684742038672 
-219.00684742038672 
-219.00684742038652 
-219.00684742038646 
-219.00684742038652 
-219.00684742038663 
-219.00684742038658 
-219.00684742038658 
-219.00684742038646 
-219.00684742038638 
-219.00684742038624 
-219.00684742038638 
-219.0068474203864 
-219.0068474203863 
-219.00684742038644 
-219.00684742038652 
-219.00684742038638 
-219.0068474203864 
-219.00684742038646 
-219.00684742038635 
-219.00684742038635 
-219.00684742038635 
-219.00684742038646 
-219.00684742038652 
-219.00684742038646 
-219.00684742038663 
-219.00684742038652 
-219.0068474203865 
-219.00684742038635 
-219.00684742038646 
-219.0068474203863 
-219.0068474203866 
-219.00684742038666 
-219.0068474203867 
-219.00684742038675 
-219.0068474203868 
-219.00684742038695 
-219.00684742038686 
-219.00684742038698 
-219.00684742038698 
-219.00684742038695 
-219.00684742038672 
-219.00684742038672 
-219.0068474203868 
-219.00684742038692 
-219.00684742038672 
-219.00684742038675 
-219.0068474203867 
-219.00684742038675 
-219.0068474203866 
-219.00684742038675 
-219.00684742038683 
-219.00684742038678 
-219.00684742038678 
-219.00684742038675 
-219.00684742038675 
-219.00684742038683 
-219.00684742038715 
-219.00684742038732 
-219.0068474203872 
-219.00684742038726 
-219.00684742038734 
-219.00684742038732 
-219.00684742038712 
-219.0068474203871 
-219.00684742038723 
-219.0068474203873 
-219.00684742038703 
-219.0068474203869 
-219.00684742038703 
-219.0068474203869 
-219.00684742038683 
-219.00684742038698 
-219.00684742038698 
-219.00684742038695 
-219.00684742038692 
-219.00684742038698 
-219.00684742038715 
-219.0068474203871 
-219.00684742038734 
-219.00684742038712 
-219.00684742038723 
-219.0068474203872 
-219.00684742038715 
-219.0068474203872 
-219.00684742038712 
-219.0068474203871 
-219.00684742038734 
-219.00684742038723 
-219.00684742038706 
-219.00684742038715 
-219.0068474203872 
-219.00684742038726 
-219.00684742038715 
-219.00684742038737 
-219.00684742038743 
-219.00684742038726 
-219.00684742038715 
-219.00684742038703 
-219.00684742038686 
-219.00684742038698 
-219.0068474203871 
-219.0068474203872 
-219.0068474203871 
-219.00684742038737 
-219.0068474203872 
-219.00684742038706 
-219.00684742038715 
-219.00684742038717 
-219.0068474203873 
-219.0068474203874 
-219.00684742038737 
-219.00684742038723 
-219.00684742038732 
-219.00684742038723 
-219.0068474203871 
-219.00684742038695 
-219.00684742038686 
-219.00684742038706 
-219.00684742038715 
-219.00684742038715 
-219.00684742038726 
-219.00684742038723 
-219.00684742038717 
-219.00684742038732 
-219.00684742038743 
-219.00684742038737 
-219.00684742038743 
-219.00684742038717 
-219.00684742038703 
-219.0068474203868 
-219.00684742038675 
-219.0068474203868 
-219.00684742038675 
-219.00684742038672 
-219.00684742038698 
-219.0068474203868 
-219.00684742038675 
-219.00684742038678 
-219.00684742038692 
-219.0068474203868 
-219.00684742038766 
-219.00684742038675 
-219.00684742038698 
-219.00684742038717 
-219.0068474203905 
-219.00684742038644 
-219.00684742038626 
