2 3 0.019712330602739456 
3 4 0.022899239269317005 
4 5 0.024511263935173562 
5 6 0.025353710618830256 
6 7 0.025805276458732547 
7 8 0.026052146661787214 
8 9 0.026189243771528866 
9 10 0.02626635645923919 
10 11 0.026310190849726082 
11 12 0.0263353317221605 
12 13 0.02634986157190417 
13 14 0.026358314524617836 
14 15 0.026363260672887544 
15 16 0.02636616964437387 
16 17 0.026367888187481085 
17 18 0.026368907398526098 
18 19 0.02636951373083939 
19 20 0.026369875057523886 
20 21 0.026370090071582135 
21 22 0.026370216794325264 
22 23 0.026370289061514143 
23 24 0.02637032600090936 
24 25 0.026370337327379235 
25 26 0.026370326009281644 
26 27 0.026370289079352967 
27 28 0.02637021682373968 
28 29 0.02637009011549072 
29 30 0.026369875119023143 
30 31 0.02636951381180025 
31 32 0.02636890749693948 
32 33 0.026367888293381624 
33 34 0.026366169735655913 
34 35 0.026363260716549375 
35 36 0.026358314495789303 
36 37 0.026349861500793655 
37 38 0.02633533171776958 
38 39 0.026310190895969744 
39 40 0.0262663564588984 
40 41 0.0261892438100083 
41 42 0.026052146695857578 
42 43 0.02580527645556393 
43 44 0.02535371053393318 
44 45 0.024511263941975225 
45 46 0.022899239252638013 
46 47 0.019712330589610035 
47 48 0.01317675690520797 
