-197.02261883377224 
-197.0226188337718 
-197.02261883409506 
-197.02261883442588 
-197.02261883476066 
-197.02261883509766 
-197.02261883543576 
-197.0226188357745 
-197.02261883611388 
-197.02261883645284 
-197.02261883679134 
-197.02261883712944 
-197.02261883746635 
-197.02261883780218 
-197.02261883813668 
-197.02261883846944 
-197.02261883880044 
-197.02261883912942 
-197.02261883945616 
-197.0226188397803 
-197.02261884010207 
-197.02261884042045 
-197.0226188407355 
-197.0226188410474 
-197.02261884135532 
-197.02261884165924 
-197.02261884195855 
-197.02261884225337 
-197.02261884254304 
-197.0226188428275 
-197.02261884310678 
-197.0226188433796 
-197.0226188436465 
-197.02261884390668 
-197.0226188441597 
-197.02261884440614 
-197.02261884464482 
-197.022618844875 
-197.02261884509647 
-197.02261884530895 
-197.02261884551078 
-197.0226188457011 
-197.02261884587682 
-197.0226188460345 
-197.02261884616885 
-197.02261884690262 
-197.0226188476073 
-197.0226188482664 
-197.02261884886008 
-197.0226188493647 
-197.0226188497607 
-197.02261885003392 
-197.02261885019018 
-197.0226188502533 
-197.0226188502662 
-197.0226188502831 
-197.0226188502835 
-197.02261885028372 
-197.0226188502812 
-197.02261885028346 
-197.02261885028395 
-197.02261885028332 
-197.02261885028332 
-197.0226188502834 
-197.0226188502835 
-197.02261885028338 
-197.02261885028346 
-197.02261885028344 
-197.0226188502834 
-197.0226188502836 
-197.0226188502836 
-197.0226188502847 
-197.02261885028653 
-197.02261885028662 
-197.02261885028662 
-197.02261885028676 
-197.02261885028693 
-197.0226188502867 
-197.0226188502868 
-197.02261885028673 
-197.02261885028713 
-197.02261885028733 
-197.02261885028747 
-197.02261885028753 
-197.0226188502882 
-197.0226188502882 
-197.02261885028858 
-197.02261885028878 
-197.02261885028915 
-197.0226188502898 
-197.02261885029057 
-197.02261885029105 
-197.0226188502916 
-197.02261885029225 
-197.02261885029284 
-197.02261885029336 
-197.02261885029415 
-197.0226188502949 
-197.02261885029566 
-197.02261885029654 
-197.0226188502973 
-197.02261885029822 
-197.02261885029924 
-197.02261885029986 
-197.02261885030046 
-197.02261885030188 
-197.0226188503025 
-197.0226188503034 
-197.02261885030404 
-197.02261885030475 
-197.02261885030555 
-197.02261885030612 
-197.02261885030663 
-197.02261885030714 
-197.02261885030703 
-197.0226188503074 
-197.02261885065457 
-197.0226188510011 
-197.02261885134757 
-197.02261885169355 
-197.02261885203922 
-197.02261885238443 
-197.02261885272915 
-197.02261885307294 
-197.02261885341605 
-197.02261885375822 
-197.02261885409928 
-197.0226188544392 
-197.02261885477793 
-197.02261885511507 
-197.0226188554507 
-197.02261885578454 
-197.02261885611682 
-197.0226188564466 
-197.02261885677385 
-197.02261885709885 
-197.02261885742058 
-197.0226188577394 
-197.02261885805515 
-197.022618858367 
-197.02261885867537 
-197.02261885897894 
-197.02261885927865 
-197.02261885957353 
-197.02261885986357 
-197.02261886014807 
-197.02261886042737 
-197.0226188607004 
-197.02261886096758 
-197.02261886122773 
-197.02261886148122 
-197.0226188617273 
-197.0226188619658 
-197.0226188621959 
-197.0226188624174 
-197.02261886262968 
-197.0226188628314 
-197.0226188630219 
-197.02261886319795 
-197.02261886335597 
-197.02261886349055 
-197.02261886422426 
-197.02261886492863 
-197.02261886558742 
-197.0226188661807 
-197.02261886668515 
-197.02261886708092 
-197.02261886735587 
-197.02261886751197 
-197.0226188675754 
-197.02261886758788 
-197.02261886759467 
-197.02261886759408 
-197.02261886759425 
-197.02261886759388 
-197.0226188675942 
-197.02261886759524 
-197.0226188675942 
-197.0226188675943 
-197.0226188675942 
-197.0226188675941 
-197.02261886759393 
-197.02261886759402 
-197.02261886759408 
-197.02261886759422 
-197.02261886759445 
-197.0226188675948 
-197.02261886759567 
-197.0226188675976 
-197.02261886759766 
-197.0226188675976 
-197.02261886759743 
-197.02261886759737 
-197.02261886759763 
-197.02261886759788 
-197.02261886759794 
-197.02261886759794 
-197.02261886759814 
-197.02261886759814 
-197.02261886759814 
-197.02261886759842 
-197.02261886759868 
-197.02261886759885 
-197.02261886759925 
-197.0226188675996 
-197.02261886759985 
-197.02261886760027 
-197.02261886760087 
-197.02261886760152 
-197.0226188676023 
-197.02261886760294 
-197.02261886760377 
-197.02261886760434 
-197.0226188676049 
-197.02261886760573 
-197.0226188676065 
-197.02261886760732 
-197.02261886760806 
-197.02261886760914 
-197.02261886761013 
-197.02261886761121 
-197.02261886761258 
-197.02261886761366 
-197.0226188676148 
-197.02261886761625 
-197.02261886761724 
-197.02261886761866 
-197.02261886761977 
-197.02261886762113 
-197.02261886762224 
-197.02261886762346 
-197.02261886762489 
-197.0226188676263 
-197.02261886762912 
-197.02261886762895 
-197.02261886762926 
-197.0226188676291 
-197.02261886762915 
-197.02261886762906 
-197.02261886762892 
-197.02261886762892 
-197.02261886762895 
-197.022618867629 
-197.02261886762884 
-197.02261886762884 
-197.02261886762895 
-197.02261886762912 
-197.02261886762895 
-197.0226188676292 
-197.0226188676292 
-197.0226188676294 
-197.02261886762938 
-197.02261886762957 
-197.02261886762963 
-197.02261886762943 
-197.02261886762972 
-197.02261886762952 
-197.0226188676296 
-197.02261886762946 
-197.02261886762935 
-197.02261886762943 
-197.02261886762923 
-197.02261886762926 
-197.0226188676293 
-197.02261886762915 
-197.0226188676294 
-197.02261886762932 
-197.02261886762923 
-197.02261886762906 
-197.02261886762886 
-197.02261886762892 
-197.02261886762915 
-197.02261886762952 
-197.02261886762938 
-197.02261886762923 
-197.0226188676291 
-197.0226188676291 
-197.02261886762898 
-197.0226188676288 
-197.02261886762912 
-197.02261886762875 
-197.0226188676289 
-197.02261886762872 
-197.02261886762898 
-197.0226188676289 
-197.0226188676287 
-197.02261886762878 
-197.02261886762878 
-197.02261886762895 
-197.02261886762892 
-197.02261886762875 
-197.02261886762875 
-197.02261886762886 
-197.0226188676287 
-197.02261886762844 
-197.02261886762858 
-197.02261886762852 
-197.02261886762864 
-197.0226188676286 
-197.02261886762886 
-197.02261886762864 
-197.02261886762918 
-197.02261886762918 
-197.022618867629 
-197.02261886762923 
-197.02261886762918 
-197.02261886762983 
-197.0226188676296 
-197.02261886762986 
-197.0226188676297 
-197.02261886762952 
-197.02261886762972 
-197.0226188676298 
-197.02261886763003 
-197.02261886763011 
-197.0226188676303 
-197.02261886763014 
-197.02261886763023 
-197.0226188676302 
-197.0226188676301 
-197.02261886763034 
-197.02261886763006 
-197.02261886762972 
-197.02261886762977 
-197.02261886762975 
-197.02261886763011 
-197.02261886763 
-197.02261886763011 
-197.02261886763011 
-197.0226188676298 
-197.02261886762983 
-197.0226188676299 
-197.02261886763006 
-197.0226188676299 
-197.02261886762983 
-197.02261886762992 
-197.02261886762986 
-197.02261886762992 
-197.02261886762986 
-197.0226188676299 
-197.02261886762994 
-197.02261886763003 
-197.02261886763014 
-197.02261886763 
-197.02261886762992 
-197.02261886762983 
-197.0226188676297 
-197.02261886763 
-197.02261886763003 
-197.02261886763 
-197.02261886763023 
-197.0226188676299 
-197.02261886763006 
-197.02261886762972 
-197.02261886762977 
-197.02261886762952 
-197.0226188676297 
-197.0226188676294 
-197.02261886762952 
-197.02261886762926 
-197.02261886762895 
-197.02261886762884 
-197.0226188676286 
-197.0226188676284 
-197.02261886762855 
-197.02261886762864 
-197.0226188676285 
-197.02261886762872 
-197.022618867629 
-197.0226188676291 
-197.02261886762898 
-197.02261886762903 
-197.02261886762867 
-197.02261886762858 
-197.02261886762855 
-197.0226188676286 
-197.02261886762867 
-197.0226188676285 
-197.0226188676283 
-197.02261886762864 
-197.0226188676285 
-197.02261886762867 
-197.0226188676289 
-197.022618867629 
-197.02261886762903 
-197.02261886762926 
-197.02261886762932 
-197.02261886762943 
-197.02261886762926 
-197.02261886762923 
-197.02261886762946 
-197.02261886762966 
-197.02261886762977 
-197.02261886762983 
-197.0226188676302 
-197.0226188676303 
-197.02261886763034 
-197.02261886762983 
-197.02261886763003 
-197.0226188676299 
-197.02261886763006 
-197.02261886763011 
-197.0226188676301 
-197.02261886763023 
-197.02261886763037 
-197.02261886763034 
-197.02261886763034 
