2 -0.47918352011417203 
3 -0.49455599546276985 
4 -0.5019561310564797 
5 -0.5043349384249906 
6 -0.5051702111439353 
7 -0.5054072950885684 
8 -0.5054391478560682 
9 -0.5054188221862215 
10 -0.5053935189212478 
11 -0.5053751868227108 
12 -0.5053642366329248 
13 -0.5053584104683286 
14 -0.5053555889440937 
15 -0.5053543472532784 
16 -0.5053538634750853 
17 -0.5053537097943082 
18 -0.5053536829871833 
19 -0.5053536954226243 
20 -0.5053537138052083 
21 -0.5053537282944589 
22 -0.5053537375367264 
23 -0.5053537429015614 
24 -0.5053537454607604 
25 -0.5053537465723016 
26 -0.5053537469248517 
27 -0.5053537469716279 
28 -0.5053537471430606 
29 -0.5053537467163123 
30 -0.5053537492815863 
31 -0.5053537477141984 
32 -0.5053537475140322 
33 -0.5053537462065971 
34 -0.5053537458847677 
35 -0.505353745880875 
36 -0.5053537459831158 
37 -0.5053537470265603 
38 -0.5053537479635928 
39 -0.5053537496478203 
40 -0.5053537468490554 
41 -0.505353746506959 
42 -0.5053537469424045 
43 -0.5053537475398308 
44 -0.5053537471065928 
45 -0.5053537471275388 
46 -0.5053537468412524 
47 -0.505353747548052 
48 -0.5053537466100434 
49 -0.5053537472384645 
50 -0.5053537472460189 
51 -0.5053537476594757 
52 -0.5053537471663937 
53 -0.5053537472838621 
54 -0.5053537471928629 
55 -0.5053537471233739 
56 -0.5053537478080502 
57 -0.5053537480056907 
58 -0.5053537492983852 
59 -0.505353747738115 
60 -0.505353747086899 
61 -0.5053537474171462 
62 -0.5053537474798422 
63 -0.5053537475692138 
64 -0.5053537470661932 
65 -0.5053537462779989 
66 -0.505353747115783 
67 -0.5053537472883157 
68 -0.505353747323229 
69 -0.5053537476600971 
70 -0.5053537473240401 
71 -0.5053537474630537 
72 -0.5053537474983844 
73 -0.5053537471658559 
74 -0.5053537474952887 
75 -0.5053537464063383 
76 -0.5053537475122685 
77 -0.5053537478935571 
78 -0.5053537482249998 
79 -0.5053537471870448 
80 -0.5053537469090591 
81 -0.5053537474798211 
82 -0.5053537476286405 
83 -0.5053537470278745 
84 -0.5053537465336576 
85 -0.5053537479997708 
86 -0.5053537470127344 
87 -0.5053537468371058 
88 -0.5053537470810952 
89 -0.5053537473915316 
90 -0.5053537466300568 
91 -0.5053537471115003 
92 -0.5053537473033398 
93 -0.5053537472205157 
94 -0.5053537473529762 
95 -0.5053537473231995 
96 -0.5053537473812287 
97 -0.5053537474701101 
98 -0.5053537471987704 
99 -0.5053537474326744 
100 -0.505353747530105 
101 -0.5053537474705949 
102 -0.505353747621343 
103 -0.5053537472168131 
104 -0.5053537475737234 
105 -0.5053537472723736 
106 -0.5053537612017005 
107 -0.5053537528119714 
108 -0.5053537512602835 
109 -0.5053537504632183 
110 -0.5053537500443169 
111 -0.5053537490266022 
112 -0.505353748557183 
113 -0.5053537482355257 
114 -0.5053537480271224 
115 -0.5053537479150975 
116 -0.5053537476883928 
117 -0.5053537476630985 
118 -0.5053537474540462 
119 -0.5053537472108224 
120 -0.5053537471762801 
121 -0.5053537475098896 
122 -0.5053537461026518 
123 -0.505353746335184 
124 -0.5053537487745062 
125 -0.5053537494709602 
126 -0.50535374937366 
127 -0.5053537490958434 
128 -0.5053537474011675 
129 -0.5053537491987806 
130 -0.5053537471092815 
131 -0.5053537504856628 
132 -0.5053537499658736 
133 -0.5053537484619675 
134 -0.5053537475782722 
135 -0.5053537472337694 
136 -0.5053537469272513 
137 -0.5053537467986797 
138 -0.5053537470856259 
139 -0.5053537463300808 
140 -0.5053537470584873 
141 -0.5053537474256166 
142 -0.5053537475319204 
143 -0.5053537501867436 
144 -0.5053537483621023 
145 -0.5053537480780401 
146 -0.5053537477271841 
147 -0.5053537475205109 
148 -0.5053537473425833 
149 -0.5053537472244355 
150 -0.5053537471313839 
151 -0.5053537470758014 
152 -0.505353747093364 
153 -0.5053537471218781 
154 -0.505353747129503 
155 -0.5053537471419681 
156 -0.5053537471276931 
157 -0.5053537470151103 
158 -0.5053537470553903 
159 -0.5053537467955824 
160 -0.5053537469787062 
161 -0.5053537471194467 
162 -0.5053537470631932 
163 -0.5053537471939311 
164 -0.5053537472841093 
165 -0.5053537465890736 
166 -0.5053537477894816 
167 -0.5053537476012993 
168 -0.5053537474731156 
169 -0.5053537474234437 
170 -0.5053537474182145 
171 -0.5053537475413432 
172 -0.5053537463479739 
173 -0.5053537512387569 
174 -0.5053537474150763 
175 -0.5053537450201039 
176 -0.5053537421136577 
177 -0.5053537368014682 
178 -0.5053537276875713 
179 -0.5053537133626247 
180 -0.5053536951411701 
181 -0.505353682701713 
182 -0.5053537090180175 
183 -0.5053538623101086 
184 -0.5053543473115498 
185 -0.5053555892820266 
186 -0.5053584103601 
187 -0.5053642365710175 
188 -0.5053751868068478 
189 -0.5053935188425561 
190 -0.5054188218714353 
191 -0.505439147591543 
192 -0.5054072950796468 
193 -0.5051702111004536 
194 -0.5043349381681009 
195 -0.5019561308662231 
196 -0.49455599528289396 
197 -0.479183521004642 
