2 3 0.47392886415728647 
3 4 0.4356041179413076 
4 5 0.4808222698162193 
5 6 0.5441585421205846 
6 7 0.5518801162166638 
7 8 0.5583638435115708 
8 9 0.5983092941810453 
9 10 0.6236814342414346 
10 11 0.622482002674051 
11 12 0.636323540451351 
12 13 0.6673591310395733 
13 14 0.6740606504053926 
14 15 0.6749989163556169 
15 16 0.6931835786571636 
16 17 0.7119777950738757 
17 18 0.7118565232573169 
18 19 0.7173317893838511 
19 20 0.7353483802909961 
20 21 0.7435215510554345 
21 22 0.74327832166113 
22 23 0.7523862062707389 
23 24 0.7664508062005382 
24 25 0.7682208624162088 
25 26 0.7704824861121511 
26 27 0.7811684392777898 
27 28 0.7894699065013299 
28 29 0.7892859537319323 
29 30 0.7941366030541451 
30 31 0.8040140806456055 
31 32 0.8072083012171976 
32 33 0.8079236082695949 
33 34 0.814307769680661 
34 35 0.8214470299423237 
35 36 0.8218288096479393 
36 37 0.82429349755127 
37 38 0.8308169311782722 
38 39 0.8345022163218199 
39 40 0.8344519457872177 
40 41 0.8382117076400702 
41 42 0.8435317489825287 
42 43 0.8444497692087541 
43 44 0.8453013536931674 
44 45 0.849435977075289 
45 46 0.8526419736270522 
46 47 0.8522672243367518 
47 48 0.8541803233859258 
48 49 0.8577371128976786 
49 50 0.8587006961608397 
50 51 0.8583666064600967 
51 52 0.8608195311311777 
52 53 0.863005640907659 
53 54 0.862366632414228 
54 55 0.8627290410815794 
55 56 0.8649595131465864 
56 57 0.8653694015013222 
57 58 0.8641037253656475 
58 59 0.8651572296927321 
59 60 0.8663722769290992 
60 61 0.8651572328588443 
61 62 0.8641037341790053 
62 63 0.8653694146946818 
63 64 0.8649595292233394 
64 65 0.8627290608761262 
65 66 0.8623666574935557 
66 67 0.8630056687275892 
67 68 0.8608195617185734 
68 69 0.8583666414763773 
69 70 0.8587007349149308 
70 71 0.8577371536162929 
71 72 0.8541803666387405 
72 73 0.8522672718532717 
73 74 0.8526420231522833 
74 75 0.8494360282811843 
75 76 0.8453014075263403 
76 77 0.8444498257306889 
77 78 0.8435318062003564 
78 79 0.8382117663791033 
79 80 0.8344520068152798 
80 81 0.8345022775998331 
81 82 0.8308169928046354 
82 83 0.8242935600256395 
83 84 0.8218288731411215 
84 85 0.8214470921056736 
85 86 0.8143078318554784 
86 87 0.8079236706629734 
87 88 0.8072083622472481 
88 89 0.8040141391892439 
89 90 0.7941366608697931 
90 91 0.7892860105579499 
91 92 0.7894699598733521 
92 93 0.7811684889989534 
93 94 0.7704825347670459 
94 95 0.7682209106645905 
95 96 0.7664508511221158 
96 97 0.7523862496186802 
97 98 0.7432783620061876 
98 99 0.7435215885821508 
99 100 0.7353484162461912 
100 101 0.71733182384522 
101 102 0.7118565558816449 
102 103 0.7119778256173765 
103 104 0.6931836079799767 
104 105 0.6749989434915409 
105 106 0.6740606764032743 
106 107 0.6673591563883366 
107 108 0.6363235638225034 
108 109 0.6224820240219976 
109 110 0.6236814555860251 
110 111 0.5983093147700951 
111 112 0.558363859803368 
112 113 0.5518801275432506 
113 114 0.5441585510568661 
114 115 0.4808222710044412 
115 116 0.43560411832478385 
116 117 0.47392886415354557 
117 118 0.36242741423061264 
