-186.30031891828088 
-186.30031891828114 
-186.3003189183856 
-186.3003189184932 
-186.3003189186013 
-186.30031891870894 
-186.30031891881612 
-186.30031891892332 
-186.30031891903008 
-186.30031891913694 
-186.30031891924426 
-186.3003189193512 
-186.30031891945825 
-186.3003189195649 
-186.30031891967198 
-186.30031891977936 
-186.30031891988614 
-186.3003189199934 
-186.3003189201004 
-186.30031892020756 
-186.30031892031465 
-186.30031892042186 
-186.3003189205288 
-186.30031892063622 
-186.3003189207434 
-186.30031892085051 
-186.3003189209577 
-186.30031892106487 
-186.30031892117216 
-186.30031892127906 
-186.30031892138643 
-186.30031892149339 
-186.30031892160045 
-186.3003189217076 
-186.30031892181466 
-186.30031892192156 
-186.30031892202834 
-186.30031892213546 
-186.3003189222422 
-186.3003189223501 
-186.3003189224587 
-186.30031892256676 
-186.30031892267294 
-186.30031892277563 
-186.30031892287673 
-186.30031892300667 
-186.30031892325738 
-186.30031892350593 
-186.3003189237775 
-186.30031892426777 
-186.30031892527174 
-186.30031892625092 
-186.3003189287207 
-186.30031893099104 
-186.30031893264047 
-186.30031893416012 
-186.30031893419067 
-186.30031893419056 
-186.30031893418968 
-186.30031893418968 
-186.30031893418982 
-186.30031893419178 
-186.30031893419147 
-186.30031893419138 
-186.30031893419232 
-186.30031893419314 
-186.30031893419365 
-186.30031893419573 
-186.30031893420355 
-186.3003189342068 
-186.30031893420906 
-186.30031893421122 
-186.30031893421403 
-186.30031893421543 
-186.3003189342168 
-186.30031893421818 
-186.30031893421938 
-186.30031893422017 
-186.30031893422085 
-186.30031893422122 
-186.30031893422165 
-186.3003189342223 
-186.3003189342232 
-186.3003189342235 
-186.3003189342244 
-186.30031893422483 
-186.30031893422554 
-186.30031893422608 
-186.30031893422657 
-186.3003189342273 
-186.30031893422776 
-186.30031893422822 
-186.3003189342285 
-186.3003189342289 
-186.30031893422907 
-186.3003189342296 
-186.30031893423018 
-186.30031893423066 
-186.30031893423111 
-186.30031893423154 
-186.3003189342326 
-186.3003189342332 
-186.3003189342338 
-186.30031893423453 
-186.30031893423492 
-186.3003189342355 
-186.30031893423634 
-186.30031893423728 
-186.30031893423794 
-186.30031893423842 
-186.30031893423904 
-186.30031893423956 
-186.30031893424024 
-186.30031893424075 
-186.3003189342412 
-186.30031893424092 
-186.3003189343482 
-186.3003189344551 
-186.30031893456194 
-186.30031893466887 
-186.30031893477596 
-186.30031893488274 
-186.3003189349894 
-186.30031893509684 
-186.3003189352036 
-186.3003189353107 
-186.30031893541766 
-186.30031893552467 
-186.30031893563165 
-186.30031893573835 
-186.30031893584513 
-186.30031893595216 
-186.30031893605906 
-186.300318936166 
-186.300318936273 
-186.30031893638 
-186.30031893648712 
-186.30031893659452 
-186.30031893670136 
-186.30031893680854 
-186.30031893691512 
-186.30031893702215 
-186.30031893712945 
-186.3003189372364 
-186.30031893734352 
-186.30031893745075 
-186.30031893755776 
-186.30031893766488 
-186.30031893777144 
-186.30031893787853 
-186.3003189379856 
-186.30031893809263 
-186.3003189381995 
-186.30031893830594 
-186.30031893841308 
-186.3003189385206 
-186.30031893862932 
-186.30031893873706 
-186.30031893884365 
-186.30031893894633 
-186.3003189390476 
-186.30031893917806 
-186.30031893942902 
-186.30031893967805 
-186.3003189399497 
-186.30031894044004 
-186.3003189414439 
-186.30031894242248 
-186.30031894489204 
-186.30031894716248 
-186.30031894881225 
-186.30031895033238 
-186.30031895036294 
-186.30031895036433 
-186.30031895036237 
-186.3003189503632 
-186.3003189503633 
-186.30031895036316 
-186.30031895036322 
-186.3003189503641 
-186.30031895036413 
-186.30031895036493 
-186.30031895036592 
-186.30031895036814 
-186.30031895037584 
-186.30031895037908 
-186.30031895038087 
-186.300318950383 
-186.3003189503856 
-186.30031895038698 
-186.30031895038832 
-186.3003189503896 
-186.3003189503909 
-186.30031895039173 
-186.30031895039247 
-186.30031895039312 
-186.30031895039377 
-186.3003189503943 
-186.30031895039485 
-186.30031895039534 
-186.30031895039602 
-186.30031895039684 
-186.30031895039755 
-186.30031895039815 
-186.3003189503989 
-186.30031895039963 
-186.30031895040028 
-186.30031895040074 
-186.30031895040122 
-186.30031895040196 
-186.30031895040284 
-186.30031895040338 
-186.30031895040378 
-186.30031895040435 
-186.30031895040509 
-186.30031895040574 
-186.3003189504064 
-186.30031895040713 
-186.3003189504077 
-186.30031895040887 
-186.30031895040932 
-186.30031895041 
-186.30031895041085 
-186.3003189504112 
-186.300318950412 
-186.3003189504127 
-186.3003189504134 
-186.30031895041384 
-186.30031895041438 
-186.30031895041512 
-186.3003189504157 
-186.30031895041634 
-186.30031895041725 
-186.300318950418 
-186.30031895041787 
-186.30031895041768 
-186.30031895041787 
-186.30031895041753 
-186.3003189504175 
-186.30031895041785 
-186.3003189504178 
-186.30031895041776 
-186.30031895041742 
-186.30031895041742 
-186.30031895041736 
-186.30031895041753 
-186.30031895041768 
-186.30031895041785 
-186.3003189504178 
-186.3003189504179 
-186.30031895041762 
-186.3003189504174 
-186.3003189504175 
-186.30031895041762 
-186.3003189504179 
-186.30031895041796 
-186.30031895041796 
-186.3003189504181 
-186.30031895041824 
-186.30031895041833 
-186.30031895041827 
-186.30031895041856 
-186.30031895041878 
-186.3003189504188 
-186.30031895041859 
-186.30031895041878 
-186.3003189504188 
-186.30031895041841 
-186.3003189504183 
-186.3003189504183 
-186.30031895041847 
-186.30031895041873 
-186.30031895041913 
-186.30031895041918 
-186.30031895041918 
-186.3003189504194 
-186.30031895041964 
-186.30031895041972 
-186.30031895041955 
-186.30031895041964 
-186.30031895042012 
-186.30031895042023 
-186.30031895042003 
-186.30031895042015 
-186.30031895042035 
-186.30031895042 
-186.30031895042012 
-186.30031895042066 
-186.30031895042072 
-186.3003189504204 
-186.30031895042006 
-186.30031895042188 
-186.30031895042083 
-186.3003189504212 
-186.30031895042026 
-186.30031895042052 
-186.30031895042006 
-186.30031895041978 
-186.3003189504196 
-186.3003189504193 
-186.3003189504195 
-186.3003189504192 
-186.30031895041898 
-186.30031895041907 
-186.30031895041924 
-186.3003189504191 
-186.30031895041895 
-186.30031895041893 
-186.30031895041907 
-186.30031895041864 
-186.30031895041853 
-186.30031895041856 
-186.30031895041847 
-186.3003189504188 
-186.30031895041878 
-186.3003189504187 
-186.3003189504183 
-186.30031895041844 
-186.30031895041833 
-186.3003189504183 
-186.30031895041824 
-186.30031895041816 
-186.30031895041844 
-186.30031895041844 
-186.30031895041833 
-186.30031895041824 
-186.3003189504184 
-186.30031895041833 
-186.30031895041816 
-186.30031895041833 
-186.30031895041833 
-186.3003189504184 
-186.30031895041822 
-186.3003189504183 
-186.30031895041807 
-186.300318950418 
-186.3003189504182 
-186.300318950418 
-186.3003189504179 
-186.30031895041796 
-186.30031895041807 
-186.30031895041813 
-186.30031895041802 
-186.30031895041802 
-186.30031895041813 
-186.30031895041816 
-186.30031895041805 
-186.30031895041802 
-186.30031895041796 
-186.30031895041782 
-186.30031895041748 
-186.30031895041748 
-186.30031895041742 
-186.3003189504175 
-186.30031895041736 
-186.3003189504174 
-186.30031895041745 
-186.30031895041748 
-186.30031895041756 
-186.30031895041748 
-186.30031895041742 
-186.30031895041762 
-186.30031895041725 
-186.3003189504172 
-186.30031895041716 
-186.30031895041685 
-186.30031895041674 
-186.3003189504168 
-186.3003189504165 
-186.30031895041665 
-186.30031895041677 
-186.30031895041674 
-186.30031895041657 
-186.30031895041668 
-186.30031895041654 
-186.30031895041657 
-186.3003189504165 
-186.30031895041628 
-186.3003189504164 
-186.30031895041637 
-186.3003189504164 
-186.3003189504166 
-186.3003189504165 
-186.30031895041648 
-186.30031895041634 
-186.3003189504165 
-186.3003189504168 
-186.30031895041702 
-186.300318950417 
-186.30031895041702 
-186.30031895041694 
-186.3003189504166 
-186.300318950417 
-186.30031895041694 
-186.30031895041657 
-186.30031895041634 
-186.30031895041665 
-186.30031895041685 
-186.30031895041665 
-186.30031895041665 
-186.3003189504168 
-186.30031895041648 
-186.30031895041682 
-186.30031895041702 
-186.30031895041728 
-186.3003189504174 
-186.3003189504164 
