2 3 0.014494013052313922 
3 4 0.017349070703287266 
4 5 0.01844872498589911 
5 6 0.018665103582683435 
6 7 0.018615462429799227 
7 8 0.018536248792650523 
8 9 0.018489559728551323 
9 10 0.018471852521067644 
10 11 0.018468444432430387 
11 12 0.018469529857621795 
12 13 0.018470982677609146 
13 14 0.018471813556130104 
14 15 0.018472100210449517 
15 16 0.018472144811318827 
16 17 0.01847211897650091 
17 18 0.018472091124276686 
18 19 0.018472075716288068 
19 20 0.018472070645555214 
20 21 0.0184720703188552 
21 22 0.01847207123342356 
22 23 0.018472072032360013 
23 24 0.018472072486731994 
24 25 0.018472072823315863 
25 26 0.0184720732473445 
26 27 0.018472072869574575 
27 28 0.018472072563440994 
28 29 0.01847207280718395 
29 30 0.01847207292388598 
30 31 0.018472072703328363 
31 32 0.018472072654720798 
32 33 0.01847207294097774 
33 34 0.018472073148079075 
34 35 0.01847207273286312 
35 36 0.018472072011792684 
36 37 0.01847207199557316 
37 38 0.018472072901234024 
38 39 0.018472074745228342 
39 40 0.01847207413379315 
40 41 0.018472069431672046 
41 42 0.018472068017093553 
42 43 0.018472068495005708 
43 44 0.018472070986997748 
44 45 0.018472073139532984 
45 46 0.018472074001505804 
46 47 0.018472074048934056 
47 48 0.018472073804058936 
48 49 0.018472073403891558 
49 50 0.018472073245398766 
50 51 0.018472073072619583 
51 52 0.018472072798711076 
52 53 0.0184720728870493 
53 54 0.018472073202533003 
54 55 0.018472076608226612 
55 56 0.01847207490326487 
56 57 0.018472073061103624 
57 58 0.018472069186402974 
58 59 0.018472067673727027 
59 60 0.018472068022285668 
60 61 0.018472069401658495 
61 62 0.01847207064053188 
62 63 0.01847207165156388 
63 64 0.018472072078248324 
64 65 0.018472072888083307 
65 66 0.01847207283782743 
66 67 0.018472072776704346 
67 68 0.018472072826514304 
68 69 0.018472072858255185 
69 70 0.01847207286792446 
70 71 0.01847207287300518 
71 72 0.01847207287967063 
72 73 0.018472072886828488 
73 74 0.01847207289279969 
74 75 0.01847207289708611 
75 76 0.01847207289988873 
76 77 0.01847207290159988 
77 78 0.01847207290262709 
78 79 0.018472072903284145 
79 80 0.018472072903422402 
80 81 0.018472072903277688 
81 82 0.018472072903724653 
82 83 0.018472072904247 
83 84 0.018472072904463194 
84 85 0.01847207290443219 
85 86 0.018472072904243384 
86 87 0.018472072904078277 
87 88 0.018472072903824997 
88 89 0.018472072903472636 
89 90 0.018472072903164095 
90 91 0.0184720729039359 
91 92 0.018472072908063134 
92 93 0.018472072918634504 
93 94 0.018472072934875093 
94 95 0.018472072938956856 
95 96 0.01847207287244129 
96 97 0.018472072618939128 
97 98 0.018472072060938587 
98 99 0.018472071363874288 
99 100 0.01847207169154899 
100 101 0.018472076308897484 
101 102 0.018472090923868145 
102 103 0.018472119443340963 
103 104 0.01847214734768997 
104 105 0.018472104019450278 
105 106 0.018471811745216078 
106 107 0.01847099126095789 
107 108 0.018469533589875655 
108 109 0.018468441697709965 
109 110 0.018471848126799587 
110 111 0.01848955967787054 
111 112 0.01853624872314536 
112 113 0.01861546266384789 
113 114 0.01866510393270461 
114 115 0.01844872541772912 
115 116 0.01734907090622965 
116 117 0.01449401297613607 
117 118 0.009792509631643161 
