2 0.014175647996654567 
3 -0.004918925248214356 
4 0.0018719141432588177 
5 -0.0005194846513075176 
6 -4.12762851157336e-06 
7 8.595717220432177e-05 
8 -5.904061925390125e-05 
9 2.5456124422549298e-05 
10 -6.6904014181772825e-06 
11 -9.945113294791313e-08 
12 1.3263301515500025e-06 
13 -9.290686719531877e-07 
14 3.981889321913957e-07 
15 -1.027543159517227e-07 
16 4.065735154364128e-09 
17 1.9655022239996515e-08 
18 -1.516348601650971e-08 
19 6.891217656084085e-09 
20 -2.0578687030081255e-09 
21 -7.025544043108484e-11 
22 4.5937945157567355e-10 
23 -3.345982297788167e-10 
24 7.773118443296656e-11 
25 1.737564874053105e-10 
26 -5.901588535448552e-10 
27 4.326840220383214e-10 
28 -9.992959888010164e-11 
29 -1.66147547528589e-10 
30 -2.9113952014934107e-10 
31 -1.6972615487732035e-10 
32 -7.824055359728823e-10 
33 -6.13902775509773e-10 
34 1.5980380866150392e-10 
35 4.77449956518162e-10 
36 1.2293965969015746e-09 
37 -2.5528192401223568e-09 
38 1.1350452046684066e-09 
39 1.0107617020000473e-08 
40 -9.293051460301793e-09 
41 6.978626978918802e-09 
42 -2.7381838883267926e-10 
43 -4.49436185490093e-09 
44 3.836888015640305e-09 
45 -2.0415748303529388e-09 
46 8.332079428013789e-10 
47 -2.1922223593983116e-10 
48 -2.310841796054063e-11 
49 5.081244459006627e-10 
50 -1.2405475790095962e-10 
51 2.2100472932030253e-10 
52 -1.7469378143406838e-11 
53 -1.1204867299480748e-09 
54 5.334896572756196e-10 
55 3.7921905498994137e-10 
56 -6.638045679780694e-09 
57 1.0651657578701203e-08 
58 -7.300439926745865e-09 
59 2.3756922691891306e-09 
60 -4.104519053995638e-12 
61 -4.5336029477513503e-10 
62 9.393393580807878e-10 
63 2.415227782468736e-10 
64 1.6227069965513152e-09 
65 -8.494432866312398e-10 
66 -1.4107954742399657e-10 
67 1.5248100004860987e-10 
68 -1.842517804995225e-10 
69 1.953490702533145e-10 
70 -1.555466748463021e-10 
71 1.0187905157598935e-10 
72 -5.949137210129753e-11 
73 3.2574548173783963e-11 
74 -1.7224452604231583e-11 
75 8.843170704865829e-12 
76 -4.496934515360907e-12 
77 2.253674581082651e-12 
78 -8.800153438059022e-13 
79 9.455891260792172e-13 
80 2.8286347784432905e-13 
81 7.44782031373122e-13 
82 -4.881490353875628e-13 
83 2.633726570167017e-13 
84 -3.0560250464149223e-13 
85 4.791479923033226e-13 
86 -5.825895321720471e-14 
87 2.0438744705672777e-13 
88 -3.414976634807911e-13 
89 9.175150363101373e-14 
90 1.289461897141812e-12 
91 -4.73974133079113e-12 
92 9.871408649212367e-12 
93 -1.0726253218962256e-11 
94 -1.1870236063071627e-11 
95 9.620768594222236e-11 
96 -2.8032472312431955e-10 
97 5.067983768136454e-10 
98 -3.805891435337827e-10 
99 -1.211860779772092e-09 
100 6.234120870291135e-09 
101 -1.6062637415419087e-08 
102 2.5684667888649996e-08 
103 -1.0187006149701856e-08 
104 -9.444973645174691e-08 
105 3.9216387048969097e-07 
106 -9.320086765000131e-07 
107 1.3580429675110443e-06 
108 -1.150454091467041e-07 
109 -6.696329078910062e-06 
110 2.5457458584083295e-05 
111 -5.904129096315214e-05 
112 8.59576365651326e-05 
113 -4.1276674666656136e-06 
114 -0.0005194846296153262 
115 0.0018719147553422802 
116 -0.004918925961608556 
117 0.01417564818342757 
