2 3 0.02431724151882188 
3 4 0.030421415940340417 
4 5 0.03364064644619042 
5 6 0.03504596547176907 
6 7 0.035570613452858266 
7 8 0.0357136391372053 
8 9 0.03572159681481682 
9 10 0.03569657040933641 
10 11 0.03567290578093549 
11 12 0.035657850830036586 
12 13 0.03565001765147836 
13 14 0.03564656518658349 
14 15 0.03564531788422566 
15 16 0.03564501091227693 
16 17 0.03564502879418503 
17 18 0.03564512014802906 
18 19 0.03564519192928143 
19 20 0.03564522594321512 
20 21 0.035645242542763377 
21 22 0.0356452507486126 
22 23 0.03564525488776726 
23 24 0.03564525715534855 
24 25 0.03564525858267862 
25 26 0.035645259604299755 
26 27 0.035645260384394216 
27 28 0.03564526098356568 
28 29 0.03564526143453667 
29 30 0.03564526176284376 
30 31 0.03564526199690674 
31 32 0.035645262157560594 
32 33 0.03564526227218884 
33 34 0.035645262346836626 
34 35 0.03564526239753723 
35 36 0.035645262428594914 
36 37 0.035645262447436064 
37 38 0.03564526245850104 
38 39 0.03564526246265296 
39 40 0.03564526248413336 
40 41 0.03564526251759787 
41 42 0.03564526252120177 
42 43 0.03564526251442027 
43 44 0.03564526250664406 
44 45 0.03564526250064511 
45 46 0.0356452624966578 
46 47 0.03564526249484744 
47 48 0.035645262490781926 
48 49 0.03564526248825475 
49 50 0.035645262485930876 
50 51 0.035645262483634865 
51 52 0.03564526248321402 
52 53 0.03564526248248519 
53 54 0.03564526247941478 
54 55 0.035645262483687476 
55 56 0.03564526248602041 
56 57 0.035645262484496815 
57 58 0.035645262479615296 
58 59 0.035645262487690885 
59 60 0.03564526245395005 
60 61 0.035645262510405444 
61 62 0.035645262500392516 
62 63 0.03564526248921503 
63 64 0.03564526248080723 
64 65 0.035645262478072204 
65 66 0.035645262479885094 
66 67 0.03564526248413159 
67 68 0.035645262480756994 
68 69 0.03564526243993703 
69 70 0.03564526238412063 
70 71 0.035645262473641616 
71 72 0.03564526253386114 
72 73 0.03564526255568266 
73 74 0.03564526255311642 
74 75 0.035645262540936515 
75 76 0.03564526252680153 
76 77 0.03564526251628589 
77 78 0.03564526250815228 
78 79 0.035645262501819694 
79 80 0.03564526249687032 
80 81 0.035645262493742835 
81 82 0.03564526249092236 
82 83 0.03564526248930535 
83 84 0.03564526248924407 
84 85 0.03564526248763526 
85 86 0.03564526248647241 
86 87 0.03564526248590453 
87 88 0.03564526248562603 
88 89 0.03564526248413826 
89 90 0.03564526248593713 
90 91 0.0356452624885306 
91 92 0.03564526250434276 
92 93 0.03564526248842274 
93 94 0.03564526248457718 
94 95 0.03564526248266348 
95 96 0.03564526247169486 
96 97 0.035645262429595516 
97 98 0.03564526245425491 
98 99 0.03564526250100673 
99 100 0.03564526251671938 
100 101 0.03564526251722651 
101 102 0.03564526251197001 
102 103 0.03564526250578859 
103 104 0.03564526250038576 
104 105 0.03564526249536793 
105 106 0.03564526248674263 
106 107 0.03564526248297746 
107 108 0.035645262487868916 
108 109 0.0356452624938264 
109 110 0.035645262495910844 
110 111 0.035645262495211105 
111 112 0.03564526249357704 
112 113 0.03564526249216734 
113 114 0.035645262491135164 
114 115 0.03564526248874765 
115 116 0.03564526248424933 
116 117 0.03564526248402124 
117 118 0.03564526249198962 
118 119 0.03564526249183045 
119 120 0.035645262485137066 
120 121 0.03564526248114627 
121 122 0.035645262480250434 
122 123 0.03564526248049808 
123 124 0.03564526248220387 
124 125 0.03564526248368693 
125 126 0.03564526248442667 
126 127 0.03564526248446232 
127 128 0.03564526248526605 
128 129 0.03564526248582866 
129 130 0.035645262484437425 
130 131 0.03564526248544954 
131 132 0.0356452624867922 
132 133 0.0356452624860616 
133 134 0.035645262487117406 
134 135 0.03564526248786475 
135 136 0.03564526248743636 
136 137 0.03564526248639118 
137 138 0.0356452624782064 
138 139 0.0356452624850242 
139 140 0.03564526248699669 
140 141 0.03564526248692812 
141 142 0.03564526248660505 
142 143 0.03564526248913682 
143 144 0.03564526250992474 
144 145 0.03564526245468007 
145 146 0.035645262424995196 
146 147 0.03564526236493094 
147 148 0.03564526250662753 
148 149 0.035645262596028994 
149 150 0.03564526261785911 
150 151 0.03564526260533756 
151 152 0.035645262579874104 
152 153 0.035645262555220866 
153 154 0.03564526253540521 
154 155 0.035645262529544045 
155 156 0.03564526253346312 
156 157 0.03564526251008349 
157 158 0.03564526249284377 
158 159 0.03564526248369295 
159 160 0.035645262480229374 
160 161 0.03564526247986659 
161 162 0.03564526248080915 
162 163 0.03564526248140833 
163 164 0.03564526248271593 
164 165 0.03564526248313586 
165 166 0.03564526248323758 
166 167 0.035645262482771 
167 168 0.03564526248200544 
168 169 0.035645262483375934 
169 170 0.035645262491948895 
170 171 0.035645262518926184 
171 172 0.035645262584801156 
172 173 0.03564526272013277 
173 174 0.03564526295359344 
174 175 0.03564526326199534 
175 176 0.03564526342805165 
176 177 0.03564526273751796 
177 178 0.0356452594747204 
178 179 0.035645249995792036 
179 180 0.03564522781025236 
180 181 0.035645184018039545 
181 182 0.035645112333367965 
182 183 0.035645027205161474 
183 184 0.03564501119674734 
184 185 0.0356453183679152 
185 186 0.03564656559600603 
186 187 0.03565001807511451 
187 188 0.03565785137866658 
188 189 0.03567290638166581 
189 190 0.03569657095013839 
190 191 0.03572159706635884 
191 192 0.03571363939047901 
192 193 0.03557061369639624 
193 194 0.035045965733101925 
194 195 0.03364064688275619 
195 196 0.03042141642140924 
196 197 0.02431724198575348 
197 198 0.015136517835414753 
