2 -0.878712642862623 
3 0.8674795554186965 
4 -0.8613367898745309 
5 0.8590711607088393 
6 -0.858293901793326 
7 0.8581021881501479 
8 -0.8581042925937259 
9 0.8581455319271314 
10 -0.8581805292050334 
11 0.8582017525924504 
12 -0.8582124428798688 
13 0.858217037720361 
14 -0.8582186598401599 
15 0.858219046628301 
16 -0.8582190190330028 
17 0.8582189079739446 
18 -0.858218811770264 
19 0.8582187544761531 
20 -0.8582187329027576 
21 0.8582187243519158 
22 -0.858218720910233 
23 0.8582187194091625 
24 -0.8582187185707775 
25 0.8582187179479022 
26 -0.8582187174208797 
27 0.8582187169763426 
28 -0.8582187166195431 
29 0.8582187163474929 
30 -0.8582187161492908 
31 0.8582187160075276 
32 -0.8582187159151659 
33 0.8582187158468512 
34 -0.8582187158035369 
35 0.8582187157729445 
36 -0.8582187157550276 
37 0.8582187157446666 
38 -0.8582187157281631 
39 0.8582187158713441 
40 -0.8582187157289346 
41 0.8582187156891706 
42 -0.8582187156889448 
43 0.8582187156971077 
44 -0.8582187157051546 
45 0.8582187157111578 
46 -0.8582187157135843 
47 0.8582187157163359 
48 -0.8582187157188225 
49 0.8582187157214325 
50 -0.8582187157223623 
51 0.8582187157230899 
52 -0.8582187157220048 
53 0.8582187157278456 
54 -0.8582187157259296 
55 0.8582187157218993 
56 -0.8582187157211627 
57 0.858218715723522 
58 -0.8582187157234412 
59 0.8582187157750254 
60 -0.8582187157526002 
61 0.8582187157156358 
62 -0.8582187157182212 
63 0.858218715726718 
64 -0.8582187157300724 
65 0.8582187157295131 
66 -0.8582187157240855 
67 0.8582187157169818 
68 -0.8582187156915206 
69 0.8582187158071797 
70 -0.8582187157899202 
71 0.8582187157133097 
72 -0.8582187156758273 
73 0.8582187156678202 
74 -0.8582187156740051 
75 0.8582187156864015 
76 -0.8582187156960139 
77 0.8582187157032305 
78 -0.8582187157086192 
79 0.8582187157126924 
80 -0.8582187157159462 
81 0.8582187157166893 
82 -0.8582187157200487 
83 0.8582187157192855 
84 -0.8582187157205142 
85 0.8582187157217632 
86 -0.8582187157222352 
87 0.858218715721102 
88 -0.8582187157307525 
89 0.8582187157245137 
90 -0.8582187157217781 
91 0.8582187157241252 
92 -0.858218715722738 
93 0.8582187157265511 
94 -0.858218715727701 
95 0.8582187157242304 
96 -0.8582187157133787 
97 0.8582187157439498 
98 -0.8582187156951067 
99 0.8582187156791402 
100 -0.8582187156835914 
101 0.8582187156924735 
102 -0.8582187157008344 
103 0.8582187157072031 
104 -0.8582187157118126 
105 0.8582187157128128 
106 -0.8582187157244054 
107 0.8582187157282186 
108 -0.8582187157187905 
109 0.858218715715334 
110 -0.8582187157148289 
111 0.8582187157159715 
112 -0.8582187157176848 
113 0.8582187157182004 
114 -0.8582187157187418 
115 0.8582187157187762 
116 -0.8582187157226558 
117 0.8582187157022153 
118 -0.858218715712432 
119 0.8582187157199521 
120 -0.8582187157241549 
121 0.8582187157261172 
122 -0.8582187157276572 
123 0.8582187157259138 
124 -0.8582187157243449 
125 0.8582187157235363 
126 -0.8582187157235691 
127 0.8582187157234119 
128 -0.858218715722377 
129 0.8582187157239404 
130 -0.8582187157233011 
131 0.8582187157223353 
132 -0.8582187157230855 
133 0.8582187157225049 
134 -0.8582187157212173 
135 0.858218715720825 
136 -0.8582187157217306 
137 0.8582187157191417 
138 -0.858218715730866 
139 0.8582187157215168 
140 -0.8582187157219447 
141 0.8582187157157639 
142 -0.8582187157196084 
143 0.8582187157253659 
144 -0.8582187157395952 
145 0.8582187157403255 
146 -0.8582187158179819 
147 0.8582187157974334 
148 -0.8582187156937252 
149 0.8582187156431917 
150 -0.8582187156352262 
151 0.8582187156456293 
152 -0.8582187156635902 
153 0.8582187156815542 
154 -0.8582187156978858 
155 0.8582187157124522 
156 -0.8582187156983762 
157 0.8582187157142918 
158 -0.8582187157239799 
159 0.8582187157273155 
160 -0.8582187157280871 
161 0.8582187157270488 
162 -0.858218715727211 
163 0.8582187157254574 
164 -0.8582187157241865 
165 0.8582187157243961 
166 -0.8582187157248682 
167 0.8582187157260598 
168 -0.85821871572681 
169 0.8582187157248956 
170 -0.8582187157140146 
171 0.8582187156805654 
172 -0.8582187155995931 
173 0.8582187154341605 
174 -0.8582187151558731 
175 0.8582187147800597 
176 -0.8582187145984115 
177 0.8582187154809339 
178 -0.8582187195710995 
179 0.8582187315100287 
180 -0.8582187595183691 
181 0.8582188151859846 
182 -0.8582189073098547 
183 0.8582190190230812 
184 -0.8582190462845247 
185 0.8582186595620444 
186 -0.8582170375294151 
187 0.8582124427035517 
188 -0.858201752250426 
189 0.8581805288678859 
190 -0.8581455319293195 
191 0.8581042928043424 
192 -0.8581021881540755 
193 0.8582939017907284 
194 -0.859071160675682 
195 0.8613367896475231 
196 -0.8674795552337498 
197 0.878712642454504 
