2 3 0.00568274802365849 
3 4 0.0062164025379241655 
4 5 0.006349276095910767 
5 6 0.006364399276121462 
6 7 0.006362036037220629 
7 8 0.006359917114924825 
8 9 0.006359197658385903 
9 10 0.006359044495808933 
10 11 0.006359030385395693 
11 12 0.006359035403987669 
12 13 0.006359038465698082 
13 14 0.006359039306040252 
14 15 0.00635903944233076 
15 16 0.006359039437694043 
16 17 0.006359039424686739 
17 18 0.00635903941906618 
18 19 0.006359039417433716 
19 20 0.006359039417112261 
20 21 0.006359039417094712 
21 22 0.006359039417145617 
22 23 0.0063590394171531995 
23 24 0.006359039418123399 
24 25 0.006359039415151355 
25 26 0.006359039423236579 
26 27 0.006359039398038512 
27 28 0.00635903943012647 
28 29 0.0063590394234002605 
29 30 0.006359039419349851 
30 31 0.006359039417829525 
31 32 0.006359039417305841 
32 33 0.006359039417267813 
33 34 0.00635903941713682 
34 35 0.00635903941697065 
35 36 0.006359039417234547 
36 37 0.006359039417974474 
37 38 0.006359039422072127 
38 39 0.006359039423616944 
39 40 0.006359039365378297 
40 41 0.0063590392339516015 
41 42 0.006359039400288578 
42 43 0.006359039419903182 
43 44 0.006359039419511177 
44 45 0.0063590394184231715 
45 46 0.00635903941804223 
46 47 0.006359039417444955 
47 48 0.0063590394173322065 
48 49 0.006359039418899518 
49 50 0.006359039416385461 
50 51 0.006359039408204944 
51 52 0.00635903941305478 
52 53 0.006359039415079812 
53 54 0.0063590394171906825 
54 55 0.006359039417142493 
55 56 0.006359039417136198 
56 57 0.006359039417348257 
57 58 0.006359039418390208 
58 59 0.006359039423946823 
59 60 0.0063590394047515555 
60 61 0.0063590394120529746 
61 62 0.006359039418885649 
62 63 0.0063590394180137655 
63 64 0.006359039417399742 
64 65 0.006359039417184844 
65 66 0.006359039417131774 
66 67 0.006359039417122236 
67 68 0.0063590394171233605 
68 69 0.0063590394172562004 
69 70 0.006359039417112596 
70 71 0.006359039416808072 
71 72 0.006359039418648089 
72 73 0.006359039417928523 
73 74 0.0063590394173688985 
74 75 0.00635903941715472 
75 76 0.006359039417124165 
76 77 0.006359039417113639 
77 78 0.0063590394171061685 
78 79 0.006359039417066461 
79 80 0.006359039417029108 
80 81 0.006359039417175194 
81 82 0.00635903941736118 
82 83 0.006359039417288503 
83 84 0.006359039416916744 
84 85 0.006359039416710155 
85 86 0.0063590394169099305 
86 87 0.006359039417009087 
87 88 0.006359039416881219 
88 89 0.006359039417004627 
89 90 0.006359039417079446 
90 91 0.00635903941709208 
91 92 0.006359039417549308 
92 93 0.006359039417777915 
93 94 0.006359039417337568 
94 95 0.006359039417148233 
95 96 0.006359039417102047 
96 97 0.006359039417137061 
97 98 0.006359039417191058 
98 99 0.006359039416972997 
99 100 0.006359039416152296 
100 101 0.006359039428314339 
101 102 0.006359039421452086 
102 103 0.0063590394183751404 
103 104 0.00635903941757865 
104 105 0.006359039417485848 
105 106 0.006359039417196421 
106 107 0.006359039412955174 
107 108 0.00635903939210805 
108 109 0.006359039512650541 
109 110 0.006359039445154801 
110 111 0.0063590394246505295 
111 112 0.006359039419774546 
112 113 0.006359039417417001 
113 114 0.006359039417066512 
114 115 0.00635903941706665 
115 116 0.006359039417091342 
116 117 0.006359039417127737 
117 118 0.006359039415613214 
118 119 0.006359039416515813 
119 120 0.00635903941652777 
120 121 0.006359039416861692 
121 122 0.006359039417020455 
122 123 0.006359039417068693 
123 124 0.006359039417075147 
124 125 0.006359039416960823 
125 126 0.006359039416742485 
126 127 0.006359039417529059 
127 128 0.006359039417260726 
128 129 0.006359039417153729 
129 130 0.006359039417109977 
130 131 0.0063590394171021206 
131 132 0.006359039417092936 
132 133 0.0063590394170685806 
133 134 0.006359039417028355 
134 135 0.006359039417792237 
135 136 0.006359039413397441 
136 137 0.006359039412016799 
137 138 0.006359039415214936 
138 139 0.006359039416500516 
139 140 0.006359039416931901 
140 141 0.0063590394170473285 
141 142 0.006359039417179663 
142 143 0.00635903941724309 
143 144 0.006359039417161604 
144 145 0.006359039417082947 
145 146 0.0063590394162060995 
146 147 0.006359039391565302 
147 148 0.006359039409113184 
148 149 0.006359039410345646 
149 150 0.006359039414443058 
150 151 0.006359039416202237 
151 152 0.006359039416772235 
152 153 0.006359039416715065 
153 154 0.0063590394165395974 
154 155 0.006359039414579357 
155 156 0.006359039416028799 
156 157 0.006359039416995098 
157 158 0.006359039417841268 
158 159 0.006359039420773256 
159 160 0.006359039437585481 
160 161 0.006359039417287738 
161 162 0.006359039416384866 
162 163 0.006359039412207641 
163 164 0.0063590394137638786 
164 165 0.00635903941534647 
165 166 0.006359039416478264 
166 167 0.006359039430350681 
167 168 0.006359039419466506 
168 169 0.006359039416218451 
169 170 0.006359039414156235 
170 171 0.006359039415640717 
171 172 0.00635903944995459 
172 173 0.006359039600002943 
173 174 0.0063590394780587665 
174 175 0.006359039536993843 
175 176 0.006359039281163998 
176 177 0.006359039345448168 
177 178 0.006359039390523 
178 179 0.006359039408332763 
179 180 0.006359039414346768 
180 181 0.006359039416441781 
181 182 0.006359039418232365 
182 183 0.006359039422737254 
183 184 0.006359039431522565 
184 185 0.006359039422087666 
185 186 0.006359039242898815 
186 187 0.006359038308368015 
187 188 0.006359035274759293 
188 189 0.006359030424864166 
189 190 0.0063590445288159965 
190 191 0.0063591976825028195 
191 192 0.006359917029351456 
192 193 0.006362035479524266 
193 194 0.006364398958483874 
194 195 0.006349275712921239 
195 196 0.006216402269302489 
196 197 0.005682747877081905 
197 198 0.004437339894123003 
