2 -0.9721801193002444 
3 0.9695285053087696 
4 -0.9664134205325182 
5 0.9630056083428581 
6 -0.9581625536545874 
7 0.9514614998018207 
8 -0.9427464055798659 
9 0.9318807723312036 
10 -0.9186972050298018 
11 0.9030371464415369 
12 -0.8847812393759261 
13 0.8638475846853743 
14 -0.840182088878182 
15 0.8137577792427888 
16 -0.7845776657842084 
17 0.7526747049268815 
18 -0.718110940609513 
19 0.6809772902893101 
20 -0.6413911100781732 
21 0.5994922671746814 
22 -0.5554424613161137 
23 0.5094262884757847 
24 -0.46164845670362625 
25 0.4123263466173983 
26 -0.36168863340132873 
27 0.3099769022544086 
28 -0.25744414419661255 
29 0.2043472854148383 
30 -0.15094215508814496 
31 0.09748678329420732 
32 -0.0442422651157399 
33 -0.008533695366122689 
34 0.06059318994930757 
35 -0.11169607796759896 
36 0.16160622380698858 
37 -0.21009562802774082 
38 0.25695050331270614 
39 -0.3019708167436119 
40 0.34496649095524146 
41 -0.3857577781256639 
42 0.4241799500978686 
43 -0.4600836466539824 
44 0.49333345487873714 
45 -0.5238057419357032 
46 0.551389519261448 
47 -0.5759900089586871 
48 0.5975245938904532 
49 -0.6159256677182667 
50 0.6311382548528055 
51 -0.6431211487301666 
52 0.6518424387277949 
53 -0.6572867337015854 
54 0.6594548870705201 
55 -0.6583596071508472 
56 0.6540086859681421 
57 -0.6464331905630053 
58 0.635699119453582 
59 -0.6218704574947291 
60 0.6050112351887562 
61 -0.5852180757021802 
62 0.5625816325742504 
63 -0.5372450624290724 
64 0.5093371756080926 
65 -0.47901319667902964 
66 0.44638108818822864 
67 -0.4116588188475287 
68 0.3749128346132272 
69 -0.33657964615417546 
70 0.2965535302431658 
71 -0.25518879139053297 
72 0.21271033309643134 
73 -0.16930724162339147 
74 0.1251218778747405 
75 -0.08041546383033119 
76 0.035386188164150324 
77 0.009793115671964024 
78 -0.05488059254482355 
79 0.09959115189105619 
80 -0.1437760297899864 
81 0.1872215424430019 
82 -0.22968778911471074 
83 0.27091243108835733 
84 -0.3107159876365906 
85 0.34891611005726625 
86 -0.3853386604469554 
87 0.4197728732502073 
88 -0.45205930473658884 
89 0.48206385191915097 
90 -0.5096311733525812 
91 0.5346096612669782 
92 -0.5568834280399019 
93 0.5763835376052279 
94 -0.5929974777376166 
95 0.6066843234242745 
96 -0.6173664052702821 
97 0.6249651101529322 
98 -0.6294730780402785 
99 0.6308659637200583 
100 -0.6291517338022713 
101 0.6242727493544478 
102 -0.6163300906595934 
103 0.6053523295055504 
104 -0.5913483512826015 
105 0.5743186621219616 
106 -0.554382067524233 
107 0.5316705830549862 
108 -0.5062742770606768 
109 0.47827616985618526 
110 -0.44783175946526277 
111 0.41513820297560966 
112 -0.3801786736192331 
113 0.3432514302963686 
114 -0.3046620677940305 
115 0.2644228042932544 
116 -0.2227763199633699 
117 0.17980621752824288 
118 -0.13576284756579501 
119 0.09093235952552167 
120 -0.04551399144842608 
121 -0.0003362205180959081 
122 0.046334940915329775 
123 -0.09235222884983174 
124 0.13802527286927307 
125 -0.1831231634880175 
126 0.2273440676201345 
127 -0.270544458437162 
128 0.3124572514759537 
129 -0.3527396045057838 
130 0.39156155740969223 
131 -0.4282602293726353 
132 0.46277959678667185 
133 -0.4948788645173125 
134 0.5247112717753826 
135 -0.5519714231431814 
136 0.576529204214024 
137 -0.5983139926551249 
138 0.6171895207264037 
139 -0.6330757392029496 
140 0.6459608460112709 
141 -0.6556858429370505 
142 0.6622454814078471 
143 -0.6655722127581238 
144 0.6656951222692312 
145 -0.6625547077494526 
146 0.6562111890036505 
147 -0.646641562844745 
148 0.6339053072547918 
149 -0.618035259316699 
150 0.5990549572758102 
151 -0.5770918754985357 
152 0.5521867468540814 
153 -0.5244316998616657 
154 0.493922355744591 
155 -0.46078410540751785 
156 0.4251505655573191 
157 -0.38711977214613724 
158 0.34685886995013504 
159 -0.30452174203863935 
160 0.26027115957312885 
161 -0.21429643603450169 
162 0.16676461314512156 
163 -0.11788138164778378 
164 0.06788370433607771 
165 -0.01698742228330261 
166 -0.03459509251820752 
167 0.08663842712392834 
168 -0.13889641482459997 
169 0.1911351504799203 
170 -0.2431166996467544 
171 0.2946113686937594 
172 -0.34537811909521865 
173 0.39518167548347455 
174 -0.4437966564223449 
175 0.4910176163276345 
176 -0.5366378866903262 
177 0.5804553310550037 
178 -0.6222913590725163 
179 0.6619934669689945 
180 -0.6994242010855625 
181 0.734458391918165 
182 -0.7669986169676889 
183 0.7969774950578946 
184 -0.8243522559233273 
185 0.8491013732901092 
186 -0.871231498832255 
187 0.8907789739020959 
188 -0.9078048727426958 
189 0.9223929443306472 
190 -0.9346604894828502 
191 0.9447621768510769 
192 -0.9528586153424566 
193 0.9590761704082997 
194 -0.9635582772878811 
195 0.9667134509346572 
196 -0.969667274479775 
197 0.9722293861303802 
