2 3 0.00022507555636308636 
3 4 9.438232593817338e-06 
4 5 4.010551782493049e-06 
5 6 6.7021174778701e-07 
6 7 5.188336174711919e-07 
7 8 4.7234675257414407e-07 
8 9 4.665153199177092e-07 
9 10 4.6567425425409965e-07 
10 11 4.656453444744891e-07 
11 12 4.656199842455635e-07 
12 13 4.6561360876898994e-07 
13 14 4.6561413508122746e-07 
14 15 4.6561423743080637e-07 
15 16 4.6561387168242703e-07 
16 17 4.6561455722806744e-07 
17 18 4.6561456965544225e-07 
18 19 4.656141881181461e-07 
19 20 4.656141727446827e-07 
20 21 4.656141203194636e-07 
21 22 4.656140993734023e-07 
22 23 4.656141019116436e-07 
23 24 4.6561410161003646e-07 
24 25 4.6561409654174955e-07 
25 26 4.656140886686603e-07 
26 27 4.656135352488253e-07 
27 28 4.6561377301344916e-07 
28 29 4.6561462388874396e-07 
29 30 4.6561425626807177e-07 
30 31 4.656141743545294e-07 
31 32 4.6561392709299924e-07 
32 33 4.656142473434043e-07 
33 34 4.6561409420246356e-07 
34 35 4.656140957334692e-07 
35 36 4.656141021396298e-07 
36 37 4.6561410176348035e-07 
37 38 4.6561410091314063e-07 
38 39 4.656141025575775e-07 
39 40 4.6561410200190196e-07 
40 41 4.6561410195331716e-07 
41 42 4.656141028822299e-07 
42 43 4.65614101951132e-07 
43 44 4.656141020676829e-07 
44 45 4.6561410248649475e-07 
45 46 4.656141019865513e-07 
46 47 4.6561410159617853e-07 
47 48 4.656141024687814e-07 
48 49 4.6561410241705245e-07 
49 50 4.6561410240842897e-07 
50 51 4.6561410294558767e-07 
51 52 4.656141009236768e-07 
52 53 4.656140911293347e-07 
53 54 4.6561407770173913e-07 
54 55 4.65614083366847e-07 
55 56 4.6561372217474666e-07 
56 57 4.6561390529835563e-07 
57 58 4.6563094035099996e-07 
58 59 4.656223184372638e-07 
59 60 4.656100846522128e-07 
60 61 4.6564169083492394e-07 
61 62 4.6559773987095643e-07 
62 63 4.6560971009891847e-07 
63 64 4.656160888021762e-07 
64 65 4.6561435547212946e-07 
65 66 4.656140134697188e-07 
66 67 4.656141005570849e-07 
67 68 4.656141091734543e-07 
68 69 4.656140793861567e-07 
69 70 4.656140533802725e-07 
70 71 4.656140396741578e-07 
71 72 4.65614219937187e-07 
72 73 4.656141166197549e-07 
73 74 4.656141054147857e-07 
74 75 4.6561410242950426e-07 
75 76 4.6561410092637404e-07 
76 77 4.656141010720235e-07 
77 78 4.6561410300085726e-07 
78 79 4.6561410510855284e-07 
79 80 4.6561410299461944e-07 
80 81 4.656140982759944e-07 
81 82 4.6561409514870566e-07 
82 83 4.6561418755974213e-07 
83 84 4.656135360877869e-07 
84 85 4.656131388527059e-07 
85 86 4.6561405620805193e-07 
86 87 4.656136404745229e-07 
87 88 4.6561410634733324e-07 
88 89 4.6561411166510513e-07 
89 90 4.656141049173633e-07 
90 91 4.6561497060318087e-07 
91 92 4.656150223306834e-07 
92 93 4.656148423364063e-07 
93 94 4.6561460104543745e-07 
94 95 4.6561326541676703e-07 
95 96 4.6561456975456686e-07 
96 97 4.6561483262165056e-07 
97 98 4.6559859532443254e-07 
98 99 4.656092944237378e-07 
99 100 4.655972371650581e-07 
100 101 4.656183433449279e-07 
101 102 4.656060082747914e-07 
102 103 4.656278807257154e-07 
103 104 4.656179103699043e-07 
104 105 4.6561191333510667e-07 
105 106 4.6561435587877134e-07 
106 107 4.656137927005869e-07 
107 108 4.6561997688237924e-07 
108 109 4.656453368652597e-07 
109 110 4.656742407958382e-07 
110 111 4.6651531380281387e-07 
111 112 4.723467368672397e-07 
112 113 5.188336449773745e-07 
113 114 6.702112282480548e-07 
114 115 4.010561952967372e-06 
115 116 9.438243428620482e-06 
116 117 0.0002250756282745893 
117 118 0.00023053061373266238 
