2 -0.5620626479331977 
3 -0.5832307895306696 
4 -0.5943326535763659 
5 -0.6011400934897523 
6 -0.6057249783392753 
7 -0.6090131995177955 
8 -0.6114802155003217 
9 -0.6133950108081409 
10 -0.6149210692019785 
11 -0.6161634012327387 
12 -0.6171924963520333 
13 -0.6180574020020955 
14 -0.6187932809940635 
15 -0.6194259866297811 
16 -0.6199749428842354 
17 -0.6204550190922523 
18 -0.6208777860636346 
19 -0.621252377992946 
20 -0.6215861007548059 
21 -0.6218848625650143 
22 -0.6221534913578122 
23 -0.6223959710723523 
24 -0.6226156154960867 
25 -0.6228152025271122 
26 -0.6229970773482372 
27 -0.6231632326108187 
28 -0.6233153714322331 
29 -0.6234549573887167 
30 -0.6235832544971992 
31 -0.6237013594540404 
32 -0.623810227819719 
33 -0.6239106954247209 
34 -0.6240034959848195 
35 -0.6240892756793226 
36 -0.6241686052840066 
37 -0.6242419903167817 
38 -0.6243098795695481 
39 -0.6243726723066858 
40 -0.6244307243671438 
41 -0.6244843533572533 
42 -0.6245338430842289 
43 -0.6245794473531318 
44 -0.6246213932252578 
45 -0.6246598838253536 
46 -0.6246951007611822 
47 -0.6247272062142463 
48 -0.6247563447438199 
49 -0.6247826448493453 
50 -0.6248062203200679 
51 -0.6248271713969065 
52 -0.6248455857713883 
53 -0.6248615394434982 
54 -0.6248750974477681 
55 -0.6248863144626465 
56 -0.6248952353183126 
57 -0.6249018954033062 
58 -0.624906320986639 
59 -0.6249085294525207 
60 -0.6249085294552359 
61 -0.6249063209944903 
62 -0.624901895416915 
63 -0.6248952353380179 
64 -0.6248863144885244 
65 -0.6248750974796 
66 -0.6248615394809878 
67 -0.6248455858136683 
68 -0.6248271714427456 
69 -0.6248062203687239 
70 -0.6247826448997755 
71 -0.6247563447952658 
72 -0.624727206265897 
73 -0.624695100811094 
74 -0.624659883870583 
75 -0.6246213932632291 
76 -0.6245794473808362 
77 -0.6245338430983167 
78 -0.624484353353714 
79 -0.6244307243420806 
80 -0.6243726722554687 
81 -0.6243098794863817 
82 -0.6242419901948644 
83 -0.6241686051159065 
84 -0.6240892754569812 
85 -0.6240034956980964 
86 -0.6239106950632535 
87 -0.6238102273723786 
88 -0.6237013589097499 
89 -0.6235832538460255 
90 -0.6234549566245255 
91 -0.6233153705540562 
92 -0.6231632316267699 
93 -0.6229970762787562 
94 -0.622815201401588 
95 -0.6226156143520217 
96 -0.6223959699285094 
97 -0.6221534901854043 
98 -0.6218848613953354 
99 -0.6215861002091525 
100 -0.6212523777446117 
101 -0.6208777853710866 
102 -0.6204550183959018 
103 -0.6199749420946182 
104 -0.6194259857972257 
105 -0.6187932801449191 
106 -0.6180574012051875 
107 -0.6171924956770514 
108 -0.616163400950824 
109 -0.6149210694059782 
110 -0.6133950114024452 
111 -0.6114802156842698 
112 -0.6090131996488504 
113 -0.6057249782137725 
114 -0.6011400934567551 
115 -0.5943326535419862 
116 -0.5832307895100846 
117 -0.5620626479226881 
