2 3 1.0378808419967338 
3 4 0.9422043123078074 
4 5 1.189924145836789 
5 6 1.244776923889511 
6 7 1.1364648294572273 
7 8 1.1816623013331868 
8 9 1.262020775345776 
9 10 1.2349223986290327 
10 11 1.220721442000218 
11 12 1.2595477907909065 
12 13 1.2609271990104338 
13 14 1.2535195903571623 
14 15 1.2715265485557192 
15 16 1.2719987111899393 
16 17 1.2664714016607146 
17 18 1.2815551518565131 
18 19 1.2828744586717078 
19 20 1.2738924583158437 
20 21 1.2843895147376656 
21 22 1.2912327386298375 
22 23 1.2807804837503252 
23 24 1.2841535855512176 
24 25 1.2949830955736998 
25 26 1.2868976348762515 
26 27 1.2840923684309593 
27 28 1.294907144612829 
28 29 1.2914402049138343 
29 30 1.2850776030133135 
30 31 1.2926686693763516 
31 32 1.2941215773212067 
32 33 1.2867847310900309 
33 34 1.2898665486068805 
34 35 1.2949451036201804 
35 36 1.2886397458835455 
36 37 1.2876886862598496 
37 38 1.2940498208007767 
38 39 1.290206771878238 
39 40 1.286690183391776 
40 41 1.2918810458612826 
41 42 1.291210710798281 
42 43 1.2867783148648237 
43 44 1.2892437520467461 
44 45 1.2914580321744111 
45 46 1.2874754252251348 
46 47 1.2870558959206297 
47 48 1.290830121976138 
48 49 1.288270731849225 
49 50 1.2859507443257558 
50 51 1.2894089308837475 
51 52 1.288830469787514 
52 53 1.2860201289449247 
53 54 1.287602908594687 
54 55 1.2889928922606964 
55 56 1.286867057324968 
56 57 1.2860827220956517 
57 58 1.2886822002299527 
58 59 1.287906741523819 
59 60 1.2854885137999947 
60 61 1.287906529148253 
61 62 1.2886807943200114 
62 63 1.286082940974211 
63 64 1.286864758495846 
64 65 1.2889891025238513 
65 66 1.287600639115431 
66 67 1.2860145788905362 
67 68 1.2888223337639693 
68 69 1.2894001929421424 
69 70 1.2859400888420627 
70 71 1.2882553921341198 
71 72 1.290811094115424 
72 73 1.2870372169332975 
73 74 1.2874500419227417 
74 75 1.2914265605884412 
75 76 1.2892138181282498 
76 77 1.2867414001545507 
77 78 1.2911664126841835 
78 79 1.291837178274986 
79 80 1.2866415006998528 
80 81 1.2901500886947825 
81 82 1.2939907671726323 
82 83 1.2876286251301077 
83 84 1.2885715015051993 
84 85 1.2948717072129186 
85 86 1.289795646368403 
86 87 1.2867067598081325 
87 88 1.2940374931586556 
88 89 1.2925887205005024 
89 90 1.2849938448994842 
90 91 1.2913513152703937 
91 92 1.294822109847791 
92 93 1.2840085664493845 
93 94 1.2868104086008487 
94 95 1.294898574428081 
95 96 1.2840755729567437 
96 97 1.2807010729619264 
97 98 1.2911553118763934 
98 99 1.2843223646058495 
99 100 1.2738266070978033 
100 101 1.2828105823050613 
101 102 1.2815026207446443 
102 103 1.2664235802169115 
103 104 1.2719525328334946 
104 105 1.27148982472063 
105 106 1.2534904990401559 
106 107 1.260898739645958 
107 108 1.2595254056671874 
108 109 1.2207076043752456 
109 110 1.2349102216598473 
110 111 1.262010674977771 
111 112 1.181660228090018 
112 113 1.1364634209785758 
113 114 1.2447735858571907 
114 115 1.1899253776258076 
115 116 0.942208046788513 
116 117 1.0378829757001324 
117 118 1.2572300364268485 
