2 -0.42934398535691215 
3 -0.4390364439341324 
4 -0.44314146498051077 
5 -0.4440239637073027 
6 -0.44419309754793646 
7 -0.44418168793961893 
8 -0.4441462908439508 
9 -0.4441231643302692 
10 -0.4441117921707074 
11 -0.4441071308267342 
12 -0.44410553416610343 
13 -0.44410511312264633 
14 -0.44410506431144847 
15 -0.4441050983599911 
16 -0.4441051324964236 
17 -0.44410515284549285 
18 -0.444105161107103 
19 -0.44410516383826104 
20 -0.44410517402534827 
21 -0.4441051702843929 
22 -0.4441051672207243 
23 -0.44410516638112724 
24 -0.4441051631721499 
25 -0.44410516486347573 
26 -0.44410516654861965 
27 -0.4441051671874039 
28 -0.4441051675642968 
29 -0.44410516649863635 
30 -0.44410516550771684 
31 -0.4441051637944635 
32 -0.4441051709936265 
33 -0.4441051745444461 
34 -0.4441051748399177 
35 -0.4441051756119833 
36 -0.44410517272271793 
37 -0.4441051726100937 
38 -0.4441051700940566 
39 -0.44410516823290463 
40 -0.4441051648067786 
41 -0.44410516689610524 
42 -0.4441051612226192 
43 -0.44410516484418827 
44 -0.44410516677655504 
45 -0.4441051670244688 
46 -0.44410516751019113 
47 -0.4441051677406876 
48 -0.4441051672276359 
49 -0.4441051669442172 
50 -0.44410516678600415 
51 -0.44410516668360733 
52 -0.4441051666210489 
53 -0.44410516658645505 
54 -0.44410516658040633 
55 -0.44410516661635446 
56 -0.44410516646930864 
57 -0.4441051668384396 
58 -0.4441051663229105 
59 -0.44410516648304194 
60 -0.44410516650074827 
61 -0.444105165179452 
62 -0.44410516820571916 
63 -0.44410516536233924 
64 -0.4441051657440119 
65 -0.44410516593587324 
66 -0.4441051653344208 
67 -0.4441051642850776 
68 -0.44410516488474877 
69 -0.4441051656706871 
70 -0.4441051664988643 
71 -0.44410516701618885 
72 -0.44410516722172105 
73 -0.44410516723371535 
74 -0.4441051671454918 
75 -0.4441051670255138 
76 -0.44410516690754803 
77 -0.44410516681147466 
78 -0.4441051667338703 
79 -0.4441051666749459 
80 -0.4441051666380096 
81 -0.44410516660680244 
82 -0.4441051665880341 
83 -0.4441051665748495 
84 -0.44410516656655424 
85 -0.44410516656150345 
86 -0.4441051665581546 
87 -0.444105166554322 
88 -0.4441051665534284 
89 -0.4441051665522312 
90 -0.44410516655146887 
91 -0.44410516655054616 
92 -0.44410516654587945 
93 -0.44410516656076165 
94 -0.44410516656683124 
95 -0.44410516658398835 
96 -0.44410516662037225 
97 -0.44410516667196076 
98 -0.44410516668430805 
99 -0.4441051664396751 
100 -0.444105165297708 
101 -0.4441051616900933 
102 -0.4441051524235606 
103 -0.44410513250637934 
104 -0.444105098474151 
105 -0.44410506433266417 
106 -0.4441051131721734 
107 -0.4441055341909632 
108 -0.44410713086628706 
109 -0.4441117921188572 
110 -0.4441231643737339 
111 -0.44414629085519763 
112 -0.44418168795383867 
113 -0.4441930975908016 
114 -0.44402396381185916 
115 -0.4431414650005385 
116 -0.43903644391643926 
117 -0.42934398536910173 
