2 3 0.0023806033353270173 
3 4 0.002455820704496843 
4 5 0.0024691635134556143 
5 6 0.002471216184503734 
6 7 0.002471537336954932 
7 8 0.002471588396835467 
8 9 0.0024715967685868057 
9 10 0.0024715981879180077 
10 11 0.002471598434340057 
11 12 0.0024715984751399072 
12 13 0.0024715984851524644 
13 14 0.002471598479663543 
14 15 0.0024715984825516737 
15 16 0.0024715984862679415 
16 17 0.002471598487776664 
17 18 0.002471598486227268 
18 19 0.002471598515114248 
19 20 0.002471598515055244 
20 21 0.0024715984938892487 
21 22 0.0024715984862716863 
22 23 0.002471598486320726 
23 24 0.002471598487690055 
24 25 0.0024715984880631847 
25 26 0.0024715984877370354 
26 27 0.002471598487783317 
27 28 0.0024715984880583105 
28 29 0.002471598488124445 
29 30 0.0024715984881290964 
30 31 0.0024715984881088764 
31 32 0.002471598488318173 
32 33 0.0024715984882666404 
33 34 0.0024715984881983257 
34 35 0.00247159848805891 
35 36 0.0024715984876321423 
36 37 0.0024715984878350304 
37 38 0.0024715984881011287 
38 39 0.002471598488147111 
39 40 0.002471598488242835 
40 41 0.002471598491506032 
41 42 0.0024715984889104184 
42 43 0.0024715984883367965 
43 44 0.0024715984881645663 
44 45 0.0024715984881443585 
45 46 0.002471598488136744 
46 47 0.002471598488858013 
47 48 0.002471598488593095 
48 49 0.0024715984885570804 
49 50 0.0024715984883179735 
50 51 0.002471598488199734 
51 52 0.002471598488184725 
52 53 0.0024715984884055133 
53 54 0.00247159848841472 
54 55 0.002471598487115934 
55 56 0.002471598487858235 
56 57 0.002471598488107297 
57 58 0.0024715984870994673 
58 59 0.00247159848746706 
59 60 0.0024715984880098016 
60 61 0.0024715984878329943 
61 62 0.002471598487921135 
62 63 0.0024715984880834888 
63 64 0.0024715984881515346 
64 65 0.0024715984880738094 
65 66 0.0024715984878494173 
66 67 0.002471598487798014 
67 68 0.0024715984879942385 
68 69 0.002471598488109735 
69 70 0.0024715984882393766 
70 71 0.0024715984882028924 
71 72 0.0024715984882477567 
72 73 0.002471598488072229 
73 74 0.0024715984880824015 
74 75 0.0024715984881243653 
75 76 0.0024715984881970286 
76 77 0.0024715984882341105 
77 78 0.002471598488187211 
78 79 0.0024715984882006633 
79 80 0.002471598488143064 
80 81 0.0024715984881384856 
81 82 0.0024715984881223856 
82 83 0.0024715984881479233 
83 84 0.0024715984881506087 
84 85 0.0024715984881765415 
85 86 0.002471598488013455 
86 87 0.0024715984885120457 
87 88 0.0024715984905056797 
88 89 0.0024715984858713663 
89 90 0.002471598545579196 
90 91 0.0024715985246502397 
91 92 0.002471598500994131 
92 93 0.002471598492796386 
93 94 0.0024715984890974654 
94 95 0.0024715984883457733 
95 96 0.0024715984882393307 
96 97 0.0024715984881190905 
97 98 0.002471598488192334 
98 99 0.0024715984877615024 
99 100 0.0024715984875695674 
100 101 0.0024715984880136132 
101 102 0.0024715984881165413 
102 103 0.002471598488174505 
103 104 0.0024715984881623796 
104 105 0.0024715984866046405 
105 106 0.0024715984868549905 
106 107 0.0024715985046894306 
107 108 0.002471598500166899 
108 109 0.002471598490907714 
109 110 0.0024715984886704754 
110 111 0.002471598488402398 
111 112 0.0024715984882499667 
112 113 0.002471598488151735 
113 114 0.0024715984881440215 
114 115 0.0024715984881689464 
115 116 0.0024715984881651973 
116 117 0.0024715984880530027 
117 118 0.002471598488053315 
118 119 0.0024715984881017125 
119 120 0.0024715984881414402 
120 121 0.00247159848837497 
121 122 0.002471598488080711 
122 123 0.0024715984884557396 
123 124 0.00247159845692843 
124 125 0.0024715984743580418 
125 126 0.0024715984852367976 
126 127 0.002471598487583066 
127 128 0.002471598488018655 
128 129 0.002471598488130285 
129 130 0.002471598488086564 
130 131 0.0024715984882788425 
131 132 0.0024715984882142375 
132 133 0.0024715984882003857 
133 134 0.0024715984881224784 
134 135 0.002471598488054496 
135 136 0.002471598488730421 
136 137 0.0024715984885977497 
137 138 0.0024715984883880507 
138 139 0.002471598488178403 
139 140 0.0024715984881463716 
140 141 0.0024715984880848817 
141 142 0.002471598488029419 
142 143 0.0024715984880643877 
143 144 0.0024715984881121334 
144 145 0.002471598488162021 
145 146 0.0024715984880221077 
146 147 0.002471598488060154 
147 148 0.002471598488099139 
148 149 0.0024715984880958695 
149 150 0.0024715984881148977 
150 151 0.0024715984881298063 
151 152 0.0024715984881406423 
152 153 0.002471598488143873 
153 154 0.0024715984881188593 
154 155 0.002471598487788616 
155 156 0.002471598487896129 
156 157 0.0024715984880845318 
157 158 0.00247159848820722 
158 159 0.0024715984881532173 
159 160 0.002471598488384135 
160 161 0.0024715984838717922 
161 162 0.0024715984849359575 
162 163 0.002471598487404712 
163 164 0.002471598488009596 
164 165 0.002471598487993934 
165 166 0.0024715984880226078 
166 167 0.0024715984880989954 
167 168 0.0024715984881110917 
168 169 0.002471598488121165 
169 170 0.002471598487564099 
170 171 0.0024715984876846732 
171 172 0.002471598488066015 
172 173 0.0024715984881522883 
173 174 0.00247159848823646 
174 175 0.002471598486611862 
175 176 0.0024715984795552677 
176 177 0.002471598484296998 
177 178 0.0024715984872752997 
178 179 0.0024715984879823635 
179 180 0.0024715984881300296 
180 181 0.0024715984883165593 
181 182 0.002471598488086688 
182 183 0.002471598488045477 
183 184 0.0024715984881045947 
184 185 0.002471598488074691 
185 186 0.0024715984878177872 
186 187 0.0024715984864206414 
187 188 0.002471598478636872 
188 189 0.002471598435146233 
189 190 0.002471598189358955 
190 191 0.0024715967729766804 
191 192 0.0024715884205933534 
192 193 0.0024715374386552664 
193 194 0.0024712164697899305 
194 195 0.002469163594580179 
195 196 0.00245582072103374 
196 197 0.002380603215163754 
197 198 0.0020172894284146243 
