2 -0.2319628222433485 
3 -0.23887869012089058 
4 -0.2437008111596569 
5 -0.24529420627585674 
6 -0.24695265376130562 
7 -0.24920990457357492 
8 -0.25177789462262123 
9 -0.2544005174481063 
10 -0.257013015994992 
11 -0.2596250696013408 
12 -0.26218665179251677 
13 -0.2646020234659747 
14 -0.26681698479258237 
15 -0.26882803828859053 
16 -0.2706045709860913 
17 -0.27207240083560325 
18 -0.27320093816537677 
19 -0.27403598823834696 
20 -0.2746027462936852 
21 -0.27485020397844384 
22 -0.2747537165958545 
23 -0.2743977435776539 
24 -0.27387500114196567 
25 -0.2731698904076829 
26 -0.2722460811666708 
27 -0.2711859199684997 
28 -0.270122335016888 
29 -0.26908566237194287 
30 -0.2680175804574668 
31 -0.2669516012172201 
32 -0.26602333977908893 
33 -0.26529326705657785 
34 -0.2646924388230621 
35 -0.2641822635292661 
36 -0.2638557156418878 
37 -0.2637901797620712 
38 -0.2639194668445985 
39 -0.26413877371853833 
40 -0.2644741271268564 
41 -0.2650092235940219 
42 -0.26570487253729597 
43 -0.26642131191046337 
44 -0.26710019182163675 
45 -0.2678404450694691 
46 -0.26865519991044257 
47 -0.2694020402802489 
48 -0.269961033739606 
49 -0.2704243863258764 
50 -0.2708944994931777 
51 -0.27127174450246744 
52 -0.27137767341467045 
53 -0.27127854505491633 
54 -0.27115651320457385 
55 -0.2710189821272594 
56 -0.2706734344676174 
57 -0.2700875043222406 
58 -0.26949111316388075 
59 -0.2690075222336252 
60 -0.26844155896332555 
61 -0.2677334864503159 
62 -0.26702151554979264 
63 -0.2665137893397832 
64 -0.26612732248683635 
65 -0.2657051246364199 
66 -0.26520767017299046 
67 -0.2649934414779933 
68 -0.26506892870180115 
69 -0.26514879932949187 
70 -0.2651501219660584 
71 -0.26537169822829054 
72 -0.2658920221503367 
73 -0.2665039741520284 
74 -0.2668932061154943 
75 -0.26718946648208325 
76 -0.2678377637263691 
77 -0.268621863458777 
78 -0.269190484323811 
79 -0.26953869036017125 
80 -0.26987754619536536 
81 -0.27037295977487097 
82 -0.2706140524749011 
83 -0.27057984784275063 
84 -0.2703891886998224 
85 -0.27045400718564544 
86 -0.2703913211773564 
87 -0.2699014151088518 
88 -0.26933865659247413 
89 -0.26895864301661 
90 -0.26861502262537845 
91 -0.26798168072876805 
92 -0.26715990700887127 
93 -0.266593513800673 
94 -0.26627558789364186 
95 -0.2659896269453126 
96 -0.2654307736944849 
97 -0.26436203498922367 
98 -0.26476172335211545 
99 -0.26549102888708026 
100 -0.2651593412631041 
101 -0.2650200322909154 
102 -0.26532622936688494 
103 -0.2658157491270053 
104 -0.26634355821879063 
105 -0.26662627138049866 
106 -0.2670494762554196 
107 -0.2677481529217702 
108 -0.2684650566386636 
109 -0.26887833944409273 
110 -0.2692404094874048 
111 -0.269705002401461 
112 -0.27027041377484007 
113 -0.2704318466630718 
114 -0.27037937856252575 
115 -0.27041019001259237 
116 -0.27049773315092984 
117 -0.2703233413332833 
118 -0.2698190939542161 
119 -0.2692989036872187 
120 -0.2689871130147878 
121 -0.2686016170558296 
122 -0.26790517299105776 
123 -0.2671064458799444 
124 -0.26676253248187587 
125 -0.2663540926542378 
126 -0.26599417984743384 
127 -0.2655367994014968 
128 -0.2650187396141764 
129 -0.2650634356539827 
130 -0.2650509555083399 
131 -0.2648707933125281 
132 -0.26486895210265937 
133 -0.2653053112543812 
134 -0.2658407638268258 
135 -0.2662719369364308 
136 -0.2665426342715055 
137 -0.2670803314874599 
138 -0.26792034518608027 
139 -0.26851146352308514 
140 -0.26880611386216635 
141 -0.269284091751105 
142 -0.2698529868192776 
143 -0.27029839696745156 
144 -0.270411868170824 
145 -0.2704661110965161 
146 -0.27060424456561366 
147 -0.27059635108966734 
148 -0.270247161616197 
149 -0.26975053141322414 
150 -0.26931187996762496 
151 -0.268873329130078 
152 -0.2682296909554803 
153 -0.2674124142977066 
154 -0.26665965515615125 
155 -0.2660186492771637 
156 -0.26534830411958626 
157 -0.2646796471439109 
158 -0.2640861591782258 
159 -0.2636958979790554 
160 -0.2634375951507475 
161 -0.263252489167197 
162 -0.2632765491352386 
163 -0.26351057832669716 
164 -0.26391372569070276 
165 -0.26442331360343196 
166 -0.26508370128560554 
167 -0.26594897162574066 
168 -0.266914582575371 
169 -0.2679317497262669 
170 -0.2689604912047562 
171 -0.2700219943441006 
172 -0.271098150633713 
173 -0.27208613329348785 
174 -0.2728848700693847 
175 -0.2735376283668845 
176 -0.27403275331832877 
177 -0.27430733841046206 
178 -0.27427307696957964 
179 -0.2739427641941043 
180 -0.273346721895503 
181 -0.2724767439053468 
182 -0.2712841467776205 
183 -0.26977855852872556 
184 -0.2680151421620292 
185 -0.2660351754834563 
186 -0.26383949967146836 
187 -0.26145282984164075 
188 -0.2589462875307271 
189 -0.256407782115799 
190 -0.2538742310141724 
191 -0.2513311766899618 
192 -0.2488425450590707 
193 -0.24666514750133603 
194 -0.24508398272232368 
195 -0.243560747038877 
196 -0.23879511599436223 
197 -0.2319274005275406 
