2 3 0.004938629548317964 
3 4 0.00537572733053273 
4 5 0.005478205279185552 
5 6 0.0054873674261210845 
6 7 0.005484764274269802 
7 8 0.005483080289205397 
8 9 0.005482589335481861 
9 10 0.00548250605686822 
10 11 0.005482505136498939 
11 12 0.005482510281647305 
12 13 0.00548251249332754 
13 14 0.005482513849664312 
14 15 0.005482507420601004 
15 16 0.005482512264587794 
16 17 0.005482512836524619 
17 18 0.005482512854491721 
18 19 0.0054825128388767816 
19 20 0.005482512830343008 
20 21 0.005482512842577006 
21 22 0.0054825128375669665 
22 23 0.005482512829998421 
23 24 0.005482512825559797 
24 25 0.005482512867088136 
25 26 0.005482512836173833 
26 27 0.005482512830062472 
27 28 0.005482512829029369 
28 29 0.005482512828873677 
29 30 0.0054825128285943365 
30 31 0.005482512828968258 
31 32 0.00548251283134429 
32 33 0.005482512826268085 
33 34 0.00548251275196957 
34 35 0.005482512398661549 
35 36 0.005482512178622208 
36 37 0.005482512367808582 
37 38 0.005482512255245129 
38 39 0.005482513204075261 
39 40 0.005482512567768054 
40 41 0.005482512718651467 
41 42 0.005482512787722386 
42 43 0.0054825128150319145 
43 44 0.005482512822544438 
44 45 0.005482512821672722 
45 46 0.005482512823318171 
46 47 0.005482513000259843 
47 48 0.005482512827872958 
48 49 0.005482512835053395 
49 50 0.005482512472623932 
50 51 0.005482512841322323 
51 52 0.005482512834980918 
52 53 0.00548251295626239 
53 54 0.00548251314917464 
54 55 0.005482512789465462 
55 56 0.005482512435765749 
56 57 0.005482512678524106 
57 58 0.005482512768610075 
58 59 0.005482512809477714 
59 60 0.00548251282270744 
60 61 0.005482512826160604 
61 62 0.0054825128175487285 
62 63 0.00548251282725583 
63 64 0.005482512828776405 
64 65 0.005482512828711903 
65 66 0.005482512826857699 
66 67 0.005482512813223851 
67 68 0.005482512815374096 
68 69 0.0054825129244581595 
69 70 0.005482512884448113 
70 71 0.005482512848475115 
71 72 0.005482512834953051 
72 73 0.005482512830478286 
73 74 0.005482512829263398 
74 75 0.0054825128294263125 
75 76 0.005482512827915715 
76 77 0.0054825128291729145 
77 78 0.005482512828959398 
78 79 0.005482512828797355 
79 80 0.00548251282873029 
80 81 0.005482512828786314 
81 82 0.005482512828381801 
82 83 0.005482512829340467 
83 84 0.005482512829084341 
84 85 0.00548251282770462 
85 86 0.005482512817859491 
86 87 0.005482512773848233 
87 88 0.005482512621750149 
88 89 0.005482514023351752 
89 90 0.005482513782159343 
90 91 0.005482513176453901 
91 92 0.005482512924020488 
92 93 0.0054825128245457365 
93 94 0.0054825128169485 
94 95 0.0054825128241955965 
95 96 0.005482512827295802 
96 97 0.0054825128266797075 
97 98 0.005482512835175592 
98 99 0.0054825128258876995 
99 100 0.005482512829888096 
100 101 0.005482512829304504 
101 102 0.005482512828021275 
102 103 0.005482512828744266 
103 104 0.0054825128428867675 
104 105 0.005482512889762602 
105 106 0.00548251280875145 
106 107 0.005482512836264567 
107 108 0.00548251287882786 
108 109 0.005482512850215822 
109 110 0.00548251283480057 
110 111 0.005482512825303594 
111 112 0.005482512847877116 
112 113 0.005482512837883655 
113 114 0.005482512832300467 
114 115 0.005482512829568734 
115 116 0.005482512834412638 
116 117 0.00548251283762877 
117 118 0.005482512805161136 
118 119 0.005482512884830531 
119 120 0.005482512848257976 
120 121 0.005482512512722076 
121 122 0.00548251266402554 
122 123 0.005482512772910701 
123 124 0.005482512810549146 
124 125 0.005482512736527464 
125 126 0.005482512834704131 
126 127 0.005482512833523326 
127 128 0.005482512829570274 
128 129 0.005482512825386602 
129 130 0.005482512832441581 
130 131 0.00548251283452794 
131 132 0.005482512847658302 
132 133 0.00548251288949398 
133 134 0.005482512906850527 
134 135 0.005482511198092925 
135 136 0.005482512352999729 
136 137 0.005482512787346239 
137 138 0.005482512772435698 
138 139 0.005482512810662735 
139 140 0.005482512825812446 
140 141 0.005482512826697167 
141 142 0.005482512818686624 
142 143 0.005482512784864301 
143 144 0.005482512783304528 
144 145 0.005482512811784882 
145 146 0.005482512823604121 
146 147 0.005482512827154551 
147 148 0.005482512827728644 
148 149 0.005482512821333605 
149 150 0.005482512806806862 
150 151 0.005482512789664656 
151 152 0.005482513115951079 
152 153 0.005482512901420839 
153 154 0.005482512754344108 
154 155 0.005482512848193465 
155 156 0.00548251284448516 
156 157 0.005482512832264448 
157 158 0.005482512825640719 
158 159 0.005482512846000449 
159 160 0.005482512934181973 
160 161 0.005482512870824006 
161 162 0.00548251277700396 
162 163 0.005482512971433256 
163 164 0.005482512907609917 
164 165 0.005482513151897222 
165 166 0.005482512002352562 
166 167 0.005482512816701614 
167 168 0.0054825129207426515 
168 169 0.005482513046327965 
169 170 0.005482513038611004 
170 171 0.005482512965294779 
171 172 0.005482512889412067 
172 173 0.0054825128492765555 
173 174 0.005482512835664877 
174 175 0.0054825128319494825 
175 176 0.0054825128227221 
176 177 0.005482512823883024 
177 178 0.005482512827829478 
178 179 0.0054825128335884345 
179 180 0.005482512835511138 
180 181 0.005482512784892391 
181 182 0.005482512694214586 
182 183 0.00548251326943603 
183 184 0.005482512984760648 
184 185 0.005482512820238419 
185 186 0.0054825125429151305 
186 187 0.005482512131820235 
187 188 0.005482510090514298 
188 189 0.005482505142862854 
189 190 0.00548250607879236 
190 191 0.0054825893498660645 
191 192 0.005483080334144364 
192 193 0.005484764206950275 
193 194 0.005487367263989237 
194 195 0.005478204892998209 
195 196 0.00537572706187904 
196 197 0.004938629327991584 
197 198 0.003921453804357505 
