0.0 
158.41373595081475 
155.5803307696525 
154.20717798922132 
151.53352826404964 
150.0990727445074 
147.48666753188732 
146.03293552455838 
143.43981959335898 
141.98237809633085 
139.3929769317476 
137.93532804127878 
135.34613501699212 
133.8886056281987 
131.29929304699024 
129.8418093534219 
127.25245102272378 
125.79497508529722 
123.20560898492222 
121.74813311934581 
119.15876694574105 
117.70129072106053 
115.11192490681195 
113.65444857145219 
111.06508286802595 
109.60760651725884 
107.0182408292702 
105.56076447933589 
102.97139879051656 
101.51392244158667 
98.92455675176205 
97.46708040309085 
94.87771471300711 
93.42023836436395 
90.83087267425198 
89.37339632560447 
86.7840306354969 
85.3265542868467 
82.73718859674186 
81.27971224809109 
78.69034655798679 
77.23287020933601 
74.64350451923183 
73.18602817058098 
70.59666248047675 
69.13918613182598 
66.54982044172174 
65.09234409307096 
62.50297840296673 
61.045502054315925 
58.45613636421168 
56.998660015560915 
54.40929432545658 
52.95181797680579 
50.362452286701576 
48.904975938050754 
46.31561024794647 
44.85813389929566 
42.26876820919143 
40.81129186054063 
38.221926170436326 
36.764449821785526 
34.175084131681224 
32.7176077830304 
30.12824209292612 
28.670765744275325 
26.08140005417101 
24.623923705520212 
22.0345580154159 
20.5770816667651 
17.987715976660784 
16.53023962800997 
13.940873937905664 
12.48339758925485 
9.894031899150532 
8.436555550499707 
5.847189860395394 
4.389713511744567 
1.800347821640246 
0.34287147298941223 
-2.246494217114911 
-3.7039705657657436 
-6.293336255870073 
-7.7508126045209185 
-10.340178294625238 
-11.797654643276067 
-14.387020333380406 
-15.844496682031252 
-18.433862372135582 
-19.891338720786433 
-22.48070441089077 
-23.938180759541595 
-26.527546449645953 
-27.985022798296818 
-30.574388488401137 
-32.031864837051984 
-34.621230527156335 
-36.07870687580718 
-38.66807256591158 
-40.125548914562394 
-42.71491460466673 
-44.172390953317596 
-46.76175664342197 
-48.219232992072804 
-50.80859868217716 
-52.26607503082798 
-54.85544072093232 
-56.31291706958316 
-58.902282759687594 
-60.35975910833841 
-62.9491247984428 
-64.40660114709364 
-66.99596683719797 
-68.45344318584887 
-71.04280887595318 
-72.50028522460403 
-75.08965091470843 
-76.54712726335929 
-79.13649295346362 
-80.59396930211447 
-83.18333499221886 
-84.64081134086972 
-87.23017703097402 
-88.68765337962493 
-91.27701906972932 
-92.73449541838012 
-95.32386110848448 
-96.78133745713532 
-99.37070314723962 
-100.82817949589051 
-103.41754518599481 
-104.87502153464568 
-107.46438722474994 
-108.92186357340077 
-111.51122926350519 
-112.96870561215607 
-115.55807130226037 
-117.01554765091127 
-119.6049133410156 
-121.06238968966646 
-123.65175537977075 
-125.10923172842152 
-127.69859741852586 
-129.15607376717665 
-131.7454394572811 
-133.20291580593204 
-135.79228149603628 
-137.24975784468714 
-139.83912353479153 
-141.29659988344238 
-143.8859655735467 
-145.34344192219766 
-147.93280761230184 
-149.39028396095273 
-151.97964965105703 
-153.43712599970794 
-156.02649168981233 
-157.48396803846308 
-160.0733337285674 
-161.53081007721826 
-164.12017576732248 
-165.57765211597334 
-168.16701780607755 
-169.6244941547283 
-172.2138598448328 
-173.67133619348363 
-176.26070188358804 
-177.71817823223896 
-180.30754392234311 
-181.76502027099386 
-184.35438596109825 
-185.8118623097491 
-188.40122799985332 
-189.85870434850423 
-192.44807003860862 
-193.90554638725942 
-196.49491207736378 
-197.95238842601472 
-200.5417541161191 
-201.99923046476977 
-204.58859615487432 
-206.04607250352507 
-208.63543819362937 
-210.0929145422803 
-212.6822802323846 
-214.1397565810379 
-216.72912227108952 
-218.18659862076225 
-220.77596428876893 
-222.23344106292282 
-224.8227975382317 
-226.28044504930887 
-228.86575668077504 
-230.37412856058947 
-231.01478849337826 
-235.89488623279854 
-239.33128697048045 
-239.42588721996157 
-239.43030612806217 
-239.43052689260674 
-239.4587362460877 
-239.4590621004825 
-239.47825246779584 
-239.47862844350638 
-239.49232571010418 
-239.4927070579611 
-239.50282955487054 
-239.50319623139274 
-239.51087491785697 
-239.51121939502326 
-239.51715992869075 
-239.51748056560504 
-239.52214500107837 
-239.52244280100146 
-239.52614643739372 
-239.52642349166337 
-239.5293891498037 
-239.5296478930545 
-239.53203772878396 
-239.53228058647454 
-239.53421551676365 
-239.53444474562738 
-239.53601676402397 
-239.53623438878816 
-239.53751464458807 
-239.53772244287867 
-239.53876670872842 
-239.53896621966905 
-239.539818691245 
-239.54001123449822 
-239.5407072581567 
-239.54089395887453 
-239.54146200999128 
-239.54164382173357 
-239.5421069696855 
-239.54228469793904 
-239.54266172644148 
-239.5428360497372 
-239.54314231402984 
-239.54331380269886 
-239.54356189621555 
-239.5437310288267 
-239.54393130766437 
-239.54409848524543 
-239.54425948445217 
-239.54442504266567 
-239.5445538104865 
-239.5447180301214 
-239.54482039704632 
-239.5449835127977 
-239.54506430944858 
-239.54522651743864 
-239.54528975283387 
-239.54545121694332 
-239.5455002241085 
-239.5456610813093 
-239.54569863650403 
-239.5458590013304 
-239.54588742155076 
-239.54604738984125 
-239.54606861217434 
-239.54622826417577 
-239.5462439096887 
-239.546403312607 
-239.54641473663082 
-239.54657394670102 
-239.54658227677834 
-239.5467413408998 
-239.54674750341096 
-239.54690646038713 
-239.54691119731677 
-239.54707007877025 
-239.54707395787202 
-239.54723278892203 
-239.5472362127814 
-239.54739501253238 
-239.5473982331874 
-239.54755701496126 
-239.54756016180005 
-239.5477189339705 
-239.54772205819364 
-239.5478808259527 
-239.5478839438049 
-239.5480427099014 
-239.54804582600548 
-239.54820459155803 
-239.54820770718467 
-239.54836647257324 
-239.54836958806968 
-239.54852835341063 
-239.5485314688712 
-239.54869023419866 
-239.5486933496474 
-239.54885211497154 
-239.54885523041932 
-239.54901399574223 
-239.5490171111895 
-239.5491758765122 
-239.5491789919595 
-239.54933775728176 
-239.54934087272912 
-239.54949963805163 
-239.54950275349876 
-239.54966151882098 
-239.54966463426817 
-239.54982339959045 
-239.54982651503775 
-239.54998528036026 
-239.54998839580773 
-239.5501471611301 
-239.5501502765772 
-239.5503090418995 
-239.55031215734687 
-239.5504709226692 
-239.5504740381165 
-239.55063280343893 
-239.55063591888614 
-239.5507946842084 
-239.55079779965558 
-239.55095656497798 
-239.55095968042514 
-239.55111844574742 
-239.55112156119472 
-239.551280326517 
-239.55128344196402 
-239.55144220728644 
-239.55144532273354 
-239.55160408805597 
-239.55160720350335 
-239.55176596882555 
-239.5517690842728 
-239.55192784959533 
-239.55193096504283 
-239.5520897303653 
-239.55209284581235 
-239.5522516111344 
-239.55225472658157 
-239.55241349190413 
-239.5524166073514 
-239.55257537267372 
-239.55257848812082 
-239.5527372534434 
-239.55274036889045 
-239.552899134213 
-239.5529022496602 
-239.5530610149823 
-239.55306413042962 
-239.55322289575196 
-239.5532260111993 
-239.55338477652154 
-239.55338789196892 
-239.55354665729124 
-239.5535497727384 
-239.55370853806065 
-239.55371165350795 
-239.55387041883037 
-239.5538735342775 
-239.55403229960007 
-239.55403541504745 
-239.55419418037005 
-239.55419729581735 
-239.55435606113974 
-239.55435917658696 
-239.55451794190978 
-239.55452105735688 
-239.5546798226818 
-239.55468293812902 
-239.5548417034555 
-239.5548448189028 
-239.55500358419687 
-239.55500669964297 
-239.555165464712 
-239.55516858015454 
-239.55532734450964 
-239.55533045995318 
-239.55548922456126 
-239.55549234008657 
-239.5556511207813 
-239.55565423677754 
-239.55581311017545 
-239.55581622736642 
-239.55597533691275 
-239.5559784517381 
-239.5561371218045 
-239.55614019732647 
-239.55629165745276 
-239.5562945284055 
-239.5564125015892 
-239.5564147432519 
-239.55647314936456 
-239.556473155156 
-239.55647315515287 
-269.4598938097103 
-269.59394571064405 
-269.62358230071095 
-269.6358539835849 
-269.6492086932013 
-269.6518109847938 
-269.6612486249126 
-269.6627602541576 
-269.6697659035104 
-269.6708679380508 
-269.67628212523545 
-269.677137817752 
-269.6814296298957 
-269.682112746972 
-269.68557648157383 
-269.6861316004179 
-269.68896754187784 
-269.68942453586527 
-269.6917742811455 
-269.6921546547907 
-269.6941211215902 
-269.6944405992403 
-269.696100051211 
-269.69637058092684 
-269.6977809178322 
-269.6980114652718 
-269.69921727040213 
-269.6994148419025 
-269.7004510272837 
-269.7006211435718 
-269.7015154379389 
-269.70166250443634 
-269.7024371925855 
-269.70256478548635 
-269.7032380096387 
-269.7033490242408 
-269.703935670582 
-269.7040325121507 
-269.7045449251812 
-269.7046295810164 
-269.70507804459584 
-269.7051522029105 
-269.705545387782 
-269.70561044950756 
-269.7059556827815 
-269.7060128464983 
-269.70631636807497 
-269.70636664909824 
-269.7066337913771 
-269.7066780629818 
-269.7069134036962 
-269.7069524189263 
-269.7071599066879 
-269.70719431461345 
-269.70737736600546 
-269.70740772898904 
-269.7075693095681 
-269.70759611667046 
-269.7077388082792 
-269.7077624851656 
-269.70788854061874 
-269.7079094577031 
-269.7080208452849 
-269.7080393314382 
-269.708137778158 
-269.70815411771576 
-269.7082411391662 
-269.70825558274515 
-269.7083325110959 
-269.70834527952474 
-269.70841328763896 
-269.7084245753452 
-269.7084846970368 
-269.7084946754774 
-269.70854782282896 
-269.70855664332424 
-269.7086036041946 
-269.70861139451387 
-269.7086528695291 
-269.7086597487744 
-269.70869636145557 
-269.7087024324779 
-269.70873473846194 
-269.7087400943897 
-269.7087685906922 
-269.70877331416517 
-269.7087984404803 
-269.7088026044283 
-269.70882474899594 
-269.7088284178048 
-269.7088479235876 
-269.708851154201 
-269.7088683241894 
-269.7088711668886 
-269.70888626925154 
-269.7088887685996 
-269.70890204093877 
-269.70890423642646 
-269.7089158896643 
-269.70891781644974 
-269.7089280454564 
-269.70892972822725 
-269.7089386874214 
-269.70894016772553 
-269.7089480167538 
-269.708949314251 
-269.70895620000226 
-269.708957342049 
-269.7089634332693 
-269.70896445883403 
-269.7089700471227 
-269.70897105155035 
-269.7089771685888 
-269.7089786741521 
-269.70900024465567 
-269.7090571213998 
-269.88833700174786 
-269.9634178899203 
-270.1754213517958 
-270.22002798531616 
-270.3231810582445 
-270.3451644887586 
-270.3945681303621 
-270.4062724514984 
-270.43263682979676 
-270.4394015571548 
-270.45501144624274 
-270.4592040029629 
-270.46920452366527 
-270.4719597833092 
-270.4787392149481 
-270.4806398083584 
-270.4854307380207 
-270.4867948594201 
-270.4902900312596 
-270.4913014332719 
-270.4939169868298 
-270.49468717289324 
-270.4966862756936 
-270.49728609483356 
-270.4988418441482 
-270.49931807999013 
-270.5005475322691 
-270.5009321078697 
-270.5019168745423 
-270.502232208586 
-270.5030303491314 
-270.5032925865033 
-270.50394623598066 
-270.50416722870733 
-270.50470739796236 
-270.5048959027997 
-270.5053457918909 
-270.50550849001223 
-270.50588560413297 
-270.5060275578592 
-270.50634525827587 
-270.5064703235732 
-270.50673896166853 
-270.50685012632954 
-270.5070776121037 
-270.50717710791474 
-270.5073697735898 
-270.507459280389 
-270.50762210995885 
-270.507702972779 
-270.50784006107756 
-270.50791292824 
-270.5080275739063 
-270.50809313081623 
-270.50818815536127 
-270.50824675275106 
-270.5083245841783 
-270.50837640948174 
-270.5084391881283 
-270.50848432435185 
-270.5085339697609 
-270.50857245825415 
-270.5086107112159 
-270.5086426123734 
-270.5086710656339 
-270.50869651865156 
-270.5087166449394 
-270.5087359217251 
-270.508749116641 
-270.50876266692075 
-270.5087703212179 
-270.50877880926424 
-270.5087824067202 
-270.50878676327994 
-270.50878791278075 
-270.50878938207444 
-270.5087895515472 
-270.5087896672937 
-270.50878966729874 
-270.5087896673054 
-270.50878966729175 
-270.5087896673053 
-270.5087896672916 
-270.50878966729266 
-270.5087896672947 
-270.50878966729755 
-270.5087896673013 
-270.50878966730545 
-270.50878966730914 
-270.5087896673132 
-270.5087896673196 
-270.50878966732614 
-270.5087896673435 
-270.5087896673604 
-270.50878966738134 
-270.50878966740135 
-270.5087896674259 
-270.5087896674476 
-270.5087896674759 
-270.5087896674997 
-270.50878966753095 
-270.5087896675565 
-270.50878966759177 
-270.5087896676186 
-270.50878966765725 
-270.5087896676849 
-270.50878966772694 
-270.50878966775605 
-270.5087896678014 
-270.5087896678311 
-270.50878966787803 
-270.5087896679308 
-270.50878966798024 
-270.50878966803424 
-270.50878966812814 
-270.5087896681834 
-270.5087896682821 
-270.5087896683384 
-270.508789668441 
-270.5087896684986 
-270.5087896686047 
-270.50878966866384 
-270.5087896687736 
-270.50878966883363 
-270.50878966894726 
-270.5087896690081 
-270.5087896691263 
-270.5087896691876 
-270.5087896693122 
-270.50878966937415 
-270.50878966950705 
-270.5087896695697 
-270.50878966971385 
-270.5087896697772 
-270.50878966993554 
-270.5087896700015 
-270.50878967017655 
-270.5087896702474 
-270.50878967044207 
-270.5087896705207 
-270.5087896707394 
-270.50878967082923 
-270.50878967107786 
-270.5087896711843 
-270.5087896714744 
-270.5087896716048 
-270.50878967195473 
-270.50878967212265 
-270.508789672559 
-270.50878967278584 
-270.508789673347 
-270.5087896736648 
-270.50878967440843 
-270.5087896748576 
-270.50878967545077 
-270.50878967569537 
-270.5087896765585 
-270.50878967717273 
-270.5087896783405 
-270.5087896790728 
-270.50878968041985 
-270.50878994503915 
-270.5087910982625 
-270.5088037778741 
-270.5088093451114 
-270.5088366122661 
-270.50884857412365 
-270.50887644997584 
-270.5088888937444 
-270.50890528725273 
-270.508911167559 
-270.5089260624756 
-270.50893127647697 
-270.5089447232669 
-270.5089493483443 
-270.5089614493557 
-270.50896555686876 
-270.5089764131601 
-270.50898007541804 
-270.5089897999756 
-270.5089930740947 
-270.509001775532 
-270.5090047119056 
-270.509012487357 
-270.5090151287796 
-270.50902207729234 
-270.50902445938476 
-270.5090306685691 
-270.50903282099915 
-270.50903837115055 
-270.5090403188581 
-270.5090452825295 
-270.5090470469368 
-270.5090514900616 
-270.50905308995874 
-270.50905707133535 
-270.50905852387154 
-270.50906209791816 
-270.50906341746366 
-270.5090668534022 
-270.50906764801897 
-270.50907079517316 
-270.5090716591082 
-270.5090732322306 
-270.5090740128309 
-270.50907542517206 
-270.50907613173587 
-270.50907740062127 
-270.5090780413421 
-270.5090791819371 
-270.50907976402453 
-270.50908078982576 
-270.5090813196062 
-270.50908224247877 
-270.5090827255313 
-270.5090835560856 
-270.50908399735084 
-270.5090847449845 
-270.5090851487511 
-270.5090858218636 
-270.50908619197395 
-270.5090867980694 
-270.50908713789426 
-270.50908768370033 
-270.5090879962063 
-270.50908848773105 
-270.50908877553906 
-270.50908921818603 
-270.5090894836023 
-270.50908988221175 
-270.50909012728545 
-270.5090904859979 
-270.5090907125103 
-270.5090910350003 
-270.5090912444103 
-270.5090915350515 
-270.5090917287559 
-270.50909199006554 
-270.50909216920235 
-270.50909240389416 
-270.50909256945107 
-270.5090927799218 
-270.50909293268927 
-270.50909312105665 
-270.509093261686 
-270.5090934296996 
-270.5090935586798 
-270.50909370797893 
-270.5090938256414 
-270.5090939575305 
-270.5090940640753 
-270.509094179668 
-270.5090942751538 
-270.5090943753426 
-270.5090944596997 
-270.5090945452039 
-270.5090946182434 
-270.5090946896243 
-270.50909475109285 
-270.50909480880574 
-270.5090948584339 
-270.5090949029139 
-270.50909494048705 
-270.5090949722838 
-270.50909499807284 
-270.50909501810565 
-270.5090950329705 
-270.50909504986026 
-270.5090950581943 
-270.5090950639952 
-270.50909506766317 
-270.5090950687999 
-270.50909506931924 
-270.50909506937904 
-270.5090950693786 
-270.50909506938507 
-270.5090950693717 
-270.5090950693852 
-270.5090950693713 
-270.5090950693726 
-270.5090950693746 
-270.50909506937745 
-270.50909506938154 
-270.5090950693771 
-270.50909506937893 
-270.5090950693734 
-270.5090950693664 
-270.50909506936694 
-270.5090950693671 
-270.50909506936733 
-270.5090950693672 
-270.5090950693678 
-270.5090950693677 
-270.5090950693678 
-270.5090950693677 
-270.50909506936773 
-270.50909506936773 
-270.5090950693679 
-270.509095069368 
-270.509095069368 
-270.50909506936836 
-270.50909506936824 
-270.5090950693686 
-270.5090950693686 
-270.5090950693687 
-270.509095069369 
-270.5090950693688 
-270.5090950693689 
-270.5090950693688 
-270.5090950693786 
-270.5090950693885 
-270.50909506939837 
-270.50909506940815 
-270.50909506941815 
-270.50909506942804 
-270.50909506943816 
-270.50909506944834 
-270.5090950694586 
-270.5090950694686 
-270.5090950694792 
-270.50909506948943 
-270.50909506950023 
-270.5090950695107 
-270.50909506952104 
-270.50909506953184 
-270.50909506954275 
-270.5090950695537 
-270.5090950695655 
-270.50909506957663 
-270.50909506958834 
-270.5090950695995 
-270.50909506961165 
-270.50909506962313 
-270.50909506963603 
-270.5090950696479 
-270.5090950696609 
-270.50909506967315 
-270.50909506968645 
-270.5090950696992 
-270.5090950697127 
-270.50909506972545 
-270.50909506973943 
-270.5090950697525 
-270.50909506976683 
-270.50909506978 
-270.50909506979485 
-270.50909506980844 
-270.5090950698229 
-270.5090950698761 
-270.50909506993304 
-270.5090950699883 
-270.50909507004775 
-270.50909507010834 
-270.50909507017076 
-270.5090950702334 
-270.5090950703025 
-270.50909507036744 
-270.5090950704395 
-270.5090950705065 
-270.5090950705815 
-270.50909507065063 
-270.50909507072896 
-270.50909507080047 
-270.50909507088255 
-270.509095070956 
-270.5090950710426 
-270.5090950711188 
-270.5090950712103 
-270.50909507128927 
-270.5090950713871 
-270.50909507146883 
-270.5090950715741 
-270.50909507165903 
-270.50909507177215 
-270.509095071861 
-270.5090950719829 
-270.5090950720757 
-270.5090950722076 
-270.50909507230443 
-270.5090950724463 
-270.5090950725477 
-270.5090950726989 
-270.5090950728049 
-270.5090950729644 
-270.509095073067 
-270.5090950734248 
-270.5090950737709 
-270.50909507414735 
-270.5090950745236 
-270.5090950747088 
-270.5090950748386 
-270.5090950749587 
-270.50909507505236 
-270.5090950750718 
-270.50909507508305 
-270.5090950750834 
-270.5090950750835 
-270.50909507508385 
-270.5090950750836 
-270.50909507508385 
-270.5090950750842 
-270.5090950750843 
-270.50909507508436 
-270.5090950750842 
-270.5090950750843 
-270.5090950750843 
-270.50909507508453 
-270.50909507508464 
-270.5090950750849 
-270.50909507508464 
-270.50909507508453 
-270.50909507508464 
-270.50909507508464 
-270.50909507508464 
-270.50909507508464 
-270.509095075085 
-270.509095075085 
-270.5090950750849 
-270.50909507508464 
-270.50909507508464 
-270.509095075085 
-270.5090950750852 
-270.5090950750852 
-270.5090950750853 
-270.5090950750852 
-270.5090950750851 
-270.5090950750851 
-270.5090950750853 
-270.5090950750853 
-270.5090950750853 
-270.5090950750852 
-270.5090950750853 
-270.5090950750853 
-270.5090950750853 
-270.5090950750851 
-270.5090950750852 
-270.5090950750852 
-270.5090950750853 
-270.5090950750851 
-270.5090950750851 
-270.509095075085 
-270.509095075085 
-270.5090950750849 
-270.50909507508476 
-270.50909507508476 
-270.50909507508464 
-270.5090950750844 
-270.50909507508425 
-270.5090950750842 
-270.5090950750842 
-270.5090950750843 
-270.50909507508464 
-270.50909507508453 
-270.50909507508476 
-270.50909507508464 
-270.5090950750847 
-270.5090950750849 
-270.5090950750851 
-270.5090950750853 
-270.5090950750853 
-270.50909507508544 
-270.50909507508567 
-270.50909507509294 
-270.50909507509976 
-270.5090950750984 
-270.50909507509664 
-270.5090950751014 
-270.5090950750975 
-270.50909507509465 
-270.50909507509294 
-270.50909507509203 
-270.5090950751057 
-270.50909507509215 
-270.5090950751057 
-270.5090950750924 
-270.50909507509317 
-270.5090950750949 
-270.50909507509783 
-270.50909507510187 
-270.5090950750968 
-270.5090950750983 
-270.50909507509954 
-270.50909507509243 
-270.5090950750926 
-270.5090950750925 
-270.50909507509226 
-270.5090950750924 
-270.5090950750924 
-270.50909507509215 
-270.5090950750919 
-270.50909507509203 
-270.5090950750924 
-270.5090950750924 
-270.50909507509215 
-270.5090950750919 
-270.5090950750919 
-270.50909507509226 
-270.5090950750925 
-270.50909507509283 
-270.50909507509317 
-270.50909507509334 
-270.5090950750935 
-270.50909507509385 
-270.5090950750941 
-270.5090950750942 
-270.50909507509436 
-270.5090950750943 
-270.5090950750943 
-270.5090950750941 
-270.5090950750941 
-270.50909507509397 
-270.5090950750943 
-270.5090950750943 
-270.5090950750946 
-270.5090950750943 
-270.5090950750945 
-270.50909507509465 
-270.50909507509454 
-270.5090950750944 
-270.5090950750945 
-270.50909507509454 
-270.5090950750943 
-270.5090950750943 
-270.5090950750943 
-270.5090950750941 
-270.50909507509397 
-270.50909507509397 
-270.5090950750941 
-270.5090950750941 
-270.50909507509385 
-270.5090950750936 
-270.5090950750936 
-270.5090950750934 
-270.5090950750933 
-270.5090950750934 
-270.5090950750934 
-270.50909507509374 
-270.50909507509357 
-270.5090950750934 
-270.5090950750934 
-270.5090950750934 
-270.50909507509334 
-270.5090950750935 
-270.5090950750935 
-270.5090950750932 
-270.5090950750931 
-270.50909507509317 
-270.509095075093 
-270.50909507509283 
-270.5090950750925 
-270.5090950750924 
-270.5090950750924 
-270.50909507509226 
-270.5090950750927 
-270.50909507509306 
-270.5090950750931 
-270.50909507509317 
-270.50909507510227 
-270.5090950751116 
-270.5090950751208 
-270.50909507512995 
-270.5090950751301 
-270.50909507513035 
-270.5090950751307 
-270.5090950751309 
-270.5090950751311 
-270.5090950751309 
-270.50909507513114 
-270.50909507513126 
-270.5090950751316 
-270.5090950751318 
-270.5090950751318 
-270.5090950751318 
-270.5090950751318 
-270.5090950751317 
-270.5090950751318 
-270.5090950751318 
-270.5090950751317 
-270.50909507513205 
-270.50909507513205 
-270.50909507513217 
-270.50909507513205 
-270.5090950751323 
-270.5090950751323 
-270.5090950751323 
-270.50909507513217 
-270.50909507513205 
-270.509095075132 
-270.5090950751317 
-270.5090950751317 
-270.5090950751315 
-270.5090950751315 
-270.50909507513137 
-270.5090950751314 
-270.50909507513137 
-270.5090950751315 
-270.5090950751316 
-270.50909507513126 
-270.50909507513114 
-270.50909507513103 
-270.5090950751308 
-270.5090950751309 
-270.50909507513103 
-270.5090950751309 
-270.5090950751307 
-270.5090950751307 
-270.50909507513035 
-270.50909507513023 
-270.5090950751301 
-270.50909507513 
-270.50909507513006 
-270.5090950751299 
-270.50909507512955 
-270.5090950751296 
-270.50909507512955 
-270.5090950751298 
-270.50909507513 
-270.5090950751299 
-270.50909507512955 
-270.50909507512966 
-270.50909507512966 
-270.50909507512944 
-270.5090950751299 
-270.50909507513 
-270.5090950751298 
-270.50909507512966 
-270.50909507512944 
-270.5090950751298 
-270.50909507512966 
-270.50909507512966 
-270.5090950751299 
-270.5090950751301 
-270.50909507512966 
-270.5090950751298 
-270.50909507512966 
-270.50909507512955 
-270.5090950751293 
-270.5090950751292 
-270.5090950751293 
-270.50909507512944 
-270.50909507512944 
-270.50909507512966 
-270.50909507512944 
-270.50909507512955 
-270.5090950751298 
-270.50909507512955 
-270.50909507512944 
-270.50909507512927 
-270.5090950751292 
-270.509095075129 
-270.509095075129 
-270.5090950751293 
-270.5090950751292 
-270.5090950751292 
-270.50909507512876 
-270.50909507512864 
-270.5090950751283 
-270.5090950751281 
-270.50909507512773 
-270.5090950751348 
-270.5090950751334 
-270.5090950751318 
-270.5090950751365 
-270.5090950751325 
-270.50909507513 
-270.5090950751283 
-270.509095075127 
-270.50909507514064 
-270.50909507512705 
-270.50909507514075 
-270.50909507512716 
-270.50909507512836 
-270.5090950751299 
-270.5090950751325 
-270.5090950751367 
-270.5090950751323 
-270.50909507513364 
-270.5090950751349 
-270.50909507512785 
-270.5090950751282 
-270.5090950751283 
-270.50909507512864 
-270.50909507512876 
-270.5090950751289 
-270.5090950751285 
-270.50909507512864 
-270.5090950751285 
-270.5090950751285 
-270.50909507512887 
-270.50909507512876 
-270.5090950751291 
-270.5090950751294 
-270.50909507512944 
-270.5090950751294 
-270.5090950751292 
-270.50909507512944 
-270.5090950751293 
-270.5090950751291 
-270.5090950751289 
-270.50909507512876 
-270.50909507512887 
-270.5090950751285 
-270.5090950751287 
-270.50909507512876 
-270.50909507512864 
-270.50909507512876 
-270.50909507512887 
-270.5090950751286 
-270.5090950751285 
-270.5090950751284 
-270.5090950751285 
-270.5090950751288 
-270.509095075129 
-270.5090950751292 
-270.5090950751291 
-270.509095075129 
-270.509095075129 
-270.509095075129 
-270.50909507512887 
-270.5090950751291 
-270.5090950751292 
-270.50909507512887 
-270.50909507512876 
-270.50909507512876 
-270.5090950751287 
-270.5090950751285 
-270.50909507512887 
-270.5090950751287 
-270.50909507512876 
-270.50909507512864 
-270.5090950751285 
-270.50909507512876 
-270.5090950751285 
-270.5090950751285 
-270.5090950751284 
-270.50909507512847 
-270.5090950751282 
-270.5090950751283 
-270.5090950751284 
-270.5090950751284 
-270.50909507512864 
-270.5090950751284 
-270.5090950751283 
-270.5090950751285 
-270.50909507512876 
-270.50909507512876 
-270.50909507512887 
-270.509095075129 
-270.50909507512904 
-270.5090950751293 
-270.5090950751293 
-270.5090950751294 
-270.5090950751293 
-270.50909507512944 
-270.5090950751293 
-270.50909507512955 
-270.50909507512955 
-270.5090950751297 
-270.5090950751299 
-270.5090950751298 
-270.50909507512966 
-270.5090950751299 
-270.5090950751298 
-270.50909507512955 
-270.50909507512955 
-270.50909507512955 
-270.50909507512955 
-270.5090950751295 
-270.50909507512955 
-270.50909507512966 
-270.50909507512966 
-270.5090950751298 
-270.5090950751299 
-270.5090950751299 
-270.50909507512955 
-270.5090950751293 
-270.50909507512915 
-270.5090950751293 
-270.50909507512955 
-270.50909507512944 
-270.50909507512966 
-270.5090950751295 
-270.50909507512966 
-270.50909507512966 
-270.50909507512955 
-270.50909507512955 
-270.50909507512966 
-270.50909507512955 
-270.5090950751298 
-270.50909507513 
-270.5090950751302 
-270.50909507513023 
-270.50909507513035 
-270.5090950751307 
-270.5090950751308 
-270.5090950751309 
-270.5090950751308 
-270.5090950751309 
-270.50909507513074 
-270.5090950751307 
-270.50909507513046 
-270.50909507513046 
-270.5090950751306 
-270.50909507513046 
-270.5090950751306 
-270.5090950751307 
-270.50909507513046 
-270.50909507513074 
-270.5090950751308 
-270.50909507513103 
-270.5090950751311 
-270.50909507513114 
-270.50909507513114 
-270.5090950751312 
-270.50909507513126 
-270.50909507513126 
-270.5090950751314 
-270.5090950751318 
-270.5090950751318 
-270.50909507513194 
-270.50909507513217 
-270.50909507513217 
-270.509095075132 
-270.50909507513217 
-270.50909507513205 
-270.50909507513194 
-270.50909507513205 
-270.50909507513217 
-270.50909507513217 
-270.5090950751325 
-270.5090950751326 
-270.5090950751326 
-270.5090950751324 
-270.5090950751323 
-270.50909507513194 
-270.50909507513177 
-270.5090950751315 
-270.50909507513137 
-270.50909507513126 
-270.50909507513126 
-270.5090950751312 
-270.5090950751309 
-270.5090950751308 
-270.50909507513103 
-270.50909507513126 
-270.50909507513137 
-270.50909507513137 
-270.50909507513126 
-270.50909507513114 
-270.50909507513126 
-270.50909507513126 
-270.50909507513137 
-270.50909507513114 
-270.5090950751309 
-270.50909507513103 
-270.5090950751381 
-270.509095075137 
-270.50909507513563 
-270.5090950751406 
-270.50909507513626 
-270.5090950751331 
-270.50909507513137 
-270.50909507513023 
-270.50909507514353 
-270.50909507513035 
-270.5090950751436 
-270.5090950751301 
-270.50909507513114 
-270.50909507513273 
-270.5090950751358 
-270.50909507513995 
-270.509095075135 
-270.5090950751366 
-270.50909507513785 
-270.5090950751308 
-270.5090950751309 
-270.5090950751308 
-270.50909507513114 
-270.50909507513114 
-270.5090950751309 
-270.50909507513103 
-270.5090950751311 
-270.50909507513103 
-270.5090950751308 
-270.5090950751307 
-270.5090950751307 
-270.50909507513046 
-270.5090950751308 
-270.5090950751307 
-270.50909507513074 
-270.5090950751306 
-270.50909507513035 
-270.50909507513035 
-270.50909507513046 
-270.5090950751307 
-270.5090950751308 
-270.5090950751309 
-270.50909507513103 
-270.50909507513103 
-270.50909507513103 
-270.5090950751308 
-270.5090950751309 
-270.50909507513103 
-270.5090950751307 
-270.5090950751307 
-270.5090950751306 
-270.50909507513063 
-270.5090950751307 
-270.50909507513063 
-270.5090950751306 
-270.50909507513023 
-270.5090950751302 
-270.5090950751299 
-270.5090950751298 
-270.5090950751298 
-270.5090950751298 
-270.50909507512966 
-270.5090950751293 
-270.5090950751293 
-270.50909507512944 
-270.50909507512944 
-270.50909507512944 
-270.50909507512944 
-270.50909507512966 
-270.5090950751298 
-270.50909507513006 
-270.5090950751301 
-270.5090950751299 
-270.5090950751299 
-270.50909507513 
-270.50909507513 
-270.50909507513 
-270.5090950751301 
-270.50909507513046 
-270.5090950751301 
-270.50909507513006 
-270.5090950751298 
-270.50909507512966 
-270.50909507512955 
-270.50909507512955 
-270.5090950751293 
-270.5090950751293 
-270.5090950751293 
-270.5090950751293 
-270.50909507512966 
-270.50909507512955 
-270.50909507512955 
-270.5090950751293 
-270.50909507512944 
-270.5090950751291 
-270.5090950751292 
-270.5090950751292 
-270.5090950751291 
-270.50909507512915 
-270.509095075129 
-270.50909507512927 
-270.5090950751293 
-270.5090950751291 
-270.5090950751291 
-270.5090950751291 
-270.50909507512887 
-270.50909507512887 
-270.50909507512887 
-270.509095075129 
-270.509095075129 
-270.509095075129 
-270.5090950751291 
-270.5090950751293 
-270.509095075129 
-270.5090950751293 
-270.50909507512944 
-270.5090950751292 
-270.50909507512887 
-270.50909507512887 
-270.50909507512876 
-270.50909507512864 
-270.50909507512876 
-270.509095075129 
-270.509095075129 
-270.509095075129 
-270.5090950751291 
-270.5090950751292 
-270.5090950751292 
-270.5090950751291 
-270.5090950751293 
-270.509095075129 
-270.50909507512876 
-270.5090950751285 
-270.50909507512864 
-270.50909507512876 
-270.5090950751285 
-270.5090950751285 
-270.5090950751284 
-270.5090950751284 
-270.5090950751283 
-270.5090950751282 
-270.5090950751285 
-270.50909507512864 
-270.50909507512864 
-270.50909507512876 
-270.50909507512876 
-270.50909507512887 
-270.50909507512887 
-270.50909507512887 
-270.50909507512887 
-270.5090950751289 
-270.5090950751292 
-270.5090950751293 
-270.50909507512966 
-270.5090950751292 
-270.509095075129 
-270.5090950751292 
-270.5090950751292 
-270.5090950751292 
-270.5090950751292 
-270.5090950751293 
-270.5090950751292 
-270.509095075129 
-270.50909507512887 
-270.50909507512887 
-270.50909507512904 
-270.50909507512876 
-270.509095075129 
-270.50909507512887 
-270.50909507512887 
-270.50909507512887 
-270.509095075129 
-270.50909507512887 
-270.5090950751291 
-270.50909507512915 
-270.509095075129 
-270.5090950751291 
-270.5090950751291 
-270.5090950751292 
-270.5090950751291 
-270.5090950751291 
-270.509095075129 
-270.509095075129 
-270.50909507512864 
-270.5090950751285 
-270.5090950751284 
-270.5090950751283 
-270.5090950751282 
-270.5090950751282 
-270.5090950751281 
-270.5090950751283 
-270.5090950751283 
-270.5090950751285 
-270.50909507512847 
-270.5090950751285 
-270.5090950751282 
-270.5090950751351 
-270.50909507513387 
-270.50909507513273 
-270.5090950751373 
-270.5090950751332 
-270.50909507513035 
-270.50909507512887 
-270.50909507512785 
-270.5090950751413 
-270.5090950751276 
-270.50909507514126 
-270.50909507512785 
-270.50909507512876 
-270.50909507513046 
-270.5090950751334 
-270.50909507513717 
-270.5090950751323 
-270.50909507513353 
-270.50909507513467 
-270.50909507512773 
-270.5090950751281 
-270.50909507512796 
-270.50909507512796 
-270.50909507512796 
-270.50909507512796 
-270.509095075128 
-270.50909507512796 
-270.50909507512796 
-270.5090950751282 
-270.5090950751283 
-270.50909507512847 
-270.50909507512864 
-270.50909507512876 
-270.50909507512876 
-270.50909507512876 
-270.50909507512876 
-270.50909507512876 
-270.50909507512876 
-270.50909507512887 
-270.50909507512876 
-270.5090950751291 
-270.50909507512876 
-270.50909507512904 
-270.509095075129 
-270.5090950751285 
-270.5090950751284 
-270.5090950751285 
-270.5090950751283 
-270.5090950751282 
-270.5090950751284 
-270.5090950751286 
-270.5090950751285 
-270.5090950751284 
-270.50909507512864 
-270.50909507512864 
-270.5090950751285 
-270.5090950751285 
-270.5090950751285 
-270.5090950751284 
-270.5090950751284 
-270.5090950751285 
-270.50909507512864 
-270.5090950751288 
-270.50909507512887 
-270.50909507512876 
-270.50909507512876 
-270.5090950751291 
-270.50909507512887 
-270.50909507512864 
-270.5090950751285 
-270.5090950751284 
-270.5090950751283 
-270.50909507512836 
-270.5090950751282 
-270.5090950751282 
-270.5090950751282 
-270.5090950751283 
-270.5090950751283 
-270.5090950751284 
-270.5090950751284 
-270.50909507512864 
-270.5090950751287 
-270.5090950751285 
-270.50909507512887 
-270.509095075129 
-270.5090950751291 
-270.5090950751292 
-270.5090950751292 
-270.5090950751291 
-270.5090950751291 
-270.5090950751291 
-270.509095075129 
-270.50909507512887 
-270.50909507512887 
-270.5090950751287 
-270.50909507512887 
-270.5090950751291 
-270.509095075129 
-270.5090950751292 
-270.50909507512944 
-270.5090950751292 
-270.5090950751291 
-270.5090950751293 
-270.5090950751292 
-270.5090950751293 
-270.5090950751293 
-270.5090950751292 
-270.5090950751293 
-270.5090950751295 
-270.5090950751292 
-270.5090950751292 
-270.5090950751293 
-270.50909507512966 
-270.5090950751295 
-270.50909507512955 
-270.5090950751297 
-270.5090950751301 
-270.50909507512995 
-270.5090950751299 
-270.5090950751299 
-270.5090950751301 
-270.5090950751302 
-270.5090950751298 
-270.50909507512984 
-270.5090950751298 
-270.50909507513 
-270.5090950751299 
-270.50909507512995 
-270.50909507512966 
-270.50909507512944 
-270.50909507512966 
-270.5090950751298 
-270.5090950751298 
-270.50909507512966 
-270.5090950751298 
-270.5090950751301 
-270.50909507513046 
-270.50909507513023 
-270.50909507513035 
-270.50909507513035 
-270.50909507513035 
-270.5090950751308 
-270.5090950751307 
-270.50909507513103 
-270.50909507513103 
-270.5090950751309 
-270.5090950751308 
-270.5090950751309 
-270.50909507513063 
-270.50909507513063 
-270.5090950751308 
-270.5090950751308 
-270.5090950751309 
-270.5090950751309 
-270.50909507513126 
-270.50909507513114 
-270.5090950751315 
-270.5090950751316 
-270.5090950751315 
-270.5090950751315 
-270.50909507513137 
-270.5090950751315 
-270.5090950751316 
-270.5090950751317 
-270.5090950751315 
-270.5090950751317 
-270.5090950751317 
-270.509095075132 
-270.5090950751318 
-270.5090950751317 
-270.5090950751318 
-270.5090950751316 
-270.50909507513165 
-270.50909507513154 
-270.5090950751315 
-270.5090950751315 
-270.50909507513137 
-270.5090950751315 
-270.50909507513194 
-270.50909507513205 
-270.5090950751323 
-270.5090950751323 
-270.5090950751326 
-270.50909507513245 
-270.5090950751326 
-270.5090950751326 
-270.50909507513273 
-270.50909507513285 
-270.50909507513273 
-270.50909507513273 
-270.5090950751325 
-270.5090950751326 
-270.5090950751326 
-270.5090950751325 
-270.5090950751326 
-270.5090950751326 
-270.50909507513967 
-270.5090950751383 
-270.5090950751368 
-270.5090950751414 
-270.5090950751374 
-270.50909507513455 
-270.50909507513296 
-270.50909507513194 
-270.5090950751456 
-270.50909507513205 
-270.50909507514547 
-270.5090950751317 
-270.50909507513273 
-270.50909507513467 
-270.5090950751375 
-270.5090950751416 
-270.50909507513717 
-270.5090950751384 
-270.50909507513984 
-270.50909507513273 
-270.5090950751326 
-270.50909507513273 
-270.5090950751325 
-270.5090950751326 
-270.5090950751324 
-270.5090950751326 
-270.50909507513273 
-270.50909507513285 
-270.50909507513296 
-270.5090950751331 
-270.5090950751332 
-270.50909507513296 
-270.50909507513285 
-270.50909507513245 
-270.5090950751323 
-270.50909507513205 
-270.5090950751323 
-270.50909507513205 
-270.5090950751319 
-270.5090950751318 
-270.50909507513194 
-270.50909507513194 
-270.50909507513205 
-270.5090950751317 
-270.50909507513194 
-270.509095075132 
-270.50909507513205 
-270.50909507513217 
-270.50909507513205 
-270.50909507513217 
-270.50909507513205 
-270.50909507513245 
-270.50909507513217 
-270.5090950751322 
-270.50909507513205 
-270.50909507513217 
-270.50909507513205 
-270.5090950751323 
-270.50909507513217 
-270.5090950751318 
-270.50909507513205 
-270.5090950751318 
-270.50909507513205 
-270.50909507513205 
-270.50909507513205 
-270.5090950751317 
-270.5090950751318 
-270.50909507513194 
-270.50909507513177 
-270.5090950751316 
-270.5090950751315 
-270.50909507513154 
-270.50909507513137 
-270.5090950751315 
-270.5090950751312 
-270.50909507513137 
-270.5090950751315 
-270.50909507513137 
-270.50909507513137 
-270.5090950751313 
-270.50909507513103 
-270.509095075131 
-270.50909507513103 
-270.50909507513103 
-270.5090950751309 
-270.50909507513103 
-270.5090950751312 
-270.5090950751315 
-270.5090950751317 
-270.5090950751318 
-270.50909507513137 
-270.50909507513137 
-270.5090950751315 
-270.5090950751316 
-270.5090950751316 
-270.5090950751315 
-270.50909507513137 
-270.5090950751315 
-270.5090950751316 
-270.50909507513126 
-270.50909507513126 
-270.50909507513114 
-270.50909507513126 
-270.50909507513103 
-270.5090950751308 
-270.5090950751307 
-270.5090950751309 
-270.5090950751307 
-270.5090950751306 
-270.5090950751306 
-270.50909507513063 
-270.50909507513063 
-270.5090950751306 
-270.50909507513035 
-270.50909507513023 
-270.50909507513035 
-270.5090950751301 
-270.5090950751298 
-270.50909507513 
-270.50909507512966 
-270.50909507512955 
-270.50909507512984 
-270.50909507512966 
-270.50909507512966 
-270.5090950751298 
-270.50909507512955 
-270.50909507512944 
-270.50909507512944 
-270.50909507512944 
-270.50909507512944 
-270.50909507512944 
-270.50909507512944 
-270.50909507512955 
-270.50909507512966 
-270.50909507512966 
-270.5090950751293 
-270.5090950751292 
-270.5090950751292 
-270.5090950751294 
-270.50909507512944 
-270.50909507512944 
-270.50909507512955 
-270.5090950751298 
-270.5090950751298 
-270.50909507512966 
-270.5090950751299 
-270.50909507513 
-270.50909507513023 
-270.50909507513035 
-270.50909507513023 
-270.50909507513046 
-270.50909507513046 
-270.50909507513035 
-270.5090950751301 
-270.50909507513023 
-270.5090950751301 
-270.5090950751301 
-270.50909507513023 
-270.50909507513035 
-270.50909507513046 
-270.50909507513035 
-270.5090950751306 
-270.50909507513035 
-270.5090950751307 
-270.50909507513063 
-270.5090950751304 
-270.50909507513023 
-270.50909507513046 
-270.5090950751307 
-270.50909507513046 
-270.5090950751306 
-270.5090950751308 
-270.5090950751309 
-270.5090950751306 
-270.50909507513074 
-270.5090950751307 
-270.5090950751307 
-270.5090950751307 
-270.5090950751308 
-270.50909507513103 
-270.5090950751307 
-270.5090950751306 
-270.50909507513046 
-270.50909507513046 
-270.5090950751301 
-270.5090950751299 
-270.5090950751298 
-270.5090950751296 
-270.5090950751298 
-270.5090950751298 
-270.50909507513 
-270.5090950751298 
-270.50909507512944 
-270.50909507512944 
-270.50909507512944 
-270.5090950751293 
-270.50909507513603 
-270.50909507513495 
-270.50909507513364 
-270.50909507513813 
-270.5090950751341 
-270.50909507513103 
-270.5090950751293 
-270.5090950751286 
-270.5090950751421 
-270.50909507512876 
-270.50909507514206 
-270.5090950751282 
-270.509095075129 
-270.5090950751306 
-270.50909507513376 
-270.5090950751378 
-270.5090950751334 
-270.5090950751348 
-270.50909507513603 
-270.50909507512927 
-270.5090950751291 
-270.50909507512915 
-270.5090950751293 
-270.5090950751297 
-270.5090950751299 
-270.5090950751298 
-270.50909507513 
-270.5090950751299 
-270.50909507513 
-270.5090950751299 
-270.50909507513 
-270.5090950751298 
-270.5090950751299 
-270.5090950751301 
-270.50909507513023 
-270.50909507513063 
-270.5090950751306 
-270.50909507513046 
-270.5090950751307 
-270.5090950751308 
-270.5090950751309 
-270.5090950751309 
-270.5090950751309 
-270.50909507513103 
-270.50909507513114 
-270.50909507513126 
-270.50909507513137 
-270.50909507513126 
-270.50909507513114 
-270.5090950751309 
-270.509095075131 
-270.5090950751309 
-270.5090950751306 
-270.5090950751306 
-270.5090950751304 
-270.50909507513063 
-270.50909507513063 
-270.50909507513046 
-270.5090950751307 
-270.5090950751308 
-270.5090950751309 
-270.5090950751308 
-270.5090950751308 
-270.50909507513103 
-270.5090950751307 
-270.50909507513063 
-270.50909507513046 
-270.5090950751306 
-270.50909507513046 
-270.5090950751303 
-270.5090950751303 
-270.5090950751306 
-270.5090950751307 
-270.5090950751306 
-270.5090950751306 
-270.50909507513046 
-270.50909507513046 
-270.50909507513046 
-270.50909507513023 
-270.5090950751301 
-270.5090950751301 
-270.5090950751301 
-270.5090950751299 
-270.5090950751301 
-270.5090950751301 
-270.50909507513023 
-270.5090950751299 
-270.5090950751299 
-270.50909507513 
-270.50909507513 
-270.5090950751301 
-270.5090950751301 
-270.50909507513035 
-270.50909507513046 
-270.50909507513046 
-270.5090950751306 
-270.5090950751308 
-270.50909507513103 
-270.50909507513103 
-270.50909507513114 
-270.50909507513126 
-270.50909507513137 
-270.5090950751317 
-270.5090950751316 
-270.5090950751315 
-270.50909507513137 
-270.50909507513137 
-270.5090950751316 
-270.5090950751316 
-270.5090950751317 
-270.5090950751318 
-270.50909507513177 
-270.5090950751317 
-270.5090950751317 
-270.5090950751318 
-270.5090950751318 
-270.50909507513217 
-270.5090950751324 
-270.5090950751324 
-270.5090950751324 
-270.5090950751325 
-270.50909507513256 
-270.5090950751326 
-270.50909507513256 
-270.5090950751326 
-270.5090950751326 
-270.5090950751326 
-270.5090950751324 
-270.5090950751326 
-270.5090950751326 
-270.5090950751325 
-270.50909507513273 
-270.5090950751326 
-270.5090950751326 
-270.5090950751326 
-270.5090950751326 
-270.5090950751326 
-270.50909507513273 
-270.5090950751326 
-270.5090950751327 
-270.5090950751327 
-270.5090950751326 
-270.5090950751325 
-270.5090950751326 
-270.5090950751325 
-270.5090950751325 
-270.50909507513256 
-270.5090950751323 
-270.5090950751325 
-270.5090950751326 
-270.5090950751328 
-270.50909507513273 
-270.50909507513285 
-270.50909507513285 
-270.5090950751331 
-270.5090950751331 
-270.50909507513285 
-270.5090950751331 
-270.50909507513296 
-270.5090950751331 
-270.50909507513296 
-270.5090950751329 
-270.50909507513273 
-270.50909507513285 
-270.50909507513285 
-270.5090950751326 
-270.5090950751326 
-270.5090950751324 
-270.5090950751324 
-270.5090950751324 
-270.5090950751324 
-270.5090950751324 
-270.5090950751325 
-270.5090950751326 
-270.50909507513245 
-270.5090950751323 
-270.5090950751324 
-270.5090950751326 
-270.5090950751325 
-270.5090950751324 
-270.5090950751324 
-270.5090950751324 
-270.5090950751325 
-270.50909507513273 
-270.5090950751326 
-270.5090950751324 
-270.5090950751323 
-270.5090950751323 
-270.5090950751325 
-270.5090950751325 
-270.5090950751323 
-270.5090950751325 
-270.50909507513217 
-270.5090950751323 
-270.50909507513217 
-270.5090950751323 
-270.50909507513944 
-270.5090950751382 
-270.50909507513677 
-270.50909507514143 
-270.5090950751374 
-270.50909507513427 
-270.5090950751323 
-270.50909507513114 
-270.5090950751449 
-270.5090950751315 
-270.50909507514496 
-270.50909507513137 
-270.5090950751326 
-270.5090950751343 
-270.50909507513745 
-270.5090950751415 
-270.50909507513694 
-270.5090950751383 
-270.50909507513944 
-270.5090950751324 
-270.5090950751325 
-270.5090950751326 
-270.50909507513296 
-270.5090950751332 
-270.5090950751332 
-270.5090950751334 
-270.5090950751333 
-270.509095075133 
-270.50909507513285 
-270.5090950751328 
-270.50909507513285 
-270.5090950751331 
-270.50909507513296 
-270.509095075133 
-270.509095075133 
-270.5090950751333 
-270.5090950751333 
-270.5090950751334 
-270.5090950751334 
-270.50909507513353 
-270.50909507513364 
-270.50909507513364 
-270.5090950751338 
-270.509095075134 
-270.509095075134 
-270.50909507513387 
-270.50909507513387 
-270.50909507513364 
-270.5090950751338 
-270.50909507513364 
-270.509095075134 
-270.50909507513376 
-270.50909507513387 
-270.50909507513376 
-270.50909507513376 
-270.50909507513387 
-270.50909507513387 
-270.5090950751341 
-270.50909507513376 
-270.50909507513404 
-270.50909507513376 
-270.5090950751334 
-270.5090950751333 
-270.50909507513296 
-270.50909507513296 
-270.50909507513285 
-270.5090950751326 
-270.5090950751324 
-270.5090950751326 
-270.50909507513273 
-270.50909507513296 
-270.50909507513285 
-270.50909507513296 
-270.50909507513285 
-270.50909507513296 
-270.50909507513285 
-270.5090950751326 
-270.5090950751326 
-270.5090950751325 
-270.5090950751323 
-270.5090950751323 
-270.5090950751324 
-270.5090950751324 
-270.5090950751325 
-270.5090950751324 
-270.50909507513234 
-270.5090950751324 
-270.50909507513217 
-270.5090950751323 
-270.50909507513217 
-270.50909507513217 
-270.50909507513217 
-270.50909507513217 
-270.5090950751323 
-270.5090950751323 
-270.50909507513217 
-270.50909507513205 
-270.509095075132 
-270.5090950751317 
-270.5090950751316 
-270.5090950751315 
-270.50909507513137 
-270.50909507513137 
-270.50909507513154 
-270.50909507513154 
-270.50909507513154 
-270.5090950751315 
-270.50909507513165 
-270.5090950751314 
-270.50909507513137 
-270.50909507513137 
-270.50909507513137 
-270.50909507513137 
-270.50909507513114 
-270.50909507513114 
-270.5090950751309 
-270.50909507513103 
-270.50909507513103 
-270.5090950751307 
-270.5090950751306 
-270.50909507513046 
-270.50909507513035 
-270.50909507513046 
-270.50909507513023 
-270.50909507513023 
-270.50909507513035 
-270.5090950751303 
-270.50909507513023 
-270.5090950751301 
-270.50909507513035 
-270.50909507513046 
-270.50909507513035 
-270.50909507513023 
-270.5090950751301 
-270.50909507513023 
-270.5090950751306 
-270.5090950751306 
-270.5090950751306 
-270.50909507513046 
-270.50909507513046 
-270.50909507513046 
-270.50909507513046 
-270.50909507513046 
-270.50909507513035 
-270.5090950751303 
-270.50909507513023 
-270.50909507513035 
-270.50909507513035 
-270.5090950751301 
-270.50909507513023 
-270.5090950751301 
-270.50909507513046 
-270.50909507513006 
-270.50909507512995 
-270.5090950751302 
-270.5090950751301 
-270.50909507512984 
-270.5090950751298 
-270.50909507513 
-270.5090950751301 
-270.5090950751298 
-270.5090950751298 
-270.5090950751299 
-270.5090950751301 
-270.5090950751301 
-270.50909507513023 
-270.50909507513035 
-270.50909507513035 
-270.50909507513023 
-270.50909507513023 
-270.5090950751302 
-270.50909507513 
-270.5090950751302 
-270.50909507513035 
-270.50909507513035 
-270.50909507513023 
-270.5090950751302 
-270.5090950751299 
-270.5090950751299 
-270.5090950751297 
-270.50909507512966 
-270.50909507512955 
-270.50909507512944 
-270.5090950751292 
-270.50909507512955 
-270.50909507512955 
-270.5090950751293 
-270.50909507512944 
-270.50909507512944 
-270.5090950751291 
-270.50909507512887 
-270.50909507512864 
-270.5090950751284 
-270.5090950751283 
-270.5090950751282 
-270.5090950751283 
-270.50909507513506 
-270.50909507513376 
-270.5090950751324 
-270.50909507513705 
-270.5090950751332 
-270.50909507513035 
-270.5090950751287 
-270.5090950751279 
-270.5090950751417 
-270.5090950751281 
-270.509095075142 
-270.5090950751284 
-270.509095075129 
-270.5090950751309 
-270.50909507513364 
-270.5090950751374 
-270.5090950751325 
-270.50909507513376 
-270.5090950751349 
-270.5090950751282 
-270.5090950751283 
-270.5090950751284 
-270.5090950751284 
-270.5090950751285 
-270.5090950751285 
-270.509095075129 
-270.50909507512927 
-270.5090950751293 
-270.50909507512944 
-270.5090950751299 
-270.5090950751299 
-270.5090950751299 
-270.50909507513023 
-270.50909507513023 
-270.50909507513023 
-270.50909507513023 
-270.50909507513 
-270.50909507513023 
-270.5090950751301 
-270.5090950751301 
-270.50909507513023 
-270.50909507513023 
-270.5090950751301 
-270.5090950751301 
-270.50909507513 
-270.5090950751301 
-270.5090950751301 
-270.50909507513046 
-270.5090950751306 
-270.5090950751307 
-270.5090950751308 
-270.5090950751307 
-270.5090950751306 
-270.5090950751305 
-270.5090950751306 
-270.50909507513074 
-270.5090950751307 
-270.5090950751306 
-270.50909507513046 
-270.50909507513035 
-270.5090950751306 
-270.50909507513046 
-270.5090950751306 
-270.5090950751306 
-270.5090950751308 
-270.50909507513086 
-270.5090950751308 
-270.50909507513103 
-270.5090950751309 
-270.5090950751309 
-270.50909507513086 
-270.5090950751309 
-270.5090950751309 
-270.5090950751308 
-270.5090950751308 
-270.5090950751309 
-270.5090950751309 
-270.5090950751309 
-270.50909507513103 
-270.50909507513126 
-270.50909507513114 
-270.5090950751312 
-270.50909507513126 
-270.50909507513114 
-270.5090950751313 
-270.50909507513114 
-270.50909507513137 
-270.5090950751309 
-270.50909507513103 
-270.5090950751309 
-270.5090950751308 
-270.5090950751307 
-270.5090950751308 
-270.509095075131 
-270.50909507513103 
-270.5090950751309 
-270.509095075131 
-270.5090950751309 
-270.50909507513114 
-270.50909507513103 
-270.50909507513103 
-270.50909507513103 
-270.5090950751309 
-270.50909507513086 
-270.5090950751308 
-270.5090950751309 
-270.5090950751307 
-270.5090950751309 
-270.5090950751308 
-270.5090950751306 
-270.5090950751307 
-270.50909507513074 
-270.5090950751307 
-270.5090950751309 
-270.50909507513086 
-270.5090950751308 
-270.5090950751308 
-270.5090950751308 
-270.50909507513103 
-270.50909507513103 
-270.50909507513103 
-270.5090950751312 
-270.5090950751311 
-270.50909507513114 
-270.50909507513126 
-270.50909507513137 
-270.5090950751316 
-270.5090950751315 
-270.50909507513137 
-270.50909507513114 
-270.50909507513114 
-270.50909507513103 
-270.5090950751311 
-270.50909507513103 
-270.50909507513103 
-270.50909507513114 
-270.50909507513114 
-270.50909507513126 
-270.50909507513137 
-270.5090950751317 
-270.5090950751316 
-270.5090950751318 
-270.5090950751317 
-270.5090950751316 
-270.50909507513177 
-270.50909507513205 
-270.5090950751318 
-270.50909507513194 
-270.50909507513177 
-270.5090950751316 
-270.5090950751316 
-270.5090950751316 
-270.5090950751317 
-270.5090950751318 
-270.5090950751321 
-270.5090950751323 
-270.5090950751323 
-270.5090950751325 
-270.5090950751325 
-270.5090950751325 
-270.5090950751323 
-270.5090950751324 
-270.5090950751326 
-270.5090950751326 
-270.50909507513273 
-270.50909507513285 
-270.5090950751332 
-270.5090950751333 
-270.50909507513296 
-270.5090950751331 
-270.50909507513285 
-270.50909507513296 
-270.50909507513296 
-270.5090950751325 
-270.5090950751323 
-270.5090950751321 
-270.50909507513194 
-270.50909507513177 
-270.50909507513194 
-270.50909507513217 
-270.5090950751318 
-270.5090950751317 
-270.5090950751317 
-270.5090950751318 
-270.50909507513194 
-270.50909507513205 
-270.5090950751323 
-270.5090950751323 
-270.5090950751323 
-270.5090950751324 
-270.5090950751324 
-270.5090950751324 
-270.5090950751326 
-270.50909507513256 
-270.5090950751324 
-270.50909507513217 
-270.509095075139 
-270.5090950751375 
-270.50909507513626 
-270.5090950751409 
-270.50909507513694 
-270.5090950751342 
-270.5090950751325 
-270.5090950751315 
-270.509095075145 
-270.50909507513137 
-270.509095075145 
-270.50909507513137 
-270.5090950751325 
-270.5090950751342 
-270.50909507513705 
-270.50909507514103 
-270.5090950751364 
-270.5090950751376 
-270.5090950751392 
-270.5090950751323 
-270.5090950751324 
-270.5090950751325 
-270.5090950751325 
-270.5090950751324 
-270.5090950751323 
-270.5090950751321 
-270.5090950751318 
-270.5090950751318 
-270.5090950751317 
-270.5090950751314 
-270.50909507513126 
-270.50909507513114 
-270.5090950751309 
-270.5090950751309 
-270.50909507513103 
-270.50909507513114 
-270.5090950751309 
-270.5090950751309 
-270.5090950751309 
-270.5090950751309 
-270.50909507513114 
-270.50909507513137 
-270.50909507513165 
-270.5090950751315 
-270.50909507513126 
-270.50909507513126 
-270.50909507513114 
-270.50909507513154 
-270.50909507513137 
-270.50909507513103 
-270.5090950751308 
-270.50909507513103 
-270.5090950751309 
-270.5090950751309 
-270.5090950751307 
-270.509095075131 
-270.5090950751309 
-270.5090950751308 
-270.5090950751308 
-270.50909507513046 
-270.5090950751305 
-270.5090950751306 
-270.5090950751306 
-270.5090950751307 
-270.5090950751306 
-270.5090950751307 
-270.5090950751309 
-270.50909507513103 
-270.50909507513103 
-270.50909507513126 
-270.5090950751307 
-270.5090950751308 
-270.5090950751307 
-270.5090950751308 
-270.5090950751306 
-270.50909507513046 
-270.50909507513035 
-270.50909507513023 
-270.50909507513023 
-270.50909507513023 
-270.50909507513 
-270.5090950751299 
-270.50909507513 
-270.5090950751299 
-270.5090950751299 
-270.50909507513 
-270.5090950751301 
-270.50909507513 
-270.5090950751301 
-270.50909507512984 
-270.5090950751298 
-270.5090950751298 
-270.5090950751297 
-270.50909507512966 
-270.5090950751295 
-270.50909507512944 
-270.50909507512955 
-270.5090950751293 
-270.5090950751293 
-270.5090950751294 
-270.50909507512944 
-270.50909507512966 
-270.50909507512944 
-270.5090950751292 
-270.50909507512944 
-270.50909507512955 
-270.50909507512955 
-270.50909507512955 
-270.50909507512955 
-270.5090950751298 
-270.50909507512955 
-270.50909507512966 
-270.50909507513 
-270.50909507513006 
-270.5090950751301 
-270.5090950751301 
-270.5090950751304 
-270.50909507513035 
-270.50909507513035 
-270.50909507513023 
-270.50909507513035 
-270.50909507513035 
-270.50909507513023 
-270.5090950751301 
-270.5090950751301 
-270.50909507513023 
-270.50909507513035 
-270.50909507513035 
-270.5090950751308 
-270.5090950751307 
-270.5090950751307 
-270.50909507513063 
-270.50909507513046 
-270.5090950751306 
-270.50909507513035 
-270.50909507513023 
-270.50909507513023 
-270.5090950751301 
-270.5090950751301 
-270.50909507513023 
-270.5090950751301 
-270.50909507512995 
-270.50909507513023 
-270.5090950751301 
-270.5090950751301 
-270.5090950751301 
-270.5090950751299 
-270.5090950751301 
-270.50909507513023 
-270.50909507513 
-270.50909507513023 
-270.50909507513 
-270.5090950751301 
-270.50909507513 
-270.5090950751299 
-270.50909507512995 
-270.50909507513 
-270.50909507513 
-270.50909507513 
-270.5090950751301 
-270.5090950751299 
-270.50909507512966 
-270.50909507513 
-270.50909507513 
-270.5090950751299 
-270.5090950751299 
-270.5090950751299 
-270.5090950751298 
-270.50909507512944 
-270.50909507512944 
-270.5090950751291 
-270.5090950751291 
-270.509095075129 
-270.50909507512887 
-270.509095075129 
-270.50909507512887 
-270.50909507512876 
-270.509095075129 
-270.50909507512864 
-270.5090950751288 
-270.50909507512887 
-270.5090950751291 
-270.509095075129 
-270.509095075129 
-270.50909507512876 
-270.509095075129 
-270.5090950751288 
-270.5090950751285 
-270.5090950751282 
-270.50909507512796 
-270.5090950751276 
-270.5090950751279 
-270.5090950751278 
-270.5090950751276 
-270.5090950751273 
-270.50909507512705 
-270.5090950751341 
-270.50909507513296 
-270.50909507513165 
-270.5090950751367 
-270.50909507513296 
-270.5090950751301 
-270.5090950751281 
-270.5090950751275 
-270.5090950751409 
-270.5090950751273 
