2 3 0.001630331832747833 
3 4 0.001963782739662352 
4 5 0.002039873545951017 
5 6 0.0019690794837541278 
6 7 0.0019351035390510795 
7 8 0.0019383118530925847 
8 9 0.00194521960898296 
9 10 0.001945223815204214 
10 11 0.001943315276653792 
11 12 0.001942977884360423 
12 13 0.0019434702671654496 
13 14 0.001943632611494503 
14 15 0.0019434862414891394 
15 16 0.0019434051552004693 
16 17 0.0019434432783198264 
17 18 0.0019434779329945571 
18 19 0.0019434685805193455 
19 20 0.0019434536321063975 
20 21 0.0019434547620016491 
21 22 0.0019434607441683965 
22 23 0.0019434612195763324 
23 24 0.0019434588868625607 
24 25 0.001943458304365631 
25 26 0.001943459140987414 
26 27 0.0019434595058525372 
27 28 0.001943459228211703 
28 29 0.0019434590446351229 
29 30 0.0019434591153812656 
30 31 0.0019434591976277785 
31 32 0.001943459172852459 
32 33 0.00194345915441714 
33 34 0.0019434591595593293 
34 35 0.0019434591719036517 
35 36 0.0019434591788623928 
36 37 0.0019434591626647224 
37 38 0.0019434591566997936 
38 39 0.0019434591594450579 
39 40 0.0019434591605620678 
40 41 0.0019434591587634419 
41 42 0.0019434591622495708 
42 43 0.0019434591600432155 
43 44 0.001943459156557663 
44 45 0.0019434591592299723 
45 46 0.0019434591618094179 
46 47 0.0019434591598441306 
47 48 0.001943459157802615 
48 49 0.001943459161519652 
49 50 0.0019434591637603749 
50 51 0.0019434591588558163 
51 52 0.0019434591550072037 
52 53 0.0019434591718272892 
53 54 0.0019434591898308104 
54 55 0.0019434591404313176 
55 56 0.001943459057235386 
56 57 0.001943459164706168 
57 58 0.0019434594798523974 
58 59 0.001943459585695579 
59 60 0.0019434583585027857 
60 61 0.0019434583099727316 
61 62 0.0019434591390398558 
62 63 0.001943459632689725 
63 64 0.0019434592943663555 
64 65 0.001943459015621745 
65 66 0.0019434591479314193 
66 67 0.0019434592071830893 
67 68 0.0019434589590423823 
68 69 0.0019434590016568975 
69 70 0.0019434592069782894 
70 71 0.001943459202535166 
71 72 0.001943459147229614 
72 73 0.001943459150861187 
73 74 0.0019434591608996608 
74 75 0.0019434591617250383 
75 76 0.0019434591607770458 
76 77 0.0019434591598070988 
77 78 0.0019434591593687233 
78 79 0.001943459161053342 
79 80 0.0019434591625364364 
80 81 0.0019434591595779308 
81 82 0.001943459156637489 
82 83 0.0019434591612105356 
83 84 0.0019434591712200811 
84 85 0.0019434591652023748 
85 86 0.0019434591413567234 
86 87 0.001943459143386385 
87 88 0.0019434591925401275 
88 89 0.001943459214742754 
89 90 0.001943459121999769 
90 91 0.001943459041216824 
91 92 0.001943459174796261 
92 93 0.0019434596606519648 
93 94 0.0019434594132437964 
94 95 0.001943458477475468 
95 96 0.0019434588591151882 
96 97 0.0019434611967788144 
97 98 0.0019434607589202061 
98 99 0.001943454754499929 
99 100 0.0019434536209273529 
100 101 0.0019434685764014984 
101 102 0.0019434779201377309 
102 103 0.0019434432413478712 
103 104 0.0019434051354944727 
104 105 0.0019434864927225493 
105 106 0.0019436331101910184 
106 107 0.0019434703652056564 
107 108 0.0019429776982837323 
108 109 0.0019433144844250164 
109 110 0.0019452233515331238 
110 111 0.001945219493078488 
111 112 0.0019383118961214664 
112 113 0.0019351036696897185 
113 114 0.0019690794558470874 
114 115 0.0020398734893879366 
115 116 0.001963782715323905 
116 117 0.0016303318262041696 
117 118 0.0016423384860835414 
