-1020.9139809508479 
-1021.0128808334847 
-1021.4670372764133 
-1021.4925045762543 
-1021.5515931932772 
-1021.650983002956 
-1021.7596185341529 
-1021.7851968803246 
-1021.8259569216533 
-1022.1071418343954 
-1022.146682063116 
-1022.1835038473279 
-1022.2750955601484 
-1022.3570983853921 
-1022.3872286705941 
-1022.4112987531421 
-1022.5730453839135 
-1022.624902586595 
-1022.6449861642562 
-1022.7573232565752 
-1022.8357885427813 
-1022.8627088310709 
-1022.8848213665339 
-1022.9930255503085 
-1023.0542296357033 
-1023.0667734934309 
-1023.2171612503145 
-1023.2871207166214 
-1023.3078420392006 
-1023.3489764798709 
-1023.4480210771065 
-1023.4956196468808 
-1023.5083215695822 
-1023.6398737470977 
-1023.7068399188624 
-1023.7231201957663 
-1023.7914243964123 
-1023.8838770607531 
-1023.9219110100845 
-1023.9373534623663 
-1024.0415507655607 
-1024.1086733200925 
-1024.1218637090412 
-1024.2307593536327 
-1024.305820631121 
-1024.3349513850164 
-1024.3576232207342 
-1024.4461018850075 
-1024.500840470776 
-1024.515100765454 
-1024.6349786644869 
-1024.7052070656136 
-1024.7296861491766 
-1024.7551221479723 
-1024.8407758858834 
-1024.9211578548998 
-1024.9225683561388 
-1024.9225683561378 
-1024.9225683561374 
-1024.9225683561372 
-1024.9225683561374 
-1024.9225745439048 
-1024.923391193317 
-1024.9242252787596 
-1024.9249326368283 
-1024.9260768383156 
-1024.9279013866717 
-1024.929802974241 
-1024.9314572037704 
-1024.9340065242352 
-1024.9364823296705 
-1024.9381473279623 
-1024.9405242881087 
-1024.9438297356537 
-1024.9470781373154 
-1024.9501609411695 
-1024.954332964037 
-1024.9572044670865 
-1024.9599844488246 
-1024.9635291409052 
-1024.9675386763947 
-1024.970900532093 
-1024.9744376048209 
-1024.9795038804834 
-1024.98297849456 
-1024.98669166115 
-1024.991013481969 
-1024.9956409539975 
-1024.9992694374484 
-1025.0028998336415 
-1025.0083479319553 
-1025.0145643994774 
-1025.0198558576853 
-1025.027601020507 
-1025.0339773905882 
-1025.0393545472841 
-1025.0435994702084 
-1025.0513630581834 
-1025.059387557994 
-1025.067187369226 
-1025.0760678081706 
-1025.0870546777082 
-1025.098031893095 
-1025.1045987153343 
-1025.1178768409945 
-1025.1292817952528 
-1025.140229884118 
-1025.1503534377675 
-1025.1740914845946 
-1025.1941614036268 
-1025.2052624796702 
-1025.2196707833543 
-1025.2298138769495 
-1025.2369168087262 
-1025.24358584449 
-1025.2435858444892 
-1025.2968231781406 
-1025.3174163885758 
-1025.469792202805 
-1025.5390867192507 
-1025.5637309863105 
-1025.596080790457 
-1025.6992070344518 
-1025.7512841567184 
-1025.7638413352195 
-1025.9171324157837 
-1025.9832419991442 
-1026.001341861049 
-1026.0551337538154 
-1026.1518936446896 
-1026.1936891072858 
-1026.207711120256 
-1026.3316409535807 
-1026.3982116951486 
-1026.4123633421564 
-1026.5002448797707 
-1026.5878829100943 
-1026.6203190531478 
-1026.6384966681467 
-1026.737202616561 
-1026.8074487608262 
-1026.8189740186504 
-1026.951344112074 
-1027.0263425736364 
-1027.0493776342873 
-1027.0867252484018 
-1027.1862843514446 
-1027.2387190142226 
-1027.250825383254 
-1027.3739012383173 
-1027.444132838675 
-1027.4613450475908 
-1027.525520161824 
-1027.6198601170759 
-1027.6607024783846 
-1027.6755036198188 
-1027.7764437499109 
-1027.8458898150752 
-1027.8594793253965 
-1027.964028345698 
-1028.040559465098 
-1028.0712592346329 
-1028.0932737244873 
-1028.1813412254944 
-1028.2374526834292 
-1028.2516658833306 
-1028.3685065133238 
-1028.4397050941138 
-1028.4649768460654 
-1028.4899913967658 
-1028.5757797344445 
-1028.6573468599831 
-1028.658749014912 
-1028.658749014914 
-1028.6587490149093 
-1028.6587490149138 
-1028.658749014912 
-1028.6587552324154 
-1028.6595733703655 
-1028.6604075339233 
-1028.6611176741387 
-1028.6622974097456 
-1028.664131003662 
-1028.6660546067064 
-1028.6677161233613 
-1028.6702600550059 
-1028.6726982047867 
-1028.6743530419537 
-1028.6768435980075 
-1028.680106930095 
-1028.6832787505462 
-1028.6864137550772 
-1028.6905183432089 
-1028.6933136076361 
-1028.6959896172598 
-1028.699785858637 
-1028.7035865234238 
-1028.7068326061963 
-1028.7105507028164 
-1028.715436743223 
-1028.7186974821257 
-1028.7220083272243 
-1028.7266692484955 
-1028.7305989833042 
-1028.7339628086554 
-1028.7380245898405 
-1028.742889721194 
-1028.7476270644936 
-1028.7515741689444 
-1028.7580935485762 
-1028.7621524914211 
-1028.7659423944451 
-1028.7703527206004 
-1028.7753626612073 
-1028.7800731800394 
-1028.7844076481038 
-1028.7907441326072 
-1028.7946806614123 
-1028.799103161299 
-1028.8037786633845 
-1028.8091187356351 
-1028.8134942193933 
-1028.8176660765293 
-1028.82395728519 
-1028.829748170143 
-1028.8357149492592 
-1028.8417201361412 
-1028.8490984896055 
-1028.854653853132 
-1028.8593611644756 
-1028.8673935855973 
-1028.8793337515651 
-1028.8931932692883 
-1028.92457691492 
-1028.9291036894215 
-1028.9317727983557 
-1028.933951844305 
-1028.935905976478 
-1028.9374073338524 
-1028.9385809972591 
-1028.9399575558148 
-1028.9413720825873 
-1028.942467396243 
-1028.9436635213008 
-1028.9448728817586 
-1028.94618930534 
-1028.9471825738622 
-1028.9486696693461 
-1028.9501711019327 
-1028.9514578382539 
-1028.9534519451934 
-1028.9554729774447 
-1028.957271451201 
-1028.9590252098194 
-1028.9608942057846 
-1028.963044758396 
-1028.9647099081305 
-1028.9679378210851 
-1028.970142092684 
-1028.972466185552 
-1028.974833708556 
-1028.977116506919 
-1028.979243092624 
-1028.9809955567325 
-1028.9834946079561 
-1028.985423673926 
-1028.9872784927159 
-1028.989581673206 
-1028.991571782798 
-1028.9933787019258 
-1028.9949303975827 
-1028.9966730863816 
-1028.9981854284802 
-1028.9996014127585 
-1029.0016683128088 
-1029.0030669448704 
-1029.004363227459 
-1029.005352492615 
-1029.006305170921 
-1029.007085927744 
-1029.0078557253441 
-1029.0085725078611 
-1029.008957675849 
-1029.0092122732076 
-1029.0094186056813 
-1029.0094945371604 
-1029.0094955439658 
-1029.0094955439654 
-1029.0094955439656 
-1029.0094955439693 
-1029.0094955439633 
-1029.0094955439708 
-1029.0094955439663 
-1029.0094955439656 
-1029.0094955439627 
-1029.0094955455784 
-1029.0094958729178 
-1029.009497026927 
-1029.0094989789648 
-1029.0095019214696 
-1029.0095092668978 
-1029.0095197600451 
-1029.0095327074705 
-1029.009552024653 
-1029.0095777488682 
-1029.0096049910019 
-1029.009642254787 
-1029.0097139528402 
-1029.0097858327456 
-1029.0098730890477 
-1029.0099736039574 
-1029.0100869061364 
-1029.0102017889358 
-1029.0103456826082 
-1029.0105682245367 
-1029.0107637861722 
-1029.0109734253674 
-1029.0112425091572 
-1029.0114888008106 
-1029.0117536415212 
-1029.0120602763536 
-1029.0124587299447 
-1029.0128056765686 
-1029.0131774157956 
-1029.013697711101 
-1029.0141308429772 
-1029.0146693434876 
-1029.015164562975 
-1029.0156586100572 
-1029.0160611933034 
-1029.0165106759048 
-1029.0170904787694 
-1029.0174794190507 
-1029.0178991981354 
-1029.0183340932838 
-1029.018703040606 
-1029.019011258448 
-1029.0193316865377 
-1029.0196725498463 
-1029.0198821734507 
-1029.020102291858 
-1029.020344347366 
-1029.0204883255337 
-1029.0206168738455 
-1029.020749564941 
-1029.0208311294423 
-1029.0208752242831 
-1029.0208752242827 
-1029.0220353687032 
-1029.0236693747786 
-1029.0252448795868 
-1029.0269372123187 
-1029.0285381098888 
-1029.0302144416987 
-1029.0319081439184 
-1029.0332395535847 
-1029.0354715169738 
-1029.0370746445658 
-1029.0387393010255 
-1029.0406894073365 
-1029.0425210514147 
-1029.0440833454381 
-1029.0455255947204 
-1029.0475134710596 
-1029.049004245375 
-1029.0504276561976 
-1029.0525407462928 
-1029.0542127613849 
-1029.0557407795093 
-1029.0571581648278 
-1029.0588789113006 
-1029.0602200927374 
-1029.0615635498914 
-1029.0640616299036 
-1029.0654598650246 
-1029.0670205275323 
-1029.0684399526322 
-1029.0700707755077 
-1029.0713360405746 
-1029.072470888527 
-1029.074328896015 
-1029.0754780454683 
-1029.0766852174147 
-1029.0780613302563 
-1029.079341803362 
-1029.0804459041094 
-1029.0814233069557 
-1029.082657313785 
-1029.0835711686561 
-1029.0845100242448 
-1029.0858050336826 
-1029.086710956755 
-1029.0875611567687 
-1029.088219270808 
-1029.0889059038864 
-1029.0894354049626 
-1029.0900014963497 
-1029.090518497939 
-1029.0908060393526 
-1029.091003372641 
-1029.0911671113972 
-1029.0912299457393 
-1029.0912308357892 
-1029.0912308357906 
-1029.0912308357895 
-1029.0912308357915 
-1029.0912308357888 
-1029.091230835791 
-1029.0912308357904 
-1029.0912308357902 
-1029.0912308357883 
-1029.091230837337 
-1029.0912311425302 
-1029.091232191687 
-1029.0912338770402 
-1029.0912363466562 
-1029.0912421201263 
-1029.0912501339392 
-1029.0912591052831 
-1029.0912738441496 
-1029.0912918229765 
-1029.0913093338283 
-1029.0913324403832 
-1029.0913740721217 
-1029.0914142084 
-1029.0914590456227 
-1029.091519199295 
-1029.091580122911 
-1029.0916398409188 
-1029.0917161901723 
-1029.0918228419407 
-1029.0919150990298 
-1029.0920118616732 
-1029.0921614361253 
-1029.0922821972722 
-1029.092418575578 
-1029.0925827121862 
-1029.0927731866054 
-1029.09294583468 
-1029.0931228568795 
-1029.0934221050347 
-1029.0936892751738 
-1029.09399081032 
-1029.0942955458204 
-1029.0946125837318 
-1029.0948969579983 
-1029.095236731163 
-1029.0957154211908 
-1029.096112744718 
-1029.0965427605295 
-1029.09704235516 
-1029.0974986307615 
-1029.0979382400892 
-1029.0984686655597 
-1029.0991652880882 
-1029.09974666072 
-1029.1003609436123 
-1029.1011446591756 
-1029.10177823474 
-1029.1025523691824 
-1029.103345296916 
-1029.1042716075367 
-1029.1051024716824 
-1029.1061072764164 
-1029.1075975975652 
-1029.1102871401977 
-1029.1106829400435 
-1029.1109832493219 
-1029.1112006175797 
-1029.1113947744316 
-1029.1115398884647 
-1029.1116598793142 
-1029.1117649911992 
-1029.1118620875557 
-1029.1119416433132 
-1029.1120116156642 
-1029.1120754544672 
-1029.11213548763 
-1029.112185042408 
-1029.112233225734 
-1029.1122807985728 
-1029.1123193426317 
-1029.1123591129415 
-1029.1123939189747 
-1029.112424242671 
-1029.112452165826 
-1029.1124784134731 
-1029.1125046392747 
-1029.1125270267414 
-1029.1125497655264 
-1029.112569262565 
-1029.1125856265976 
-1029.112602303224 
-1029.1126169654958 
-1029.1126293322625 
-1029.1126401460315 
-1029.1126505684151 
-1029.1126589824141 
-1029.1126657187656 
-1029.112672583045 
-1029.1126780531756 
-1029.1126820394563 
-1029.1126855729988 
-1029.1126884431455 
-1029.1126907203384 
-1029.1126922936528 
-1029.1126937072042 
-1029.1126946415936 
-1029.1126952750383 
-1029.11269575623 
-1029.112696096441 
-1029.112696319555 
-1029.1126964527332 
-1029.1126965262213 
-1029.1126965567018 
-1029.1126965636972 
-1029.1126965636524 
-1029.112696563655 
-1029.1126965636506 
-1029.1126965636527 
-1029.1126965636533 
-1029.1126965636522 
-1029.1126965636483 
-1029.1126965636513 
-1029.1126965636545 
-1029.1126965636543 
-1029.1126965636513 
-1029.112696563653 
-1029.1126965636515 
-1029.112696563759 
-1029.1126965643973 
-1029.112696565418 
-1029.112696567369 
-1029.1126965699982 
-1029.1126965732294 
-1029.1126965777607 
-1029.1126965834844 
-1029.1126965899105 
-1029.112696599544 
-1029.1126966119477 
-1029.112696626966 
-1029.1126966468778 
-1029.1126966719444 
-1029.1126967054095 
-1029.1126967446135 
-1029.1126967957082 
-1029.1126968590866 
-1029.1126969355967 
-1029.1126970278222 
-1029.1126971399083 
-1029.1126972796465 
-1029.112697439046 
-1029.112697626584 
-1029.1126978457705 
-1029.1126980801207 
-1029.112698353896 
-1029.112698665699 
-1029.112699025317 
-1029.1126994196934 
-1029.112699837279 
-1029.1127002860046 
-1029.1127007633172 
-1029.1127012771199 
-1029.1127018194118 
-1029.112702419669 
-1029.1127030360394 
-1029.1127036818484 
-1029.1127043778035 
-1029.1127050694702 
-1029.1127057594176 
-1029.1127064878758 
-1029.1127072657066 
-1029.112708018596 
-1029.112708807822 
-1029.1127096811172 
-1029.1127104834904 
-1029.1127112972533 
-1029.1127121045529 
-1029.112712876233 
-1029.1127133495702 
-1029.1127315527167 
-1029.1127604093203 
-1029.1127908594233 
-1029.1128230283023 
-1029.1128620210168 
-1029.1128998064676 
-1029.1129408539462 
-1029.1129822933078 
-1029.1130290052713 
-1029.11307367311 
-1029.1131168445036 
-1029.1131712354288 
-1029.1132243501345 
-1029.113272757693 
-1029.1133219340948 
-1029.1133740937914 
-1029.1134266074814 
-1029.1134748765357 
-1029.1135356050022 
-1029.1135912141272 
-1029.1136383106266 
-1029.113688755923 
-1029.11373656069 
-1029.1137871648784 
-1029.1138300364214 
-1029.1138847076054 
-1029.113926774339 
-1029.113961574099 
-1029.1140012853828 
-1029.1140357619897 
-1029.1140672012934 
-1029.1140919216853 
-1029.1141206970715 
-1029.1141413771677 
-1029.1141579378827 
-1029.1141753355591 
-1029.1141883307498 
-1029.1141984690935 
-1029.11420615384 
-1029.114213274137 
-1029.114218484487 
-1029.1142219451542 
-1029.1142248964584 
-1029.1142267113746 
-1029.1142279897545 
-1029.1142288538842 
-1029.1142294413962 
-1029.1142298203338 
-1029.1142300413371 
-1029.1142301605053 
-1029.1142302025626 
-1029.1142302117591 
-1029.1142302117237 
-1029.1142302117212 
-1029.1142302117187 
-1029.11423021172 
-1029.114230211718 
-1029.1142302117219 
-1029.1142302117155 
-1029.1142302117203 
-1029.1142302117184 
-1029.1142302117194 
-1029.1142302117196 
-1029.11423021172 
-1029.1142302117223 
-1029.1142302118312 
-1029.1142302124692 
-1029.114230213498 
-1029.1142302154606 
-1029.114230218137 
-1029.1142302214632 
-1029.114230226144 
-1029.1142302320582 
-1029.1142302390565 
-1029.1142302495016 
-1029.1142302632654 
-1029.1142302804851 
-1029.1142303034464 
-1029.1142303342965 
-1029.114230374175 
-1029.1142304241598 
-1029.1142304893156 
-1029.1142305715155 
-1029.1142306730276 
-1029.1142307955315 
-1029.1142309545069 
-1029.1142311456483 
-1029.1142313750418 
-1029.1142316413616 
-1029.1142319564094 
-1029.1142323067231 
-1029.1142327132457 
-1029.1142331916826 
-1029.114233726289 
-1029.1142343272134 
-1029.1142349799072 
-1029.1142356691857 
-1029.1142364065736 
-1029.1142372228085 
-1029.114238108991 
-1029.1142390600166 
-1029.114240044348 
-1029.114241078847 
-1029.1142421062568 
-1029.114243228767 
-1029.1142443701938 
-1029.1142455638721 
-1029.1142467418865 
-1029.114247975389 
-1029.1142492018594 
-1029.114250456828 
-1029.1142517643607 
-1029.1142530327772 
-1029.114254343248 
-1029.114255645702 
-1029.1142569619913 
-1029.1142583289893 
-1029.1142597933276 
-1029.1142605916793 
-1029.114261123878 
-1029.1142614973048 
-1029.1142617883122 
-1029.1142620067003 
-1029.1142621796612 
-1029.1142623237315 
-1029.1142624358529 
-1029.114262536048 
-1029.1142626192634 
-1029.1142626877113 
-1029.1142627491245 
-1029.1142628000594 
-1029.114262849098 
-1029.1142628847988 
-1029.114262919682 
-1029.1142629518977 
-1029.1142629711908 
-1029.114262993208 
-1029.1142630083536 
-1029.1142630230022 
-1029.1142630312222 
-1029.114263036654 
-1029.1142630461823 
-1029.1142630433608 
-1029.1142630458685 
-1029.1142630433746 
-1029.1142630398983 
-1029.1142630352388 
-1029.1142630275433 
-1029.1142630238849 
-1029.114263014644 
-1029.1142630081367 
-1029.1142630001973 
-1029.1142629915323 
-1029.1142629847334 
-1029.1142629765836 
-1029.1142629703754 
-1029.1142629638687 
-1029.1142629583337 
-1029.114262952924 
-1029.114262948096 
-1029.1142629448009 
-1029.1142629411318 
-1029.114262938001 
-1029.1142629355427 
-1029.1142629333003 
-1029.1142629314722 
-1029.1142629304725 
-1029.1142629298292 
-1029.1142629297196 
-1029.1142629297215 
-1029.1142629297226 
-1029.1142629297258 
-1029.1142629297283 
-1029.11426292973 
-1029.114262929721 
-1029.1142629297306 
-1029.1142629297278 
-1029.1142629297246 
-1029.1142629297217 
-1029.1142629297192 
-1029.114262929718 
-1029.1142629298256 
-1029.114262930469 
-1029.1142629314709 
-1029.114262933301 
-1029.114262935551 
-1029.114262938022 
-1029.1142629411922 
-1029.1142629449075 
-1029.1142629482376 
-1029.1142629531585 
-1029.1142629587457 
-1029.1142629645221 
-1029.1142629713754 
-1029.1142629782996 
-1029.1142629872961 
-1029.114262995233 
-1029.1142630055217 
-1029.1142630157613 
-1029.1142630254367 
-1029.1142630384456 
-1029.1142630472684 
-1029.1142630612735 
-1029.1142630729937 
-1029.1142630861082 
-1029.114263098555 
-1029.1142631092418 
-1029.114263127467 
-1029.1142631357532 
-1029.114263150579 
-1029.1142631644225 
-1029.1142631769983 
-1029.1142631892246 
-1029.1142631993937 
-1029.114263217166 
-1029.114263225173 
-1029.1142632362362 
-1029.1142632506894 
-1029.114263259405 
-1029.1142632704484 
-1029.114263278164 
-1029.1142632916735 
-1029.1142632982642 
-1029.1142633051957 
-1029.1142633164375 
-1029.114263322822 
-1029.1142633306918 
-1029.1142633372272 
-1029.11426334538 
-1029.1142633510067 
-1029.1142633599857 
-1029.1142633727025 
-1029.1142633929157 
-1029.1142634225805 
-1029.1142634532375 
-1029.1142634865903 
-1029.114263523766 
-1029.114263559625 
-1029.1142635977471 
-1029.1142636330464 
-1029.1142636721188 
-1029.1142637062012 
-1029.1142637413423 
-1029.1142637767412 
-1029.114263805374 
-1029.1142638374415 
-1029.114263865112 
-1029.114263894806 
-1029.1142639169134 
-1029.1142639410816 
-1029.1142639665761 
-1029.114263980436 
-1029.1142639981217 
-1029.1142640121827 
-1029.1142640247842 
-1029.1142640327955 
-1029.1142640386834 
-1029.114264048967 
-1029.1142640470352 
-1029.1142640500925 
-1029.1142640488895 
-1029.1142640457647 
-1029.1142640418354 
-1029.1142640347127 
-1029.1142640315002 
-1029.1142640226385 
-1029.1142640163064 
-1029.1142640085452 
-1029.1142639999762 
-1029.1142639932134 
-1029.1142639851043 
-1029.1142639789152 
-1029.114263972377 
-1029.114263966859 
-1029.1142639614516 
-1029.1142639566267 
-1029.114263953328 
-1029.1142639496543 
-1029.114263946523 
-1029.1142639440666 
-1029.1142639418251 
-1029.1142639399973 
-1029.1142639389973 
-1029.114263938352 
-1029.1142639382417 
-1029.1142639382415 
-1029.1142639382392 
-1029.1142639382422 
-1029.114263938244 
-1029.1142639382447 
-1029.11426393824 
-1029.1142639382451 
-1029.114263938244 
-1029.1142639382413 
-1029.1142639382392 
-1029.1142639382406 
-1029.1142639382408 
-1029.1142639383504 
-1029.1142639389961 
-1029.114263939995 
-1029.1142639418272 
-1029.1142639440786 
-1029.1142639465472 
-1029.1142639497193 
-1029.114263953437 
-1029.114263956766 
-1029.1142639616883 
-1029.1142639672732 
-1029.1142639730497 
-1029.1142639799182 
-1029.1142639868372 
-1029.1142639958352 
-1029.1142640037917 
-1029.1142640140636 
-1029.1142640243113 
-1029.1142640340024 
-1029.114264047016 
-1029.1142640558903 
-1029.1142640699068 
-1029.1142640816918 
-1029.1142640948642 
-1029.1142641073463 
-1029.1142641180263 
-1029.1142641364127 
-1029.114264144858 
-1029.114264159632 
-1029.1142641736842 
-1029.114264186511 
-1029.1142641987774 
-1029.1142642092695 
-1029.1142642272632 
-1029.1142642354885 
-1029.1142642463533 
-1029.1142642612258 
-1029.1142642702628 
-1029.1142642810526 
-1029.1142642893274 
-1029.1142643024255 
-1029.1142643087444 
-1029.114264315599 
-1029.1142643261876 
-1029.1142643322173 
-1029.1142643379678 
-1029.1142643438702 
-1029.1142643494557 
-1029.1142643513856 
-1029.1142643553358 
-1029.1142643576661 
-1029.1142643594949 
-1029.1142643594796 
-1029.1142643587868 
-1029.1142643573833 
-1029.1142643551796 
-1029.1142643507817 
-1029.1142643461633 
-1029.1142643409719 
-1029.1142643354774 
-1029.114264325056 
-1029.11426431958 
-1029.114264312664 
-1029.1142642997497 
-1029.1142642917985 
-1029.1142642808784 
-1029.1142642719817 
-1029.1142642569703 
-1029.1142642464833 
-1029.114264237346 
-1029.114264219278 
-1029.1142642085085 
-1029.1142641957638 
-1029.11426418274 
-1029.1142641680804 
-1029.1142641533252 
-1029.114264144085 
-1029.114264125331 
-1029.114264114172 
-1029.114264101106 
-1029.1142640874514 
-1029.1142640751225 
-1029.1142640608502 
-1029.1142640515397 
-1029.114264038197 
-1029.1142640282649 
-1029.1142640177009 
-1029.1142640071648 
-1029.1142639990285 
-1029.1142639898922 
-1029.114263982844 
-1029.1142639758668 
-1029.1142639700279 
-1029.1142639643717 
-1029.1142639594066 
-1029.1142639560414 
-1029.1142639522966 
-1029.1142639491056 
-1029.1142639466193 
-1029.1142639443615 
-1029.1142639425261 
-1029.1142639415234 
-1029.1142639408777 
-1029.1142639407706 
-1029.1142639407713 
-1029.114263940771 
-1029.1142639407715 
-1029.1142639407722 
-1029.114263940773 
-1029.114263940771 
-1029.114263940773 
-1029.1142639407728 
-1029.1142639407733 
-1029.1142639407738 
-1029.1142639407706 
-1029.1142639407722 
-1029.114263940878 
-1029.114263941524 
-1029.114263942527 
-1029.114263944362 
-1029.1142639466223 
-1029.1142639491056 
-1029.1142639522943 
-1029.1142639560353 
-1029.1142639593934 
-1029.114263964353 
-1029.1142639699997 
-1029.114263975825 
-1029.114263982777 
-1029.1142639898144 
-1029.114263998912 
-1029.1142640070123 
-1029.1142640175076 
-1029.1142640280038 
-1029.114264037868 
-1029.1142640511075 
-1029.114264060303 
-1029.1142640744492 
-1029.1142640866337 
-1029.114264100121 
-1029.1142641128813 
-1029.1142641238187 
-1029.114264142341 
-1029.1142641512872 
-1029.1142641656807 
-1029.1142641800595 
-1029.1142641928386 
-1029.1142642050256 
-1029.1142642153472 
-1029.1142642329105 
-1029.1142642415787 
-1029.1142642513355 
-1029.1142642657549 
-1029.1142642741418 
-1029.1142642843765 
-1029.1142642915638 
-1029.1142643039375 
-1029.1142643099938 
-1029.114264314753 
-1029.1142643242927 
-1029.1142643291698 
-1029.1142643334238 
-1029.1142643376159 
-1029.1142643418755 
-1029.114264343055 
-1029.114264344161 
-1029.1142643449045 
-1029.1142643457663 
-1029.114264343645 
-1029.1142643418918 
-1029.1142643394535 
-1029.1142643370245 
-1029.1142643319056 
-1029.114264326855 
-1029.1142643216303 
-1029.1142643159708 
-1029.1142643056291 
-1029.1142642999214 
-1029.114264293119 
-1029.1142642802997 
-1029.1142642723928 
-1029.1142642614623 
-1029.1142642526115 
-1029.1142642377113 
-1029.114264227285 
-1029.1142642182335 
-1029.1142642001114 
-1029.1142641893716 
-1029.1142641767324 
-1029.1142641636459 
-1029.1142641490349 
-1029.1142641342904 
-1029.1142641250858 
-1029.114264106332 
-1029.1142640951864 
-1029.1142640821536 
-1029.1142640684882 
-1029.1142640561902 
-1029.1142640419205 
-1029.114264032601 
-1029.1142640192654 
-1029.1142640093262 
-1029.1142639987609 
-1029.114263988233 
-1029.114263980091 
-1029.1142639709537 
-1029.1142639639113 
-1029.1142639569289 
-1029.1142639510883 
-1029.1142639454363 
-1029.1142639404736 
-1029.1142639371092 
-1029.1142639333607 
-1029.1142639301709 
-1029.1142639276868 
-1029.1142639254278 
-1029.1142639235927 
-1029.1142639225895 
-1029.1142639219456 
-1029.1142639218367 
-1029.114263921838 
-1029.1142639218406 
-1029.1142639218458 
-1029.114263921849 
-1029.114263921856 
-1029.1142639218378 
