-137.736849069824 
-137.736849069824 
-137.7368490698391 
-137.73684906985537 
-137.73684906987293 
-137.7368490698917 
-137.7368490699135 
-137.73684906993915 
-137.73684906997224 
-137.73684907001692 
-137.73684907008098 
-137.73684907017605 
-137.73684907032066 
-137.7368490705423 
-137.73684907088008 
-137.7368490713852 
-137.7368490721189 
-137.73684907314035 
-137.7368490744837 
-137.7368490761192 
-137.7368490779334 
-137.7368490796135 
-137.73684908088495 
-137.7368490815397 
-137.7368490816993 
-137.73684908170287 
-137.73684908170276 
-137.73684908170256 
-137.73684908170264 
-137.7368490817027 
-137.73684908170443 
-137.7368490817027 
-137.7368490817026 
-137.7368490817024 
-137.73684908170253 
-137.7368490817025 
-137.73684908170236 
-137.73684908170227 
-137.73684908170256 
-137.73684908170253 
-137.7368490817028 
-137.73684908170273 
-137.73684908170293 
-137.73684908170284 
-137.7368490817027 
-137.7368490817027 
-137.7368490817028 
-137.7368490817027 
-137.7368490817027 
-137.73684908170273 
-137.73684908170293 
-137.73684908170299 
-137.73684908170307 
-137.73684908170296 
-137.73684908170304 
-137.73684908170287 
-137.73684908171884 
-137.7368490817353 
-137.73684908175187 
-137.73684908176855 
-137.73684908178652 
-137.73684908180564 
-137.7368490818272 
-137.7368490818532 
-137.7368490818861 
-137.73684908193107 
-137.73684908199516 
-137.73684908209012 
-137.73684908223484 
-137.73684908245627 
-137.73684908279404 
-137.736849083299 
-137.73684908403274 
-137.73684908505425 
-137.73684908639808 
-137.7368490880347 
-137.73684908981605 
-137.73684909150882 
-137.73684909277839 
-137.73684909343305 
-137.73684909359244 
-137.73684909359602 
-137.736849093596 
-137.73684909359613 
-137.73684909359594 
-137.7368490935962 
-137.73684909359577 
-137.736849093596 
-137.73684909359574 
-137.736849093596 
-137.73684909359577 
-137.73684909359733 
-137.73684909359693 
-137.73684909359696 
-137.73684909359704 
-137.7368490935969 
-137.73684909359696 
-137.73684909359682 
-137.73684909359696 
-137.73684909359693 
-137.73684909359702 
-137.73684909359707 
-137.73684909359721 
-137.73684909359736 
-137.73684909359736 
-137.7368490935974 
-137.7368490935974 
-137.73684909359747 
-137.7368490935975 
-137.73684909359747 
-137.73684909359756 
-137.73684909359747 
-137.7368490935972 
-137.7368490935976 
-137.7368490935978 
-137.73684909359773 
-137.73684909359787 
-137.7368490935978 
-137.73684909359778 
-137.7368490935979 
-137.73684909359758 
-137.73684909359764 
-137.73684909359744 
-137.73684909359758 
-137.73684909359733 
-137.7368490935974 
-137.73684909359753 
-137.73684909359758 
-137.73684909359747 
-137.73684909359747 
-137.73684909359747 
-137.7368490935973 
-137.7368490935975 
-137.73684909359747 
-137.73684909359767 
-137.7368490935975 
-137.73684909359756 
-137.73684909359855 
-137.7368490935983 
-137.73684909359756 
-137.73684909359758 
-137.73684909359747 
-137.73684909359844 
-137.73684909359764 
-137.73684909359758 
-137.73684909359773 
-137.73684909359775 
-137.73684909359764 
-137.7368490935976 
-137.7368490935973 
-137.7368490935974 
-137.7368490935975 
-137.73684909359753 
-137.73684909359767 
-137.73684909359753 
-137.73684909359756 
-137.73684909359753 
-137.73684909359767 
-137.73684909359795 
-137.73684909359804 
-137.73684909359807 
-137.73684909359827 
-137.7368490935983 
-137.73684909359818 
-137.7368490935983 
-137.73684909359852 
-137.73684909359864 
-137.73684909359855 
-137.73684909359844 
-137.73684909359855 
-137.73684909359858 
-137.7368490935987 
-137.7368490935988 
-137.73684909359872 
-137.73684909359844 
-137.73684909359838 
-137.73684909359858 
-137.73684909359844 
-137.73684909359844 
-137.73684909359818 
-137.7368490935982 
-137.73684909359832 
-137.73684909359838 
-137.7368490935986 
-137.7368490935985 
-137.7368490935987 
-137.7368490935987 
-137.7368490935984 
-137.73684909359858 
-137.73684909359864 
-137.73684909359875 
-137.73684909359872 
-137.73684909359912 
-137.73684909359883 
-137.73684909359977 
-137.73684909359895 
-137.7368490935986 
