2 -0.9680936544106844 
3 0.9629562038780654 
4 -0.9554570109283423 
5 0.9454064153189832 
6 -0.9312141286618179 
7 0.9121533286475061 
8 -0.8878663982356594 
9 0.8581196730787668 
10 -0.8227512246490658 
11 0.7817182907958148 
12 -0.7351139741977277 
13 0.6831479755007107 
14 -0.6261424886244685 
15 0.5645418514714513 
16 -0.49888832941732186 
17 0.42977763543665104 
18 -0.35785434332974997 
19 0.28383619564999085 
20 -0.20849386602293557 
21 0.1325903233166319 
22 -0.056859505646472554 
23 -0.01795548901363481 
24 0.09110031120590056 
25 -0.16186436128708567 
26 0.22961359157388384 
27 -0.29375833024330655 
28 0.35372317113085516 
29 -0.40900700019489533 
30 0.459149450933197 
31 -0.5037901604987239 
32 0.5426046871201139 
33 -0.575303185273129 
34 0.6016720533103923 
35 -0.6215551769919853 
36 0.6348480498670434 
37 -0.6415186289963877 
38 0.6416053717976514 
39 -0.635172998944632 
40 0.622321784667481 
41 -0.6032358040775516 
42 0.5781894325294198 
43 -0.5474840425428581 
44 0.5113907009929275 
45 -0.4703318956642699 
46 0.42477820829790824 
47 -0.3752227525529118 
48 0.32216021681810314 
49 -0.2661098934032939 
50 0.2076918564362387 
51 -0.14754751527614843 
52 0.08629582847044648 
53 -0.024547084264878345 
54 -0.037067294836406195 
55 0.0978986408560262 
56 -0.15730283401865464 
57 0.2147416891198618 
58 -0.26958657188812274 
59 0.3213274361339561 
60 -0.36945064976891845 
61 0.4134662053091547 
62 -0.4529581714235815 
63 0.4875233125152132 
64 -0.5169851596730866 
65 0.5409458746998572 
66 -0.5590799021690758 
67 0.5713948297275281 
68 -0.5777459872977547 
69 0.5781999479607576 
70 -0.5726921630369014 
71 0.5612009750470899 
72 -0.543947895467176 
73 0.5212515723758926 
74 -0.4932240665109362 
75 0.4601473236892852 
76 -0.4223600915676015 
77 0.3803214095962578 
78 -0.3344868134798484 
79 0.28526291381922453 
80 -0.23314788267894934 
81 0.17873991347610316 
82 -0.12262015245753159 
83 0.06533096825495588 
84 -0.007457970926903704 
85 -0.05038468938260399 
86 0.10760650947276955 
87 -0.16363207557432402 
88 0.21786223462677393 
89 -0.26972583351910845 
90 0.31872785234077217 
91 -0.3644095197327653 
92 0.40626983299269853 
93 -0.44383997647884565 
94 0.47677391553026505 
95 -0.5048052811551201 
96 0.5276283465182259 
97 -0.544952719590478 
98 0.5565970150784576 
99 -0.5625333565939274 
100 0.5626913110695834 
101 -0.5570378766251735 
102 0.5456024813525815 
103 -0.5285845302499477 
104 0.5061546329029685 
105 -0.4784597040060098 
106 0.4457437215100529 
107 -0.4083789637121096 
108 0.36672300985757766 
109 -0.3212547688010189 
110 0.27239467454409405 
111 -0.22063766754104414 
112 0.16651816993552424 
113 -0.11061242160712723 
114 0.05346112451225781 
115 0.004370608657596219 
116 -0.06224684330304944 
117 0.11957114037165033 
118 -0.1757932443201965 
119 0.2303161924694594 
120 -0.2825480178490066 
121 0.332002960215192 
122 -0.3781791922757435 
123 0.4205394847941677 
124 -0.4586362109703064 
125 0.49211043384146996 
126 -0.5206691128356248 
127 0.5439738277715401 
128 -0.561638746719513 
129 0.5735272326619376 
130 -0.579701745225682 
131 0.5799044546400527 
132 -0.5740616609469874 
133 0.5623068574714645 
134 -0.5447224997029605 
135 0.5214321452157088 
136 -0.49258524484708743 
137 0.45850598313890933 
138 -0.419493233212924 
139 0.3758873931998222 
140 -0.3280821338753874 
141 0.27659084689844776 
142 -0.22191270119587073 
143 0.1645337173498479 
144 -0.10504143328392168 
145 0.04408945074599724 
146 0.01771958493597999 
147 -0.07978122503767276 
148 0.14146252182219396 
149 -0.2020233303261327 
150 0.2608196666466627 
151 -0.3173011022805132 
152 0.3708794862682046 
153 -0.4209403604103345 
154 0.46685571865918934 
155 -0.5082635842913924 
156 0.5447328682186101 
157 -0.57585690636183 
158 0.6012604202398107 
159 -0.6206622821861852 
160 0.6338466119641158 
161 -0.6406270928572224 
162 0.6408703480692545 
163 -0.6344982364574939 
164 0.6215009328854874 
165 -0.601911949334223 
166 0.5758328757693456 
167 -0.5434148609946394 
168 0.5048595358056778 
169 -0.46043321443684276 
170 0.4104745094325334 
171 -0.3553684034130683 
172 0.29554798944012595 
173 -0.2315173570462927 
174 0.16383757269583477 
175 -0.09311895824952576 
176 0.020008363496693864 
177 0.05480033555520258 
178 -0.1305765249245641 
179 0.20656060384525282 
180 -0.28199207796813086 
181 0.3561110624214299 
182 -0.42816725482301904 
183 0.49743798836011105 
184 -0.563251034312626 
185 0.625003145040072 
186 -0.6821653576548656 
187 0.7342950041875795 
188 -0.7810533072718578 
189 0.8222201491045134 
190 -0.8577076706357667 
191 0.8875625862893511 
192 -0.9119413401792341 
193 0.9310735169876885 
194 -0.9453193884474139 
195 0.955409073234412 
196 -0.962934023684251 
197 0.9680857873926209 
