2 3 0.13209915873212036 
3 4 0.11814959464812777 
4 5 0.11502536391349494 
5 6 0.1161796671585696 
6 7 0.11603317312108967 
7 8 0.11585837494268929 
8 9 0.1158403417749436 
9 10 0.11584551541510525 
10 11 0.11584071245660235 
11 12 0.11583878804810524 
12 13 0.11583913701019792 
13 14 0.11583889681408656 
14 15 0.11583875936424336 
15 16 0.11583876709027958 
16 17 0.11583877414248868 
17 18 0.11583876385530462 
18 19 0.11583876091626412 
19 20 0.11583876188301026 
20 21 0.11583876178668358 
21 22 0.11583876148995538 
22 23 0.11583876145758694 
23 24 0.11583876147778199 
24 25 0.11583876146677524 
25 26 0.11583876146130347 
26 27 0.11583876146111145 
27 28 0.11583876146050116 
28 29 0.11583876145690535 
29 30 0.11583876146110195 
30 31 0.11583876146135247 
31 32 0.11583876146087152 
32 33 0.11583876146006167 
33 34 0.11583876146361692 
34 35 0.1158387614567211 
35 36 0.1158387614243573 
36 37 0.11583876129396799 
37 38 0.11583876146154162 
38 39 0.1158387614713729 
39 40 0.11583876146036458 
40 41 0.11583876145926504 
41 42 0.11583876146124396 
42 43 0.11583876146115682 
43 44 0.11583876146089458 
44 45 0.11583876146094468 
45 46 0.11583876146112601 
46 47 0.11583876146082078 
47 48 0.11583876146100518 
48 49 0.1158387614621563 
49 50 0.1158387614612585 
50 51 0.11583876146095186 
51 52 0.11583876146065522 
52 53 0.11583876146243176 
53 54 0.1158387614611671 
54 55 0.11583876146074171 
55 56 0.11583876146091926 
56 57 0.11583876146090065 
57 58 0.11583876146095945 
58 59 0.11583876146095483 
59 60 0.1158387614597787 
60 61 0.11583876145883999 
61 62 0.11583876146142259 
62 63 0.11583876146127467 
63 64 0.11583876146039969 
64 65 0.11583876146077285 
65 66 0.11583876146091814 
66 67 0.11583876146202725 
67 68 0.11583876146211405 
68 69 0.11583876145622406 
69 70 0.11583876147604301 
70 71 0.11583876149769423 
71 72 0.11583876156704014 
72 73 0.11583876144798018 
73 74 0.11583876143768726 
74 75 0.11583876146586977 
75 76 0.11583876146241412 
76 77 0.11583876145903972 
77 78 0.11583876145793442 
78 79 0.1158387614546721 
79 80 0.11583876140886366 
80 81 0.11583876182977366 
81 82 0.11583876110206962 
82 83 0.11583875791879661 
83 84 0.1158387602741352 
84 85 0.11583876112636726 
85 86 0.11583876135178485 
86 87 0.1158387615205906 
87 88 0.11583876151593082 
88 89 0.1158387614717694 
89 90 0.115838761461701 
90 91 0.11583876146091569 
91 92 0.11583876146055139 
92 93 0.11583876149056523 
93 94 0.11583876172969154 
94 95 0.11583876149931382 
95 96 0.11583876147788218 
96 97 0.11583876147760304 
97 98 0.11583876150134477 
98 99 0.11583876178862713 
99 100 0.11583876188065498 
100 101 0.11583876091623482 
101 102 0.1158387638648278 
102 103 0.11583877408044899 
103 104 0.11583876730057104 
104 105 0.11583875978973375 
105 106 0.11583889700776273 
106 107 0.1158391370818992 
107 108 0.11583878815254582 
108 109 0.11584071292097453 
109 110 0.11584551584594593 
110 111 0.11584034211546614 
111 112 0.11585837524554925 
112 113 0.11603317351573701 
113 114 0.11617966760427968 
114 115 0.11502536432009622 
115 116 0.11814959494716881 
116 117 0.132099158825229 
117 118 0.11958418743300171 
