2 0.010522042601920575 
3 -1.2267697379569787e-05 
4 -0.0004199924437419457 
5 1.0150165423538651e-05 
6 2.1783885155447224e-05 
7 -2.049964045458013e-06 
8 -1.0357561621347158e-06 
9 2.386277728743785e-07 
10 3.198680504744061e-08 
11 -2.1648778162348442e-08 
12 1.6339736655550903e-09 
13 1.4228653125483487e-09 
14 -4.4604108728941184e-10 
15 -3.532583522182022e-11 
16 5.1254297980995283e-11 
17 -8.058027274991722e-12 
18 -3.982888079394957e-12 
19 1.6038821125218644e-12 
20 5.3071845947223025e-14 
21 -2.954859423434529e-13 
22 3.4067191632662914e-13 
23 4.609645893364789e-13 
24 -1.7752531666993197e-13 
25 -8.160139431634493e-15 
26 9.547917473368665e-15 
27 2.6090240924599547e-15 
28 4.063137427583533e-15 
29 6.2454866587980184e-15 
30 -2.5361531727859173e-15 
31 -2.4901662293800554e-15 
32 -9.184396749751612e-16 
33 3.121081965639023e-15 
34 -5.022996674646007e-15 
35 -1.7511069434440282e-15 
36 3.1020335499882347e-15 
37 -2.065125435180785e-15 
38 -2.80418472111681e-15 
39 6.24714255953535e-16 
40 5.200298993229513e-15 
41 2.879988945063203e-15 
42 -1.2515065823627087e-15 
43 -3.3227275199698568e-18 
44 1.6048665624653919e-15 
45 3.1210819656390265e-15 
46 1.2717996550778457e-15 
47 4.1012342721508764e-15 
48 2.853050417308134e-15 
49 1.9188850542021433e-15 
50 9.369891351957007e-15 
51 8.007719174727138e-16 
52 1.996734617542693e-16 
53 4.886280501492757e-15 
54 -3.922297857846247e-15 
55 -5.03252088247141e-15 
56 2.408961207458072e-15 
57 -2.9897665904613762e-15 
58 1.536865183484102e-16 
59 -3.793861235454061e-15 
60 9.304855992900315e-15 
61 2.7229796991948266e-15 
62 -7.519364384331495e-15 
63 2.9910112475257195e-15 
64 3.7681673647633105e-15 
65 -1.2324581667119268e-15 
66 -5.346539374208165e-15 
67 -2.5092146450308464e-15 
68 -1.1434502998248172e-16 
69 -4.532920521390085e-15 
70 -1.143450299824874e-16 
71 -1.5750492819248728e-15 
72 2.2519519615896927e-15 
73 -5.3465393742081584e-15 
74 4.055247328745006e-15 
75 4.729271255624385e-15 
76 5.043289747361121e-15 
77 -9.18439674975162e-16 
78 -3.1467758363297653e-15 
79 8.007719174727138e-16 
80 1.558879619059531e-15 
81 -3.1182032128535665e-15 
82 -3.4607943280665126e-15 
83 -2.9992907982867725e-15 
84 -1.251506582362708e-15 
85 3.416052041724981e-15 
86 5.062338163011932e-15 
87 5.506427372861995e-15 
88 -4.6994539750838555e-15 
89 -5.633619338189844e-15 
90 5.154312049823561e-15 
91 1.2195948260562977e-13 
92 -4.23550083898749e-13 
93 -2.758238082380396e-12 
94 1.3910095297076907e-11 
95 2.4001269474458425e-10 
96 -2.618820059843091e-11 
97 -3.870354591107936e-10 
98 8.984552141545168e-11 
99 -1.2523400522560777e-10 
100 -4.4031749498510985e-09 
101 -1.879414453039616e-10 
102 2.697741689344141e-11 
103 3.005761560889282e-11 
104 -3.294406480826062e-11 
105 -4.439266071441718e-10 
106 1.4227628504227685e-09 
107 1.6321347140084462e-09 
108 -2.1649376645456475e-08 
109 3.2009996487310706e-08 
110 2.386405925973621e-07 
111 -1.03575987689921e-06 
112 -2.0499649721040633e-06 
113 2.1783886036983168e-05 
114 1.0150159452827023e-05 
115 -0.0004199924324796852 
116 -1.2267701266130614e-05 
117 0.010522042602739728 
