2 -0.8506980323502481 
3 0.8354203241437377 
4 -0.8271409707667945 
5 0.8222312231790232 
6 -0.8191509522208186 
7 0.8171421506115149 
8 -0.8157944639311687 
9 0.8148705126376711 
10 -0.8142261274869653 
11 0.8137704340271851 
12 -0.8134444526920535 
13 0.8132089932585623 
14 -0.813037507343745 
15 0.8129117185721243 
16 -0.8128188727747525 
17 0.8127499652611204 
18 -0.8126985742973579 
19 0.8126600798784254 
20 -0.8126311325266056 
21 0.8126092872906452 
22 -0.8125927486159394 
23 0.8125801906235213 
24 -0.8125706296395838 
25 0.812563332204078 
26 -0.812557749812138 
27 0.812553470664992 
28 -0.8125501837462965 
29 0.8125476542070831 
30 -0.8125457042676913 
31 0.812544198837638 
32 -0.8125430348786866 
33 0.8125421337395615 
34 -0.8125414351242717 
35 0.8125408928237436 
36 -0.8125404713607722 
37 0.8125401434407624 
38 -0.8125398880282234 
39 0.8125396888876476 
40 -0.8125395334714725 
41 0.8125394120693474 
42 -0.8125393171569949 
43 0.8125392428965899 
44 -0.8125391847534913 
45 0.8125391392015162 
46 -0.8125391034958215 
47 0.8125390754980698 
48 -0.8125390535412146 
49 0.8125390363250877 
50 -0.8125390228355662 
51 0.812539012281935 
52 -0.8125390040485071 
53 0.8125389976570351 
54 -0.8125389927376527 
55 0.812538989006804 
56 -0.812538986250197 
57 0.8125389843098256 
58 -0.8125389830747194 
59 0.8125389824744063 
60 -0.8125389824745093 
61 0.812538983075004 
62 -0.8125389843100528 
63 0.8125389862500607 
64 -0.8125389890057941 
65 0.8125389927350234 
66 -0.8125389976519618 
67 0.8125390040399049 
68 -0.8125390122682673 
69 0.8125390228150196 
70 -0.8125390362955688 
71 0.8125390535001971 
72 -0.8125390754428349 
73 0.8125391034236635 
74 -0.8125391391098188 
75 0.8125391846404437 
76 -0.8125392427617055 
77 0.8125393170020064 
78 -0.8125394118989111 
79 0.812539533293948 
80 -0.8125396887154704 
81 0.812539887877373 
82 -0.8125401433292808 
83 0.8125404713063865 
84 -0.8125408928417475 
85 0.8125414352253636 
86 -0.8125421339232174 
87 0.8125430351057623 
88 -0.8125441989894089 
89 0.8125457042642593 
90 -0.8125476539780246 
91 0.8125501833811004 
92 -0.8125534704224447 
93 0.8125577498448164 
94 -0.8125633321922331 
95 0.8125706295541386 
96 -0.8125801906110758 
97 0.8125927485910392 
98 -0.8126092872846609 
99 0.8126311325266788 
100 -0.8126600798784226 
101 0.8126985742972116 
102 -0.8127499652610986 
103 0.8128188727742381 
104 -0.8129117185715835 
105 0.8130375073435581 
106 -0.813208993258672 
107 0.8134444526926345 
108 -0.8137704340265347 
109 0.8142261274877656 
110 -0.8148705126380125 
111 0.8157944639311239 
112 -0.8171421506117307 
113 0.819150952221366 
114 -0.8222312231797044 
115 0.8271409707673982 
116 -0.8354203241441144 
117 0.8506980323504083 
