-136.25753842685273 
-136.26603280304602 
-136.27314187899157 
-136.2746273977925 
-136.27539431384682 
-136.2756227559178 
-136.28313018828896 
-136.2877413316389 
-136.28861427746727 
-136.28914454175293 
-136.2896301157936 
-136.2956746729102 
-136.29840442412447 
-136.29887180300767 
-136.29923825289612 
-136.29997845402428 
-136.30406790061738 
-136.30539770259833 
-136.30559509892132 
-136.30585518947817 
-136.30659324990808 
-136.30861783768262 
-136.3090779537647 
-136.30912012468954 
-136.30916093773985 
-136.30923923962774 
-136.3092394945712 
-136.30923949457107 
-136.30923949457085 
-136.3092394945712 
-136.30923949457113 
-136.30923949457173 
-136.3092395219817 
-136.30923961255237 
-136.30923983472812 
-136.30924039253625 
-136.3092427011874 
-136.30924617807122 
-136.30925011683323 
-136.30925574665116 
-136.30926223926124 
-136.30927450211695 
-136.3092859517514 
-136.3092956459963 
-136.30931174881962 
-136.30933416954161 
-136.30936670718148 
-136.30938710654576 
-136.30940259067486 
-136.30943407488826 
-136.3094849957182 
-136.30953448409298 
-136.30955254300306 
-136.3095672642629 
-136.30959488675185 
-136.30959488675197 
-136.3097893031702 
-136.31921087632162 
-136.32718453926876 
-136.32824785480153 
-136.328428840282 
-136.32868828475043 
-136.33843972763614 
-136.3441423862604 
-136.34477721253106 
-136.3449144402063 
-136.34522674433774 
-136.35447194460536 
-136.35837034363917 
-136.3587447260326 
-136.3588959867265 
-136.3592637141003 
-136.36689738275243 
-136.3692899781624 
-136.3694983105768 
-136.36968920128533 
-136.37010176106938 
-136.37462244125882 
-136.37546242408226 
-136.37550810056152 
-136.37563373403063 
-136.37646060246198 
-136.37651450465034 
-136.37651450465148 
-136.3765145046505 
-136.37651450465032 
-136.3765145046503 
-136.37651450483003 
-136.3765146902439 
-136.3765149081301 
-136.3765153097045 
-136.37651651645848 
-136.37652612589406 
-136.3765322618538 
-136.37653790600817 
-136.37654445867287 
-136.37655939266983 
-136.37662107330644 
-136.37665939330236 
-136.37668633248836 
-136.3767140434042 
-136.37677040329234 
-136.3769309582536 
-136.37703028717476 
-136.3771112647545 
-136.37718510944046 
-136.37733619249053 
-136.37760589540864 
-136.37776989465422 
-136.37795576411352 
-136.37813594981603 
-136.37852436690665 
-136.37898806574773 
-136.3793858732962 
-136.37942160459662 
-136.3794441077912 
-136.37946808591317 
-136.37948797862737 
-136.37949800097041 
-136.37950480221917 
-136.37950923190974 
-136.37951454207888 
-136.37951847530076 
-136.3795208391954 
-136.37952227996877 
-136.37952335492398 
-136.37952419741617 
-136.37952489097253 
-136.37952530661403 
-136.37952551891274 
-136.3795256680706 
-136.3795257215818 
-136.37952575732768 
-136.37952576385857 
-136.37952576559098 
-136.37952576597286 
-136.3795257659726 
-136.3795257659727 
-136.37952576597297 
-136.37952576597337 
-136.3795257659725 
-136.37952576597314 
-136.3795257659729 
-136.37952576597277 
-136.3795257659729 
-136.37952576597286 
-136.37952576597255 
-136.37952576597453 
-136.37952576597888 
-136.37952576599372 
-136.3795257660338 
-136.37952576612747 
-136.37952576630227 
-136.37952576660203 
-136.37952576715423 
-136.37952576808485 
-136.37952576909652 
-136.37952577033252 
-136.37952577204473 
-136.37952577423783 
-136.37952577757764 
-136.3795257801261 
-136.3795257834983 
-136.37952578775742 
-136.37952579211054 
-136.37952579542173 
-136.37952579809252 
-136.37952579809277 
-136.3795263676706 
-136.379527311863 
-136.37952913788513 
-136.37953113480043 
-136.37953262170927 
-136.37953387134928 
-136.37953515798662 
-136.37953714569326 
-136.3795386527435 
-136.37953973778957 
-136.37954067848455 
-136.37954154416784 
-136.37954265764728 
-136.37954327250347 
-136.37954368447387 
-136.37954401222984 
-136.37954430126786 
-136.37954459869138 
-136.37954472220264 
-136.37954477197565 
-136.37954479745218 
-136.37954480701256 
-136.37954481062704 
-136.37954481137726 
-136.37954481137726 
-136.3795448113771 
-136.3795448113771 
-136.3795448113794 
-136.37954481137686 
-136.37954481137783 
-136.37954481137714 
-136.379544811377 
-136.3795448113773 
-136.37954481137692 
-136.37954481137942 
-136.379544811382 
-136.3795448113915 
-136.37954481141952 
-136.3795448114756 
-136.37954481159832 
-136.37954481186463 
-136.3795448123223 
-136.37954481299434 
-136.3795448139578 
-136.37954481567849 
-136.37954481749452 
-136.37954481943365 
-136.37954482151784 
-136.37954482474888 
-136.37954483013877 
-136.37954483473993 
-136.37954483873165 
-136.3795448429002 
-136.37954484912436 
-136.37954485752786 
-136.37954486425423 
-136.37954486980428 
-136.3795448773442 
-136.37954487749477 
-136.37954487756363 
-136.3795448776098 
-136.3795448776385 
-136.37954487765842 
-136.37954487767252 
-136.37954487768206 
-136.37954487768897 
-136.37954487769386 
-136.37954487769758 
-136.37954487769974 
-136.37954487770108 
-136.3795448777018 
-136.37954487770213 
-136.37954487770247 
-136.37954487770276 
-136.3795448777024 
-136.37954487770259 
-136.37954487770253 
-136.37954487770273 
-136.37954487770264 
-136.3795448777037 
-136.37954487770335 
-136.37954487770332 
-136.3795448777031 
-136.37954487770335 
-136.37954487770278 
-136.37954487770367 
-136.3795448777031 
-136.3795448777032 
-136.37954487770338 
-136.37954487770332 
-136.3795448777032 
-136.3795448777033 
-136.37954487770304 
-136.3795448777031 
-136.37954487770293 
-136.37954487770318 
-136.37954487770295 
-136.37954487770298 
-136.37954487770295 
-136.3795448777029 
-136.37954487770295 
-136.37954487770259 
-136.3795448777026 
-136.3795448777026 
-136.37954487770276 
-136.37954487770278 
-136.37954487770295 
-136.3795448777032 
-136.3795448777032 
-136.3795448777034 
-136.37954487770338 
-136.37954487770332 
-136.37954487771296 
-136.37954487772356 
-136.37954487773595 
-136.37954487775144 
-136.3795448777686 
-136.3795448777808 
-136.37954487778867 
-136.379544877797 
-136.37954487780613 
-136.37954487781508 
-136.37954487782008 
-136.37954487782315 
-136.3795448778254 
-136.37954487782744 
-136.37954487782838 
-136.3795448778286 
-136.3795448778287 
-136.37954487782866 
-136.3795448778289 
-136.37954487782898 
-136.37954487782875 
-136.37954487782886 
-136.37954487782892 
-136.37954487782918 
-136.37954487782875 
-136.37954487782858 
-136.37954487782875 
-136.37954487783043 
-136.3795448778287 
-136.3795448778287 
-136.37954487782872 
-136.37954487782915 
-136.37954487782855 
-136.37954487782852 
-136.3795448778285 
-136.37954487782878 
-136.37954487782872 
-136.37954487782883 
-136.37954487782886 
-136.37954487782866 
-136.37954487782878 
-136.37954487782892 
-136.3795448778288 
-136.3795448778288 
-136.37954487782906 
-136.37954487782935 
-136.3795448778295 
-136.3795448778294 
-136.37954487782926 
-136.37954487782943 
-136.37954487782966 
-136.37954487782991 
-136.3795448778299 
-136.37954487782991 
-136.37954487783006 
-136.37954487783006 
-136.37954487782994 
-136.37954487782986 
-136.37954487782986 
-136.37954487783006 
-136.37954487783 
-136.37954487783017 
-136.37954487783003 
-136.3795448778302 
-136.37954487783 
-136.37954487782997 
-136.37954487783 
-136.3795448778299 
-136.37954487783003 
-136.37954487782983 
-136.37954487782974 
-136.37954487782991 
-136.3795448778298 
-136.37954487782974 
-136.37954487782977 
-136.3795448778298 
-136.37954487782997 
-136.37954487782983 
-136.37954487782994 
-136.3795448778305 
-136.37954487783009 
-136.37954487783006 
-136.37954487783014 
-136.37954487783003 
-136.3795448778298 
-136.3795448778305 
-136.37954487783014 
-136.37954487782994 
-136.37954487783003 
-136.37954487783028 
-136.37954487782977 
-136.3795448778297 
-136.37954487782952 
-136.37954487782923 
-136.37954487782937 
-136.37954487782943 
-136.3795448778295 
-136.37954487782977 
-136.37954487782946 
-136.37954487782937 
-136.37954487782966 
-136.37954487782963 
-136.37954487782972 
-136.37954487782972 
-136.37954487782977 
-136.3795448778297 
-136.37954487782963 
-136.37954487782952 
-136.37954487782955 
-136.37954487782952 
-136.37954487782932 
-136.37954487782915 
-136.37954487782926 
-136.37954487782926 
-136.37954487782937 
-136.37954487782906 
-136.3795448778291 
-136.379544877829 
-136.379544877829 
-136.37954487782886 
-136.37954487782872 
-136.37954487782866 
-136.37954487782886 
-136.37954487782872 
-136.37954487782855 
-136.37954487782858 
-136.37954487782858 
-136.37954487782858 
-136.37954487782852 
-136.37954487782858 
-136.37954487782855 
-136.37954487782847 
-136.3795448778286 
-136.379544877828 
-136.37954487782835 
-136.37954487782832 
-136.3795448778284 
-136.37954487782858 
-136.37954487782827 
-136.37954487782872 
-136.37954487782804 
