2 0.3263778544233752 
3 -0.6526896714341172 
4 0.5242782203821563 
5 -0.21969035710325382 
6 -0.16869063654382951 
7 0.45907411082575783 
8 -0.5330344127115852 
9 0.3690521486137519 
10 -0.051973243956168626 
11 -0.2768758724106459 
12 0.4731400907299902 
13 -0.4526461550632569 
14 0.23330461363969957 
15 0.08276360275050203 
16 -0.3565645090903538 
17 0.466133138960096 
18 -0.36515636924347017 
19 0.10480338886720136 
20 0.19822342068795434 
21 -0.4106298801857849 
22 0.43648456025835614 
23 -0.26647530859268737 
24 -0.019615540479503375 
25 0.29563041821908115 
26 -0.4392833934262974 
27 0.3843424221803712 
28 -0.15723029900972496 
29 -0.13870655258552864 
30 0.373751866236518 
31 -0.4423127842255321 
32 0.3109193961889642 
33 -0.03967221468289786 
34 -0.24999491678453187 
35 0.43095620913372484 
36 -0.4197862716248931 
37 0.21795639252257107 
38 0.0836168920936744 
39 -0.3511246609609486 
40 0.4660750868183385 
41 -0.3721487076060562 
42 0.1070306010291604 
43 0.2109216100826117 
44 -0.44107046252368926 
45 0.4790759394844369 
46 -0.29987014198604145 
47 -0.021991196951017745 
48 0.34382247076701816 
49 -0.5226942618047772 
50 0.47249016829514534 
51 -0.20204923801033228 
52 -0.1762439541074351 
53 0.4962504430468122 
54 -0.61371249924587 
55 0.4590557193165653 
56 -0.06984403620412866 
57 -0.4107634107409124 
