0.0 
-69.18439736427764 
-69.18499601900088 
-69.18499614631604 
-69.18558766426374 
-69.18558778988395 
-69.18617958764142 
-69.18617971364343 
-69.18678713470706 
-69.18678733761752 
-69.18678733864878 
-69.18680666645022 
-69.18680713671982 
-69.18680825709087 
-69.18680825720135 
-69.18680825720138 
-69.18680825720135 
-69.18680825720213 
-69.18680825720156 
-69.18680825720135 
-69.18680825720125 
-69.18680825720133 
-69.18680825720132 
-69.18680825720143 
-69.18680825720149 
-69.18680825720325 
-69.18680825720394 
-69.18680825720429 
-69.18680825720453 
-69.18680825720563 
-69.18680825720578 
-69.18680825720674 
-69.18680825720568 
-69.18680825720566 
-69.18680825720577 
-69.18680825720571 
-69.18680825720607 
-69.18680825720595 
-69.18680825720595 
-69.18680825720585 
-69.18680825720612 
-69.18680825720595 
-69.18680825720604 
-69.186808257206 
-69.18680825720607 
-69.1868082572062 
-69.18680825720604 
-69.18680825720604 
-69.18680825720598 
-69.18680825720632 
-69.18680825720628 
-69.18680825720611 
-69.18680825720622 
-69.18680825720598 
-69.18680825720597 
-69.18680825720594 
-69.18680825720611 
-69.18680825720595 
-69.18680825720583 
-69.18680825720618 
-69.18680825720587 
-69.1868082572058 
-69.18680825720584 
-69.18680825720584 
-69.1868082572056 
