2 -0.3992128128400662 
3 -0.4062761359734313 
4 -0.40902886040105174 
5 -0.40949755230559653 
6 -0.40955883494937706 
7 -0.40954309051009574 
8 -0.40952536543460394 
9 -0.40951651076808204 
10 -0.4095130545740326 
11 -0.40951194493644955 
12 -0.40951166718081544 
13 -0.4095116276698978 
14 -0.4095116372201217 
15 -0.4095116481995494 
16 -0.40951165422453023 
17 -0.40951165696228725 
18 -0.40951165767910774 
19 -0.4095116577844008 
20 -0.40951165778529125 
21 -0.40951165779886073 
22 -0.40951165699023345 
23 -0.40951165778752374 
24 -0.4095116573742353 
25 -0.4095116577487026 
26 -0.40951165757114516 
27 -0.40951165761636443 
28 -0.40951165764762676 
29 -0.4095116576422294 
30 -0.4095116576447268 
31 -0.40951165765707054 
32 -0.40951165766443254 
33 -0.40951165766130354 
34 -0.4095116576546846 
35 -0.4095116576347953 
36 -0.4095116576778662 
37 -0.4095116573159693 
38 -0.40951165790673 
39 -0.40951165872849365 
40 -0.40951165828613706 
41 -0.4095116579514373 
42 -0.409511657824027 
43 -0.4095116576429986 
44 -0.409511657808863 
45 -0.4095116577490695 
46 -0.4095116575821383 
47 -0.40951165791338034 
48 -0.40951165911695564 
49 -0.40951165615733226 
50 -0.4095116579699613 
51 -0.4095116568560253 
52 -0.40951166314855547 
53 -0.40951164995569694 
54 -0.40951165016133284 
55 -0.4095116530836164 
56 -0.4095116546405717 
57 -0.4095116560255277 
58 -0.40951165704259795 
59 -0.40951165724913263 
60 -0.40951165755470725 
61 -0.40951165769375814 
62 -0.40951165772376963 
63 -0.4095116570868613 
64 -0.40951165807538775 
65 -0.40951164670106077 
66 -0.40951167128372984 
67 -0.4095116680047822 
68 -0.40951166362561825 
69 -0.4095116608049681 
70 -0.4095116592528953 
71 -0.4095116586388885 
72 -0.4095116580905906 
73 -0.40951165786556754 
74 -0.40951165775776616 
75 -0.40951165770606796 
76 -0.40951165773000087 
77 -0.4095116576761252 
78 -0.40951165774268505 
79 -0.4095116596732011 
80 -0.40951165507285003 
81 -0.40951165840828485 
82 -0.4095116585907072 
83 -0.4095116583082195 
84 -0.4095116580336693 
85 -0.4095116578745856 
86 -0.40951165778785487 
87 -0.40951165729504585 
88 -0.4095116574864788 
89 -0.4095116574617114 
90 -0.40951165780061294 
91 -0.40951165696431263 
92 -0.40951165787968186 
93 -0.40951165941580964 
94 -0.4095116590976831 
95 -0.40951165827515124 
96 -0.4095116553196166 
97 -0.4095116560095026 
98 -0.40951165688548813 
99 -0.40951165741198087 
100 -0.40951165758618724 
101 -0.40951165771354797 
102 -0.40951165759203134 
103 -0.40951165768442627 
104 -0.4095116577396842 
105 -0.40951165752411517 
106 -0.40951165903293013 
107 -0.40951165769239617 
108 -0.40951165754760194 
109 -0.40951165790490757 
110 -0.40951165758551766 
111 -0.4095116575880176 
112 -0.4095116574530624 
113 -0.40951165771980713 
114 -0.4095116574202033 
115 -0.4095116574672339 
116 -0.40951165758628 
117 -0.40951165764644737 
118 -0.4095116576598156 
119 -0.40951165766608 
120 -0.40951165766622905 
121 -0.4095116576502705 
122 -0.40951165766409153 
123 -0.40951165759328156 
124 -0.40951165775728393 
125 -0.40951165747982127 
126 -0.4095116576680496 
127 -0.40951165780788495 
128 -0.4095116575099975 
129 -0.409511657342918 
130 -0.40951165722474975 
131 -0.40951165748698043 
132 -0.4095116575665303 
133 -0.40951165762152886 
134 -0.40951165696710007 
135 -0.4095116579526975 
136 -0.40951165807389317 
137 -0.4095116579128187 
138 -0.40951165776714515 
139 -0.40951165777671056 
140 -0.40951165746054546 
141 -0.4095116567956661 
142 -0.4095116573240658 
143 -0.4095116569055792 
144 -0.40951166014456497 
145 -0.4095116500428387 
146 -0.40951165388004523 
147 -0.40951165607372386 
148 -0.4095116569688977 
149 -0.4095116579789791 
150 -0.4095116593033817 
151 -0.4095116574028486 
152 -0.40951165733013645 
153 -0.40951165737100764 
154 -0.4095116574701303 
155 -0.40951165755592345 
156 -0.40951165760191216 
157 -0.4095116576252937 
158 -0.40951165766158776 
159 -0.40951165760750763 
160 -0.4095116576701347 
161 -0.4095116576792891 
162 -0.40951165785432914 
163 -0.4095116577389212 
164 -0.40951165779666293 
165 -0.4095116576977019 
166 -0.4095116574290012 
167 -0.4095116592139039 
168 -0.4095116580587966 
169 -0.4095116556677119 
170 -0.409511656130446 
171 -0.4095116555505991 
172 -0.40951165716992477 
173 -0.40951165817065394 
174 -0.40951165898423914 
175 -0.40951165783880666 
176 -0.40951165779938353 
177 -0.4095116580800386 
178 -0.40951165763177555 
179 -0.40951165762164565 
180 -0.40951165761648994 
181 -0.4095116573903121 
182 -0.4095116565999732 
183 -0.4095116542435039 
184 -0.4095116482957322 
185 -0.4095116370804224 
186 -0.4095116274536808 
187 -0.4095116658483472 
188 -0.4095119438045606 
189 -0.40951305117981535 
190 -0.4095165044856481 
191 -0.40952535448983474 
192 -0.40954307914330923 
193 -0.4095588385771987 
194 -0.40949755321081954 
195 -0.4090288609737323 
196 -0.40627613575251753 
197 -0.3992128133096153 
