2 -0.467777083840121 
3 -0.055750935136860885 
4 0.5072839714742049 
5 -0.6902445697513149 
6 0.5633140612796478 
7 -0.19319379003192114 
8 -0.24934248526098676 
9 0.5589850604282556 
10 -0.6042674857162456 
11 0.3758874485274912 
12 0.017893812549727644 
13 -0.39224635489360077 
14 0.5768003099974816 
15 -0.4945325527225027 
16 0.18840698055982702 
17 0.19805642717127378 
18 -0.485493291505963 
19 0.5452240266209428 
20 -0.35489284260065895 
21 0.004548401450531101 
22 0.342451785707387 
23 -0.5266854695076323 
24 0.46703735511886 
25 -0.19383091831747948 
26 -0.1653719752801855 
27 0.44394860187275154 
28 -0.5152450606636626 
29 0.34930655331130384 
30 -0.024156144681249818 
31 -0.3090224701860859 
32 0.4966129655661326 
33 -0.4542708302497169 
34 0.20324707681517878 
35 0.13967275820527247 
36 -0.415495125245087 
37 0.497905684163826 
38 -0.35066524296241647 
39 0.042592767582593505 
40 0.2833546421046123 
41 -0.4766060013100108 
42 0.44928713020616606 
43 -0.21501603275000325 
44 -0.11757303135312946 
45 0.3943457775238992 
46 -0.4880050613942516 
47 0.356384857577459 
48 -0.060621091632129954 
49 -0.2622864485027217 
50 0.46298899675714167 
51 -0.44956970385902356 
52 0.22869505764656486 
53 0.09756157143398222 
54 -0.37807751133699574 
55 0.48345242671523975 
56 -0.3655667033970173 
57 0.07877636332838979 
58 0.24432621922008024 
59 -0.45417465109438276 
60 0.45417463041880984 
61 -0.24432616669152415 
62 -0.07877642306164999 
63 0.3655667428491962 
64 -0.4834524288592955 
65 0.37807747644262585 
66 -0.09756151685257683 
67 -0.22869510667551965 
68 0.4495697257464511 
69 -0.46298898396333743 
70 0.2622864094705863 
71 0.060621137734946845 
72 -0.3563848898515643 
73 0.4880050681320421 
74 -0.39434575852753273 
75 0.11757299746390151 
76 0.21501606586847177 
77 -0.449287148901617 
78 0.47660599885351773 
79 -0.2833546212789506 
80 -0.04259279644307529 
81 0.35066526608962073 
82 -0.49790569091294534 
83 0.41549511122511573 
84 -0.13967272985671556 
85 -0.20324710778526975 
86 0.45427084633544573 
87 -0.49661295954356144 
88 0.3090224438418905 
89 0.024156179796411666 
90 -0.3493065787519615 
91 0.5152450679659595 
92 -0.44394858765474865 
93 0.16537194636722743 
94 0.1938309464537254 
95 -0.4670373699768528 
96 0.5266854657332573 
97 -0.34245176595454957 
98 -0.004548426897746701 
99 0.3548928619650723 
100 -0.5452240320326599 
101 0.4854932822207512 
102 -0.19805640919075165 
103 -0.1884069982313389 
104 0.494532562430501 
105 -0.5768003086364534 
106 0.3922463454592071 
107 -0.017893800875022164 
108 -0.375887456559968 
109 0.6042674879545074 
110 -0.5589850576349153 
111 0.24934248092145728 
112 0.19319379265415337 
113 -0.5633140623630287 
114 0.690244574203282 
115 -0.5072839750327979 
116 0.05575094006049108 
117 0.46777707989832273 
