2 -0.19021604024105399 
3 -0.32334988099541967 
4 -0.33205378879749237 
5 -0.24642953309425003 
6 -0.19995240000247144 
7 -0.23018780111217807 
8 -0.2836983979906654 
9 -0.2995058128447945 
10 -0.2675580561719636 
11 -0.22977009953657665 
12 -0.230309124315645 
13 -0.26474476058091073 
14 -0.28875047323178005 
15 -0.2752262413275066 
16 -0.2443387997286309 
17 -0.233874014376005 
18 -0.2540665633964314 
19 -0.27888537747962167 
20 -0.27864939110069675 
21 -0.2551843598201748 
22 -0.23814595720495405 
23 -0.24760608222750485 
24 -0.2704656870005903 
25 -0.2785873924463902 
26 -0.2631990075734219 
27 -0.24391304329723418 
28 -0.2440568416324389 
29 -0.26268754553433027 
30 -0.27649543614394234 
31 -0.26891589323160636 
32 -0.2500594892657304 
33 -0.24320682266097976 
34 -0.2561311579724062 
35 -0.2725266668326237 
36 -0.272447020821209 
37 -0.256423412265956 
38 -0.24439583379080396 
39 -0.2509633336527342 
40 -0.26760647042706304 
41 -0.27375779678050227 
42 -0.26222362054935094 
43 -0.24746099061390314 
44 -0.24750792104978656 
45 -0.26207067820543556 
46 -0.27311113475725174 
47 -0.26711855097711834 
48 -0.25170334838863223 
49 -0.24593147894609574 
50 -0.2567142285615048 
51 -0.27062015455899674 
52 -0.2705995826938112 
53 -0.2567848039081745 
54 -0.24622656222072034 
55 -0.2519304627469872 
56 -0.2667944822063358 
57 -0.27242981377250797 
58 -0.26195124343790077 
59 -0.24834192489398094 
60 -0.24834192448463596 
61 -0.26195124281997634 
62 -0.2724298138064954 
63 -0.26679448285188995 
64 -0.25193046342658215 
65 -0.246226562373248 
66 -0.2567848034793568 
67 -0.27059958258334477 
68 -0.2706201553225437 
69 -0.25671422953429357 
70 -0.24593147933553305 
71 -0.2517033483673643 
72 -0.26711855098852644 
73 -0.2731111352408312 
74 -0.2620706792273093 
75 -0.2475079218552139 
76 -0.2474609907294707 
77 -0.26222362063667237 
78 -0.27375779730743066 
79 -0.26760647102018703 
80 -0.2509633342297625 
81 -0.24439583424838143 
82 -0.2564234123060686 
83 -0.27244702083365346 
84 -0.27252666704195344 
85 -0.25613115785043217 
86 -0.24320682226104534 
87 -0.25005948911203035 
88 -0.26891589279736583 
89 -0.2764954350132677 
90 -0.26268754443186193 
91 -0.24405684059475619 
92 -0.24391304190156077 
93 -0.2631990058861581 
94 -0.2785873913032602 
95 -0.270465687126053 
96 -0.24760608433023729 
97 -0.23814595662828802 
98 -0.2551843608259517 
99 -0.27864939234566544 
100 -0.2788853765516565 
101 -0.2540665621044169 
102 -0.2338740139109666 
103 -0.24433880032962066 
104 -0.27522624289060643 
105 -0.2887504732796854 
106 -0.26474475722675994 
107 -0.23030912366813094 
108 -0.22977010296940378 
109 -0.26755805559824675 
110 -0.29950581289367023 
111 -0.28369839668011393 
112 -0.2301878007787046 
113 -0.19995239896336633 
114 -0.24642953282359237 
115 -0.3320537892223046 
116 -0.3233498806356411 
117 -0.19021603986630337 
