2 -0.4438167102344157 
3 -0.4525623493727118 
4 -0.4558725858700608 
5 -0.4572526073806388 
6 -0.4578983275139229 
7 -0.45822044973441156 
8 -0.458388422812001 
9 -0.45847892753699615 
10 -0.45852892382261495 
11 -0.45855709375094256 
12 -0.4585732220606246 
13 -0.45858257807634034 
14 -0.4585880665831407 
15 -0.458591316911488 
16 -0.4585932574918475 
17 -0.4585944247468277 
18 -0.4585951310544213 
19 -0.45859556019253217 
20 -0.45859582255432263 
21 -0.4585959837946979 
22 -0.4585960832157706 
23 -0.45859614468798937 
24 -0.4585961828343983 
25 -0.45859620370986665 
26 -0.45859621953081947 
27 -0.45859622985715365 
28 -0.45859623621659257 
29 -0.4585962401316786 
30 -0.4585962426968619 
31 -0.45859624555609885 
32 -0.4585962441474823 
33 -0.4585962448697374 
34 -0.4585962455875615 
35 -0.4585962460360287 
36 -0.45859624629406 
37 -0.45859624644589386 
38 -0.4585962465363113 
39 -0.45859624659630865 
40 -0.45859624662317533 
41 -0.4585962466415042 
42 -0.45859624669950766 
43 -0.4585962469893869 
44 -0.45859624696533513 
45 -0.4585962468841686 
46 -0.4585962467775654 
47 -0.458596246751548 
48 -0.45859624664253634 
49 -0.4585962466086112 
50 -0.45859624691977197 
51 -0.458596245321623 
52 -0.45859624656197007 
53 -0.45859624632696383 
54 -0.45859624662621756 
55 -0.4585962466813907 
56 -0.4585962476816519 
57 -0.4585962442801781 
58 -0.4585962440525949 
59 -0.458596244660484 
60 -0.4585962453126551 
61 -0.45859624591053494 
62 -0.45859624608039723 
63 -0.45859624518895253 
64 -0.45859624686103073 
65 -0.45859624624959683 
66 -0.4585962462865199 
67 -0.4585962464651747 
68 -0.4585962466089125 
69 -0.45859624665149457 
70 -0.4585962466352371 
71 -0.45859624673281674 
72 -0.4585962469219065 
73 -0.45859624690562995 
74 -0.4585962468177088 
75 -0.45859624697609913 
76 -0.45859624690395007 
77 -0.45859624713669755 
78 -0.45859624653971326 
79 -0.4585962466509538 
80 -0.4585962462348091 
81 -0.4585962462632867 
82 -0.45859624591643444 
83 -0.45859624655117803 
84 -0.45859624681720057 
85 -0.45859624676519023 
86 -0.45859624674486876 
87 -0.4585962461140663 
88 -0.45859624516730363 
89 -0.45859624493664114 
90 -0.4585962480310014 
91 -0.45859624832750057 
92 -0.45859624779256086 
93 -0.45859624967583645 
94 -0.4585962550412088 
95 -0.45859624541883187 
96 -0.45859624218479117 
97 -0.4585962452277738 
98 -0.4585962442933822 
99 -0.45859624449256625 
100 -0.458596245018153 
101 -0.4585962455746366 
102 -0.45859624581459313 
103 -0.45859624611369076 
104 -0.45859624631524243 
105 -0.45859624641096197 
106 -0.4585962468117767 
107 -0.45859624603081656 
108 -0.4585962464105147 
109 -0.45859624389978726 
110 -0.45859624844466057 
111 -0.45859624637746027 
112 -0.45859624539658617 
113 -0.4585962454341667 
114 -0.4585962454331601 
115 -0.4585962459791744 
116 -0.4585962463665415 
117 -0.45859624652858516 
118 -0.4585962466130873 
119 -0.45859624664295534 
120 -0.45859624664544574 
121 -0.4585962466849538 
122 -0.4585962466866364 
123 -0.45859624666509097 
124 -0.4585962467288068 
125 -0.4585962466014746 
126 -0.45859624675869887 
127 -0.4585962468206755 
128 -0.45859624603535937 
129 -0.45859624605122706 
130 -0.45859624617317296 
131 -0.4585962472193545 
132 -0.4585962474697092 
133 -0.45859624757957446 
134 -0.4585962490251539 
135 -0.4585962445971128 
136 -0.45859624625234646 
137 -0.45859624690515227 
138 -0.4585962468470429 
139 -0.4585962462576247 
140 -0.4585962458166038 
141 -0.45859624761604006 
142 -0.4585962472124906 
143 -0.45859624770135904 
144 -0.4585962500119139 
145 -0.45859624836254453 
146 -0.45859624713961183 
147 -0.4585962463058103 
148 -0.4585962460316832 
149 -0.4585962460079728 
150 -0.45859624623873807 
151 -0.45859624754806433 
152 -0.45859624490830947 
153 -0.45859624531051285 
154 -0.45859624604466515 
155 -0.45859624650757275 
156 -0.4585962464430733 
157 -0.45859624658500986 
158 -0.4585962464549365 
159 -0.4585962469242714 
160 -0.4585962421680282 
161 -0.45859624274998084 
162 -0.4585962444489142 
163 -0.45859624538702803 
164 -0.45859624583952174 
165 -0.4585962459273683 
166 -0.4585962457065881 
167 -0.45859624499511764 
168 -0.45859624412924144 
169 -0.4585962426706259 
170 -0.4585962402070969 
171 -0.4585962363974387 
172 -0.45859623058892834 
173 -0.45859622261799093 
174 -0.4585962075406336 
175 -0.4585961834573112 
176 -0.45859614507153645 
177 -0.4585960837075863 
178 -0.45859598336505886 
179 -0.4585958259997328 
180 -0.45859556918655936 
181 -0.45859512132576674 
182 -0.45859441526101496 
183 -0.45859324997307843 
184 -0.4585913114084552 
185 -0.4585880631198778 
186 -0.4585825758420506 
187 -0.4585732203963544 
188 -0.45855709325815863 
189 -0.4585289237397517 
190 -0.4584789273153113 
191 -0.4583884219357496 
192 -0.458220449381004 
193 -0.4578983273555632 
194 -0.45725260717387034 
195 -0.4558725857508666 
196 -0.45256234040118576 
197 -0.44381670787463356 
