2 3 0.040318190945124434 
3 4 0.08958441132487859 
4 5 0.15953558030342263 
5 6 0.243357537587987 
6 7 0.33204255938780347 
7 8 0.41664949776986937 
8 9 0.49058345531844316 
9 10 0.549312430001676 
10 11 0.5900999757638554 
11 12 0.6122795911395218 
12 13 0.6175292752441666 
13 14 0.6094817904292823 
14 15 0.5928791765737984 
15 16 0.5727700718282975 
16 17 0.553915038254758 
17 18 0.5403065826725668 
18 19 0.5347610037405068 
19 20 0.5386272756097519 
20 21 0.5516983972179825 
21 22 0.5724012049993048 
22 23 0.5981983804485653 
23 24 0.6260191684024696 
24 25 0.6526551370979956 
25 26 0.6751987139182328 
26 27 0.6914968975715239 
27 28 0.7004479233192772 
28 29 0.7020580143800622 
29 30 0.6973384826511293 
30 31 0.6881169166159177 
31 32 0.676754100611507 
32 33 0.6657740713770736 
33 34 0.657477010119643 
34 35 0.6536126092915696 
35 36 0.6551649701682482 
36 37 0.6622675887588205 
37 38 0.6742295154022757 
38 39 0.6896526580109135 
39 40 0.7066519707896369 
40 41 0.7231684803542462 
41 42 0.7372962331481431 
42 43 0.7475438700695655 
43 44 0.7530201462076748 
44 45 0.753551287805038 
45 46 0.7496983288169642 
46 47 0.7426469019899166 
47 48 0.7339981980040498 
48 49 0.725515698075584 
49 50 0.7188661499086043 
50 51 0.7153830920387574 
51 52 0.7158816776932005 
52 53 0.7205487606393236 
53 54 0.7289288779307035 
54 55 0.7400151909139613 
55 56 0.7524214145203635 
56 57 0.7645914932563442 
57 58 0.7750232363283063 
58 59 0.7824933681251729 
59 60 0.7862457708096382 
60 61 0.7860946568011431 
61 62 0.782430398488883 
62 63 0.776146736486627 
63 64 0.7685029050277354 
64 65 0.7609306055475349 
65 66 0.7548139470982462 
66 67 0.7512818205741091 
67 68 0.7510451922594414 
68 69 0.7543019100351654 
69 70 0.7607195005487154 
70 71 0.7694914114605014 
71 72 0.7794583540159082 
72 73 0.7892864908912302 
73 74 0.797676462792072 
74 75 0.8035591965964659 
75 76 0.8062467995839836 
76 77 0.8055292245991948 
77 78 0.801706218252273 
78 79 0.7955388867080273 
79 80 0.7881253296853542 
80 81 0.7807290461038606 
81 82 0.7745899993565876 
82 83 0.7707413391254693 
83 84 0.7698565832670413 
84 85 0.7721510453048562 
85 86 0.7773519595315147 
86 87 0.7847430480660511 
87 88 0.79327781098038 
88 89 0.8017394354940123 
89 90 0.8089203289720791 
90 91 0.8138017877663312 
91 92 0.8157115973342934 
92 93 0.8144274441514974 
93 94 0.810204720005318 
94 95 0.8037327854390387 
95 96 0.7960325334369893 
96 97 0.7883040789581591 
97 98 0.7817427219313908 
98 99 0.7773564320078318 
99 100 0.7758159591621496 
100 101 0.7773564309346801 
101 102 0.7817427201198758 
102 103 0.7883040765208846 
103 104 0.7960325303614763 
104 105 0.8037327821682934 
105 106 0.8102047164826114 
106 107 0.8144274403895619 
107 108 0.815711593473906 
108 109 0.8138017838906606 
109 110 0.8089203252415653 
110 111 0.8017394319661681 
111 112 0.7932778075960754 
112 113 0.7847430443108803 
113 114 0.7773519549186942 
114 115 0.7721510401811081 
115 116 0.7698565780314739 
116 117 0.7707413333396849 
117 118 0.7745899925132248 
118 119 0.7807290387563544 
119 120 0.7881253222739888 
120 121 0.795538879208984 
121 122 0.8017062104314783 
122 123 0.8055292170515325 
123 124 0.8062467925573044 
124 125 0.8035591896577979 
125 126 0.7976764560725998 
126 127 0.7892864842180656 
127 128 0.7794583480109657 
128 129 0.7694914059243739 
129 130 0.7607194953708425 
130 131 0.7543019049090732 
131 132 0.7510451872517552 
132 133 0.7512818162912774 
133 134 0.7548139431230849 
134 135 0.760930600978323 
135 136 0.7685028999337573 
136 137 0.776146731778749 
137 138 0.7824303941764033 
138 139 0.7860946526237035 
139 140 0.7862457667247893 
140 141 0.7824933643536329 
141 142 0.775023233090938 
142 143 0.7645914907850461 
143 144 0.7524214124816778 
144 145 0.7400151887985472 
145 146 0.7289288756418792 
146 147 0.7205487578794715 
147 148 0.7158816738033631 
148 149 0.7153830881432204 
149 150 0.718866145567434 
150 151 0.7255156936843999 
151 152 0.7339981938030893 
152 153 0.7426468980209702 
153 154 0.7496983249368319 
154 155 0.7535512845037786 
155 156 0.7530201439305262 
156 157 0.7475438684505133 
157 158 0.7372962318746383 
158 159 0.7231684795480763 
159 160 0.7066519705461438 
160 161 0.6896526580915204 
161 162 0.674229515370536 
162 163 0.6622675882116534 
163 164 0.6551649691324025 
164 165 0.6536126080766284 
165 166 0.6574770087959936 
166 167 0.6657740697602346 
167 168 0.6767540988019384 
168 169 0.6881169152372927 
169 170 0.697338482335353 
170 171 0.7020580153063839 
171 172 0.7004479252676256 
172 173 0.6914969003966224 
173 174 0.6751987182678617 
174 175 0.6526551440763052 
175 176 0.6260191775638181 
176 177 0.5981983893042105 
177 178 0.5724012123472284 
178 179 0.5516984052377512 
179 180 0.5386272860014106 
180 181 0.5347610140000189 
181 182 0.540306589642248 
182 183 0.5539150431128359 
183 184 0.5727700780332822 
184 185 0.5928791848493792 
185 186 0.6094817996015396 
186 187 0.6175292853494967 
187 188 0.6122796029390323 
188 189 0.5900999890286709 
189 190 0.5493124514994556 
190 191 0.49058349607378876 
191 192 0.4166495385306013 
192 193 0.33204258068779713 
193 194 0.24335755768567596 
194 195 0.15953559527715205 
195 196 0.08958442020388968 
196 197 0.04031819501574506 
197 198 0.012827304717229865 
