-152.7006050842317 
-152.70060508423202 
-152.7006050842321 
-152.70060508423208 
-152.70060508423248 
-152.70060508423265 
-152.7006050842328 
-152.7006050842333 
-152.70060508423305 
-152.7006050842335 
-152.70060508423376 
-152.70060508423379 
-152.70060508423396 
-152.7006050842341 
-152.70060508423416 
-152.70060508423464 
-152.70060508423538 
-152.70060508423683 
-152.70060508424078 
-152.7006050842495 
-152.70060508426732 
-152.7006050842967 
-152.7006050843371 
-152.70060508437535 
-152.7006050843913 
-152.70060508439153 
-152.70060508439175 
-152.70060508439167 
-152.70060508439184 
-152.70060508439173 
-152.7006050843918 
-152.70060508439238 
-152.70060508439187 
-152.7006050843922 
-152.70060508439195 
-152.70060508439198 
-152.70060508439258 
-152.70060508439178 
-152.70060508439187 
-152.70060508439178 
-152.7006050843917 
-152.70060508439187 
-152.70060508439187 
-152.70060508439198 
-152.70060508439204 
-152.7006050843919 
-152.70060508439204 
-152.70060508439215 
-152.70060508439178 
-152.70060508439178 
-152.70060508439173 
-152.7006050843922 
-152.7006050843918 
-152.70060508439173 
-152.70060508439167 
-152.70060508439192 
-152.7006050843918 
-152.70060508439195 
-152.700605084392 
-152.7006050843924 
-152.70060508439252 
-152.70060508439272 
-152.7006050843929 
-152.70060508439366 
-152.70060508439352 
-152.70060508439332 
-152.70060508439377 
-152.7006050843935 
-152.7006050843936 
-152.7006050843935 
-152.7006050843939 
-152.70060508439414 
-152.70060508439525 
-152.70060508439718 
-152.7006050844014 
-152.70060508441028 
-152.70060508442745 
-152.7006050844581 
-152.70060508449785 
-152.7006050845358 
-152.70060508455163 
-152.70060508455205 
-152.7006050845525 
-152.7006050845521 
-152.70060508455205 
-152.7006050845524 
-152.7006050845519 
-152.7006050845519 
-152.70060508455242 
-152.70060508455205 
-152.70060508455208 
-152.70060508455262 
-152.7006050845519 
-152.70060508455157 
-152.7006050845514 
-152.7006050845512 
-152.70060508455103 
-152.7006050845509 
-152.70060508455077 
-152.70060508455103 
-152.700605084551 
-152.70060508455077 
-152.70060508455083 
-152.70060508455055 
-152.70060508455066 
-152.7006050845504 
-152.70060508455038 
-152.70060508455023 
-152.70060508455012 
-152.7006050845502 
-152.70060508454995 
-152.70060508454978 
-152.7006050845496 
-152.70060508454984 
-152.70060508454978 
-152.70060508454964 
-152.7006050845494 
-152.70060508454932 
-152.70060508454912 
-152.7006050845492 
-152.70060508454947 
-152.70060508454966 
-152.70060508454975 
-152.7006050845498 
-152.70060508454995 
-152.70060508454992 
-152.70060508454955 
-152.70060508454955 
-152.7006050845495 
-152.70060508454964 
-152.70060508454947 
-152.7006050845495 
-152.70060508454955 
-152.70060508454947 
-152.70060508454938 
-152.70060508454958 
-152.70060508454947 
-152.70060508454986 
-152.70060508455015 
-152.7006050845494 
-152.70060508454924 
-152.70060508454935 
-152.70060508454938 
-152.70060508454955 
-152.7006050845495 
-152.70060508454958 
-152.70060508454958 
-152.70060508454966 
-152.70060508454947 
-152.70060508454935 
-152.70060508454947 
-152.70060508454978 
-152.7006050845496 
-152.70060508454986 
-152.70060508454975 
-152.70060508455 
-152.70060508455006 
-152.7006050845499 
-152.70060508454978 
-152.70060508454966 
-152.70060508454944 
-152.70060508454935 
-152.70060508454918 
-152.700605084549 
-152.7006050845491 
-152.70060508454895 
-152.7006050845493 
-152.70060508454944 
-152.70060508454924 
-152.70060508454912 
-152.70060508454918 
-152.7006050845492 
-152.70060508454958 
-152.70060508454955 
-152.7006050845492 
-152.7006050845492 
-152.7006050845491 
-152.70060508454915 
-152.7006050845493 
-152.7006050845493 
-152.70060508454947 
-152.7006050845495 
-152.7006050845493 
-152.70060508454944 
-152.70060508454952 
-152.70060508454958 
-152.7006050845497 
-152.70060508454964 
-152.70060508454966 
-152.70060508455015 
-152.70060508455015 
-152.70060508455023 
-152.70060508455055 
-152.70060508455018 
-152.70060508455057 
-152.70060508455043 
-152.7006050845502 
