2 -0.2605555082581571 
3 -0.21345970108536594 
4 0.5249082790681129 
5 -0.5374186937037135 
6 0.2818517581347942 
7 0.0930281315229049 
8 -0.3960833481145953 
9 0.47939832082271056 
10 -0.31001189779826566 
11 -0.011398449163903637 
12 0.31184319013854145 
13 -0.4389025976417797 
14 0.33367589950495835 
15 -0.057656507089897474 
16 -0.240334064485835 
17 0.40423852620248396 
18 -0.3529480396679768 
19 0.11910408774202733 
20 0.17157254419715023 
21 -0.3663672798789088 
22 0.3652104587911334 
23 -0.17290138240492753 
24 -0.10594505551256439 
25 0.3242404146545237 
26 -0.3689815649294913 
27 0.2192721579567494 
28 0.043359501005726636 
29 -0.27928419532401777 
30 0.3652978512922084 
31 -0.2584553518169903 
32 0.017065980799951117 
33 0.23062502655477135 
34 -0.35424925857885986 
35 0.2902246728402849 
36 -0.07434718994186923 
37 -0.17854859644348067 
38 0.33530841386535304 
39 -0.3141387738959186 
40 0.12760971910519836 
41 0.12462241612722161 
42 -0.30935967624352395 
43 0.32995050547987453 
44 -0.17648101716715447 
45 -0.06925660815689486 
46 0.27712790585058156 
47 -0.33775648548230996 
48 0.22004290009523217 
49 0.013216842572952726 
50 -0.23871012369299402 
51 0.3374314554379427 
52 -0.2576253185153222 
53 0.042073520909333126 
54 0.195121542548234 
55 -0.3288791052937318 
56 0.28869981835169095 
57 -0.0959271135075823 
58 -0.14735104897543402 
59 0.31254093905128755 
60 -0.31254094162873963 
61 0.1473510555876824 
62 0.09592710625747798 
63 -0.2886998144250776 
64 0.3288791069675756 
65 -0.19512154881654553 
66 -0.04207351350567174 
67 0.25762531405331573 
68 -0.3374314558126848 
69 0.23871012885211573 
70 -0.013216849870919756 
71 -0.2200428946661217 
72 0.33775648488337656 
73 -0.27712791020156907 
74 0.06925661478185392 
75 0.17648101161631743 
76 -0.32995050386136376 
77 0.3093596794716888 
78 -0.12462242266293355 
79 -0.1276097126694404 
80 0.3141387710385455 
81 -0.33530841624371943 
82 0.1785486028800095 
83 0.07434718290341547 
84 -0.29022466892812887 
85 0.35424925980805794 
86 -0.23062503230652417 
87 -0.017065973771233325 
88 0.2584553472386323 
89 -0.36529785110016544 
90 0.2792841989401027 
91 -0.04335950632892947 
92 -0.21927215371682804 
93 0.3689815637321494 
94 -0.3242404165747821 
95 0.10594505863592503 
96 0.1729013794870991 
97 -0.3652104561597038 
98 0.3663672783310318 
99 -0.17157254502232622 
100 -0.11910408534384083 
101 0.3529480368534539 
102 -0.4042385229061206 
103 0.24033406330795012 
104 0.05765650328303998 
105 -0.33367589501806477 
106 0.4389025922953167 
107 -0.3118431866720993 
108 0.011398448790511783 
109 0.31001189599761936 
110 -0.47939832103186053 
111 0.3960833483512117 
112 -0.09302813065410394 
113 -0.2818517584867638 
114 0.5374186934410049 
115 -0.5249082784291536 
116 0.21345970036690576 
117 0.26055550882040635 
