-170.8722462556894 
-170.87224625568945 
-170.8722462556897 
-170.87224625569024 
-170.87224625569124 
-170.87224625569146 
-170.87224625569198 
-170.87224625569274 
-170.872246255693 
-170.8722462556939 
-170.872246255695 
-170.8722462556954 
-170.87224625569573 
-170.87224625569664 
-170.87224625569746 
-170.87224625569826 
-170.87224625569837 
-170.87224625569857 
-170.87224625569945 
-170.8722462556998 
-170.87224625570028 
-170.87224625570096 
-170.87224625570184 
-170.87224625570218 
-170.8722462557028 
-170.87224625570337 
-170.87224625570425 
-170.87224625570454 
-170.87224625570516 
-170.8722462557055 
-170.87224625570684 
-170.8722462557077 
-170.8722462557081 
-170.8722462557084 
-170.87224625570943 
-170.87224625570906 
-170.87224625570977 
-170.87224625571045 
-170.8722462557108 
-170.87224625571153 
-170.87224625571204 
-170.87224625571275 
-170.87224625571335 
-170.8722462557144 
-170.87224625571466 
-170.8722462557158 
-170.87224625571608 
-170.87224625571753 
-170.87224625571915 
-170.87224625572196 
-170.87224625572486 
-170.8722462557318 
-170.87224625574092 
-170.87224625577542 
-170.87224625589525 
-170.87224625629548 
-170.87224625630114 
-170.8722462563014 
-170.87224625630108 
-170.8722462563029 
-170.8722462563012 
-170.87224625630208 
-170.87224625630137 
-170.87224625630162 
-170.87224625630148 
-170.8722462563015 
-170.87224625630148 
-170.87224625630125 
-170.87224625630108 
-170.8722462563013 
-170.87224625630176 
-170.8722462563016 
-170.87224625630168 
-170.8722462563021 
-170.872246256302 
-170.8722462563019 
-170.87224625630236 
-170.8722462563023 
-170.8722462563025 
-170.87224625630253 
-170.87224625630273 
-170.87224625630262 
-170.87224625630313 
-170.8722462563032 
-170.87224625630347 
-170.87224625630338 
-170.87224625630333 
-170.872246256303 
-170.87224625630316 
-170.87224625630301 
-170.8722462563033 
-170.87224625630355 
-170.8722462563033 
-170.87224625630316 
-170.87224625630336 
-170.87224625630336 
-170.87224625630347 
-170.87224625630316 
-170.87224625630338 
-170.8722462563033 
-170.87224625630301 
-170.87224625630304 
-170.8722462563031 
-170.8722462563029 
-170.87224625630301 
-170.87224625630304 
-170.8722462563027 
-170.87224625630253 
-170.8722462563025 
-170.87224625630287 
-170.87224625630284 
-170.87224625630282 
-170.87224625630282 
-170.8722462563024 
-170.87224625630242 
-170.87224625630253 
-170.87224625630327 
-170.8722462563039 
-170.87224625630463 
-170.8722462563052 
-170.8722462563059 
-170.87224625630668 
-170.87224625630753 
-170.87224625630773 
-170.8722462563085 
-170.87224625630893 
-170.87224625630924 
-170.87224625630995 
-170.87224625631072 
-170.87224625631146 
-170.872246256312 
-170.8722462563126 
-170.8722462563135 
-170.8722462563144 
-170.87224625631524 
-170.87224625631558 
-170.87224625631612 
-170.87224625631683 
-170.87224625631717 
-170.87224625631833 
-170.87224625631913 
-170.8722462563199 
-170.87224625632058 
-170.872246256321 
-170.87224625632183 
-170.87224625632237 
-170.87224625632282 
-170.87224625632336 
-170.87224625632442 
-170.872246256325 
-170.87224625632538 
-170.87224625632635 
-170.8722462563271 
-170.87224625632754 
-170.87224625632817 
-170.87224625632876 
-170.8722462563292 
-170.87224625632984 
-170.87224625633021 
-170.87224625633138 
-170.8722462563318 
-170.87224625633246 
-170.87224625633297 
-170.87224625633397 
-170.8722462563362 
-170.87224625633837 
-170.87224625634173 
-170.8722462563473 
-170.8722462563573 
-170.87224625639186 
-170.87224625651214 
-170.87224625691195 
-170.87224625691735 
-170.8722462569179 
-170.87224625691732 
-170.87224625691718 
-170.87224625691758 
-170.87224625691888 
-170.87224625691704 
-170.8722462569175 
-170.87224625691746 
-170.8722462569175 
-170.87224625691735 
-170.8722462569174 
-170.87224625691778 
-170.8722462569178 
-170.8722462569174 
-170.87224625691758 
-170.8722462569175 
-170.8722462569177 
-170.8722462569175 
-170.8722462569175 
-170.87224625691763 
-170.8722462569179 
-170.87224625691806 
-170.8722462569182 
-170.87224625691783 
-170.8722462569178 
-170.87224625691803 
-170.87224625691783 
-170.87224625691795 
-170.8722462569173 
-170.87224625691744 
-170.8722462569174 
-170.8722462569171 
-170.87224625691738 
-170.87224625691746 
-170.8722462569171 
-170.87224625691664 
-170.87224625691687 
-170.87224625691644 
-170.87224625691647 
-170.87224625691607 
-170.8722462569158 
-170.8722462569157 
-170.87224625691567 
-170.8722462569153 
-170.87224625691547 
-170.87224625691533 
-170.87224625691533 
-170.87224625691547 
-170.87224625691533 
-170.8722462569151 
-170.87224625691516 
-170.87224625691533 
-170.87224625691545 
-170.87224625691553 
-170.8722462569155 
-170.87224625691528 
-170.87224625691528 
-170.87224625691542 
-170.8722462569151 
-170.87224625691505 
-170.87224625691522 
-170.87224625691533 
-170.87224625691525 
-170.87224625691536 
-170.87224625691508 
-170.87224625691502 
-170.8722462569155 
-170.8722462569152 
-170.87224625691536 
-170.87224625691556 
-170.87224625691567 
-170.87224625691584 
-170.87224625691601 
-170.8722462569159 
-170.8722462569161 
-170.87224625691607 
-170.87224625691618 
-170.8722462569162 
-170.87224625691593 
-170.87224625691633 
-170.87224625691627 
-170.8722462569163 
-170.87224625691644 
-170.8722462569168 
-170.87224625691658 
-170.87224625691638 
-170.87224625691627 
-170.87224625691627 
-170.87224625691638 
-170.8722462569161 
-170.87224625691596 
-170.8722462569161 
-170.87224625691573 
-170.87224625691604 
-170.87224625691556 
-170.87224625691576 
-170.87224625691618 
-170.87224625691562 
-170.87224625691556 
-170.87224625691556 
-170.87224625691533 
-170.87224625691542 
-170.87224625691513 
-170.87224625691525 
-170.87224625691513 
-170.87224625691513 
-170.87224625691496 
-170.87224625691508 
-170.87224625691516 
-170.8722462569155 
-170.87224625691528 
-170.8722462569151 
-170.87224625691576 
-170.87224625691508 
-170.87224625691493 
-170.87224625691493 
-170.87224625692014 
-170.8722462569015 
-170.87224625691488 
-170.8722462569162 
-170.87224625691636 
-170.87224625691485 
-170.87224625691488 
-170.872246256915 
-170.87224625691505 
-170.87224625691545 
-170.87224625691522 
-170.8722462569153 
-170.87224625691516 
-170.8722462569151 
-170.8722462569153 
-170.87224625691528 
-170.87224625691493 
-170.8722462569152 
-170.87224625691476 
-170.8722462569147 
-170.87224625691445 
-170.87224625691445 
-170.8722462569146 
-170.87224625691434 
-170.87224625691414 
-170.8722462569145 
-170.8722462569144 
-170.8722462569142 
-170.87224625691405 
-170.87224625691417 
-170.8722462569142 
-170.87224625691437 
-170.87224625691488 
-170.87224625691482 
-170.87224625691482 
-170.87224625691502 
-170.87224625691493 
-170.87224625691505 
-170.8722462569148 
-170.8722462569152 
-170.87224625691488 
-170.8722462569151 
-170.87224625691496 
-170.8722462569149 
-170.87224625691496 
-170.87224625691493 
-170.87224625691488 
-170.87224625691488 
-170.8722462569148 
-170.8722462569148 
-170.87224625691462 
-170.87224625691437 
-170.87224625691448 
-170.872246256914 
-170.87224625691405 
-170.87224625691437 
-170.87224625691468 
-170.87224625691448 
-170.87224625691474 
-170.87224625691465 
-170.87224625691442 
-170.8722462569148 
-170.8722462569147 
-170.87224625691462 
-170.87224625691476 
-170.87224625691488 
-170.8722462569145 
-170.8722462569142 
-170.87224625691442 
-170.87224625691434 
-170.87224625691414 
-170.87224625691422 
-170.87224625691414 
-170.87224625691417 
-170.8722462569142 
-170.87224625691417 
-170.8722462569143 
-170.8722462569147 
-170.87224625691454 
-170.87224625691476 
-170.87224625691505 
-170.87224625691516 
-170.8722462569153 
-170.87224625691513 
-170.87224625691545 
-170.87224625691573 
-170.87224625691604 
-170.8722462569159 
-170.87224625691633 
-170.872246256916 
-170.87224625691624 
-170.87224625691644 
-170.872246256916 
-170.87224625691593 
-170.87224625691601 
-170.87224625691624 
-170.87224625691613 
-170.87224625691613 
-170.87224625691633 
-170.8722462569164 
-170.87224625691613 
-170.8722462569161 
-170.8722462569162 
-170.872246256916 
-170.87224625691604 
-170.87224625691587 
-170.8722462569159 
-170.87224625691587 
-170.87224625691582 
-170.87224625691582 
-170.87224625691593 
-170.87224625691616 
-170.8722462569161 
-170.872246256917 
-170.8722462569162 
-170.8722462569172 
-170.8722462569157 
-170.87224625691533 
