2 3 0.026705943443890046 
3 4 0.060319112901312824 
4 5 0.1103229786586234 
5 6 0.17375206703779872 
6 7 0.24579331832322265 
7 8 0.3210959051356824 
8 9 0.39510118939099637 
9 10 0.4637305222153944 
10 11 0.523316279199014 
11 12 0.5710726417224394 
12 13 0.6055650296186553 
13 14 0.6266878857095175 
14 15 0.6353777249697278 
15 16 0.6334060059861566 
16 17 0.6232485016872442 
17 18 0.6078607640625437 
18 19 0.5903426495466509 
19 20 0.5736075358080052 
20 21 0.5601429021353943 
21 22 0.5518542926187023 
22 23 0.549962616674638 
23 24 0.5549244818811734 
24 25 0.5664188348189101 
25 26 0.5834465390666691 
26 27 0.6045167945230561 
27 28 0.627819882208906 
28 29 0.6513860271060395 
29 30 0.6732957735607629 
30 31 0.6918970303251797 
31 32 0.7059720021808191 
32 33 0.7148030437024008 
33 34 0.7182245391778886 
34 35 0.7166212850614015 
35 36 0.7108646328838423 
36 37 0.7022002609169697 
37 38 0.6921021821919028 
38 39 0.6821054406171276 
39 40 0.6736540986362439 
40 41 0.6679536122429794 
41 42 0.6658686816453933 
42 43 0.6678460098172867 
43 44 0.673870219014664 
44 45 0.6834916196917942 
45 46 0.695896776269383 
46 47 0.7100062558774269 
47 48 0.7245820741029326 
48 49 0.7383604583107328 
49 50 0.7502022778770744 
50 51 0.7591976394061025 
51 52 0.764747736505154 
52 53 0.7666244694846193 
53 54 0.7649860994262803 
54 55 0.7603530701190041 
55 56 0.7535359015183329 
56 57 0.7455476586724964 
57 58 0.7374917662505444 
58 59 0.7304458967534624 
59 60 0.7253434639548793 
60 61 0.7228828868055397 
61 62 0.723470297864014 
62 63 0.7271799525815368 
63 64 0.7337405332882541 
64 65 0.7425647622321686 
65 66 0.7528423919890569 
66 67 0.7636344790278635 
67 68 0.7739529278815044 
68 69 0.78284665074388 
69 70 0.7895280375013332 
70 71 0.7934780358781693 
71 72 0.7944654373449356 
72 73 0.7925527376612165 
73 74 0.7881025718757095 
74 75 0.7817515838237488 
75 76 0.774332305206587 
76 77 0.7667604611226603 
77 78 0.7599469103249025 
78 79 0.7547131824074549 
79 80 0.7517022878223031 
80 81 0.7513091366628065 
81 82 0.7536376864113993 
82 83 0.7584936757377876 
83 84 0.7654172202806324 
84 85 0.7737177446245171 
85 86 0.7825745040954517 
86 87 0.7911109804673767 
87 88 0.7984571702531162 
88 89 0.8038964327563509 
89 90 0.8069091507303862 
90 91 0.8072210641717519 
91 92 0.8048602578051371 
92 93 0.8001336176961711 
93 94 0.793588503392559 
94 95 0.7859503804349189 
95 96 0.778083974813427 
96 97 0.7708511944168388 
97 98 0.7650374116959531 
98 99 0.7612625762439673 
99 100 0.7599561469520852 
100 101 0.7612654738755777 
101 102 0.7650267887800715 
102 103 0.7708231987643154 
103 104 0.7780417897722369 
104 105 0.7859064584085118 
105 106 0.7935292774052243 
106 107 0.8000514988196564 
107 108 0.8047564477823616 
108 109 0.8071038799958274 
109 110 0.8067730885618343 
110 111 0.8037450811556891 
111 112 0.7982967067033344 
112 113 0.7909317839563585 
113 114 0.7823675187972697 
114 115 0.7734750614568084 
115 116 0.7651855642786282 
116 117 0.7582759808914908 
117 118 0.753382820129749 
118 119 0.751003018073323 
119 120 0.7513886560071293 
120 121 0.754426542212355 
121 122 0.759653570081591 
122 123 0.7664278659783489 
123 124 0.7739974945017238 
124 125 0.781457155092015 
125 126 0.7878298636641938 
126 127 0.7922726690663063 
127 128 0.7941950150076094 
128 129 0.7932464508821181 
129 130 0.7893173052532301 
130 131 0.7826134273374027 
131 132 0.7736881895830476 
132 133 0.7633603401147881 
133 134 0.7525751194029647 
134 135 0.7422873891761784 
135 136 0.7334140517586921 
136 137 0.7268053022090607 
137 138 0.7230946024210841 
138 139 0.7225382375399038 
139 140 0.7249997516252383 
140 141 0.7300732457001327 
141 142 0.7371182525074345 
142 143 0.745212515398863 
143 144 0.7532334436035537 
144 145 0.7600548958248282 
145 146 0.7646883346515944 
146 147 0.7663361335287477 
147 148 0.764465530959542 
148 149 0.7589064071401803 
149 150 0.7498950838711752 
150 151 0.7380422126555939 
151 152 0.7242608130567215 
152 153 0.7096730902452196 
153 154 0.6955312114852747 
154 155 0.6831111254045407 
155 156 0.6735282557227582 
156 157 0.6675519731963564 
157 158 0.6655724873983523 
158 159 0.66763668056367 
159 160 0.6733730042401794 
160 161 0.6818975241619429 
161 162 0.691924077275338 
162 163 0.7020114745637324 
163 164 0.7106852052809197 
164 165 0.7164860840515788 
165 166 0.7181188928574274 
166 167 0.7146933060278663 
167 168 0.7058540620951573 
168 169 0.6917836394146684 
169 170 0.6731849293267874 
170 171 0.6512718321694569 
171 172 0.6276949791381712 
172 173 0.6043826928949773 
173 174 0.5833153700240402 
174 175 0.5662997802647403 
175 176 0.5548084550208158 
176 177 0.5498397345459994 
177 178 0.5517420786366538 
178 179 0.5600624318349539 
179 180 0.5735478215521932 
180 181 0.5902816115465792 
181 182 0.6078040404435475 
182 183 0.6232139297238857 
183 184 0.633391410770501 
184 185 0.6353673729261439 
185 186 0.6266767004263809 
186 187 0.6055593683624028 
187 188 0.5710737632523056 
188 189 0.5233191091984364 
189 190 0.46373232528093816 
190 191 0.39510268833160134 
191 192 0.32109739915441904 
192 193 0.24579428160668848 
193 194 0.17375252885496437 
194 195 0.11032316170730581 
195 196 0.06031913873881251 
196 197 0.026705922332029383 
197 198 0.008653097069931741 
