2 -0.21442273908224418 
3 -0.21488103091960226 
4 -0.21496483660533913 
5 -0.21496896828345252 
6 -0.21496923227018072 
7 -0.21496924294083164 
8 -0.214969242522926 
9 -0.21496924216269808 
10 -0.21496924213593607 
11 -0.21496924209731974 
12 -0.21496924218632413 
13 -0.2149692416632123 
14 -0.21496924209959106 
15 -0.21496924214341118 
16 -0.21496924215269106 
17 -0.2149692428420704 
18 -0.21496924492374994 
19 -0.21496924302585152 
20 -0.2149692441514246 
21 -0.21496924205751447 
22 -0.21496924218214933 
23 -0.21496924150239924 
24 -0.21496924240536944 
25 -0.21496923894537137 
26 -0.21496924207804188 
27 -0.21496924277529128 
28 -0.21496924148162347 
29 -0.2149692420523573 
30 -0.21496924492894143 
31 -0.21496924247140453 
32 -0.21496924310355414 
33 -0.21496923337013596 
34 -0.2149692407407406 
35 -0.21496924090644187 
36 -0.2149692485471444 
37 -0.21496924310073443 
38 -0.2149692423308485 
39 -0.21496924214275287 
40 -0.21496924167606152 
41 -0.21496924372263887 
42 -0.21496924418735683 
43 -0.21496925186629814 
44 -0.21496924287541566 
45 -0.21496924229196124 
46 -0.21496924183261842 
47 -0.21496924272194867 
48 -0.21496923729959594 
49 -0.21496925725191687 
50 -0.21496924549129198 
51 -0.21496923281463962 
52 -0.2149693080116719 
53 -0.214969206190963 
54 -0.21496926017111226 
55 -0.21496924658982378 
56 -0.21496924264250417 
57 -0.21496924248868274 
58 -0.21496924127498523 
59 -0.21496924193846997 
60 -0.214969242113013 
61 -0.21496924151445515 
62 -0.21496924541952034 
63 -0.21496924328158526 
64 -0.214969241440023 
65 -0.21496924209338955 
66 -0.21496924237627962 
67 -0.21496923867488288 
68 -0.21496924162000872 
69 -0.21496924201962317 
70 -0.21496924933756184 
71 -0.21496919855009686 
72 -0.2149692202318249 
73 -0.21496924010496254 
74 -0.21496923620246688 
75 -0.21496924103993545 
76 -0.21496924192141817 
77 -0.21496923534688248 
78 -0.21496927550348854 
79 -0.21496924624405483 
80 -0.21496924261394224 
81 -0.2149692423078225 
82 -0.2149692420373838 
83 -0.2149692420943615 
84 -0.214969242128748 
85 -0.2149692421324881 
86 -0.2149692421545396 
87 -0.2149692420329633 
88 -0.2149692421221753 
89 -0.2149692420545338 
90 -0.21496924326615904 
91 -0.214969242732716 
92 -0.21496925318405796 
93 -0.21496924243952784 
94 -0.21496924316935626 
95 -0.21496924088285452 
96 -0.2149692532784301 
97 -0.21496924351828436 
98 -0.21496924230104808 
99 -0.21496924195058506 
100 -0.2149692439950492 
101 -0.21496924212473995 
102 -0.21496924219995367 
103 -0.2149692416379764 
104 -0.214969241987493 
105 -0.2149692421098932 
106 -0.21496924205656937 
107 -0.21496924612797633 
108 -0.2149692140933344 
109 -0.21496923865723616 
110 -0.21496924506999276 
111 -0.21496922053887219 
112 -0.21496923958044897 
113 -0.21496923757269715 
114 -0.21496924143190477 
115 -0.21496924204132642 
116 -0.21496924214223267 
117 -0.21496924204391335 
118 -0.214969243105732 
119 -0.21496924212794755 
120 -0.21496924257955344 
121 -0.21496923977742616 
122 -0.21496924165085732 
123 -0.21496924229858472 
124 -0.21496924204677575 
125 -0.21496924249092889 
126 -0.21496923942925678 
127 -0.21496924503854686 
128 -0.2149692433622568 
129 -0.21496924246719368 
130 -0.21496924217255883 
131 -0.2149692421434287 
132 -0.21496924198356784 
133 -0.21496924317211033 
134 -0.21496924228221642 
135 -0.21496924150449262 
136 -0.21496923185933917 
137 -0.21496928294591394 
138 -0.21496924906067577 
139 -0.21496924369394996 
140 -0.2149692220910491 
141 -0.2149692388560794 
142 -0.21496924173870113 
143 -0.21496924210249407 
144 -0.21496924134235465 
145 -0.21496924198350179 
146 -0.21496924239701448 
147 -0.21496924214308147 
148 -0.21496924213527036 
149 -0.21496924209536572 
150 -0.2149692422686132 
151 -0.21496923974477022 
152 -0.2149692585998026 
153 -0.2149692436322412 
154 -0.21496924246768082 
155 -0.21496924158022082 
156 -0.21496924020026972 
157 -0.21496924171969922 
158 -0.2149692420884576 
159 -0.21496924208878196 
160 -0.21496924115709592 
161 -0.21496924993038527 
162 -0.21496924344779153 
163 -0.21496924238106738 
164 -0.21496924168430182 
165 -0.2149692420579511 
166 -0.21496924217705665 
167 -0.2149692410241989 
168 -0.214969247140345 
169 -0.21496924313673607 
170 -0.2149692423313316 
171 -0.21496924213799096 
172 -0.21496924217801283 
173 -0.21496924200111808 
174 -0.2149692490392124 
175 -0.21496924414302687 
176 -0.2149692425422029 
177 -0.21496924272075746 
178 -0.21496923560470907 
179 -0.21496927986202413 
180 -0.21496926717026515 
181 -0.21496924661298752 
182 -0.21496924107023138 
183 -0.2149692419722721 
184 -0.2149692420767992 
185 -0.21496924213111196 
186 -0.21496924211677465 
187 -0.21496924190998248 
188 -0.21496924429303793 
189 -0.21496922985022146 
190 -0.21496924152232336 
191 -0.21496924213596194 
192 -0.21496924253378175 
193 -0.2149692360067996 
194 -0.2149689691092097 
195 -0.21496483677755382 
196 -0.2148810308590789 
197 -0.21442273904849593 
