0.0 
-72.85345090342672 
-72.86199755714719 
-72.86208633638974 
-72.8697277803257 
-72.86984701562683 
-72.87722678704264 
-72.8773553954525 
-72.88372798091065 
-72.8838812186542 
-72.88388326342651 
-72.88407021276974 
-72.88407239606137 
-72.88407266985483 
-72.88407267175245 
-72.88407267175236 
-72.8840726717523 
-72.88407267175235 
-72.88407267175246 
-72.88407267175246 
-72.88407267175387 
-72.8840726717569 
-72.88407267176524 
-72.88407267176505 
-72.8840727289057 
-72.88407275804174 
-72.88407279904638 
-72.88407281418894 
-72.88407282597153 
-72.88407282799494 
-72.88407282799912 
-72.88407282799915 
-72.88407282799912 
-72.88407282799913 
-72.88407282799913 
-72.8840728279993 
-72.88407282800041 
-72.88407282800321 
-72.88407282800742 
-72.88407282801319 
-72.88407282801877 
-72.88407282802463 
-72.88407282802476 
-72.88407282802478 
-72.88407282802463 
-72.88407282802473 
-72.88407282802457 
-72.88407282802463 
-72.88407282802459 
-72.88407282802461 
-72.88407282802463 
-72.88407282802461 
-72.88407282802498 
-72.88407282802491 
-72.88407282802503 
-72.88407282802515 
-72.88407282802503 
-72.88407282802505 
-72.884072828025 
-72.88407282802501 
-72.88407282802483 
-72.88407282802505 
-72.88407282802498 
-72.88407282802496 
-72.88407282802491 
