-304.2376061809032 
-304.24435020589704 
-304.24796540202726 
-304.2526851681851 
-304.2530658135061 
-304.2617590232455 
-304.26659066576366 
-304.27126534784566 
-304.27172817655617 
-304.2820002783266 
-304.28819686471127 
-304.2925664807914 
-304.29309145825624 
-304.30490762013255 
-304.3123736227542 
-304.3162996692636 
-304.3168987195712 
-304.330304186932 
-304.3389031557774 
-304.34231984593964 
-304.34304052195364 
-304.3580879684662 
-304.36765233173185 
-304.37054316480675 
-304.3714797306156 
-304.3878951398661 
-304.39814767161533 
-304.40052711327326 
-304.4018484618348 
-304.4187036460848 
-304.4298571259925 
-304.4318095919289 
-304.4337805037241 
-304.44883769862895 
-304.45998193522126 
-304.46165998424243 
-304.46425017753506 
-304.4772420440703 
-304.4880907463046 
-304.4895337063013 
-304.4927146278409 
-304.50329403362 
-304.5136190384046 
-304.5148356596961 
-304.51839852645986 
-304.5265776793222 
-304.5360790113373 
-304.5370409550924 
-304.54045498764805 
-304.5465047729055 
-304.55468947523207 
-304.55533078674296 
-304.5575559747014 
-304.5621409605126 
-304.5678875327928 
-304.56839385562347 
-304.5683973852277 
-304.5683973852283 
-304.56839738522655 
-304.56839738522757 
-304.56839738522746 
-304.56839738542664 
-304.5683989324967 
-304.56841623715576 
-304.5684253646114 
-304.56843774692516 
-304.56845861141073 
-304.56854367237315 
-304.5685728504873 
-304.568613547464 
-304.5686725972802 
-304.56882617208294 
-304.5688838561532 
-304.5689648208731 
-304.56907361676065 
-304.56929927806544 
-304.56938971678727 
-304.5695135071844 
-304.5696766099461 
-304.56996947390456 
-304.5700938044994 
-304.5702576073065 
-304.57047361248556 
-304.5708221031399 
-304.5709798325008 
-304.57117853498335 
-304.57144088393903 
-304.571833416429 
-304.5720259191283 
-304.5722747613617 
-304.572580634003 
-304.57296479658737 
-304.5731934921058 
-304.5734529942959 
-304.5737774370184 
-304.57416294624414 
-304.57441570488794 
-304.57467095948067 
-304.57500100716265 
-304.5753731213911 
-304.5756318597354 
-304.5758676005141 
-304.57618573839665 
-304.57652161043166 
-304.5767638385144 
-304.5769640078727 
-304.5772456740776 
-304.5775192999376 
-304.5777189575444 
-304.57786574561334 
-304.57807591562533 
-304.5782563875668 
-304.5783850655444 
-304.57845923040463 
-304.57855658094763 
-304.57855658094735 
-304.57949326273587 
-304.5889000494263 
-304.59264051077355 
-304.59999141150297 
-304.60079682282696 
-304.61099795904784 
-304.61614876477216 
-304.6224971151323 
-304.6232185727322 
-304.634394557481 
-304.64105672265424 
-304.6464949444536 
-304.64717604416353 
-304.6594961984683 
-304.6674870328226 
-304.6720972301692 
-304.67278898608384 
-304.68643218758143 
-304.6955451835464 
-304.6994008840845 
-304.70017456724406 
-304.7152826518024 
-304.7253180953167 
-304.7284905557644 
-304.72945419133373 
-304.7458165202436 
-304.75648422269325 
-304.75904328477367 
-304.7603725502046 
-304.77711427537724 
-304.78865216993296 
-304.7907206748639 
-304.7926821388901 
-304.8076078525138 
-304.8190763032033 
-304.8208348830149 
-304.8233993940408 
-304.83627260823795 
-304.84739069474773 
-304.84888987724116 
-304.85203179878437 
-304.86251926941634 
-304.87306389431296 
-304.87431881700826 
-304.87783587972416 
-304.88595248667644 
-304.8956254646298 
-304.8966113539236 
-304.8999839851271 
-304.9059965418356 
-304.91430362100937 
-304.9149570475195 
-304.9171598759868 
-304.92172337992946 
-304.92752990339187 
-304.92804322248026 
-304.928046734594 
-304.9280467345967 
-304.9280467345946 
-304.9280467345987 
-304.9280467345938 
-304.9280467347937 
-304.9280482947402 
-304.92806587493027 
-304.9280750915235 
-304.92808754050867 
-304.9281086436357 
-304.92819530471496 
-304.92822492633434 
-304.92826599531526 
-304.92832638298023 
-304.92848360435926 
-304.92854243171246 
-304.92862456720775 
-304.9287371577507 
-304.92896994985904 
-304.9290628049625 
-304.9291895087898 
-304.9293610004397 
-304.929666680757 
-304.92979568066454 
-304.9299657792989 
-304.9301979810378 
-304.93056811853944 
-304.9307344998255 
-304.9309456860976 
-304.93123674884447 
-304.9316639757142 
-304.9318715528305 
-304.9321438705075 
-304.9324980759896 
-304.932930779017 
-304.9331867994821 
-304.9334861421879 
-304.9338859824821 
-304.93434530040093 
-304.9346460629473 
-304.93496599056857 
-304.9354123295431 
-304.93589811729765 
-304.9362376607309 
-304.93657431631203 
-304.93706996704776 
-304.93758083561846 
-304.93795481095356 
-304.9383086783327 
-304.9388609242403 
-304.93940169507846 
-304.9398131508152 
-304.9401938668741 
-304.94082612531633 
-304.94140955507737 
-304.9418853182583 
-304.94233408371144 
-304.943169788406 
-304.9438910836673 
-304.94476143818554 
-304.9462564757287 
-304.9464460637546 
-304.94657781419005 
-304.9466840710175 
-304.94677851674993 
-304.94686602218275 
-304.9469491205427 
-304.9470110795792 
-304.94707571558865 
-304.94713929732035 
-304.94720295585125 
-304.9472515275738 
-304.9473026626818 
-304.9473535283697 
-304.9474059228836 
-304.94744740208563 
-304.9474897671981 
-304.94753369938485 
-304.94757715296697 
-304.9476138396828 
-304.94764942640273 
-304.9476870724947 
-304.9477223256685 
-304.9477554608539 
-304.94778469422823 
-304.947815443574 
-304.9478426994987 
-304.94787356959915 
-304.94789641040927 
-304.9479203901305 
-304.94794027158355 
-304.94796719066176 
-304.94798454734394 
-304.9480017018761 
-304.9480155357847 
-304.9480346829061 
-304.94804608759824 
-304.94805681138405 
-304.9480653319027 
-304.94807666279576 
-304.9480829453238 
-304.9480884895438 
-304.94809271805286 
-304.94809801504954 
-304.9481006867883 
-304.94810278722395 
-304.94810421916293 
-304.9481059283421 
-304.948106690543 
-304.94810719601014 
-304.94810742452887 
-304.9481075856918 
-304.9481076524999 
-304.9481076525024 
-304.9481076525024 
-304.9481076525052 
-304.9481076525049 
-304.94810765250276 
-304.94810765250384 
-304.9481076525035 
-304.94810765250253 
-304.9481076525031 
-304.9481076525026 
-304.94810765263384 
-304.94810765297893 
-304.94810765377053 
-304.94810765537346 
-304.94810765830067 
-304.9481076633618 
-304.94810766996324 
-304.9481076797341 
-304.9481076933166 
-304.9481077153713 
-304.94810773936723 
-304.94810777431417 
-304.9481078156086 
-304.94810787865123 
-304.94810794108463 
-304.9481080273481 
-304.94810812220743 
-304.9481082600343 
-304.94810838834445 
-304.9481085586596 
-304.9481087379765 
-304.9481089809599 
-304.94810920109296 
-304.9481094890885 
-304.94810979166556 
-304.94811014400506 
-304.9481104753477 
-304.9481109017657 
-304.948111342136 
-304.94811183543254 
-304.9481122802861 
-304.94811285176297 
-304.94811343325847 
-304.94811405883985 
-304.9481146167253 
-304.94811531888297 
-304.9481160229268 
-304.9481167575486 
-304.9481174178329 
-304.94811817885096 
-304.94811894731436 
-304.9481197355714 
-304.94812045435344 
-304.9481211912144 
-304.9481219235469 
-304.9481226593495 
-304.94812331318985 
-304.94812388910594 
-304.94812439885084 
-304.9481248617517 
-304.9481252062161 
-304.94812520621684 
-304.9481436524802 
-304.9481688589086 
-304.9482067515689 
-304.9482446670085 
-304.9482740293336 
-304.94830701259684 
-304.9483522958242 
-304.94839657275145 
-304.94842951987044 
-304.94846546751575 
-304.94851054163104 
-304.9485566537734 
-304.9485908898475 
-304.9486274482181 
-304.94866980954254 
-304.9487142721429 
-304.9487482106449 
-304.94878333717236 
-304.9488234502352 
-304.9488636350826 
-304.9488962927381 
-304.94892858541755 
-304.9489649241928 
-304.94899917756726 
-304.9490301305208 
-304.9490581477414 
-304.94908875855344 
-304.9491159788778 
-304.94914562515396 
-304.9491681824048 
-304.9491923922647 
-304.9492125153051 
-304.94923886081585 
-304.94925618080026 
-304.9492735753352 
-304.94928757361726 
-304.9493065629382 
-304.9493180270196 
-304.94932889988877 
-304.9493375086304 
-304.94934879911784 
-304.9493551280477 
-304.94936073074615 
-304.9493649906139 
-304.9493702725667 
-304.94937296049073 
-304.9493750714836 
-304.9493765079552 
-304.9493782099139 
-304.9493789742695 
-304.9493794794301 
-304.94937970733207 
-304.9493798681155 
-304.9493799350415 
-304.949379935044 
-304.94937993504305 
-304.9493799350432 
-304.9493799350437 
-304.94937993504175 
-304.94937993504345 
-304.9493799350437 
-304.94937993504277 
-304.94937993504277 
-304.94937993504294 
-304.9493799351763 
-304.94937993552605 
-304.94937993632755 
-304.94937993795065 
-304.9493799409255 
-304.9493799460863 
-304.949379952821 
-304.9493799628113 
-304.94937997673736 
-304.94937999949434 
-304.9493800242052 
-304.949380060348 
-304.94938010326 
-304.9493801690103 
-304.9493802340648 
-304.9493803246225 
-304.94938042493817 
-304.94938057026286 
-304.94938070592235 
-304.94938088849045 
-304.9493810823528 
-304.9493813409134 
-304.94938157750005 
-304.94938189503836 
-304.9493822289847 
-304.94938261620683 
-304.94938297935806 
-304.9493834667077 
-304.94938397118904 
-304.9493845240407 
-304.94938502672113 
-304.94938571194484 
-304.94938641291327 
-304.9493871423359 
-304.9493878076624 
-304.94938869980723 
-304.9493896147241 
-304.9493905282457 
-304.94939138200175 
-304.9493924557994 
-304.9493935839341 
-304.9493946752068 
-304.94939573261206 
-304.94939699907127 
-304.9493983468172 
-304.9493996016412 
-304.94940085470927 
-304.94940237144056 
-304.9494039693199 
-304.94940539277434 
-304.94940687140695 
-304.9494089277934 
-304.94941125587474 
-304.94941463259755 
-304.94941491533797 
-304.94941507797347 
-304.94941519668134 
-304.9494152944773 
-304.9494153748663 
-304.94941543504757 
-304.94941548400277 
-304.94941552962695 
-304.9494155721144 
-304.9494156067889 
-304.9494156354931 
-304.94941566351025 
-304.9494156909518 
-304.94941571371714 
-304.949415732435 
-304.94941575117133 
-304.94941576959667 
-304.9494157848979 
-304.94941579727356 
-304.9494158097312 
-304.9494158218125 
-304.94941583170447 
-304.94941583952243 
-304.9494158473827 
-304.9494158548448 
-304.9494158608079 
-304.94941586527113 
-304.94941586975585 
-304.94941587386813 
-304.94941587702056 
-304.94941587930936 
-304.9494158815294 
-304.94941588344403 
-304.94941588486165 
-304.9494158858722 
-304.94941588678006 
-304.94941588748816 
-304.9494158879852 
-304.94941588832415 
-304.9494158886 
-304.94941588878277 
-304.94941588890345 
-304.94941588898087 
-304.94941588903697 
-304.94941588906704 
-304.94941588908284 
-304.94941588909165 
-304.949415889096 
-304.949415889098 
-304.94941588909757 
-304.9494158890974 
-304.9494158890971 
-304.9494158890979 
-304.94941588909705 
-304.9494158890957 
-304.94941588909586 
-304.9494158890948 
-304.9494158890959 
-304.94941588909626 
-304.9494158890957 
-304.9494158890976 
-304.94941588909796 
-304.94941588909796 
-304.9494158890984 
-304.9494158890988 
-304.9494158890989 
-304.9494158890991 
-304.94941588909853 
-304.94941588909876 
-304.94941588909893 
-304.9494158890995 
-304.9494158891003 
-304.9494158891007 
-304.9494158891028 
-304.94941588910467 
-304.94941588910734 
-304.9494158891106 
-304.94941588911587 
-304.94941588912275 
-304.94941588912866 
-304.9494158891379 
-304.949415889149 
-304.94941588916566 
-304.94941588917976 
-304.9494158891974 
-304.94941588922114 
-304.94941588925576 
-304.9494158892841 
-304.9494158893193 
-304.9494158893626 
-304.94941588942413 
-304.9494158894767 
-304.94941588953554 
-304.9494158896081 
-304.9494158897046 
-304.9494158897891 
-304.94941588987933 
-304.94941588998597 
-304.9494158901258 
-304.94941589024677 
-304.94941589037194 
-304.94941589051524 
-304.9494158906993 
-304.9494158908568 
-304.9494158910143 
-304.9494158911879 
-304.9494158914084 
-304.94941589159413 
-304.9494158917689 
-304.94941589196094 
-304.9494158921942 
-304.94941589238664 
-304.9494158925411 
-304.94941589263044 
-304.9494159018922 
-304.9494159145493 
-304.9494159309831 
-304.9494159464701 
-304.94941596181746 
-304.9494159776018 
-304.94941599576316 
-304.9494160123569 
-304.94941602788055 
-304.9494160434315 
-304.9494160606316 
-304.9494160761521 
-304.94941609005 
-304.9494161039819 
-304.949416119218 
-304.9494161325623 
-304.9494161440041 
-304.94941615561686 
-304.94941616797666 
-304.94941617851305 
-304.9494161872559 
-304.9494161961389 
-304.9494162051923 
-304.9494162127267 
-304.94941621885164 
-304.9494162250145 
-304.9494162310551 
-304.94941623593195 
-304.94941623968185 
-304.94941624344335 
-304.9494162469659 
-304.9494162496952 
-304.9494162516926 
-304.94941625363407 
-304.94941625534415 
-304.9494162566188 
-304.9494162575363 
-304.9494162583609 
-304.94941625901583 
-304.9494162594766 
-304.94941625979396 
-304.94941626005163 
-304.9494162602247 
-304.94941626034006 
-304.9494162604145 
-304.9494162604685 
-304.94941626049814 
-304.949416260513 
-304.9494162605212 
-304.9494162605256 
-304.9494162605274 
-304.9494162605271 
-304.94941626052736 
-304.9494162605267 
-304.9494162605273 
-304.94941626052656 
-304.9494162605279 
-304.94941626052946 
-304.9494162605264 
-304.94941626052974 
-304.9494162605292 
-304.94941626052787 
-304.9494162605266 
-304.9494162605265 
-304.94941626052673 
-304.9494162605264 
-304.9494162605271 
-304.9494162605262 
-304.9494162605268 
-304.9494162605269 
-304.9494162605275 
-304.9494162605274 
-304.94941626052776 
-304.94941626052866 
-304.9494162605293 
-304.94941626053105 
-304.94941626053304 
-304.9494162605354 
-304.94941626053867 
-304.9494162605425 
-304.9494162605491 
-304.9494162605559 
-304.94941626056453 
-304.9494162605756 
-304.94941626059216 
-304.94941626060586 
-304.94941626062376 
-304.94941626064747 
-304.94941626068095 
-304.9494162607101 
-304.9494162607444 
-304.9494162607873 
-304.9494162608468 
-304.94941626089786 
-304.9494162609551 
-304.9494162610255 
-304.94941626111955 
-304.9494162612003 
-304.94941626128826 
-304.9494162613922 
-304.94941626152684 
-304.9494162616424 
-304.94941626176393 
-304.9494162619045 
-304.94941626208157 
-304.9494162622327 
-304.94941626238807 
-304.9494162625619 
-304.94941626277665 
-304.94941626295923 
-304.94941626314466 
-304.94941626334725 
-304.94941626359156 
-304.94941626379983 
-304.9494162640051 
-304.94941626423116 
-304.9494162644988 
-304.949416264716 
-304.94941626481443 
-304.949416264866 
-304.9494162649112 
-304.9494162649246 
-304.9494162649415 
-304.9494162649507 
-304.9494162649638 
-304.94941626495904 
-304.9494162649614 
-304.9494162649606 
-304.9494162649642 
-304.94941626495375 
-304.9494162649494 
-304.9494162649443 
-304.9494162649429 
-304.94941626493033 
-304.94941626492414 
-304.9494162649175 
-304.94941626491357 
-304.94941626490174 
-304.949416264894 
-304.94941626488713 
-304.9494162648818 
-304.9494162648711 
-304.94941626486366 
-304.9494162648567 
-304.94941626485183 
-304.94941626484393 
-304.9494162648377 
-304.9494162648331 
-304.9494162648286 
-304.94941626482256 
-304.949416264819 
-304.94941626481483 
-304.94941626481204 
-304.94941626480886 
-304.9494162648061 
-304.9494162648041 
-304.94941626480215 
-304.94941626480136 
-304.9494162648002 
-304.94941626479925 
-304.94941626479846 
-304.949416264798 
-304.9494162647978 
-304.94941626479726 
-304.94941626479783 
-304.94941626479743 
-304.9494162647968 
-304.9494162647968 
-304.94941626479664 
-304.9494162647971 
-304.949416264798 
-304.94941626479675 
-304.9494162647966 
-304.9494162647982 
-304.9494162647962 
-304.94941626479863 
-304.94941626479687 
-304.9494162647967 
-304.9494162647981 
-304.9494162647967 
-304.9494162647959 
-304.94941626479607 
-304.94941626479596 
-304.9494162647964 
-304.94941626479607 
-304.94941626479624 
-304.9494162647958 
-304.9494162647964 
-304.9494162647967 
-304.9494162647974 
-304.9494162647977 
-304.94941626479863 
-304.94941626479994 
-304.94941626480176 
-304.94941626480374 
-304.9494162648066 
-304.94941626480977 
-304.94941626481216 
-304.9494162648157 
-304.9494162648195 
-304.949416264825 
-304.9494162648295 
-304.9494162648345 
-304.94941626484064 
-304.94941626484905 
-304.94941626485445 
-304.94941626486167 
-304.9494162648695 
-304.94941626488065 
-304.94941626488736 
-304.9494162648949 
-304.94941626490356 
-304.9494162649167 
-304.9494162649223 
-304.94941626493005 
-304.9494162649383 
-304.9494162649528 
-304.94941626495677 
-304.9494162649642 
-304.9494162649717 
-304.94941626498616 
-304.94941626498695 
-304.9494162649928 
-304.9494162649981 
-304.9494162650113 
-304.9494162650084 
-304.94941626501213 
-304.9494162650137 
-304.9494162650251 
-304.9494162650183 
-304.94941626501975 
-304.94941626502 
-304.94941626502964 
-304.9494162650228 
-304.9494162650235 
-304.94941626502344 
-304.94941626503146 
-304.9494162650224 
-304.94941626502197 
-304.9494162650197 
-304.9494162650248 
-304.94941626501384 
-304.94941626501105 
-304.94941626500696 
-304.949416265008 
-304.9494162649952 
-304.94941626499013 
-304.9494162649841 
-304.9494162649819 
-304.94941626496876 
-304.94941626496217 
-304.94941626495506 
-304.94941626495034 
-304.9494162649377 
-304.9494162649298 
-304.9494162649229 
-304.9494162649171 
-304.94941626490623 
-304.9494162648986 
-304.9494162648919 
-304.9494162648863 
-304.9494162648776 
-304.949416264871 
-304.9494162648657 
-304.9494162648614 
-304.94941626485564 
-304.94941626485115 
-304.9494162648471 
-304.9494162648433 
-304.94941626484007 
-304.9494162648378 
-304.9494162648358 
-304.9494162648344 
-304.949416264833 
-304.9494162648316 
-304.9494162648311 
-304.9494162648307 
-304.94941626482955 
-304.9494162648292 
-304.9494162648293 
-304.94941626482904 
-304.9494162648285 
-304.9494162648288 
-304.949416264829 
-304.9494162648288 
-304.9494162648296 
-304.9494162648306 
-304.94941626482495 
-304.9494162648242 
-304.9494162648243 
-304.9494162648217 
