2 3 1.9348210037655435e-05 
3 4 1.6539107100504188e-07 
4 5 6.375900175118544e-08 
5 6 8.53128645451403e-10 
6 7 1.759315376520832e-10 
7 8 -4.440892098500627e-16 
8 9 4.440892098500625e-16 
9 10 0.0 
10 11 4.440892098500625e-16 
11 12 0.0 
12 13 0.0 
13 14 4.440892098500625e-16 
14 15 0.0 
15 16 0.0 
16 17 4.440892098500625e-16 
17 18 0.0 
18 19 4.440892098500625e-16 
19 20 0.0 
20 21 0.0 
21 22 4.440892098500625e-16 
22 23 0.0 
23 24 0.0 
24 25 4.440892098500625e-16 
25 26 0.0 
26 27 0.0 
27 28 -4.440892098500627e-16 
28 29 4.440892098500625e-16 
29 30 -4.440892098500627e-16 
30 31 -4.440892098500627e-16 
31 32 0.0 
32 33 -4.440892098500627e-16 
33 34 0.0 
34 35 0.0 
35 36 0.0 
36 37 -4.440892098500627e-16 
37 38 0.0 
38 39 0.0 
39 40 0.0 
40 41 4.440892098500625e-16 
41 42 0.0 
42 43 -4.440892098500627e-16 
43 44 -4.440892098500627e-16 
44 45 0.0 
45 46 0.0 
46 47 -4.440892098500627e-16 
47 48 -4.440892098500627e-16 
48 49 -4.440892098500627e-16 
49 50 0.0 
50 51 0.0 
51 52 -4.440892098500627e-16 
52 53 0.0 
53 54 0.0 
54 55 0.0 
55 56 -4.440892098500627e-16 
56 57 4.440892098500625e-16 
57 58 4.440892098500625e-16 
58 59 -4.440892098500627e-16 
59 60 -4.440892098500627e-16 
60 61 0.0 
61 62 0.0 
62 63 -4.440892098500627e-16 
63 64 4.440892098500625e-16 
64 65 0.0 
65 66 -4.440892098500627e-16 
66 67 0.0 
67 68 4.440892098500625e-16 
68 69 0.0 
69 70 0.0 
70 71 0.0 
71 72 0.0 
72 73 4.440892098500625e-16 
73 74 0.0 
74 75 -4.440892098500627e-16 
75 76 0.0 
76 77 0.0 
77 78 0.0 
78 79 -4.440892098500627e-16 
79 80 -4.440892098500627e-16 
80 81 0.0 
81 82 0.0 
82 83 0.0 
83 84 -4.440892098500627e-16 
84 85 0.0 
85 86 0.0 
86 87 4.440892098500625e-16 
87 88 0.0 
88 89 0.0 
89 90 0.0 
90 91 -4.440892098500627e-16 
91 92 0.0 
92 93 0.0 
93 94 0.0 
94 95 0.0 
95 96 0.0 
96 97 0.0 
97 98 -4.440892098500627e-16 
98 99 4.440892098500625e-16 
99 100 -4.440892098500627e-16 
100 101 -4.440892098500627e-16 
101 102 -4.440892098500627e-16 
102 103 0.0 
103 104 0.0 
104 105 -4.440892098500627e-16 
105 106 -4.440892098500627e-16 
106 107 0.0 
107 108 4.440892098500625e-16 
108 109 0.0 
109 110 0.0 
110 111 4.440892098500625e-16 
111 112 4.440892098500625e-16 
112 113 0.0 
113 114 -4.440892098500627e-16 
114 115 4.440892098500625e-16 
115 116 -4.440892098500627e-16 
116 117 4.440892098500625e-16 
117 118 0.0 
118 119 0.0 
119 120 -4.440892098500627e-16 
120 121 4.440892098500625e-16 
121 122 0.0 
122 123 0.0 
123 124 4.440892098500625e-16 
124 125 -4.440892098500627e-16 
125 126 0.0 
126 127 4.440892098500625e-16 
127 128 4.440892098500625e-16 
128 129 0.0 
129 130 0.0 
130 131 -4.440892098500627e-16 
131 132 4.440892098500625e-16 
132 133 0.0 
133 134 0.0 
134 135 0.0 
135 136 -4.440892098500627e-16 
136 137 -4.440892098500627e-16 
137 138 -4.440892098500627e-16 
138 139 0.0 
139 140 4.440892098500625e-16 
140 141 -4.440892098500627e-16 
141 142 0.0 
142 143 0.0 
143 144 4.440892098500625e-16 
144 145 0.0 
145 146 0.0 
146 147 0.0 
147 148 -4.440892098500627e-16 
148 149 0.0 
149 150 -4.440892098500627e-16 
150 151 -4.440892098500627e-16 
151 152 0.0 
152 153 -4.440892098500627e-16 
153 154 0.0 
154 155 0.0 
155 156 4.440892098500625e-16 
156 157 0.0 
157 158 0.0 
158 159 0.0 
159 160 -4.440892098500627e-16 
160 161 -4.440892098500627e-16 
161 162 0.0 
162 163 0.0 
163 164 4.440892098500625e-16 
164 165 0.0 
165 166 0.0 
166 167 0.0 
167 168 -4.440892098500627e-16 
168 169 -4.440892098500627e-16 
169 170 0.0 
170 171 0.0 
171 172 4.440892098500625e-16 
172 173 4.440892098500625e-16 
173 174 -4.440892098500627e-16 
174 175 -4.440892098500627e-16 
175 176 -4.440892098500627e-16 
176 177 -4.440892098500627e-16 
177 178 -4.440892098500627e-16 
178 179 -4.440892098500627e-16 
179 180 -4.440892098500627e-16 
180 181 0.0 
181 182 0.0 
182 183 -4.440892098500627e-16 
183 184 0.0 
184 185 0.0 
185 186 0.0 
186 187 0.0 
187 188 0.0 
188 189 0.0 
189 190 -4.440892098500627e-16 
190 191 0.0 
191 192 -4.440892098500627e-16 
192 193 1.6853385996966231e-10 
193 194 8.345859923254219e-10 
194 195 6.375110078775033e-08 
195 196 1.6540307075191753e-07 
196 197 1.9348301460302757e-05 
197 198 1.9423268229788106e-05 
