-170.8653377003474 
-170.86533770034708 
-170.86533770034688 
-170.86533770034708 
-170.86533770034714 
-170.86533770034748 
-170.86533770034774 
-170.86533770034816 
-170.86533770034768 
-170.86533770034762 
-170.86533770034774 
-170.86533770034794 
-170.86533770034808 
-170.8653377003482 
-170.86533770034822 
-170.86533770034842 
-170.86533770034856 
-170.8653377003488 
-170.86533770034876 
-170.8653377003486 
-170.86533770034868 
-170.86533770034882 
-170.86533770034922 
-170.86533770034876 
-170.86533770034887 
-170.8653377003495 
-170.86533770034936 
-170.8653377003499 
-170.86533770035004 
-170.8653377003498 
-170.86533770034973 
-170.8653377003497 
-170.8653377003498 
-170.86533770034998 
-170.86533770034998 
-170.86533770035044 
-170.8653377003505 
-170.8653377003505 
-170.8653377003504 
-170.86533770035075 
-170.86533770035098 
-170.86533770035086 
-170.86533770035155 
-170.8653377003517 
-170.86533770035197 
-170.86533770035246 
-170.8653377003521 
-170.8653377003523 
-170.86533770035274 
-170.86533770035234 
-170.86533770035302 
-170.86533770035314 
-170.86533770035362 
-170.86533770035416 
-170.86533770035973 
-170.8653377004077 
-170.86533770040546 
-170.8653377004069 
-170.86533770040538 
-170.86533770040674 
-170.8653377004061 
-170.86533770040538 
-170.8653377004057 
-170.8653377004067 
-170.8653377004059 
-170.865337700406 
-170.86533770040617 
-170.86533770040612 
-170.8653377004063 
-170.8653377004062 
-170.8653377004061 
-170.86533770040617 
-170.86533770040566 
-170.86533770040566 
-170.86533770040583 
-170.8653377004052 
-170.86533770040526 
-170.8653377004052 
-170.86533770040555 
-170.86533770040566 
-170.86533770040555 
-170.8653377004056 
-170.86533770040558 
-170.86533770040563 
-170.86533770040583 
-170.86533770040612 
-170.865337700406 
-170.86533770040597 
-170.86533770040617 
-170.86533770040612 
-170.8653377004063 
-170.86533770040606 
-170.86533770040617 
-170.86533770040583 
-170.86533770040612 
-170.86533770040612 
-170.86533770040577 
-170.86533770040566 
-170.86533770040612 
-170.8653377004061 
-170.8653377004062 
-170.865337700406 
-170.86533770040595 
-170.86533770040623 
-170.8653377004061 
-170.8653377004061 
-170.8653377004059 
-170.86533770040614 
-170.86533770040606 
-170.86533770040623 
-170.86533770040637 
-170.86533770040583 
-170.865337700406 
-170.86533770040597 
-170.86533770040614 
-170.86533770040649 
-170.86533770040708 
-170.86533770040697 
-170.8653377004072 
-170.86533770040677 
-170.86533770040623 
-170.8653377004071 
-170.86533770040595 
-170.86533770040626 
-170.8653377004062 
-170.86533770040606 
-170.86533770040597 
-170.865337700406 
-170.8653377004063 
-170.86533770040631 
-170.86533770040654 
-170.8653377004065 
-170.8653377004069 
-170.86533770040685 
-170.8653377004071 
-170.8653377004071 
-170.86533770040725 
-170.86533770040748 
-170.86533770040774 
-170.86533770040748 
-170.86533770040765 
-170.86533770040808 
-170.86533770040785 
-170.8653377004079 
-170.86533770040796 
-170.86533770040904 
-170.86533770040901 
-170.8653377004094 
-170.86533770040944 
-170.86533770040958 
-170.8653377004098 
-170.86533770040958 
-170.8653377004103 
-170.86533770040978 
-170.86533770040992 
-170.86533770041038 
-170.86533770040998 
-170.86533770041032 
-170.86533770041015 
-170.86533770041044 
-170.86533770041083 
-170.8653377004111 
-170.86533770041115 
-170.865337700411 
-170.86533770041112 
-170.86533770041126 
-170.86533770041092 
-170.86533770041095 
-170.8653377004111 
-170.86533770041248 
-170.86533770041805 
-170.86533770046157 
-170.8653377004651 
-170.8653377004648 
-170.86533770046347 
-170.86533770046407 
-170.86533770046472 
-170.86533770046375 
-170.86533770046347 
-170.86533770046353 
-170.8653377004637 
-170.86533770046378 
-170.86533770046418 
-170.86533770046407 
-170.86533770046444 
-170.8653377004642 
-170.86533770046424 
-170.86533770046432 
-170.8653377004642 
-170.865337700464 
-170.86533770046353 
-170.86533770046364 
-170.86533770046367 
-170.86533770046387 
-170.86533770046356 
-170.86533770046395 
-170.8653377004637 
-170.8653377004638 
-170.86533770046384 
-170.86533770046395 
-170.86533770046432 
-170.86533770046418 
-170.8653377004642 
-170.86533770046418 
-170.86533770046373 
-170.8653377004637 
-170.8653377004638 
-170.86533770046418 
-170.86533770046407 
-170.8653377004636 
-170.86533770046364 
-170.86533770046404 
-170.86533770046364 
-170.86533770046358 
-170.8653377004635 
-170.8653377004636 
-170.8653377004636 
-170.86533770046353 
-170.86533770046378 
-170.86533770046387 
-170.86533770046378 
-170.86533770046418 
-170.86533770046438 
-170.86533770046412 
-170.86533770046404 
-170.86533770046404 
-170.8653377004642 
-170.86533770046495 
-170.86533770046495 
-170.86533770046503 
-170.86533770046518 
-170.86533770046512 
-170.86533770046546 
-170.86533770046532 
-170.86533770046518 
-170.86533770046512 
-170.86533770046515 
-170.86533770046532 
-170.86533770046503 
-170.8653377004647 
-170.8653377004648 
-170.86533770046478 
-170.86533770046435 
-170.86533770046438 
-170.86533770046438 
-170.86533770046447 
-170.86533770046398 
-170.86533770046404 
-170.86533770046424 
-170.8653377004642 
-170.86533770046418 
-170.86533770046398 
-170.86533770046435 
-170.86533770046432 
-170.86533770046444 
-170.86533770046438 
-170.86533770046432 
-170.8653377004642 
-170.86533770046452 
-170.86533770046435 
-170.86533770046412 
-170.86533770046435 
-170.8653377004643 
-170.8653377004643 
-170.86533770046435 
-170.86533770046418 
-170.86533770046424 
-170.86533770046412 
-170.8653377004641 
-170.86533770046387 
-170.86533770046393 
-170.8653377004639 
-170.86533770046418 
-170.865337700464 
-170.86533770046412 
-170.86533770046415 
-170.8653377004642 
-170.8653377004641 
-170.8653377004643 
-170.86533770046438 
-170.86533770046444 
-170.86533770046427 
-170.86533770046415 
-170.86533770046427 
-170.86533770046415 
-170.86533770046464 
-170.86533770046546 
-170.86533770045946 
-170.86533770045972 
-170.86533770045972 
-170.86533770045915 
-170.8653377004595 
-170.86533770045946 
-170.86533770046083 
-170.8653377004644 
-170.86533770046498 
-170.86533770046447 
-170.86533770046412 
-170.86533770046404 
-170.86533770046438 
-170.86533770046447 
-170.8653377004642 
-170.86533770046418 
-170.86533770046435 
-170.86533770046424 
-170.86533770046427 
-170.86533770046455 
-170.86533770046483 
-170.86533770046464 
-170.86533770046464 
-170.86533770046438 
-170.86533770046455 
-170.86533770046447 
-170.8653377004645 
-170.8653377004644 
-170.86533770046475 
-170.86533770046435 
-170.86533770046412 
-170.86533770046458 
-170.86533770046464 
-170.86533770046418 
-170.86533770046407 
-170.86533770046435 
-170.86533770046432 
-170.86533770046435 
-170.86533770046455 
-170.86533770046452 
-170.86533770046444 
-170.86533770046432 
-170.8653377004642 
-170.8653377004643 
-170.86533770046418 
-170.865337700464 
-170.86533770046407 
-170.86533770046384 
-170.86533770046375 
-170.86533770046393 
-170.86533770046395 
-170.86533770046407 
-170.86533770046407 
-170.86533770046435 
-170.86533770046427 
-170.8653377004646 
-170.8653377004646 
-170.8653377004645 
-170.86533770046486 
-170.86533770046472 
-170.86533770046495 
-170.86533770046464 
-170.86533770046452 
-170.86533770046455 
-170.86533770046464 
-170.86533770046455 
-170.86533770046464 
-170.86533770046455 
-170.86533770046444 
-170.86533770046455 
-170.86533770046444 
-170.86533770046424 
-170.8653377004638 
-170.8653377004637 
-170.8653377004637 
-170.86533770046393 
-170.86533770046387 
-170.86533770046415 
-170.86533770046398 
-170.86533770046427 
-170.86533770046384 
-170.8653377004639 
-170.86533770046424 
-170.865337700464 
-170.86533770046444 
-170.86533770046444 
-170.8653377004645 
-170.8653377004649 
-170.86533770046464 
-170.86533770046472 
-170.8653377004646 
-170.86533770046458 
-170.86533770046475 
-170.86533770046486 
-170.86533770046464 
-170.865337700465 
-170.86533770046472 
-170.865337700465 
-170.86533770046518 
-170.8653377004653 
-170.86533770046518 
-170.8653377004651 
-170.8653377004653 
-170.86533770046546 
-170.86533770046526 
-170.8653377004652 
-170.8653377004654 
-170.86533770046572 
-170.8653377004655 
-170.8653377004654 
-170.86533770046557 
-170.86533770046572 
-170.86533770046563 
-170.8653377004655 
-170.8653377004666 
-170.86533770046566 
-170.86533770046546 
-170.86533770046898 
-170.86533770046543 
-170.86533770046537 
