2 -0.9971470118828308 
3 0.9967837112725078 
4 -0.9967516466174821 
5 0.9967614222074226 
6 -0.9967636262436252 
7 0.9967633565231425 
8 -0.9967632852019229 
9 0.9967632973462001 
10 -0.9967633002137434 
11 0.9967632995791755 
12 -0.9967632994739559 
13 0.9967632995339802 
14 -0.9967632995078898 
15 0.9967632995148937 
16 -0.9967632995078656 
17 0.9967632994305081 
18 -0.9967632994933643 
19 0.99676329950115 
20 -0.9967632996297768 
21 0.9967632988535008 
22 -0.9967632993485562 
23 0.9967632995208896 
24 -0.9967632994892819 
25 0.9967632994734887 
26 -0.9967632995171233 
27 0.9967632995058996 
28 -0.9967632995235488 
29 0.9967632995104242 
30 -0.9967632994994202 
31 0.9967632995678217 
32 -0.9967632995123585 
33 0.9967632995155076 
34 -0.9967632994784921 
35 0.996763299502192 
36 -0.9967632995048289 
37 0.9967632995091028 
38 -0.9967632995131134 
39 0.9967632995261031 
40 -0.9967632995077972 
41 0.9967632995104589 
42 -0.9967632995076072 
43 0.9967632995103963 
44 -0.9967632995018826 
45 0.9967632995024331 
46 -0.9967632995252386 
47 0.9967632996032434 
48 -0.9967633000157816 
49 0.996763299244904 
50 -0.9967632995272587 
51 0.9967632994923334 
52 -0.9967632995131345 
53 0.9967632995176026 
54 -0.9967632995170631 
55 0.996763299491835 
56 -0.9967632994972818 
57 0.9967632994379069 
58 -0.9967632994772461 
59 0.9967632995062767 
60 -0.9967632994792814 
61 0.9967632995171773 
62 -0.9967632995182064 
63 0.99676329944301 
64 -0.9967632994039175 
65 0.9967632985334024 
66 -0.9967633009009036 
67 0.996763299242699 
68 -0.9967632995426727 
69 0.9967632994931798 
70 -0.9967632995037043 
71 0.9967632995492871 
72 -0.9967632995635267 
73 0.9967632995639034 
74 -0.9967632996027799 
75 0.9967632986932802 
76 -0.9967632995167425 
77 0.9967632995023954 
78 -0.996763299508403 
79 0.9967632995094676 
80 -0.9967632995104458 
81 0.9967632995381664 
82 -0.9967632995054116 
83 0.9967632995090414 
84 -0.9967632996014393 
85 0.9967632994513967 
86 -0.9967632995470286 
87 0.9967632995567692 
88 -0.9967632995169861 
89 0.9967632994951806 
90 -0.9967632994377441 
91 0.9967632965390588 
92 -0.9967633176544771 
93 0.9967633063020397 
94 -0.9967632991337224 
95 0.9967632994695038 
96 -0.9967632995091922 
97 0.9967632995095242 
98 -0.9967632995101384 
99 0.9967632995091682 
100 -0.9967632995047384 
101 0.9967632994859323 
102 -0.9967632997399795 
103 0.9967632992820773 
104 -0.9967632994888534 
105 0.9967632995123578 
106 -0.9967632995070616 
107 0.9967632994876104 
108 -0.9967632995363451 
109 0.9967632994525318 
110 -0.9967633003338663 
111 0.9967633035442429 
112 -0.9967632995733178 
113 0.9967632994583582 
114 -0.996763299481775 
115 0.9967632995089288 
116 -0.996763299509455 
117 0.99676329951009 
118 -0.9967632995126376 
119 0.9967632995204135 
120 -0.9967632994523479 
121 0.9967632995273802 
122 -0.9967632995004518 
123 0.9967632993829019 
124 -0.9967632996452356 
125 0.9967632994560102 
126 -0.9967632995230732 
127 0.996763299497401 
128 -0.9967632995314164 
129 0.9967632995439506 
130 -0.9967632994085863 
131 0.9967632994956478 
132 -0.9967632994815214 
133 0.9967632995098069 
134 -0.9967632995547998 
135 0.9967632995091089 
136 -0.9967632995093461 
137 0.9967632995067307 
138 -0.9967632995017361 
139 0.9967632994830383 
140 -0.9967632994733887 
141 0.9967632995395095 
142 -0.9967632995070377 
143 0.9967632995048856 
144 -0.9967632994967541 
145 0.9967632994628793 
146 -0.9967632997915257 
147 0.9967632995556852 
148 -0.9967632994688711 
149 0.9967632995116447 
150 -0.996763299511405 
151 0.9967632995001894 
152 -0.9967632995155061 
153 0.9967632998100449 
154 -0.9967632994933486 
155 0.9967632995041185 
156 -0.9967632995147838 
157 0.9967632995591099 
158 -0.9967632990881503 
159 0.9967632994719973 
160 -0.9967632994995675 
161 0.9967632995096467 
162 -0.9967632995103561 
163 0.9967632995044271 
164 -0.9967632995034754 
165 0.9967632996429935 
166 -0.9967632995239293 
167 0.9967632995470455 
168 -0.9967632995087574 
169 0.9967632995094602 
170 -0.9967632995086632 
171 0.996763299514481 
172 -0.996763299508175 
173 0.9967632994978195 
174 -0.9967632993937374 
175 0.9967632994518707 
176 -0.996763299480883 
177 0.9967632995027162 
178 -0.9967632995078157 
179 0.9967632995123188 
180 -0.9967632994921993 
181 0.9967632995774895 
182 -0.9967632997008145 
183 0.9967632995722554 
184 -0.9967632995082996 
185 0.996763299510401 
186 -0.9967632994973262 
187 0.9967632995219763 
188 -0.9967632993177373 
189 0.9967632999351673 
190 -0.996763297310805 
191 0.9967632852800342 
192 -0.9967633566027122 
193 0.9967636263559618 
194 -0.9967614223660035 
195 0.9967516465443695 
196 -0.9967837112218061 
197 0.9971470115388322 
