0.0 
169.07395083378483 
166.3191309605469 
164.91388555566704 
162.2180163398962 
160.934573131932 
158.11712926618415 
156.80576495739834 
154.0162573701214 
152.70786237803483 
149.91538338063813 
148.60698778963942 
145.81450930193685 
144.50609265495748 
141.71363524148236 
140.4052201912078 
137.61276118038433 
136.30434610146173 
133.51188711925013 
132.2034720356037 
129.41101305812114 
128.10259797504617 
125.31013899699197 
124.00172391388409 
121.20926493586266 
119.9008498527551 
117.10839087473335 
115.79997579162597 
113.00751681360411 
111.69910173049676 
108.90664275247488 
107.5982276693675 
104.80576869134559 
103.49735360823827 
100.7048946302163 
99.39647954710888 
96.60402056908698 
95.29560548597964 
92.50314650795774 
91.19473142485025 
88.4022724468284 
87.09385736372103 
84.3013983856991 
82.99298330259172 
80.20052432456974 
78.89210924146234 
76.09965026344045 
74.79123518033302 
71.99877620231113 
70.69036111920369 
67.89790214118183 
66.58948705807443 
63.797028080052506 
62.48861299694504 
59.69615401892317 
58.38773893581574 
55.59527995779383 
54.28686487468643 
51.494405896664496 
50.18599081355709 
47.39353183553511 
46.08511675242769 
43.29265777440576 
41.984242691298356 
39.19178371327644 
37.88336863016902 
35.09090965214708 
33.78249456903966 
30.990035591017705 
29.681620507910296 
26.889161529888334 
25.58074644678092 
22.78828746875898 
21.479872385651536 
18.68741340762959 
17.378998324522176 
14.586539346500198 
13.278124263392778 
10.485665285370795 
9.177250202263366 
6.3847912242414 
5.076376141133967 
2.2839171631119974 
0.9755020800045624 
-1.8169568980174184 
-3.1253719811248613 
-5.917830959146838 
-7.226246042254278 
-10.01870502027626 
-11.327120103383693 
-14.119579081405682 
-15.42799416451312 
-18.22045314253511 
-19.528868225642558 
-22.321327203664534 
-23.629742286771997 
-26.422201264793973 
-27.730616347901414 
-30.52307532592342 
-31.83149040903089 
-34.62394938705287 
-35.93236447016029 
-38.72482344818227 
-40.033238531289705 
-42.825697509311716 
-44.13411259241915 
-46.926571570441105 
-48.23498665354853 
-51.02744563157046 
-52.33586071467791 
-55.12831969269987 
-56.436734775807295 
-59.2291937538293 
-60.53760883693671 
-63.330067814958674 
-64.63848289806616 
-67.43094187608814 
-68.73935695919562 
-71.53181593721753 
-72.84023102032496 
-75.63268999834692 
-76.94110508145437 
-79.7335640594762 
-81.04197914258366 
-83.83443812060553 
-85.14285320371292 
-87.93531218173482 
-89.24372726484224 
-92.03618624286413 
-93.34460132597205 
-96.13706030399341 
-97.44547538710087 
-100.23793436512265 
-101.54634944823012 
-104.33880842625196 
-105.6472235093592 
-108.43968248738129 
-109.74809757048867 
-112.54055654851057 
-113.84897163161804 
-116.64143060963983 
-117.94984569274727 
-120.74230467076914 
-122.05071975387646 
-124.84317873189833 
-126.15159381500578 
-128.94405279302757 
-130.252467876135 
-133.04492685415678 
-134.35334193726416 
-137.145800915286 
-138.45421599839344 
-141.2466749764152 
-142.5550900595226 
-145.3475490375445 
-146.65596412065193 
-149.44842309867366 
-150.75683818178115 
-153.54929715980293 
-154.8577122429103 
-157.65017122093215 
-158.95858630403922 
-161.7510452820616 
-163.05946036516886 
-165.85191934319076 
-167.1603344262983 
-169.95279340432 
-171.2612084874274 
-174.05366746544914 
-175.3620825485558 
-178.1545415265784 
-179.4629566096858 
-182.25541558770774 
-183.5638306708149 
-186.35628964883594 
-187.66470473193803 
-190.4571637099366 
-191.76557879292878 
-194.55803777047575 
-195.86645285138147 
-198.65891182063817 
-199.96732686435786 
-202.75978568902065 
-204.0682000966142 
-206.86065648361554 
-208.16906031228197 
-210.96147658635599 
-212.269708088645 
-215.06147620858795 
-216.36694598787582 
-219.14840838511267 
-220.41052367985301 
-223.03497125887628 
-223.72730131365978 
-225.35537794605716 
-229.67446286353123 
-231.50220754652173 
-231.5558498957409 
-231.57588882708424 
-231.5761473812993 
-231.61721028697983 
-231.61739566586922 
-231.64529777278182 
-231.64548634423846 
-231.66361032597462 
-231.6637832481201 
-231.6760858934897 
-231.67623974360936 
-231.6848615443176 
-231.6849979808278 
-231.6911741775785 
-231.69129609717962 
-231.69578759753256 
-231.69589788119185 
-231.69919804726646 
-231.69929918671028 
-231.70174058604883 
-231.70183461707552 
-231.70364811793468 
-231.70373665808253 
-231.70508618213245 
-231.70517049776825 
-231.7061745119857 
-231.70625558685913 
-231.70700094677647 
-231.70707954233225 
-231.7076306965157 
-231.70770740150027 
-231.70811265784857 
-231.70818792757794 
-231.7084837905442 
-231.7085579772235 
-231.70877218494914 
-231.7088455607097 
-231.708999234776 
-231.70907200908542 
-231.70918120058414 
-231.70925353352453 
-231.70933036466022 
-231.70940237730125 
-231.70945591467697 
-231.70952769742678 
-231.70956464280738 
-231.7096362622726 
-231.70966150914023 
-231.70973301377083 
-231.7097500950174 
-231.70982151967192 
-231.70983296141762 
-231.7099043309527 
-231.70991192490683 
-231.7099832569147 
-231.70998826413006 
-231.71005957096196 
-231.71006287060635 
-231.71013416083883 
-231.71013635755912 
-231.71020763705602 
-231.71020913895092 
-231.71028041164433 
-231.71028148778998 
-231.71035275626662 
-231.71035357941835 
-231.71042484535187 
-231.71042552328515 
-231.710496787747 
-231.71049738573475 
-231.71056864940715 
-231.71056920584763 
-231.71064046915743 
-231.71064100594793 
-231.71071226913102 
-231.71071279809752 
-231.71078406125173 
-231.71078458802808 
-231.7108558512213 
-231.71085637776238 
-231.71092764092538 
-231.71092816746577 
-231.71099943062708 
-231.71099995716955 
-231.71107122033095 
-231.7110717468732 
-231.71114301003476 
-231.71114353657717 
-231.71121479973885 
-231.71121532628135 
-231.71128658944306 
-231.71128711598553 
-231.71135837914707 
-231.71135890568942 
-231.71143016885122 
-231.71143069539355 
-231.7115019585552 
-231.71150248509744 
-231.71157374825899 
-231.71157427480128 
-231.71164553796274 
-231.71164606450506 
-231.71171732766675 
-231.71171785420893 
-231.7117891173704 
-231.71178964391285 
-231.71186090707448 
-231.7118614336167 
-231.71193269677815 
-231.71193322332041 
-231.71200448648204 
-231.71200501302428 
-231.71207627618568 
-231.712076802728 
-231.71214806588932 
-231.7121485924315 
-231.71221985559285 
-231.712220382135 
-231.71229164529643 
-231.71229217183875 
-231.71236343500033 
-231.71236396154265 
-231.71243522470425 
-231.71243575124646 
-231.71250701440786 
-231.7125075409498 
-231.7125788041114 
-231.71257933065357 
-231.7126505938151 
-231.7126511203574 
-231.71272238351884 
-231.71272291006125 
-231.71279417322242 
-231.7127946997647 
-231.7128659629261 
-231.71286648946855 
-231.71293775263015 
-231.71293827917245 
-231.71300954233402 
-231.7130100688763 
-231.71308133203786 
-231.71308185858013 
-231.71315312174158 
-231.71315364828396 
-231.71322491144556 
-231.71322543798792 
-231.71329670114943 
-231.71329722769175 
-231.71336849085333 
-231.71336901739562 
-231.71344028055717 
-231.71344080709935 
-231.71351207026098 
-231.71351259680324 
-231.71358385996498 
-231.7135843865074 
-231.71365564966894 
-231.7136561762113 
-231.71372743937258 
-231.71372796591493 
-231.71379922907641 
-231.7137997556187 
-231.7138710187803 
-231.71387154532255 
-231.71394280848403 
-231.71394333502633 
-231.71401459818762 
-231.71401512472994 
-231.71408638789143 
-231.71408691443372 
-231.71415817759518 
-231.7141587041377 
-231.7142299672991 
-231.71423049384154 
-231.71430175700277 
-231.71430228354498 
-231.7143735467069 
-231.71437407324913 
-231.71444533640414 
-231.71444586294643 
-231.71451712614032 
-231.71451765268287 
-231.7145889167252 
-231.71458944327867 
-231.7146606842165 
-231.71466121055272 
-231.7147326023129 
-231.71473313023364 
-231.7148065245586 
-231.71480704287552 
-231.71484952026196 
-231.71484993230183 
-231.71502745455768 
-231.71502754874376 
-231.71502754872512 
-250.28855885447405 
-250.41524210329663 
-250.45949967549495 
-250.4674902885015 
-250.46958420798296 
-250.47695819486677 
-250.48765132412677 
-250.49781139385004 
-250.505084359123 
-250.51196890851486 
-250.51701929563873 
-250.52189629416057 
-250.52552754060164 
-250.529079919729 
-250.53175184772033 
-250.53439034289988 
-250.53638969520466 
-250.53837750335225 
-250.5398919534153 
-250.54140512696335 
-250.542562503401 
-250.54372307222948 
-250.54461323784471 
-250.5455081864814 
-250.5461959608811 
-250.54688861326747 
-250.5474216535789 
-250.54795911769622 
-250.54837306724926 
-250.54879030600216 
-250.5491112774169 
-250.54943474925446 
-250.54968365985945 
-250.54993462552457 
-250.55012776740034 
-250.55032248343775 
-250.550472321717 
-250.55062333369116 
-250.55073948474944 
-250.5508564820786 
-250.55094640747916 
-250.55103690911767 
-250.55110639713183 
-250.55117624857678 
-250.55122980890016 
-250.55128356748432 
-250.5513247206079 
-250.55136595064874 
-250.55139745144066 
-250.55142886819596 
-250.55145275433 
-250.55147653884126 
-250.55149457111378 
-250.55151247306293 
-250.55152603415266 
-250.55153948617777 
-250.5515496673563 
-250.55155975727294 
-250.55156738561215 
-250.55157493657157 
-250.5515806368387 
-250.55158627566772 
-250.55159052629492 
-250.5515947223011 
-250.55159788161404 
-250.5516009954752 
-250.5516033362643 
-250.55160563965484 
-250.55160736836223 
-250.5516090666914 
-250.55161033925233 
-250.55161158787604 
-250.55161251918707 
-250.55161343574116 
-250.55161411885757 
-250.55161478685073 
-250.55161528506062 
-250.5516157714991 
-250.5516161337423 
-250.55161648687096 
-250.55161674941382 
-250.55161700491902 
-250.55161719439178 
-250.5516173781926 
-250.55161751416767 
-250.55161764584977 
-250.55161774305662 
-250.55161783695144 
-250.55161790607974 
-250.5516179726406 
-250.55161802146793 
-250.55161806828227 
-250.55161810245835 
-250.5516181350408 
-250.55161815867197 
-250.55161818102908 
-250.5516181971023 
-250.55161821215194 
-250.55161822284435 
-250.5516182327174 
-250.5516182396217 
-250.55161824587907 
-250.55161825016359 
-250.55161825395083 
-250.55161825647386 
-250.5516182586307 
-250.55161826001734 
-250.5516182611521 
-250.55161826185167 
-250.55161826237872 
-250.5516182626773 
-250.55161826288045 
-250.55161826299144 
-250.5516182630663 
-250.55161826312332 
-250.551618263179 
-250.55161826323422 
-250.5516182632918 
-250.55161826334685 
-250.55161826346 
-250.55161826381266 
-250.5516182641836 
-250.55161826551154 
-250.55161826669155 
-250.55161827082614 
-250.55161827507973 
-250.551618285424 
-250.551618300653 
-250.55161832230567 
-250.55161837126312 
-250.55161841171 
-250.55161855151835 
-250.5516186232545 
-250.55161898579007 
-250.55161911444225 
-250.55161999265712 
-250.55162024002243 
-250.55162228773594 
-250.5516228198267 
-250.55162759156804 
-250.5516288988825 
-250.55164068740868 
-250.55164448163032 
-250.5516794220148 
-250.55169447117976 
-250.55187281784484 
-250.55200567480213 
-250.55318283078216 
-250.5535997527847 
-250.55486570647614 
-250.55520990352633 
-250.5561309848564 
-250.556397781078 
-250.55705635345774 
-250.5572647001599 
-250.55773640510446 
-250.55790150351763 
-250.55824020463842 
-250.55837282636716 
-250.5586162288959 
-250.55872363327637 
-250.55889861263904 
-250.55898605998414 
-250.55911214286024 
-250.5591835583069 
-250.55927484504588 
-250.5593332619998 
-250.5593998607074 
-250.55944767740112 
-250.55949677477088 
-250.55953589404618 
-250.55957256477535 
-250.55960447977114 
-250.55963228750153 
-250.55965814611758 
-250.55967957236993 
-250.55970023890094 
-250.5597169815507 
-250.5597330569697 
-250.5597461896558 
-250.5597581973479 
-250.55976843788446 
-250.55977692038184 
-250.55978467281062 
-250.55979019807089 
-250.55979570124754 
-250.55979892515163 
-250.55980244505278 
-250.5598040801509 
-250.55980604964213 
-250.55980674970846 
-250.55980769620413 
-250.559807938622 
-250.55980836224413 
-250.5598083624589 
-250.55980836246724 
-250.55980836241665 
-250.55980836246712 
-250.55980836241798 
-250.55980836242054 
-250.5598083624288 
-250.55980836244686 
-250.5598083624736 
-250.55980836273514 
-250.55980836336798 
-250.55980836780265 
-250.5598083736177 
-250.5598084095796 
-250.55980843994527 
-250.55980860912572 
-250.55980872034803 
-250.55980928253572 
-250.55980961008365 
-250.55981109459495 
-250.55981193421167 
-250.55981530075164 
-250.55981872164585 
-250.55982298789877 
-250.5598302864882 
-250.55983777590632 
-250.55985203678642 
-250.55986517551213 
-250.55989146447646 
-250.55991468226352 
-250.55996125993892 
-250.5600021362532 
-250.56008133695485 
-250.5601513809844 
-250.56027764192407 
-250.56038860843753 
-250.56056841642865 
-250.56072142865935 
-250.56094177544944 
-250.56112190767843 
-250.56135859946897 
-250.56155170659233 
-250.56176436621993 
-250.56195466457478 
-250.56214843583314 
-250.5623354464781 
-250.5625199720075 
-250.56268940542165 
-250.56287371269514 
-250.56302044098624 
-250.56320660557867 
-250.5633625209368 
-250.5635321235393 
-250.56359321401305 
-250.56366983439227 
-250.56370732992497 
-250.563730340567 
-250.56374857416122 
-250.5637567764662 
-250.56376254748207 
-250.56376422395405 
-250.5637650904953 
-250.56376511287846 
-250.5637651578866 
-250.56376578509762 
-250.56376688269935 
-250.5637688733155 
-250.56377172962624 
-250.56377566403063 
-250.56377976752592 
-250.56378421640022 
-250.56379081913673 
-250.56379572804585 
-250.5638032943944 
-250.56380816870927 
-250.56381536414506 
-250.56381900922204 
-250.56382786681507 
-250.56383272951774 
-250.56384100004863 
-250.56384802145064 
-250.56387238308386 
-250.56389541533935 
-250.56391524232222 
-250.56397525720774 
-251.0044110135126 
-251.27053851433016 
-251.4017275712148 
-251.46955213801718 
-251.51076317704178 
-251.5374259633366 
-251.55000954812857 
-251.55924867215532 
-251.56674603020275 
-251.57242112073607 
-251.57704392157115 
-251.58062879711406 
-251.58355928094488 
-251.5858821498866 
-251.58779083130844 
-251.58933247839926 
-251.5906066426231 
-251.59165174310948 
-251.59252044923912 
-251.59324179105388 
-251.59384454946564 
-251.5943499784508 
-251.59477436794583 
-251.59513306005925 
-251.5954356306233 
-251.59569307925582 
-251.5959112497375 
-251.59609799704396 
-251.59625702833893 
-251.59639394215918 
-251.59651116371123 
-251.5966126082551 
-251.59670060884014 
-251.5967740745551 
-251.59683757850382 
-251.59689239909886 
-251.59693978569055 
-251.59698068903862 
-251.59701607464532 
-251.59704660026193 
-251.59707304652864 
-251.59709599479004 
-251.59711578487827 
-251.59713285567727 
-251.59714773537277 
-251.59716052816975 
-251.5971717038621 
-251.59718134019158 
-251.59718976731614 
-251.5971970410619 
-251.59720342421508 
-251.59720893442352 
-251.59721377154708 
-251.59721796453726 
-251.5972216429547 
-251.59722484165096 
-251.59722766010344 
-251.59723012113665 
-251.5972322885525 
-251.59723419183308 
-251.59723586912648 
-251.59723735150038 
-251.59723865593645 
-251.5972398207252 
-251.5972407489222 
-251.59724167591236 
-251.59724241347482 
-251.59724310605057 
-251.5972436940539 
-251.59724425128562 
-251.5972447233785 
-251.5972451748111 
-251.5972455571213 
-251.59724592611036 
-251.59724623867834 
-251.59724654339806 
-251.59724680165925 
-251.59724705666216 
-251.59724727222044 
-251.5972474870075 
-251.5972476689285 
-251.59724785235306 
-251.59724800753645 
-251.59724816582167 
-251.59724829882026 
-251.59724843572232 
-251.59724853021842 
-251.59724862715476 
-251.5972487092391 
-251.5972487936292 
-251.5972488643895 
-251.5972489376978 
-251.59724899927505 
-251.59724906263955 
-251.59724911544976 
-251.59724916969742 
-251.59724921441813 
-251.59724926016688 
-251.59724929734432 
-251.5972493350799 
-251.5972493651869 
-251.59724939532782 
-251.5972494188161 
-251.5972494417514 
-251.5972494590656 
-251.59724947514334 
-251.59724948668207 
-251.5972494956681 
-251.5972495014342 
-251.59724950288583 
-251.5972495031343 
-251.59724950315214 
-251.59724950315095 
-251.5972495030985 
-251.59724950315083 
-251.5972495031051 
-251.59724950310917 
-251.5972495031082 
-251.59724950310778 
-251.59724950310712 
-251.597249503107 
-251.597249503107 
-251.59724950310715 
-251.59724950310715 
-251.59724950310732 
-251.59724950310743 
-251.5972495031077 
-251.5972495031077 
-251.5972495031078 
-251.59724950310795 
-251.5972495031087 
-251.59724950310866 
-251.59724950310974 
-251.5972495031102 
-251.5972495031113 
-251.597249503112 
-251.5972495031135 
-251.59724950311426 
-251.59724950311585 
-251.59724950311667 
-251.59724950311886 
-251.59724950311994 
-251.59724950312463 
-251.59724950312741 
-251.59724950313202 
-251.59724950313478 
-251.59724950314015 
-251.59724950314282 
-251.59724950314845 
-251.5972495031515 
-251.59724950315726 
-251.5972495031602 
-251.59724950316618 
-251.59724950316937 
-251.59724950317576 
-251.59724950317917 
-251.59724950318588 
-251.59724950318935 
-251.59724950319668 
-251.59724950320023 
-251.59724950320793 
-251.59724950321177 
-251.59724950325483 
-251.59724950325952 
-251.5972495033002 
-251.5972495033392 
-251.5972495033804 
-251.5972495034198 
-251.5972495034617 
-251.5972495035018 
-251.59724950354487 
-251.59724950358603 
-251.59724950363037 
-251.59724950367257 
-251.59724950371861 
-251.59724950376284 
-251.59724950381167 
-251.59724950385873 
-251.59724950391154 
-251.59724950396225 
-251.59724950401903 
-251.59724950407409 
-251.59724950413676 
-251.59724950419638 
-251.59724950426514 
-251.5972495043307 
-251.5972495044055 
-251.5972495044772 
-251.59724950456012 
-251.59724950463794 
-251.5972495047288 
-251.59724950481444 
-251.59724950491494 
-251.59724950500885 
-251.5972495051337 
-251.5972495053102 
-251.59724950549014 
-251.59724950566576 
-251.5972495058432 
-251.5972495060146 
-251.59724950618607 
-251.59724950635078 
-251.59724950651707 
-251.5972495066777 
-251.59724950685566 
-251.59724950703423 
-251.59724950726985 
-251.59724950751894 
-251.59724950788626 
-251.59724950829434 
-251.5972495089098 
-251.5972495096288 
-251.59724951068875 
-251.59724951194528 
-251.59724951369805 
-251.59724951576936 
-251.59724951857774 
-251.59724952199335 
-251.5972495266497 
-251.5972495325589 
-251.59724954000706 
-251.59724954854573 
-251.59724955754626 
-251.59724956388754 
-251.59724956940693 
-251.59724957086866 
-251.5972495709172 
-251.59724964026162 
-251.59724985436503 
-251.59725007043357 
-251.59725026647124 
-251.59725042410213 
-251.59725049202495 
-251.59725054092667 
-251.59725058146216 
-251.59725059601925 
-251.59725060328955 
-251.59725060926638 
-251.59725061470417 
-251.59725061965463 
-251.59725062441365 
-251.5972506287784 
-251.59725063312607 
-251.5972506336343 
-251.5972506345299 
-251.5972506349336 
-251.59725063527748 
-251.59725063556226 
-251.5972506357063 
-251.59725063582286 
-251.5972506359313 
-251.59725063602184 
-251.59725063610716 
-251.59725063618004 
-251.59725063624842 
-251.5972506363007 
-251.5972506363488 
-251.5972506363961 
-251.59725063643975 
-251.59725063648074 
-251.59725063653377 
-251.5972506365738 
-251.5972506366242 
-251.59725063666164 
-251.59725063670584 
-251.59725063674082 
-251.59725063677953 
-251.59725063681077 
-251.59725063684357 
-251.59725063687063 
-251.5972506368984 
-251.59725063692048 
-251.59725063692696 
-251.5972506369288 
-251.59725063693224 
-251.59725063693193 
-251.5972506369394 
-251.59725063694356 
-251.5972506369455 
-251.59725063694557 
-251.5972506369447 
-251.59725063694506 
-251.59725063694447 
-251.59725063694333 
-251.5972506369418 
-251.59725063693983 
-251.59725063693713 
-251.5972506369344 
-251.5972506369314 
-251.59725063692855 
-251.5972506369254 
-251.5972506369219 
-251.59725063691815 
-251.5972506369145 
-251.59725063691076 
-251.5972506369077 
-251.59725063690414 
-251.5972506368998 
-251.59725063689552 
-251.59725063689092 
-251.59725063689385 
-251.59725063689376 
-251.59725063689606 
-251.59725063689518 
-251.59725063689157 
-251.5972506368849 
-251.59725063687864 
-251.5972506368693 
-251.59725063689922 
-251.59725063684698 
-251.59725063689922 
-251.59725063685335 
-251.5972506368572 
-251.59725063685642 
-251.59725063685624 
-251.59725063685593 
-251.59725063685613 
-251.59725063685602 
-251.5972506368562 
-251.5972506368563 
-251.5972506368562 
-251.59725063685613 
-251.59725063685622 
-251.59725063685607 
-251.59725063685605 
-251.59725063685616 
-251.59725063685622 
-251.59725063685607 
-251.59725063685624 
-251.59725063685636 
-251.5972506368565 
-251.5972506368568 
-251.59725063685676 
-251.5972506368568 
-251.5972506368568 
-251.5972506368568 
-251.5972506368568 
-251.5972506368568 
-251.59725063685684 
-251.5972506368569 
-251.5972506368572 
-251.59725063685732 
-251.59725063685738 
-251.59725063685755 
-251.59725063685747 
-251.59725063685752 
-251.5972506368576 
-251.59725063685764 
-251.59725063685758 
-251.59725063685755 
-251.59725063685778 
-251.59725063685806 
-251.59725063685798 
-251.597250636858 
-251.59725063685784 
-251.59725063685806 
-251.59725063685835 
-251.59725063685866 
-251.5972506368589 
-251.59725063685903 
-251.59725063685923 
-251.59725063685934 
-251.5972506368596 
-251.5972506368594 
-251.59725063685948 
-251.59725063685954 
-251.59725063685963 
-251.5972506368597 
-251.59725063685966 
-251.59725063685988 
-251.59725063685994 
-251.59725063686 
-251.59725063686 
-251.59725063686005 
-251.59725063686005 
-251.5972506368603 
-251.59725063686062 
-251.5972506368616 
-251.5972506368626 
-251.59725063686363 
-251.59725063686489 
-251.59725063686625 
-251.5972506368674 
-251.5972506368691 
-251.59725063687083 
-251.59725063687364 
-251.59725063687614 
-251.59725063687972 
-251.59725063688128 
-251.59725063688288 
-251.59725063688458 
-251.59725063688634 
-251.59725063688774 
-251.5972506368879 
-251.59725063688822 
-251.59725063688842 
-251.59725063688845 
-251.5972506368887 
-251.59725063688893 
-251.59725063688944 
-251.5972506368896 
-251.59725063689 
-251.59725063689004 
-251.5972506368903 
-251.5972506368903 
-251.59725063689046 
-251.5972506368903 
-251.59725063689035 
-251.59725063689064 
-251.59725063689046 
-251.59725063689064 
-251.5972506368907 
-251.5972506368909 
-251.5972506368911 
-251.5972506368911 
-251.5972506368912 
-251.5972506368912 
-251.5972506368912 
-251.5972506368911 
-251.59725063689086 
-251.59725063689086 
-251.59725063689106 
-251.5972506368908 
-251.59725063689106 
-251.59725063689126 
-251.5972506368914 
-251.59725063689143 
-251.59725063689154 
-251.59725063689197 
-251.5972506368923 
-251.59725063689268 
-251.5972506368927 
-251.59725063689297 
-251.59725063689294 
-251.59725063689316 
-251.5972506368933 
-251.59725063689336 
-251.5972506368936 
-251.59725063689356 
-251.59725063689405 
-251.59725063689396 
-251.59725063689402 
-251.59725063689416 
-251.59725063689433 
-251.59725063689456 
-251.59725063689493 
-251.59725063689518 
-251.5972506368953 
-251.59725063689547 
-251.59725063689572 
-251.5972506368958 
-251.59725063689592 
-251.59725063689615 
-251.59725063689638 
-251.59725063689666 
-251.59725063689666 
-251.5972506368965 
-251.59725063689655 
-251.59725063689643 
-251.59725063689655 
-251.59725063689677 
-251.59725063689663 
-251.59725063689643 
-251.59725063689623 
-251.5972506368962 
-251.59725063689612 
-251.59725063689623 
-251.59725063689635 
-251.5972506368961 
-251.59725063689632 
-251.59725063689643 
-251.59725063689604 
-251.5972506368962 
-251.59725063689606 
-251.59725063689595 
-251.5972506368961 
-251.59725063689612 
-251.59725063689604 
-251.59725063689604 
-251.5972506368958 
-251.59725063689598 
-251.5972506368961 
-251.59725063689598 
-251.59725063689586 
-251.59725063689586 
-251.59725063689584 
-251.5972506368957 
-251.59725063689544 
-251.5972506368958 
-251.59725063689572 
-251.59725063689564 
-251.5972506368959 
-251.59725063689615 
-251.59725063689595 
-251.59725063689612 
-251.59725063689604 
-251.59725063689626 
-251.59725063689598 
-251.59725063689572 
-251.5972506368957 
-251.59725063689632 
-251.59725063689643 
-251.5972506368974 
-251.59725063689314 
-251.5972506369388 
-251.59725063688668 
-251.5972506369389 
-251.59725063689325 
-251.59725063689754 
-251.5972506368966 
-251.59725063689643 
-251.59725063689623 
-251.59725063689623 
-251.59725063689672 
-251.59725063689694 
-251.59725063689694 
-251.597250636897 
-251.5972506368969 
-251.597250636897 
-251.5972506368969 
-251.59725063689686 
-251.5972506368972 
-251.59725063689706 
-251.59725063689697 
-251.59725063689677 
-251.59725063689692 
-251.59725063689683 
-251.59725063689666 
-251.59725063689652 
-251.5972506368966 
-251.59725063689626 
-251.5972506368964 
-251.5972506368966 
-251.59725063689666 
-251.59725063689694 
-251.59725063689677 
-251.59725063689703 
-251.59725063689726 
-251.59725063689717 
-251.59725063689717 
-251.59725063689737 
-251.59725063689746 
-251.5972506368973 
-251.59725063689746 
-251.59725063689754 
-251.5972506368975 
-251.59725063689746 
-251.59725063689743 
-251.59725063689754 
-251.59725063689746 
-251.59725063689743 
-251.59725063689726 
-251.59725063689723 
-251.59725063689748 
-251.5972506368973 
-251.59725063689746 
-251.59725063689737 
-251.59725063689714 
-251.59725063689706 
-251.5972506368969 
-251.59725063689683 
-251.5972506368968 
-251.59725063689652 
-251.59725063689643 
-251.5972506368962 
-251.59725063689612 
-251.59725063689584 
-251.59725063689586 
-251.59725063689575 
-251.59725063689586 
-251.59725063689564 
-251.59725063689572 
-251.59725063689552 
-251.5972506368954 
-251.59725063689524 
-251.59725063689538 
-251.5972506368953 
-251.59725063689547 
-251.59725063689547 
-251.59725063689518 
-251.59725063689524 
-251.59725063689496 
-251.5972506368948 
-251.59725063689461 
-251.59725063689493 
-251.59725063689484 
-251.59725063689493 
-251.59725063689493 
-251.59725063689498 
-251.59725063689504 
-251.59725063689487 
-251.59725063689487 
-251.59725063689507 
-251.5972506368951 
-251.59725063689496 
-251.59725063689504 
-251.5972506368949 
-251.59725063689476 
-251.5972506368945 
-251.5972506368945 
-251.59725063689464 
-251.5972506368945 
-251.59725063689456 
-251.5972506368948 
-251.59725063689433 
-251.59725063689422 
-251.5972506368942 
-251.59725063689433 
-251.5972506368943 
-251.5972506368944 
-251.59725063689433 
-251.59725063689433 
-251.59725063689444 
-251.59725063689433 
-251.59725063689447 
-251.59725063689422 
-251.59725063689405 
-251.59725063689189 
-251.5972506368916 
-251.5972506368918 
-251.59725063689189 
-251.59725063689012 
-251.5972506368903 
-251.5972506368903 
-251.5972506368901 
-251.59725063689007 
-251.59725063688995 
-251.59725063688992 
-251.59725063688984 
-251.59725063688978 
-251.59725063688984 
-251.59725063689007 
-251.59725063689007 
-251.5972506368902 
-251.59725063689032 
-251.59725063689035 
-251.59725063689038 
-251.5972506368906 
-251.59725063689038 
-251.59725063689052 
-251.59725063689058 
-251.5972506368903 
-251.59725063689012 
-251.5972506368904 
-251.59725063689018 
-251.5972506368902 
-251.59725063689007 
-251.59725063689 
-251.59725063688973 
-251.59725063688967 
-251.59725063688956 
-251.59725063688927 
-251.59725063688927 
-251.59725063688933 
-251.5972506368893 
-251.5972506368892 
-251.59725063688933 
-251.59725063688927 
-251.59725063688924 
-251.5972506368893 
-251.59725063688904 
-251.5972506368887 
-251.59725063688867 
-251.59725063688865 
-251.59725063688856 
-251.59725063688876 
-251.59725063688845 
-251.59725063688853 
-251.5972506368882 
-251.59725063688822 
-251.59725063688813 
-251.5972506368881 
-251.59725063688813 
-251.5972506368882 
-251.59725063688808 
-251.59725063688794 
-251.5972506368879 
-251.59725063688802 
-251.59725063688802 
-251.59725063688794 
-251.59725063688774 
-251.5972506368874 
-251.59725063688714 
-251.59725063688688 
-251.5972506368871 
-251.59725063688717 
-251.597250636887 
-251.5972506368871 
-251.5972506368871 
-251.597250636887 
-251.5972506368868 
-251.59725063688686 
-251.59725063688705 
-251.59725063688703 
-251.59725063688686 
-251.59725063688688 
-251.59725063688754 
-251.59725063688785 
-251.59725063688887 
-251.59725063688498 
-251.59725063693094 
-251.59725063687867 
-251.5972506369309 
-251.59725063688512 
-251.59725063688907 
-251.59725063688788 
-251.5972506368875 
-251.59725063688688 
-251.5972506368867 
-251.59725063688683 
-251.5972506368868 
-251.5972506368866 
-251.59725063688663 
-251.5972506368866 
-251.59725063688666 
-251.59725063688674 
-251.59725063688666 
-251.5972506368867 
-251.5972506368867 
-251.59725063688646 
-251.59725063688663 
-251.5972506368866 
-251.5972506368868 
-251.5972506368868 
-251.59725063688683 
-251.59725063688674 
-251.5972506368867 
-251.5972506368867 
-251.59725063688683 
-251.597250636887 
-251.59725063688688 
-251.59725063688725 
-251.5972506368871 
-251.59725063688722 
-251.59725063688708 
-251.59725063688717 
-251.59725063688728 
-251.59725063688768 
-251.59725063688745 
-251.59725063688757 
-251.59725063688762 
-251.5972506368877 
-251.59725063688796 
-251.59725063688813 
-251.59725063688816 
-251.59725063684732 
-251.59725063684732 
-251.5972506368472 
-251.5972506368472 
-251.59725063684724 
-251.59725063684718 
-251.597250636847 
-251.59725063684726 
-251.5972506368473 
-251.59725063684732 
-251.59725063684743 
-251.59725063684752 
-251.59725063684778 
-251.5972506368478 
-251.5972506368479 
-251.59725063684792 
-251.59725063684795 
-251.59725063684803 
-251.5972506368479 
-251.59725063684803 
-251.59725063684817 
-251.597250636848 
-251.59725063684786 
-251.59725063684795 
-251.59725063684775 
-251.59725063684778 
-251.59725063684778 
-251.5972506368475 
-251.59725063684746 
-251.59725063684755 
-251.59725063684752 
-251.5972506368475 
-251.5972506368476 
-251.59725063684752 
-251.59725063684766 
-251.59725063684792 
-251.59725063684783 
-251.59725063684945 
-251.59725063684942 
-251.59725063684925 
-251.59725063684948 
-251.59725063685156 
-251.5972506368517 
-251.5972506368521 
-251.59725063685212 
-251.59725063685232 
-251.5972506368522 
-251.5972506368522 
-251.59725063685218 
-251.59725063685235 
-251.59725063685232 
-251.59725063685218 
-251.5972506368523 
-251.5972506368523 
-251.59725063685232 
-251.59725063685238 
-251.59725063685224 
-251.5972506368522 
-251.5972506368522 
-251.5972506368523 
-251.59725063684675 
-251.59725063684687 
-251.5972506368469 
-251.59725063684684 
-251.59725063684675 
-251.59725063684675 
-251.59725063684678 
-251.5972506368468 
-251.59725063684675 
-251.59725063684687 
-251.59725063684692 
-251.5972506368468 
-251.59725063684658 
-251.59725063684658 
-251.59725063684638 
-251.59725063684647 
-251.5972506368465 
-251.59725063684672 
-251.5972506368429 
-251.59725063684317 
-251.59725063684337 
-251.59725063684323 
-251.59725063684317 
-251.59725063684306 
-251.59725063684303 
-251.59725063684323 
-251.59725063684309 
-251.59725063684283 
-251.59725063684314 
-251.59725063684306 
-251.59725063684317 
-251.597250636843 
-251.59725063684309 
-251.59725063684292 
-251.59725063684323 
-251.59725063684328 
-251.5972506368434 
-251.5972506368434 
-251.5972506368434 
-251.59725063684354 
-251.5972506368436 
-251.59725063684377 
-251.59725063684368 
-251.59725063684357 
-251.5972506368435 
-251.5972506368435 
-251.59725063684348 
-251.5972506368437 
-251.5972506368438 
-251.59725063684408 
-251.59725063684402 
-251.59725063684402 
-251.5972506368442 
-251.59725063684402 
-251.59725063684397 
-251.597250636844 
-251.59725063684394 
-251.59725063684388 
-251.59725063684388 
-251.59725063684377 
-251.5972506368438 
-251.5972506368437 
-251.59725063684328 
-251.59725063684334 
-251.59725063684317 
-251.59725063684309 
-251.597250636843 
-251.59725063684283 
-251.5972506368431 
-251.59725063684314 
-251.5972506368432 
-251.59725063684334 
-251.59725063684365 
-251.59725063684348 
-251.59725063684388 
-251.59725063684402 
-251.59725063684428 
-251.59725063684402 
-251.59725063684397 
-251.59725063684436 
-251.59725063684417 
-251.5972506368443 
-251.59725063684414 
-251.59725063684417 
-251.59725063684397 
-251.59725063684368 
-251.59725063684382 
-251.59725063684397 
-251.59725063684436 
-251.5972506368453 
-251.59725063684115 
-251.59725063688683 
-251.59725063683453 
-251.59725063688683 
-251.59725063684118 
-251.5972506368454 
-251.59725063684442 
-251.5972506368443 
-251.59725063684388 
-251.5972506368441 
-251.59725063684414 
-251.59725063684422 
-251.59725063684425 
-251.5972506368443 
-251.5972506368443 
-251.59725063684417 
-251.5972506368439 
-251.59725063684408 
-251.59725063684408 
-251.5972506368439 
-251.5972506368439 
-251.59725063684402 
-251.597250636844 
-251.59725063684385 
-251.59725063684402 
-251.59725063684417 
-251.59725063684397 
-251.59725063684397 
-251.59725063684385 
-251.59725063684374 
-251.59725063684394 
-251.59725063684388 
-251.59725063684385 
-251.59725063684414 
-251.59725063684397 
-251.5972506368438 
-251.59725063684382 
-251.59725063684363 
-251.59725063684368 
-251.59725063684402 
-251.59725063684402 
-251.59725063684388 
-251.5972506368438 
-251.59725063684377 
-251.59725063684374 
-251.5972506368437 
-251.59725063684394 
-251.59725063684363 
-251.59725063684357 
-251.59725063684363 
-251.59725063684357 
-251.5972506368438 
-251.59725063684365 
-251.59725063684374 
-251.59725063684385 
-251.59725063684382 
-251.5972506368436 
-251.59725063684357 
-251.5972506368434 
-251.59725063684343 
-251.5972506368434 
-251.5972506368432 
-251.59725063684323 
-251.5972506368435 
-251.5972506368437 
-251.59725063684363 
-251.59725063684368 
-251.5972506368438 
-251.5972506368438 
-251.59725063684368 
-251.59725063684363 
-251.5972506368438 
-251.59725063684374 
-251.59725063684363 
-251.5972506368434 
-251.5972506368431 
-251.59725063684306 
-251.59725063684687 
-251.59725063684687 
-251.59725063684698 
-251.59725063684684 
-251.5972506368468 
-251.59725063684678 
-251.5972506368468 
-251.59725063684687 
-251.59725063684687 
-251.5972506368471 
-251.5972506368471 
-251.59725063684684 
-251.59725063684658 
-251.59725063684678 
-251.59725063684675 
-251.59725063684692 
-251.59725063684678 
-251.5972506368467 
-251.59725063685244 
-251.59725063685238 
-251.59725063685227 
-251.5972506368522 
-251.59725063685235 
-251.5972506368522 
-251.59725063685218 
-251.59725063685246 
-251.59725063685238 
-251.5972506368525 
-251.59725063685227 
-251.5972506368521 
-251.59725063685195 
-251.59725063685184 
-251.59725063685184 
-251.59725063685153 
-251.59725063685147 
-251.59725063685158 
-251.59725063685167 
-251.5972506368518 
-251.5972506368517 
-251.5972506368518 
-251.59725063685198 
-251.5972506368518 
-251.5972506368519 
-251.59725063685167 
-251.5972506368518 
-251.5972506368519 
-251.59725063685158 
-251.59725063685158 
-251.59725063685147 
-251.59725063685147 
-251.5972506368511 
-251.59725063685113 
-251.597250636851 
-251.59725063685082 
-251.59725063685084 
-251.5972506368508 
-251.59725063685104 
-251.597250636851 
-251.59725063685113 
-251.59725063685093 
-251.59725063685084 
-251.5972506368511 
-251.59725063685102 
-251.59725063685107 
-251.59725063685102 
-251.59725063685082 
-251.5972506368507 
-251.5972506368507 
-251.59725063685048 
-251.59725063685065 
-251.59725063685065 
-251.59725063685056 
-251.59725063685084 
-251.59725063685067 
-251.5972506368508 
-251.59725063685093 
-251.59725063685082 
-251.5972506368509 
-251.59725063689157 
-251.5972506368915 
-251.59725063689154 
-251.5972506368912 
-251.59725063689132 
-251.59725063689115 
-251.59725063689123 
-251.5972506368914 
-251.59725063689163 
-251.59725063689166 
-251.59725063689143 
-251.59725063689172 
-251.59725063689183 
-251.59725063689189 
-251.59725063689172 
-251.59725063689174 
-251.59725063689143 
-251.5972506368914 
-251.5972506368914 
-251.59725063689123 
-251.59725063689132 
-251.59725063689135 
-251.5972506368913 
-251.59725063689115 
-251.59725063689132 
-251.59725063689132 
-251.5972506368913 
-251.59725063689126 
-251.59725063689092 
-251.59725063689098 
-251.59725063689086 
-251.59725063689095 
-251.59725063689103 
-251.59725063689103 
-251.59725063689115 
-251.59725063689115 
-251.597250636891 
-251.59725063689092 
-251.5972506368915 
-251.59725063689174 
-251.5972506368931 
-251.59725063688896 
-251.59725063693463 
-251.59725063688228 
-251.59725063693458 
-251.597250636889 
-251.59725063689302 
-251.59725063689226 
-251.59725063689203 
-251.59725063689143 
-251.59725063689143 
-251.59725063689152 
-251.5972506368917 
-251.59725063689166 
-251.59725063689154 
-251.59725063689172 
-251.59725063689157 
-251.59725063689183 
-251.59725063689174 
-251.59725063689214 
-251.5972506368923 
-251.5972506368924 
-251.59725063689234 
-251.59725063689234 
-251.59725063689243 
-251.59725063689248 
-251.59725063689257 
-251.5972506368925 
-251.59725063689277 
-251.59725063689277 
-251.59725063689288 
-251.59725063689302 
-251.59725063689294 
-251.59725063689302 
-251.59725063689294 
-251.5972506368927 
-251.5972506368926 
-251.59725063689277 
-251.59725063689265 
-251.59725063689254 
-251.59725063689243 
-251.59725063689248 
-251.59725063689257 
-251.5972506368924 
-251.5972506368925 
-251.59725063689245 
-251.59725063689248 
-251.5972506368927 
-251.59725063689262 
-251.5972506368928 
-251.59725063689265 
-251.5972506368927 
-251.59725063689268 
-251.59725063689277 
-251.5972506368928 
-251.59725063689268 
-251.5972506368926 
-251.59725063689274 
-251.59725063689262 
-251.59725063689285 
-251.5972506368929 
-251.59725063689285 
-251.59725063689274 
-251.59725063689277 
-251.59725063689262 
-251.59725063689268 
-251.5972506368928 
-251.59725063689268 
-251.59725063689262 
-251.59725063689248 
-251.59725063689254 
-251.59725063689248 
-251.59725063689268 
-251.59725063689274 
-251.59725063689285 
-251.59725063689314 
-251.59725063689322 
-251.5972506368933 
-251.59725063689365 
-251.59725063689365 
-251.59725063689353 
-251.59725063689342 
-251.59725063689356 
-251.59725063689342 
-251.59725063689356 
-251.59725063689356 
-251.5972506368935 
-251.59725063689353 
-251.59725063689348 
-251.5972506368934 
-251.5972506368932 
-251.5972506368932 
-251.59725063689336 
-251.5972506368936 
-251.59725063689342 
-251.59725063689348 
-251.5972506368937 
-251.5972506368939 
-251.59725063689388 
-251.59725063689393 
-251.5972506368937 
-251.5972506368938 
-251.59725063689353 
-251.59725063689365 
-251.59725063689376 
-251.59725063689382 
-251.597250636894 
-251.597250636894 
-251.59725063689402 
-251.59725063689393 
-251.59725063689382 
-251.59725063689402 
-251.597250636894 
-251.597250636894 
-251.59725063689405 
-251.59725063689405 
-251.59725063689405 
-251.5972506368942 
-251.59725063689396 
-251.59725063689393 
-251.597250636894 
-251.59725063689407 
-251.59725063689442 
-251.5972506368944 
-251.59725063689442 
-251.59725063689436 
-251.59725063689436 
-251.59725063689461 
-251.59725063689493 
-251.59725063689504 
-251.59725063689515 
-251.59725063689461 
-251.59725063689478 
-251.59725063689484 
-251.59725063689493 
-251.59725063689456 
-251.59725063689464 
-251.5972506368948 
-251.59725063689461 
-251.59725063689447 
-251.59725063689442 
-251.59725063689453 
-251.59725063689442 
-251.59725063689433 
-251.5972506368945 
-251.5972506368945 
-251.59725063689444 
-251.59725063689427 
-251.59725063689407 
-251.597250636894 
-251.59725063689422 
-251.5972506368941 
-251.5972506368943 
-251.59725063689424 
-251.59725063689407 
-251.59725063689422 
-251.5972506368941 
-251.59725063689422 
-251.59725063689413 
-251.59725063689405 
-251.59725063689416 
-251.59725063689416 
-251.59725063689427 
-251.59725063689388 
-251.59725063689385 
-251.59725063689405 
-251.5972506368943 
-251.59725063689444 
-251.5972506368943 
-251.59725063689422 
-251.59725063689427 
-251.5972506368944 
-251.59725063689416 
-251.59725063689427 
-251.59725063689427 
-251.59725063689436 
-251.59725063689433 
-251.59725063689444 
-251.59725063689424 
-251.59725063689427 
-251.59725063689427 
-251.5972506368943 
-251.59725063689416 
-251.59725063689413 
-251.59725063689405 
-251.59725063689382 
-251.59725063689407 
-251.59725063689385 
-251.59725063689388 
-251.5972506368939 
-251.597250636894 
-251.59725063689396 
-251.59725063689353 
-251.59725063689336 
-251.5972506368937 
-251.59725063689376 
-251.59725063689473 
-251.59725063689055 
-251.5972506369362 
-251.597250636884 
-251.5972506369365 
-251.59725063689075 
-251.59725063689467 
-251.59725063689385 
-251.59725063689376 
-251.5972506368932 
-251.59725063689314 
-251.59725063689345 
-251.59725063689356 
-251.59725063689334 
-251.59725063689342 
-251.59725063689336 
-251.59725063689353 
-251.59725063689342 
-251.59725063689328 
-251.5972506368933 
-251.5972506368937 
-251.59725063689382 
-251.59725063689362 
-251.5972506368936 
-251.59725063689362 
-251.59725063689376 
-251.5972506368937 
-251.59725063689342 
-251.5972506368932 
-251.5972506368934 
-251.59725063689314 
-251.5972506368933 
-251.5972506368933 
-251.59725063689336 
-251.59725063689314 
-251.597250636893 
-251.59725063689297 
-251.5972506368929 
-251.5972506368928 
-251.59725063689285 
-251.59725063689285 
-251.5972506368926 
-251.59725063689265 
-251.5972506368929 
-251.59725063689288 
-251.59725063689305 
-251.59725063689308 
-251.59725063689302 
-251.59725063689277 
-251.59725063689297 
-251.59725063689262 
-251.59725063689262 
-251.5972506368928 
-251.5972506368926 
-251.59725063689257 
-251.5972506368926 
-251.59725063689265 
-251.59725063689274 
-251.59725063689277 
-251.5972506368926 
-251.59725063689274 
-251.59725063689305 
-251.59725063689262 
-251.59725063689274 
-251.59725063689274 
-251.59725063689257 
-251.5972506368923 
-251.59725063689208 
-251.59725063689228 
-251.59725063689245 
-251.59725063689248 
-251.59725063689243 
-251.59725063689265 
-251.59725063689262 
-251.59725063689285 
-251.59725063689257 
-251.59725063689265 
-251.59725063689254 
-251.59725063689257 
-251.59725063689282 
-251.59725063689305 
-251.59725063689322 
-251.59725063689285 
-251.59725063689257 
-251.59725063689274 
-251.59725063689274 
-251.59725063689297 
-251.59725063689274 
-251.59725063689285 
-251.59725063689288 
-251.5972506368928 
-251.59725063689285 
-251.59725063689262 
-251.59725063689245 
-251.59725063689254 
-251.59725063689262 
-251.59725063689245 
-251.59725063689248 
-251.59725063689262 
-251.59725063689257 
-251.59725063689274 
-251.59725063689257 
-251.5972506368924 
-251.59725063689228 
-251.59725063689237 
-251.59725063689217 
-251.5972506368922 
-251.597250636892 
-251.597250636892 
-251.59725063689214 
-251.59725063689208 
-251.59725063689197 
-251.597250636892 
-251.5972506368919 
-251.59725063689154 
-251.5972506368914 
-251.5972506368914 
-251.59725063689152 
-251.5972506368913 
-251.59725063689103 
-251.59725063689086 
-251.59725063689086 
-251.59725063689103 
-251.59725063689112 
-251.59725063689098 
-251.5972506368911 
-251.5972506368912 
-251.59725063689118 
-251.5972506368912 
-251.5972506368911 
-251.59725063689115 
-251.597250636891 
-251.59725063689118 
-251.59725063689103 
-251.59725063689098 
-251.59725063689086 
-251.59725063689086 
-251.59725063689106 
-251.5972506368909 
-251.59725063689086 
-251.5972506368908 
-251.59725063689066 
-251.597250636891 
-251.5972506368908 
-251.59725063689075 
-251.59725063689066 
-251.59725063689075 
-251.59725063689075 
-251.5972506368907 
-251.59725063689075 
-251.5972506368907 
-251.59725063689058 
-251.59725063689064 
-251.59725063689035 
-251.59725063689032 
-251.5972506368904 
-251.59725063689024 
-251.5972506368903 
-251.59725063689024 
-251.59725063689027 
-251.59725063689052 
-251.5972506368905 
-251.59725063689035 
-251.5972506368903 
-251.59725063689027 
-251.5972506368902 
-251.59725063689027 
-251.5972506368902 
-251.59725063689024 
-251.5972506368904 
-251.59725063689027 
-251.59725063689007 
-251.5972506368899 
-251.59725063688984 
-251.59725063688956 
-251.5972506368896 
-251.59725063688967 
-251.59725063688947 
-251.59725063688933 
-251.5972506368896 
-251.59725063688958 
-251.5972506368887 
-251.59725063688867 
-251.59725063688862 
-251.59725063688805 
-251.59725063688796 
-251.59725063688788 
-251.59725063688808 
-251.59725063688794 
-251.59725063688802 
-251.59725063688802 
-251.59725063688808 
-251.5972506368879 
-251.59725063688816 
-251.5972506368887 
-251.5972506368889 
-251.5972506368897 
-251.59725063688546 
-251.59725063693108 
-251.5972506368789 
-251.59725063693114 
-251.59725063688543 
-251.59725063688956 
-251.59725063688867 
-251.5972506368883 
-251.59725063688765 
-251.59725063688722 
-251.59725063688722 
-251.59725063688705 
-251.59725063688725 
-251.59725063688728 
-251.5972506368873 
-251.5972506368871 
-251.59725063688745 
-251.59725063688734 
-251.5972506368877 
-251.59725063688785 
-251.59725063688774 
-251.59725063688842 
-251.5972506368886 
-251.5972506368881 
-251.59725063688822 
-251.59725063688845 
-251.5972506368884 
-251.5972506368881 
-251.5972506368886 
-251.5972506368886 
-251.5972506368888 
-251.59725063688907 
-251.597250636889 
-251.597250636889 
-251.59725063688913 
-251.5972506368889 
-251.59725063688887 
-251.59725063688902 
-251.59725063688916 
-251.59725063688924 
-251.5972506368892 
-251.5972506368892 
-251.59725063688907 
-251.597250636889 
-251.59725063688907 
-251.5972506368891 
-251.59725063688919 
-251.597250636889 
-251.59725063688919 
-251.59725063688933 
-251.5972506368892 
-251.59725063688936 
-251.59725063688936 
-251.59725063688933 
-251.59725063688933 
-251.59725063688916 
-251.5972506368893 
-251.59725063688936 
-251.59725063688938 
-251.59725063688964 
-251.5972506368895 
-251.59725063688967 
-251.59725063688987 
-251.59725063688973 
-251.59725063689007 
-251.59725063688973 
-251.59725063688984 
-251.59725063689 
-251.59725063688995 
-251.59725063689018 
-251.59725063689 
-251.59725063689018 
-251.59725063689024 
-251.5972506368904 
-251.59725063689035 
-251.59725063689035 
-251.59725063689024 
-251.59725063689 
-251.59725063689015 
-251.59725063688825 
-251.5972506368882 
-251.5972506368882 
-251.59725063688825 
-251.59725063688848 
-251.5972506368885 
-251.5972506368884 
-251.59725063688853 
-251.59725063688867 
-251.59725063688916 
-251.59725063688893 
-251.597250636889 
-251.59725063688924 
-251.5972506368892 
-251.59725063688916 
-251.59725063688919 
-251.59725063688916 
-251.59725063688913 
-251.59725063688933 
-251.5972506368891 
-251.5972506368894 
-251.5972506368896 
-251.59725063688992 
-251.59725063688975 
-251.59725063688992 
-251.5972506368896 
-251.59725063688953 
-251.5972506368899 
-251.59725063688973 
-251.59725063688984 
-251.5972506368867 
-251.59725063688703 
-251.59725063688708 
-251.59725063688714 
-251.59725063688722 
-251.59725063688705 
-251.5972506368871 
-251.59725063688703 
-251.59725063688708 
-251.5972506368873 
-251.59725063688737 
-251.59725063688757 
-251.59725063688745 
-251.5972506368872 
-251.59725063688705 
-251.59725063688688 
-251.59725063688708 
-251.5972506368869 
-251.59725063688717 
-251.5972506368871 
-251.59725063688728 
-251.5972506368873 
-251.59725063688722 
-251.5972506368872 
-251.59725063688666 
-251.59725063688683 
-251.59725063688697 
-251.5972506368871 
-251.59725063688717 
-251.59725063688734 
-251.59725063688717 
-251.59725063688722 
-251.59725063688714 
-251.59725063688697 
-251.59725063688725 
-251.5972506368874 
-251.59725063688748 
-251.59725063688754 
-251.59725063688768 
-251.59725063688762 
-251.5972506368879 
-251.5972506368878 
-251.5972506368879 
-251.59725063688813 
-251.59725063688813 
-251.59725063688842 
-251.59725063688842 
-251.5972506368883 
-251.59725063688825 
-251.59725063688845 
-251.5972506368881 
-251.5972506368882 
-251.59725063688848 
-251.5972506368885 
-251.59725063688845 
-251.59725063688856 
-251.59725063688862 
-251.5972506368887 
-251.59725063688887 
-251.59725063688876 
-251.59725063688893 
-251.5972506368887 
-251.5972506368886 
-251.59725063688865 
-251.59725063688884 
-251.59725063688893 
-251.5972506368892 
-251.5972506368891 
-251.59725063688904 
-251.5972506368892 
-251.5972506368893 
-251.5972506368895 
-251.59725063688947 
-251.5972506368892 
-251.59725063688933 
-251.59725063688958 
-251.59725063688958 
-251.59725063688958 
-251.5972506368897 
-251.59725063688958 
-251.59725063688973 
-251.5972506368896 
-251.5972506368894 
-251.59725063688938 
-251.59725063689007 
-251.59725063689012 
-251.59725063689123 
-251.59725063688722 
-251.5972506369329 
-251.59725063688055 
-251.59725063693259 
-251.59725063688688 
-251.59725063689086 
-251.59725063689 
-251.59725063688987 
-251.5972506368893 
-251.59725063688933 
-251.59725063688973 
-251.59725063688975 
-251.5972506368896 
-251.5972506368898 
-251.59725063688973 
-251.59725063688978 
-251.59725063688967 
-251.59725063688938 
-251.5972506368893 
-251.59725063688938 
-251.59725063688938 
-251.59725063688924 
-251.59725063688904 
-251.5972506368889 
-251.59725063688873 
-251.5972506368887 
-251.59725063688848 
-251.5972506368886 
-251.59725063688848 
-251.59725063688867 
-251.59725063688853 
-251.5972506368887 
-251.59725063688882 
-251.5972506368888 
-251.59725063688884 
-251.59725063688876 
-251.59725063688862 
-251.59725063688845 
-251.59725063688825 
-251.5972506368883 
-251.59725063688836 
-251.59725063688828 
-251.59725063688796 
-251.59725063688813 
-251.59725063688813 
-251.597250636888 
-251.59725063688788 
-251.59725063688796 
-251.59725063688785 
-251.59725063688774 
-251.59725063688774 
-251.5972506368875 
-251.59725063688745 
-251.5972506368875 
-251.59725063688737 
-251.59725063688728 
-251.59725063688717 
-251.59725063688728 
-251.59725063688697 
-251.59725063688714 
-251.5972506368874 
-251.59725063688734 
-251.59725063688734 
-251.59725063688728 
-251.59725063688728 
-251.59725063688722 
-251.5972506368873 
-251.59725063688722 
-251.59725063688742 
-251.59725063688745 
-251.59725063688768 
-251.59725063688765 
-251.59725063688754 
-251.5972506368875 
-251.5972506368875 
-251.5972506368874 
-251.5972506368874 
-251.59725063688737 
-251.59725063688694 
-251.59725063688683 
-251.5972506368868 
-251.59725063688657 
-251.59725063688654 
-251.59725063688637 
-251.59725063688632 
-251.59725063688626 
-251.5972506368864 
-251.59725063688643 
-251.59725063688646 
-251.5972506368865 
-251.59725063688654 
-251.59725063688626 
-251.5972506368895 
-251.59725063688936 
-251.59725063688904 
-251.59725063688887 
-251.59725063688882 
-251.59725063688876 
-251.5972506368886 
-251.59725063688853 
-251.59725063688848 
-251.5972506368883 
-251.59725063688802 
-251.59725063688802 
-251.59725063688794 
-251.5972506368878 
-251.59725063688782 
-251.597250636887 
-251.59725063688697 
-251.5972506368868 
-251.5972506368866 
-251.59725063688654 
-251.59725063688663 
-251.59725063688649 
-251.5972506368864 
-251.59725063688603 
-251.59725063688603 
-251.59725063688614 
-251.59725063688606 
-251.59725063688612 
-251.59725063688592 
-251.59725063688575 
-251.59725063688782 
-251.59725063688796 
-251.59725063688785 
-251.59725063688805 
-251.59725063688774 
-251.59725063688768 
-251.59725063688765 
-251.59725063688762 
-251.59725063688742 
-251.59725063688742 
-251.59725063688722 
-251.59725063688717 
-251.59725063688705 
-251.59725063688694 
-251.59725063688688 
-251.5972506368866 
-251.59725063688649 
-251.59725063688637 
-251.5972506368864 
-251.59725063688637 
-251.59725063688654 
-251.59725063688643 
-251.59725063688632 
-251.5972506368863 
-251.59725063688643 
-251.59725063688654 
-251.59725063688674 
-251.59725063688694 
-251.59725063688688 
-251.59725063688674 
-251.59725063688677 
-251.59725063688683 
-251.59725063688688 
-251.59725063688683 
-251.5972506368869 
-251.59725063688668 
-251.59725063688677 
-251.59725063688668 
-251.59725063688654 
-251.59725063688643 
-251.5972506368865 
-251.59725063688663 
-251.59725063688623 
-251.59725063688614 
-251.59725063688623 
-251.59725063688626 
-251.59725063688612 
-251.59725063688595 
-251.59725063688597 
-251.5972506368856 
-251.59725063688555 
-251.59725063688552 
-251.5972506368856 
-251.59725063688572 
-251.59725063688546 
-251.5972506368854 
-251.5972506368855 
-251.59725063688552 
-251.5972506368853 
-251.5972506368853 
-251.59725063688515 
-251.59725063688498 
-251.59725063688484 
-251.59725063688472 
-251.59725063688464 
-251.59725063688444 
-251.5972506368844 
-251.59725063688427 
-251.59725063688433 
-251.59725063688478 
-251.59725063688506 
-251.5972506368857 
-251.59725063688612 
-251.59725063688683 
-251.59725063688276 
-251.59725063692844 
-251.5972506368762 
-251.59725063692827 
-251.5972506368826 
-251.5972506368866 
-251.5972506368861 
-251.59725063688578 
-251.59725063688518 
-251.597250636885 
-251.59725063688478 
-251.59725063688478 
-251.5972506368849 
-251.59725063688492 
-251.5972506368852 
-251.59725063688538 
-251.5972506368853 
-251.59725063688532 
-251.59725063688558 
-251.5972506368857 
-251.5972506368858 
-251.59725063688614 
-251.59725063688614 
-251.59725063688614 
-251.5972506368862 
-251.59725063688649 
-251.59725063688646 
-251.59725063688637 
-251.59725063688634 
-251.59725063688632 
-251.5972506368867 
-251.5972506368868 
-251.5972506368869 
-251.59725063688697 
-251.5972506368872 
-251.59725063688722 
-251.59725063688722 
-251.59725063688745 
-251.59725063688742 
-251.59725063688717 
-251.5972506368874 
-251.59725063688762 
-251.59725063688745 
-251.59725063688742 
-251.59725063688757 
-251.5972506368875 
-251.59725063688757 
-251.59725063688748 
-251.59725063688765 
-251.59725063688757 
-251.59725063688754 
-251.59725063688754 
-251.59725063688742 
-251.59725063688722 
-251.59725063688708 
-251.5972506368871 
-251.59725063688717 
-251.59725063688705 
-251.59725063688708 
-251.59725063688703 
-251.59725063688703 
-251.59725063688694 
-251.59725063688694 
-251.5972506368871 
-251.59725063688728 
-251.59725063688717 
-251.59725063688722 
-251.59725063688734 
-251.5972506368875 
-251.59725063688762 
-251.59725063688774 
-251.5972506368878 
-251.5972506368878 
-251.5972506368879 
-251.5972506368878 
-251.5972506368879 
-251.59725063688796 
-251.59725063688805 
-251.59725063688796 
-251.59725063688796 
-251.59725063688796 
-251.59725063688813 
-251.5972506368882 
-251.59725063688796 
-251.5972506368879 
-251.59725063688805 
-251.59725063688848 
-251.5972506368886 
-251.59725063688887 
-251.59725063688887 
-251.59725063688882 
-251.597250636889 
-251.59725063688904 
-251.59725063688902 
-251.59725063688973 
-251.5972506368899 
-251.59725063689015 
-251.59725063689 
-251.59725063689018 
-251.59725063689044 
-251.59725063689064 
-251.59725063689055 
-251.59725063689058 
-251.59725063689072 
-251.59725063689092 
-251.59725063689106 
-251.59725063689103 
-251.5972506368912 
-251.59725063689126 
-251.59725063689126 
-251.59725063689154 
-251.59725063689146 
-251.59725063689126 
-251.59725063689143 
-251.59725063689143 
-251.59725063689143 
-251.5972506368914 
-251.59725063689126 
-251.59725063689135 
-251.59725063689126 
-251.59725063689143 
-251.59725063689132 
-251.59725063689126 
-251.59725063689189 
-251.5972506368919 
-251.59725063689189 
-251.59725063689174 
-251.59725063689208 
-251.5972506368917 
-251.59725063689174 
-251.59725063689183 
-251.59725063689166 
-251.59725063689174 
-251.59725063689183 
-251.59725063689174 
-251.59725063689177 
-251.59725063689197 
-251.59725063689203 
-251.5972506368921 
-251.59725063689217 
-251.59725063689228 
-251.5972506368921 
-251.59725063689194 
-251.59725063689217 
-251.5972506368921 
-251.59725063689228 
-251.59725063689217 
-251.59725063689228 
-251.5972506368924 
-251.59725063689228 
-251.59725063689245 
-251.59725063689226 
-251.5972506368925 
-251.59725063689262 
-251.59725063689257 
-251.5972506368928 
-251.59725063689282 
-251.59725063689282 
-251.59725063689262 
-251.5972506368928 
-251.59725063689268 
-251.59725063689268 
-251.59725063689285 
-251.59725063689294 
-251.59725063689302 
-251.59725063689305 
-251.59725063689316 
-251.59725063689305 
-251.59725063689316 
-251.59725063689316 
-251.59725063689322 
-251.59725063689336 
-251.59725063689336 
-251.5972506368932 
-251.59725063689334 
-251.59725063689274 
-251.59725063689297 
-251.597250636893 
-251.5972506368932 
-251.59725063689322 
-251.5972506368933 
-251.5972506368933 
-251.59725063689316 
-251.59725063689334 
-251.59725063689356 
-251.5972506368937 
-251.59725063689362 
-251.5972506368937 
-251.5972506368935 
-251.59725063689348 
-251.59725063689348 
-251.59725063689308 
-251.59725063689308 
-251.5972506368937 
-251.5972506368938 
-251.59725063689478 
-251.59725063689044 
-251.59725063693622 
-251.59725063688418 
