2 -0.99837771318714 
3 0.9981944911292964 
4 -0.9981852432286804 
5 0.9981881198799959 
6 -0.9981885533984945 
7 0.9981885077446656 
8 -0.9981884998572897 
9 0.9981885008671112 
10 -0.9981885010402911 
11 0.9981885010144057 
12 -0.9981885010112734 
13 0.9981885010123662 
14 -0.9981885010120892 
15 0.998188501012039 
16 -0.9981885010120362 
17 0.9981885010120535 
18 -0.9981885010120399 
19 0.9981885010119874 
20 -0.998188501012329 
21 0.9981885010145467 
22 -0.9981885010118664 
23 0.9981885010120033 
24 -0.998188501012063 
25 0.9981885010120118 
26 -0.9981885010121899 
27 0.9981885010112621 
28 -0.9981885009677349 
29 0.9981885010117387 
30 -0.9981885010121829 
31 0.9981885010121376 
32 -0.9981885010118119 
33 0.9981885010120032 
34 -0.9981885010120352 
35 0.9981885010120413 
36 -0.9981885010120204 
37 0.9981885010120446 
38 -0.9981885010120398 
39 0.9981885010120461 
40 -0.9981885010120399 
41 0.9981885010120073 
42 -0.9981885010120227 
43 0.9981885010120369 
44 -0.9981885010120545 
45 0.9981885010120626 
46 -0.998188501012094 
47 0.9981885010121992 
48 -0.9981885010124855 
49 0.9981885010090183 
50 -0.9981885010120188 
51 0.9981885010121034 
52 -0.9981885010120393 
53 0.998188501012037 
54 -0.9981885010120342 
55 0.998188501012048 
56 -0.9981885010120379 
57 0.998188501012039 
58 -0.998188501012037 
59 0.9981885010120388 
60 -0.9981885010120387 
61 0.998188501012039 
62 -0.9981885010120375 
63 0.9981885010120104 
64 -0.9981885010120396 
65 0.9981885010120393 
66 -0.9981885010120424 
67 0.9981885010120385 
68 -0.9981885010119637 
69 0.9981885010120427 
70 -0.9981885010120136 
71 0.9981885010125112 
72 -0.9981885010120556 
73 0.998188501012106 
74 -0.998188501011878 
75 0.9981885010122203 
76 -0.9981885010121183 
77 0.9981885010120344 
78 -0.9981885010120463 
79 0.9981885010124348 
80 -0.9981885010120249 
81 0.9981885010120273 
82 -0.998188501012055 
83 0.99818850101206 
84 -0.9981885010120719 
85 0.9981885010120379 
86 -0.9981885010120625 
87 0.998188501012259 
88 -0.99818850100951 
89 0.9981885010131399 
90 -0.998188501012034 
91 0.998188501012061 
92 -0.9981885010122896 
93 0.9981885010111269 
94 -0.9981885010002156 
95 0.9981885010117281 
96 -0.9981885010121656 
97 0.9981885010120427 
98 -0.9981885010120386 
99 0.9981885010120393 
100 -0.9981885010120408 
101 0.9981885010120367 
102 -0.9981885010120354 
103 0.9981885010120426 
104 -0.998188501012043 
105 0.998188501012033 
106 -0.998188501012013 
107 0.9981885010120879 
108 -0.9981885010115815 
109 0.9981885010145616 
110 -0.9981885010108158 
111 0.9981885010119744 
112 -0.998188501011969 
113 0.998188501011988 
114 -0.9981885010161975 
115 0.9981885010125129 
116 -0.9981885010119854 
117 0.9981885010119466 
118 -0.9981885010122165 
119 0.9981885010225107 
120 -0.9981885010118194 
121 0.9981885010119936 
122 -0.9981885010095359 
123 0.9981885010120878 
124 -0.998188501012057 
125 0.9981885010120428 
126 -0.998188501012038 
127 0.998188501011945 
128 -0.9981885010120402 
129 0.9981885010120425 
130 -0.998188501012014 
131 0.9981885010120412 
132 -0.9981885010120384 
133 0.9981885010120376 
134 -0.998188501012042 
135 0.9981885010120372 
136 -0.9981885010120388 
137 0.9981885010120384 
138 -0.9981885010120406 
139 0.9981885010120389 
140 -0.9981885010120369 
141 0.9981885010120386 
142 -0.9981885010120498 
143 0.9981885010120289 
144 -0.9981885010121583 
145 0.9981885010120476 
146 -0.9981885010120376 
147 0.9981885010120383 
148 -0.9981885010120799 
149 0.9981885010120264 
150 -0.9981885010120349 
151 0.9981885010120402 
152 -0.998188501012034 
153 0.9981885010119431 
154 -0.9981885010120103 
155 0.9981885010120297 
156 -0.9981885010120507 
157 0.9981885010120648 
158 -0.9981885010120776 
159 0.9981885010195721 
160 -0.9981885010124969 
161 0.9981885010120305 
162 -0.9981885010120413 
163 0.9981885010120384 
164 -0.9981885010120393 
165 0.9981885010120394 
166 -0.9981885010120394 
167 0.9981885010120375 
168 -0.9981885010120409 
169 0.9981885010120449 
170 -0.9981885010120447 
171 0.9981885010120367 
172 -0.9981885010120365 
173 0.9981885010120393 
174 -0.9981885010120191 
175 0.9981885010120787 
176 -0.998188501013098 
177 0.9981885010037643 
178 -0.9981885010106939 
179 0.9981885010120036 
180 -0.9981885010120473 
181 0.9981885010119896 
182 -0.9981885010120422 
183 0.9981885010120379 
184 -0.9981885010120424 
185 0.9981885010120255 
186 -0.9981885010119935 
187 0.9981885010114598 
188 -0.9981885010147761 
189 0.9981885010400691 
190 -0.9981885008669727 
191 0.9981884998578506 
192 -0.9981885078147205 
193 0.9981885539695585 
194 -0.9981881199777799 
195 0.9981852431892725 
196 -0.9981944911104588 
197 0.9983777132287532 
