2 -0.4342261413417851 
3 -0.4895217981160747 
4 -0.48516101572616266 
5 -0.45499320616595473 
6 -0.42987740982652084 
7 -0.43111667305353896 
8 -0.45046534279715655 
9 -0.4663581873366618 
10 -0.46498998261493557 
11 -0.4512092732382348 
12 -0.4401916698622435 
13 -0.44170090831407927 
14 -0.45227541441924346 
15 -0.46065887608031064 
16 -0.4592817674656556 
17 -0.450666901649609 
18 -0.4438203219034366 
19 -0.44513755504256536 
20 -0.4526403079053431 
21 -0.4585350578944598 
22 -0.45712981153783055 
23 -0.45027392018089085 
24 -0.44513775178008447 
25 -0.44680047598088884 
26 -0.45323362351533053 
27 -0.4576681052413757 
28 -0.455690852591738 
29 -0.4496397988647954 
30 -0.44589302613916465 
31 -0.4481557586850483 
32 -0.4538189021020916 
33 -0.4569471719701465 
34 -0.4544872143576218 
35 -0.44920803504397466 
36 -0.446596470170723 
37 -0.44918401039325384 
38 -0.45413526722764025 
39 -0.45633978013877885 
40 -0.453651930247591 
41 -0.4489533085770322 
42 -0.4470880293542438 
43 -0.44989730161392577 
44 -0.4544086709407024 
45 -0.45595756265747944 
46 -0.4529954475350664 
47 -0.4486448460016734 
48 -0.4474224356164353 
49 -0.45055305638194143 
50 -0.4547386512756796 
51 -0.4556278684087227 
52 -0.45234054817322955 
53 -0.4483346278657606 
54 -0.4477674516820575 
55 -0.45118803925250145 
56 -0.45501655739597124 
57 -0.45528897395034484 
58 -0.45174838162267905 
59 -0.44807677836859205 
60 -0.44807677834760745 
61 -0.4517483816089466 
62 -0.45528897395455503 
63 -0.45501655734653745 
64 -0.45118803926456286 
65 -0.44776745172283194 
66 -0.4483346279164341 
67 -0.4523405481708873 
68 -0.45562786842817726 
69 -0.4547386512726736 
70 -0.45055305634640874 
71 -0.44742243559335715 
72 -0.44864484600267207 
73 -0.45299544750564835 
74 -0.4559575626536769 
75 -0.45440867088710707 
76 -0.44989730179197124 
77 -0.4470880291522724 
78 -0.4489533085086633 
79 -0.453651930332424 
80 -0.4563397804788749 
81 -0.45413526734132514 
82 -0.44918401011622233 
83 -0.4465964699421517 
84 -0.44920803485027017 
85 -0.4544872142042261 
86 -0.4569471718276954 
87 -0.4538189020824778 
88 -0.44815575868062313 
89 -0.4458930261184873 
90 -0.44963979882865973 
91 -0.45569085266240744 
92 -0.45766810532289837 
93 -0.45323362360790864 
94 -0.4468004759837872 
95 -0.44513775173460796 
96 -0.4502739201867152 
97 -0.45712981154760546 
98 -0.45853505791289256 
99 -0.45264030786695153 
100 -0.44513755492455537 
101 -0.44382032178572756 
102 -0.4506669015737352 
103 -0.4592817673843966 
104 -0.46065887589018656 
105 -0.4522754140819338 
106 -0.4417009079464647 
107 -0.44019166954818645 
108 -0.45120927294889956 
109 -0.46498998199529157 
110 -0.4663581863092421 
111 -0.45046534137060495 
112 -0.4311166713364824 
113 -0.42987740888877685 
114 -0.45499320691347567 
115 -0.48516101527719313 
116 -0.4895217980668891 
117 -0.434226141254951 
