-195.1008089942783 
-195.10080899427808 
-195.10080899431816 
-195.10080899435886 
-195.10080899439987 
-195.10080899444105 
-195.10080899448232 
-195.10080899452382 
-195.10080899456523 
-195.10080899460695 
-195.10080899464862 
-195.10080899469006 
-195.10080899473166 
-195.10080899477333 
-195.10080899481497 
-195.1008089948562 
-195.1008089948979 
-195.10080899493923 
-195.10080899498072 
-195.10080899502205 
-195.10080899506306 
-195.10080899510467 
-195.1008089951453 
-195.10080899518556 
-195.10080899522575 
-195.1008089952657 
-195.10080899530558 
-195.10080899534466 
-195.10080899538383 
-195.1008089954222 
-195.10080899546045 
-195.1008089954975 
-195.1008089955344 
-195.10080899557045 
-195.10080899560575 
-195.1008089956402 
-195.10080899567404 
-195.10080899570713 
-195.10080899573907 
-195.10080899577028 
-195.10080899580052 
-195.10080899582965 
-195.10080899585702 
-195.10080899588354 
-195.1008089959085 
-195.10080899593163 
-195.10080899595192 
-195.10080899596875 
-195.10080899610338 
-195.10080899622616 
-195.1008089963304 
-195.10080899640934 
-195.100808996459 
-195.1008089964817 
-195.10080899644944 
-195.10080899644976 
-195.1008089964498 
-195.1008089964495 
-195.10080899644942 
-195.10080899644953 
-195.10080899644962 
-195.10080899644964 
-195.10080899644967 
-195.10080899648665 
-195.10080899648653 
-195.10080899648636 
-195.10080899648662 
-195.10080899648588 
-195.10080899648602 
-195.10080899648617 
-195.1008089964864 
-195.10080899648628 
-195.10080899648625 
-195.1008089964861 
-195.10080899648588 
-195.10080899648602 
-195.10080899648585 
-195.10080899648577 
-195.10080899648557 
-195.1008089964856 
-195.10080899648534 
-195.10080899648563 
-195.10080899648568 
-195.10080899648565 
-195.10080899648608 
-195.1008089964859 
-195.1008089964861 
-195.1008089964864 
-195.10080899648653 
-195.10080899648642 
-195.10080899648696 
-195.10080899648707 
-195.10080899648707 
-195.1008089964874 
-195.10080899648733 
-195.10080899648733 
-195.10080899648744 
-195.10080899648725 
-195.10080899648727 
-195.10080899648736 
-195.10080899648722 
-195.10080899648716 
-195.10080899648733 
-195.10080899648747 
-195.10080899648744 
-195.10080899648773 
-195.10080899648776 
-195.10080899648796 
-195.10080899648804 
-195.10080899648827 
-195.10080899648835 
-195.10080899648875 
-195.10080899648864 
-195.10080899648867 
-195.10080899648867 
-195.10080899648844 
-195.10080899653045 
-195.10080899657248 
-195.10080899661432 
-195.100808996656 
-195.1008089966978 
-195.10080899673972 
-195.10080899678184 
-195.10080899682373 
-195.10080899686548 
-195.10080899690732 
-195.10080899694893 
-195.10080899699068 
-195.10080899703223 
-195.100808997074 
-195.10080899711573 
-195.100808997157 
-195.1008089971986 
-195.10080899723985 
-195.10080899728118 
-195.1008089973223 
-195.1008089973636 
-195.10080899740512 
-195.1008089974457 
-195.10080899748613 
-195.10080899752626 
-195.1008089975664 
-195.1008089976061 
-195.10080899764577 
-195.10080899768468 
-195.10080899772325 
-195.1008089977611 
-195.1008089977986 
-195.10080899783523 
-195.1008089978713 
-195.10080899790665 
-195.10080899794104 
-195.10080899797504 
-195.10080899800843 
-195.1008089980399 
-195.10080899807093 
-195.10080899810117 
-195.1008089981297 
-195.10080899815742 
-195.10080899818368 
-195.10080899820866 
-195.10080899823166 
-195.10080899825223 
-195.10080899826946 
-195.10080899840352 
-195.1008089985263 
-195.1008089986305 
-195.10080899870977 
-195.10080899875916 
-195.1008089987813 
-195.1008089987862 
-195.1008089987865 
-195.1008089987866 
-195.10080899878648 
-195.10080899878668 
-195.10080899878668 
-195.10080899878773 
-195.10080899878685 
-195.10080899878676 
-195.10080899878685 
-195.1008089987871 
-195.10080899878685 
-195.10080899878676 
-195.10080899878687 
-195.10080899878673 
-195.10080899878704 
-195.10080899878696 
-195.10080899878702 
-195.10080899878704 
-195.10080899878685 
-195.10080899878704 
-195.10080899878665 
-195.10080899878673 
-195.10080899878682 
-195.1008089987867 
-195.10080899878653 
-195.10080899878656 
-195.10080899878653 
-195.1008089987867 
-195.10080899878682 
-195.10080899878702 
-195.10080899878727 
-195.10080899878736 
-195.10080899878707 
-195.10080899878724 
-195.1008089987872 
-195.1008089987874 
-195.1008089987874 
-195.10080899878744 
-195.10080899878787 
-195.10080899878756 
-195.10080899878773 
-195.1008089987876 
-195.10080899878773 
-195.10080899878756 
-195.10080899878767 
-195.10080899878776 
-195.10080899878764 
-195.10080899878784 
-195.10080899878776 
-195.10080899878744 
-195.1008089987877 
-195.10080899878773 
-195.10080899878787 
-195.10080899878815 
-195.1008089987881 
-195.10080899878824 
-195.10080899878798 
-195.10080899878784 
-195.1008089987883 
-195.1008089987888 
-195.1008089987886 
-195.10080899878864 
-195.10080899878866 
-195.10080899878884 
-195.10080899878872 
-195.10080899878864 
-195.10080899878838 
-195.1008089987885 
-195.10080899878852 
-195.10080899878847 
-195.10080899878838 
-195.10080899878804 
-195.1008089987882 
-195.10080899878798 
-195.10080899878773 
-195.1008089987881 
-195.10080899878798 
-195.10080899878807 
-195.10080899878812 
-195.10080899878793 
-195.10080899878812 
-195.10080899878776 
-195.10080899878776 
-195.10080899878756 
-195.10080899878784 
-195.10080899878764 
-195.1008089987877 
-195.10080899878767 
-195.1008089987877 
-195.10080899878758 
-195.10080899878753 
-195.10080899878744 
-195.10080899878736 
-195.10080899878722 
-195.1008089987872 
-195.10080899878702 
-195.10080899878733 
-195.10080899878713 
-195.100808998787 
-195.10080899878713 
-195.10080899878722 
-195.10080899878696 
-195.10080899878682 
-195.10080899878707 
-195.10080899878696 
-195.10080899878716 
-195.10080899878702 
-195.1008089987869 
-195.1008089987871 
-195.10080899878682 
-195.10080899878682 
-195.10080899878682 
-195.10080899878685 
-195.10080899878693 
-195.1008089987871 
-195.10080899878707 
-195.10080899878702 
-195.10080899878696 
-195.10080899878682 
-195.10080899878668 
-195.10080899878645 
-195.1008089987877 
-195.10080899878693 
-195.100808998787 
-195.10080899878682 
-195.10080899878682 
-195.10080899878713 
-195.1008089987866 
-195.10080899878693 
-195.10080899878693 
-195.10080899878685 
-195.10080899878665 
-195.10080899878693 
-195.10080899878685 
-195.10080899878704 
-195.1008089987873 
-195.10080899878722 
-195.10080899878704 
-195.10080899878716 
-195.10080899878733 
-195.10080899878716 
-195.10080899878747 
-195.1008089987874 
-195.1008089987877 
-195.1008089987879 
-195.1008089987877 
-195.10080899878798 
-195.10080899878778 
-195.10080899878807 
-195.10080899878807 
-195.10080899878818 
-195.10080899878795 
-195.10080899878795 
-195.10080899878807 
-195.10080899878818 
-195.1008089987881 
-195.10080899878844 
-195.10080899878838 
-195.10080899878875 
-195.10080899878864 
-195.10080899878903 
-195.10080899878892 
-195.1008089987889 
-195.1008089987889 
-195.10080899878866 
-195.10080899878886 
-195.10080899878898 
-195.1008089987891 
-195.1008089987891 
-195.10080899878915 
-195.100808998789 
-195.1008089987891 
-195.1008089987891 
-195.1008089987892 
-195.10080899878943 
-195.10080899878932 
-195.10080899878915 
-195.10080899878946 
-195.10080899878943 
-195.10080899878955 
-195.1008089987894 
-195.10080899878932 
-195.10080899878935 
-195.10080899878932 
-195.10080899878932 
-195.1008089987895 
-195.1008089987894 
-195.10080899878938 
-195.1008089987894 
-195.10080899878938 
-195.10080899878952 
-195.1008089987896 
-195.10080899878966 
-195.1008089987897 
-195.10080899878952 
-195.10080899878935 
-195.1008089987895 
-195.10080899878966 
-195.10080899878977 
-195.10080899878983 
-195.10080899879006 
-195.10080899878997 
-195.10080899878994 
-195.10080899878966 
-195.1008089987897 
-195.1008089987893 
-195.10080899878952 
-195.10080899878952 
-195.10080899878966 
-195.10080899878963 
-195.10080899878986 
-195.10080899878983 
-195.10080899878955 
-195.1008089987895 
-195.1008089987894 
-195.1008089987895 
-195.10080899878943 
-195.10080899878935 
-195.10080899878884 
-195.10080899878915 
-195.1008089987894 
-195.1008089987892 
-195.10080899878926 
-195.10080899878915 
-195.1008089987893 
-195.1008089987895 
-195.10080899878952 
-195.10080899878952 
-195.10080899878938 
-195.1008089987895 
-195.10080899878935 
-195.10080899878946 
-195.10080899878926 
-195.1008089987897 
-195.10080899878892 
-195.100808998789 
