2 3 0.9779084814559058 
3 4 0.8716344449783149 
4 5 1.1013277317323438 
5 6 1.1444458301596434 
6 7 1.0345976068191194 
7 8 1.0695716597918337 
8 9 1.1384123650449467 
9 10 1.1117259582415304 
10 11 1.0934688260880951 
11 12 1.1265441160119019 
12 13 1.1259203823444408 
13 14 1.1177824021108336 
14 15 1.1334913576814103 
15 16 1.1328611090445717 
16 17 1.1278707078538501 
17 18 1.141904101513851 
18 19 1.1431673621904521 
19 20 1.1354347611694209 
20 21 1.1455767482548305 
21 22 1.1529369571613524 
22 23 1.144100162809189 
23 24 1.147728278242367 
24 25 1.1592175692565718 
25 26 1.1528142001983357 
26 27 1.1508049572313435 
27 28 1.162213144556022 
28 29 1.1603788711356198 
29 30 1.1552085444038003 
30 31 1.163233223577068 
31 32 1.1662373282624992 
32 33 1.160316750948002 
33 34 1.1636996310264534 
34 35 1.1701668605492406 
35 36 1.1653689181264304 
36 37 1.1647009308634255 
37 38 1.1721489781436212 
38 39 1.1698255725543243 
39 40 1.1666940672840989 
40 41 1.1725555588351284 
41 42 1.1733653993901898 
42 43 1.169480713747077 
43 44 1.1721864370122617 
44 45 1.1757643492569885 
45 46 1.1724860521126486 
46 47 1.1719759897197108 
47 48 1.1768706688588795 
48 49 1.1751349660793498 
49 50 1.172556460103951 
50 51 1.176747542522978 
51 52 1.1770705161468162 
52 53 1.173988005719109 
53 54 1.1758194990160329 
54 55 1.1781327199246454 
55 56 1.1758191648941168 
56 57 1.1748001937708985 
57 58 1.1782449989195265 
58 59 1.1774057541383507 
59 60 1.1743702992046463 
60 61 1.1774086894383122 
61 62 1.1782510847883825 
62 63 1.1748093331357734 
63 64 1.1758308823929842 
64 65 1.1781471887004888 
65 66 1.175836883893272 
66 67 1.1740075663975034 
67 68 1.1770920878791806 
68 69 1.1767715304128428 
69 70 1.1725823146708405 
70 71 1.1751620078188583 
71 72 1.1768994024652066 
72 73 1.172006399994365 
73 74 1.1725170855963318 
74 75 1.1757962925160788 
75 76 1.1722198166960542 
76 77 1.1695143748010115 
77 78 1.173399161937929 
78 79 1.1725902282259675 
79 80 1.1667287304154959 
80 81 1.1698594921317103 
81 82 1.1721829975032076 
82 83 1.1647348032491955 
83 84 1.1654015453659867 
84 85 1.1701988426152183 
85 86 1.163731382132424 
86 87 1.1603472111311044 
87 88 1.166266665090264 
88 89 1.1632622017403444 
89 90 1.1552364284825698 
90 91 1.1604054023083332 
91 92 1.1622390955973314 
92 93 1.1508301319482743 
93 94 1.1528380304385404 
94 95 1.1592405929529408 
95 96 1.1477508201087014 
96 97 1.1441217204668719 
97 98 1.1529577431284037 
98 99 1.1455972783905481 
99 100 1.135454785833138 
100 101 1.1431867636967663 
101 102 1.141923257424183 
102 103 1.1278895688652795 
103 104 1.1328793057222133 
104 105 1.1335088339194446 
105 106 1.1177993107145483 
106 107 1.1259362914139326 
107 108 1.1265586245005763 
108 109 1.0934822032795457 
109 110 1.1117381276877423 
110 111 1.138422928997806 
111 112 1.069580560465593 
112 113 1.034605455619562 
113 114 1.1444524153072524 
114 115 1.1013323196263394 
115 116 0.8716380288621755 
116 117 0.9779110210587791 
117 118 1.1846920107895658 
