2 0.9650868445964251 
3 0.9647456326896464 
4 0.9646907207302517 
5 0.9646809453877083 
6 0.9646790918820796 
7 0.9646787249098041 
8 0.9646786499271975 
9 0.9646786342347774 
10 0.9646786308887374 
11 0.9646786301644145 
12 0.9646786300056416 
13 0.9646786299704663 
14 0.9646786299626016 
15 0.9646786299608296 
16 0.9646786299604307 
17 0.9646786299603368 
18 0.9646786299603166 
19 0.9646786299603094 
20 0.9646786299603096 
21 0.9646786299603142 
22 0.964678629960291 
23 0.9646786299599993 
24 0.9646786299609167 
25 0.9646786299605642 
26 0.9646786299603727 
27 0.9646786299603236 
28 0.9646786299603117 
29 0.964678629960311 
30 0.9646786299602763 
31 0.9646786299603942 
32 0.9646786299597058 
33 0.9646786299598124 
34 0.9646786299633142 
35 0.9646786299621068 
36 0.9646786299703465 
37 0.96467863000581 
38 0.964678630164595 
39 0.9646786308827905 
40 0.9646786342346981 
41 0.9646786499277183 
42 0.9646787249095777 
43 0.9646790918817482 
44 0.9646809453865859 
45 0.96469072073124 
46 0.964745632689959 
47 0.9650868445963912 
