2 0.019315745724244954 
3 -0.009210810409621786 
4 0.005175041087869417 
5 -0.002936822458023966 
6 0.0016564432207306844 
7 -0.0009726768907322867 
8 0.000589213235797266 
9 -0.0003671575261420217 
10 0.0002344159862215288 
11 -0.0001526017410831825 
12 0.00010090468599905344 
13 -6.756612087647122e-05 
14 4.5708690589339915e-05 
15 -3.118848850929663e-05 
16 2.1435599254483913e-05 
17 -1.4823919425745862e-05 
18 1.0307288733056615e-05 
19 -7.201145189608755e-06 
20 5.05250007463373e-06 
21 -3.5585129687151338e-06 
22 2.514938636077123e-06 
23 -1.7829752922895013e-06 
24 1.2676690349757045e-06 
25 -9.035910507504107e-07 
26 6.45827530956493e-07 
27 -4.6247600085986686e-07 
28 3.31754132218973e-07 
29 -2.388279957930728e-07 
30 1.71687198413612e-07 
31 -1.2395875013665879e-07 
32 8.96230310506801e-08 
33 -6.480381804330616e-08 
34 4.6927758403823815e-08 
35 -3.404422465036362e-08 
36 2.4794986418338512e-08 
37 -1.752863519359683e-08 
38 1.4248610546416827e-08 
39 -8.99232408828969e-09 
40 6.666669526047992e-09 
41 -4.86357519327483e-09 
42 1.939219330006589e-09 
43 -2.9450461789653214e-09 
44 2.06419801631082e-09 
45 -1.5051007912632472e-09 
46 9.940304193496761e-10 
47 -4.407785847851403e-10 
48 8.11115453814541e-10 
49 -5.287389285706633e-10 
50 3.3156555080346204e-10 
51 -2.024763000435182e-10 
52 1.7155457131161794e-10 
53 -1.359191283360662e-10 
54 5.113929560258759e-11 
55 -5.0079100445249003e-11 
56 5.1805171550174354e-11 
57 -5.600049071182839e-11 
58 5.924813437630025e-11 
59 -4.2810132897143e-11 
60 3.8299064142402195e-11 
61 -3.966362350264801e-11 
62 3.5943770664517554e-11 
63 -2.537792802886925e-11 
64 1.1368617333383424e-10 
65 5.245278475567864e-10 
66 4.4258333607304625e-10 
67 -5.800546661344657e-10 
68 2.4722850064864916e-10 
69 -5.129917214009372e-11 
70 -2.4649302194812312e-11 
71 5.922811168565798e-11 
72 -6.350536084356268e-11 
73 4.638307948910016e-11 
74 -1.6582435240130676e-10 
75 -7.661343750696528e-10 
76 -8.469448277476989e-10 
77 5.280805773707196e-10 
78 1.9214620731571666e-10 
79 -3.8512095597204157e-10 
80 4.1691161760093566e-10 
81 -3.3923303685104715e-10 
82 2.5815947310756446e-10 
83 -1.9160017806843335e-10 
84 1.431057133036827e-10 
85 -1.0126941902789629e-10 
86 7.968203363617319e-11 
87 -6.341611674513372e-11 
88 5.716018142004162e-11 
89 -9.29531853101637e-11 
90 -1.495680926115681e-10 
91 3.098071304464171e-11 
92 1.0514511063362728e-10 
93 -8.81498468651397e-11 
94 -2.803710543454473e-13 
95 -2.962052971872322e-11 
96 3.297381469235659e-11 
97 -2.929723928387346e-11 
98 2.4064719300244544e-11 
99 -2.1449190127351857e-11 
100 2.3265080456664348e-11 
101 -1.9267646162713583e-11 
102 3.7501306160149357e-11 
103 -4.0967847642991756e-11 
104 3.610589854269379e-11 
105 -3.561204340725795e-11 
106 2.6626195676726195e-11 
107 -2.105108232827403e-11 
108 3.7193868856822145e-11 
109 -3.538931619720561e-11 
110 3.207432512442549e-11 
111 -3.0072329941872726e-11 
112 3.1204112302527216e-11 
113 -2.966140824595257e-11 
114 2.465767057544556e-11 
115 -2.453519008698676e-11 
116 -1.331178484738134e-10 
117 -5.302540908267666e-11 
118 2.4352060959937025e-10 
119 4.402443683846383e-12 
120 -1.2054121322215817e-10 
121 1.4734087994424363e-10 
122 -1.1218665558454479e-10 
123 7.973884062979071e-11 
124 -5.942883658734097e-11 
125 3.96550183850107e-11 
126 -2.618171525912042e-11 
127 1.2239035134570776e-11 
128 7.371370783605772e-11 
129 -2.4380593576310233e-12 
130 -1.7050959099700561e-12 
131 -8.937875331736587e-12 
132 1.6449887065738387e-11 
133 -2.1836184182463477e-11 
134 2.5077444283829417e-11 
135 -2.2940244526843516e-11 
136 3.5850832337465275e-11 
137 -2.3927549555342463e-11 
138 2.3598251768678386e-11 
139 1.3002785195063912e-11 
140 1.541970693487107e-10 
141 -4.894252142937186e-11 
142 -1.4766255821353582e-10 
143 1.4219423034014386e-10 
144 -1.0347359162710693e-10 
145 8.1435803546837e-11 
146 -1.0920083696060795e-10 
147 1.1965648959959498e-10 
148 -1.5909175451348264e-10 
149 2.574300290612265e-10 
150 -3.7650640348899123e-10 
151 6.21338749679946e-10 
152 -5.589711773963421e-10 
153 1.0480798448088706e-09 
154 -1.6021878265296838e-09 
155 1.7357692157015565e-09 
156 -2.490297275128445e-09 
157 3.5851070395506936e-09 
158 -5.023797011684845e-09 
159 6.941852059110561e-09 
160 -9.543902525191651e-09 
161 1.3101128944645372e-08 
162 -1.7997578398142925e-08 
163 2.4743300902595948e-08 
164 -3.406374491495646e-08 
165 4.694794128487606e-08 
166 -6.479013862639385e-08 
167 8.95970848618923e-08 
168 -1.239298483514454e-07 
169 1.7169914688064582e-07 
170 -2.383545728564807e-07 
171 3.318251477473025e-07 
172 -4.642463396767007e-07 
173 6.465829114296593e-07 
174 -9.023276395495582e-07 
175 1.2657509799690046e-06 
176 -1.7811656620487293e-06 
177 2.513431149131192e-06 
178 -3.557285562403363e-06 
179 5.051496193211757e-06 
180 -7.200272256069029e-06 
181 1.0306466950966777e-05 
182 -1.4823064710456284e-05 
183 2.14346077391453e-05 
184 -3.1188209698444414e-05 
185 4.570915793907081e-05 
186 -6.756549294948018e-05 
187 0.00010090400954806622 
188 -0.0001526008283186921 
189 0.00023441495576057012 
190 -0.00036715507638421805 
191 0.0005892100426328235 
192 -0.0009726773950728848 
193 0.001656446017800004 
194 -0.0029368226852120346 
195 0.005175041619248329 
196 -0.009210810228332578 
197 0.019315745585554257 
