2 3 0.0006511470551652494 
3 4 0.0007172105188785558 
4 5 0.0007307357219892788 
5 6 0.0007213257791868538 
6 7 0.0007188948709616105 
7 8 0.0007190994893026383 
8 9 0.0007192852782546312 
9 10 0.0007192824249945254 
10 11 0.0007192659813551746 
11 12 0.000719265208436539 
12 13 0.0007192667025143219 
13 14 0.0007192669429905453 
14 15 0.0007192667685382331 
15 16 0.000719266645841735 
16 17 0.0007192667077774437 
17 18 0.0007192667288278905 
18 19 0.0007192667052434067 
19 20 0.0007192666996299233 
20 21 0.0007192667007168558 
21 22 0.0007192667010693658 
22 23 0.0007192666980056591 
23 24 0.0007192667027190507 
24 25 0.0007192667014755245 
25 26 0.0007192667059772613 
26 27 0.0007192667232302981 
27 28 0.0007192667151813952 
28 29 0.0007192667025602195 
29 30 0.000719266739153523 
30 31 0.0007192667377245882 
31 32 0.0007192667188532715 
32 33 0.0007192666973001023 
33 34 0.0007192667027430375 
34 35 0.0007192667021912172 
35 36 0.0007192666966749763 
36 37 0.0007192666992761121 
37 38 0.0007192666996201234 
38 39 0.0007192667001353506 
39 40 0.0007192667001581473 
40 41 0.000719266700183984 
41 42 0.000719266700426705 
42 43 0.0007192667003497454 
43 44 0.0007192667003802495 
44 45 0.0007192667000601934 
45 46 0.0007192667001126457 
46 47 0.0007192666976518602 
47 48 0.0007192667038395045 
48 49 0.0007192667063350265 
49 50 0.0007192667031442576 
50 51 0.0007192667155510149 
51 52 0.0007192667395839308 
52 53 0.0007192667212984205 
53 54 0.0007192667426128164 
54 55 0.0007192663669125754 
55 56 0.0007192668236558901 
56 57 0.0007192666226738939 
57 58 0.0007192667239194648 
58 59 0.0007192670082911981 
59 60 0.0007192667359186193 
60 61 0.000719266575062642 
61 62 0.0007192671558621087 
62 63 0.0007192673278426042 
63 64 0.0007192670727538267 
64 65 0.000719265146852069 
65 66 0.0007192664873844859 
66 67 0.0007192665111614664 
67 68 0.0007192666445314486 
68 69 0.0007192673075476334 
69 70 0.0007192675482696617 
70 71 0.0007192656135121082 
71 72 0.0007192675046680535 
72 73 0.0007192663922281849 
73 74 0.0007192670881573591 
74 75 0.0007192671860000037 
75 76 0.0007192665282026594 
76 77 0.0007192666584240823 
77 78 0.0007192667412077325 
78 79 0.0007192671919156241 
79 80 0.0007192663682492932 
80 81 0.0007192665191139863 
81 82 0.0007192671192137909 
82 83 0.0007192687447558097 
83 84 0.000719266896058619 
84 85 0.0007192667232813113 
85 86 0.000719266188284218 
86 87 0.0007192669304048258 
87 88 0.0007192667276164841 
88 89 0.0007192664847861844 
89 90 0.0007192663182429669 
90 91 0.0007192673151961744 
91 92 0.0007192674284717558 
92 93 0.0007192666942021054 
93 94 0.0007192663979313041 
94 95 0.0007192667356827716 
95 96 0.0007192667747418475 
96 97 0.0007192667257356224 
97 98 0.000719266382332514 
98 99 0.0007192666632694387 
99 100 0.0007192661353303356 
100 101 0.0007192666645422027 
101 102 0.0007192670753502467 
102 103 0.000719267178430297 
103 104 0.0007192661361411266 
104 105 0.0007192664362630409 
105 106 0.0007192668976010865 
106 107 0.0007192666849673142 
107 108 0.0007192648675780361 
108 109 0.0007192655963709802 
109 110 0.000719283185266423 
110 111 0.0007192854538502639 
111 112 0.000719098782565963 
112 113 0.000718894710089198 
113 114 0.0007213258304054528 
114 115 0.0007307359120134495 
115 116 0.0007172106250244148 
116 117 0.0006511470648116178 
117 118 0.0007062892365597882 
