2 3 0.00010460237430104442 
3 4 2.2925654194232894e-06 
4 5 9.209015182696176e-07 
5 6 3.402650991131822e-08 
6 7 7.90002409127636e-09 
7 8 4.812947807987168e-10 
8 9 7.331671892193513e-11 
9 10 6.357302963611663e-12 
10 11 7.603046894680025e-13 
11 12 8.045157215671455e-14 
12 13 8.713150200444663e-15 
13 14 5.464194453182406e-16 
14 15 3.270070570744009e-16 
15 16 1.2593776057929385e-17 
16 17 1.3502106608359215e-18 
17 18 -4.4392802865523913e-16 
18 19 -4.4407249869103223e-16 
19 20 1.8134073641020375e-21 
20 21 -4.440890641558891e-16 
21 22 -4.440892098500627e-16 
22 23 0.0 
23 24 0.0 
24 25 0.0 
25 26 -4.440892098500627e-16 
26 27 0.0 
27 28 -4.440892098500627e-16 
28 29 -4.440892098500627e-16 
29 30 4.440892098500625e-16 
30 31 -4.440892098500627e-16 
31 32 -4.440892098500627e-16 
32 33 -4.440892098500627e-16 
33 34 0.0 
34 35 0.0 
35 36 0.0 
36 37 0.0 
37 38 0.0 
38 39 -4.440892098500627e-16 
39 40 -4.440892098500627e-16 
40 41 0.0 
41 42 4.440892098500625e-16 
42 43 -4.440892098500627e-16 
43 44 -4.440892098500627e-16 
44 45 -4.440892098500627e-16 
45 46 0.0 
46 47 0.0 
47 48 0.0 
48 49 -4.440892098500627e-16 
49 50 0.0 
50 51 0.0 
51 52 0.0 
52 53 -4.440892098500627e-16 
53 54 0.0 
54 55 -4.440892098500627e-16 
55 56 0.0 
56 57 0.0 
57 58 -4.440892098500627e-16 
58 59 0.0 
59 60 -4.440892098500627e-16 
60 61 4.440892098500625e-16 
61 62 0.0 
62 63 0.0 
63 64 4.440892098500625e-16 
64 65 0.0 
65 66 -4.440892098500627e-16 
66 67 0.0 
67 68 -4.440892098500627e-16 
68 69 -4.440892098500627e-16 
69 70 0.0 
70 71 0.0 
71 72 0.0 
72 73 0.0 
73 74 0.0 
74 75 4.440892098500625e-16 
75 76 4.440892098500625e-16 
76 77 0.0 
77 78 -4.440892098500627e-16 
78 79 4.440892098500625e-16 
79 80 0.0 
80 81 0.0 
81 82 4.440892098500625e-16 
82 83 4.440892098500625e-16 
83 84 -4.440892098500627e-16 
84 85 -4.440892098500627e-16 
85 86 -4.440892098500627e-16 
86 87 0.0 
87 88 -4.440892098500627e-16 
88 89 0.0 
89 90 -4.440892098500627e-16 
90 91 -4.440892098500627e-16 
91 92 0.0 
92 93 0.0 
93 94 0.0 
94 95 0.0 
95 96 -4.440892098500627e-16 
96 97 -4.440892098500627e-16 
97 98 4.440892098500625e-16 
98 99 -4.440892098500627e-16 
99 100 -4.4408910463410733e-16 
100 101 4.570188828819106e-21 
101 102 4.293649619160786e-19 
102 103 6.385965143813518e-17 
103 104 1.8326889218432463e-16 
104 105 -1.0488964780712373e-16 
105 106 1.4775245852936519e-15 
106 107 8.794745896148078e-15 
107 108 8.161170397720355e-14 
108 109 7.611063927283672e-13 
109 110 6.354258232768182e-12 
110 111 7.331225632340972e-11 
111 112 4.812865687573321e-10 
112 113 7.900041088474995e-09 
113 114 3.402613416723896e-08 
114 115 9.208999758763094e-07 
115 116 2.2925641131690623e-06 
116 117 0.00010460237921680542 
117 118 0.00010416322713133482 
