2 3 0.02431622956515681 
3 4 0.03151464788819547 
4 5 0.03535775491746525 
5 6 0.03673253962020174 
6 7 0.03683580090056536 
7 8 0.036452476319340746 
8 9 0.036030555638668554 
9 10 0.03574432311796505 
10 11 0.035610434633294503 
11 12 0.035581267042170774 
12 13 0.03560158090506998 
13 14 0.03563282120118381 
14 15 0.03565650964034175 
15 16 0.03566844880563308 
16 17 0.03567141408816881 
17 18 0.03566983243836905 
18 19 0.03566712264040052 
19 20 0.03566503084072336 
20 21 0.03566399233818407 
21 22 0.03566376672880912 
22 23 0.03566394352211767 
23 24 0.03566420571014883 
24 25 0.035664396107731235 
25 26 0.03566448192651249 
26 27 0.03566449212653771 
27 28 0.03566446847236955 
28 29 0.03566444110828348 
29 30 0.03566442347930032 
30 31 0.035664416972990276 
31 32 0.03566441760413396 
32 33 0.035664420852425945 
33 34 0.035664423821975114 
34 35 0.03566442545398586 
35 36 0.03566442586707687 
36 37 0.03566442561070013 
37 38 0.03566442518523124 
38 39 0.03566442486603427 
39 40 0.03566442472292719 
40 41 0.03566442471237811 
41 42 0.03566442476175265 
42 43 0.03566442481604797 
43 44 0.03566442485024055 
44 45 0.03566442486202042 
45 46 0.035664424859562276 
46 47 0.03566442485215416 
47 48 0.03566442484566458 
48 49 0.03566442484221982 
49 50 0.035664424841437246 
50 51 0.03566442484212092 
51 52 0.03566442484318008 
52 53 0.03566442484393086 
53 54 0.03566442484424666 
54 55 0.03566442484425884 
55 56 0.035664424844145406 
56 57 0.03566442484403207 
57 58 0.03566442484394126 
58 59 0.03566442484387946 
59 60 0.03566442484387556 
60 61 0.03566442484389943 
61 62 0.035664424843910955 
62 63 0.035664424843945386 
63 64 0.03566442484397578 
64 65 0.03566442484397657 
65 66 0.035664424843973294 
66 67 0.03566442484395997 
67 68 0.035664424843964794 
68 69 0.03566442484395681 
69 70 0.0356644248439591 
70 71 0.03566442484394231 
71 72 0.035664424843967514 
72 73 0.035664424843955274 
73 74 0.035664424843952755 
74 75 0.035664424843958 
75 76 0.03566442484402453 
76 77 0.03566442484399105 
77 78 0.03566442484397613 
78 79 0.03566442484393947 
79 80 0.035664424843910955 
80 81 0.03566442484389748 
81 82 0.035664424843911524 
82 83 0.03566442484398657 
83 84 0.03566442484401749 
84 85 0.03566442484396957 
85 86 0.035664424843944664 
86 87 0.03566442484393343 
87 88 0.035664424843947454 
88 89 0.035664424843998094 
89 90 0.035664424844009515 
90 91 0.035664424843996394 
91 92 0.0356644248439734 
92 93 0.03566442484396081 
93 94 0.03566442484397098 
94 95 0.035664424843938974 
95 96 0.0356644248439342 
96 97 0.03566442484393295 
97 98 0.03566442484394057 
98 99 0.03566442484392387 
99 100 0.03566442484393666 
100 101 0.03566442484394854 
101 102 0.03566442484397301 
102 103 0.035664424843992674 
103 104 0.03566442484399129 
104 105 0.035664424844000134 
105 106 0.035664424844003596 
106 107 0.03566442484401466 
107 108 0.03566442484403122 
108 109 0.03566442484403985 
109 110 0.03566442484401267 
110 111 0.03566442484399411 
111 112 0.03566442484400216 
112 113 0.03566442484396739 
113 114 0.03566442484397848 
114 115 0.035664424843953296 
115 116 0.03566442484389192 
116 117 0.035664424843836105 
117 118 0.03566442484394888 
118 119 0.03566442484401713 
119 120 0.035664424844027806 
120 121 0.03566442484403485 
121 122 0.03566442484403996 
122 123 0.035664424843997684 
123 124 0.03566442484397864 
124 125 0.035664424843968014 
125 126 0.035664424843954906 
126 127 0.03566442484394545 
127 128 0.03566442484395111 
128 129 0.03566442484397412 
129 130 0.03566442484397032 
130 131 0.035664424843966466 
131 132 0.035664424843969325 
132 133 0.03566442484396625 
133 134 0.0356644248439665 
134 135 0.03566442484396532 
135 136 0.03566442484399623 
136 137 0.03566442484401065 
137 138 0.03566442484397355 
138 139 0.03566442484388591 
139 140 0.035664424843762206 
140 141 0.0356644248437466 
141 142 0.03566442484401911 
142 143 0.035664424844213505 
143 144 0.03566442484437117 
144 145 0.03566442484448041 
145 146 0.03566442484441066 
146 147 0.03566442484402445 
147 148 0.03566442484322555 
148 149 0.03566442484214623 
149 150 0.035664424841457355 
150 151 0.035664424842215145 
151 152 0.035664424845685536 
152 153 0.035664424852255204 
153 154 0.03566442485974546 
154 155 0.03566442486219534 
155 156 0.03566442485044417 
156 157 0.03566442481640154 
157 158 0.035664424762518514 
158 159 0.035664424713665974 
159 160 0.03566442472485291 
160 161 0.03566442486887936 
161 162 0.035664425189456 
162 163 0.035664425616704284 
163 164 0.03566442587550837 
164 165 0.0356644254659012 
165 166 0.035664423839274 
166 167 0.03566442087845877 
167 168 0.0356644176443151 
168 169 0.035664417034895465 
169 170 0.03566442357204421 
170 171 0.035664441240386105 
171 172 0.03566446864831541 
172 173 0.035664492343128726 
173 174 0.03566448217172431 
174 175 0.03566439636726017 
175 176 0.035664205989353215 
176 177 0.035663943867244446 
177 178 0.03566376712770847 
178 179 0.03566399295212053 
179 180 0.035665031471693476 
180 181 0.035667122579595964 
181 182 0.03566983072880362 
182 183 0.035671411086270866 
183 184 0.03566844641521437 
184 185 0.03565650968342614 
185 186 0.03563282352975013 
186 187 0.03560158399146572 
187 188 0.03558126939386978 
188 189 0.03561043603004519 
189 190 0.035744323882104356 
190 191 0.03603055604595587 
191 192 0.03645247628906877 
192 193 0.036835800200786556 
193 194 0.03673253858220188 
194 195 0.03535775403012007 
195 196 0.03151464758476445 
196 197 0.02431622971358242 
197 198 0.014758206134834162 
