2 -0.9647293270910877 
3 0.9644752604475699 
4 -0.9644166304807968 
5 0.9644102760523787 
6 -0.9644097255721819 
7 0.9644096908307016 
8 -0.9644096956516407 
9 0.9644096976002029 
10 -0.9644096979975767 
11 0.9644096980622731 
12 -0.9644096980708221 
13 0.9644096980716711 
14 -0.9644096980717111 
15 0.9644096980717944 
16 -0.9644096980716865 
17 0.9644096980717151 
18 -0.9644096980717332 
19 0.9644096980717222 
20 -0.9644096980717132 
21 0.9644096980716064 
22 -0.9644096980717353 
23 0.9644096980717306 
24 -0.9644096980717214 
25 0.964409698071705 
26 -0.9644096980717796 
27 0.964409698071732 
28 -0.9644096980717316 
29 0.9644096980717293 
30 -0.9644096980717397 
31 0.9644096980717354 
32 -0.96440969807157 
33 0.964409698071479 
34 -0.9644096980716816 
35 0.9644096980717213 
36 -0.9644096980716822 
37 0.9644096980716901 
38 -0.9644096980717201 
39 0.9644096980717294 
40 -0.9644096980717313 
41 0.9644096980717187 
42 -0.9644096980717132 
43 0.9644096980717316 
44 -0.9644096980717282 
45 0.9644096980717796 
46 -0.9644096980722363 
47 0.9644096980713344 
48 -0.9644096980716289 
49 0.9644096980716967 
50 -0.9644096980717362 
51 0.9644096980717269 
52 -0.9644096980718248 
53 0.9644096980716224 
54 -0.9644096980716547 
55 0.9644096980715484 
56 -0.9644096980701622 
57 0.9644096980745397 
58 -0.9644096980722764 
59 0.9644096980718302 
60 -0.964409698071745 
61 0.9644096980717347 
62 -0.9644096980716739 
63 0.9644096980717215 
64 -0.9644096980717258 
65 0.9644096980717233 
66 -0.9644096980716885 
67 0.9644096980717434 
68 -0.9644096980718907 
69 0.9644096980714703 
70 -0.9644096980716771 
71 0.9644096980717182 
72 -0.9644096980717328 
73 0.9644096980717239 
74 -0.9644096980717299 
75 0.964409698071726 
76 -0.9644096980717319 
77 0.964409698071737 
78 -0.9644096980717295 
79 0.9644096980717027 
80 -0.9644096980716049 
81 0.9644096980728243 
82 -0.9644096980729561 
83 0.96440969806828 
84 -0.9644096980726703 
85 0.9644096980719044 
86 -0.9644096980717836 
87 0.9644096980724616 
88 -0.9644096980701115 
89 0.9644096980715711 
90 -0.9644096980717267 
91 0.964409698071706 
92 -0.9644096980717124 
93 0.9644096980717062 
94 -0.9644096980717226 
95 0.9644096980716874 
96 -0.9644096980721282 
97 0.9644096980720638 
98 -0.9644096980718037 
99 0.9644096980717639 
100 -0.9644096980717344 
101 0.964409698071729 
102 -0.9644096980717176 
103 0.9644096980717272 
104 -0.964409698071715 
105 0.9644096980716392 
106 -0.9644096980718114 
107 0.9644096980695309 
108 -0.9644096980549194 
109 0.9644096979760598 
110 -0.9644096976788912 
111 0.9644096973902897 
112 -0.9644097119753258 
113 0.9644098995553518 
114 -0.964411041157335 
115 0.9644233858990265 
116 -0.9645085980380006 
117 0.9642062861298204 
