2 3 0.03284907320676006 
3 4 0.032026609069361396 
4 5 0.032037425099670384 
5 6 0.03207467884517342 
6 7 0.032074437737611705 
7 8 0.03207344444878388 
8 9 0.032073430793986835 
9 10 0.03207346483793785 
10 11 0.03207346588058347 
11 12 0.03207346516103622 
12 13 0.03207346492420017 
13 14 0.03207346503331337 
14 15 0.03207346489169674 
15 16 0.03207346502563276 
16 17 0.03207346495126622 
17 18 0.0320734649730416 
18 19 0.032073465064353886 
19 20 0.03207346497413827 
20 21 0.0320734649728786 
21 22 0.03207346497939378 
22 23 0.032073464982488746 
23 24 0.032073464996990396 
24 25 0.03207346496635894 
25 26 0.032073464972933015 
26 27 0.0320734649732093 
27 28 0.03207346497615072 
28 29 0.03207346445952183 
29 30 0.03207346427679064 
30 31 0.03207346741253074 
31 32 0.032073464446513156 
32 33 0.03207346500312863 
33 34 0.03207346525600052 
34 35 0.03207346510602388 
35 36 0.03207346498454277 
36 37 0.03207346499090717 
37 38 0.03207346499973037 
38 39 0.03207346496304169 
39 40 0.032073464966323226 
40 41 0.032073464927199744 
41 42 0.032073464360584766 
42 43 0.032073465152415256 
43 44 0.032073464835290985 
44 45 0.032073464993562846 
45 46 0.03207346525286479 
46 47 0.03207346477418968 
47 48 0.032073465010198324 
48 49 0.032073464884670985 
49 50 0.03207346477107955 
50 51 0.0320734660814614 
51 52 0.03207346507978862 
52 53 0.032073464964112376 
53 54 0.03207346498333163 
54 55 0.032073464989136435 
55 56 0.03207346471066469 
56 57 0.03207346376170345 
57 58 0.03207346539545527 
58 59 0.03207346476204434 
59 60 0.03207346491071605 
60 61 0.03207346504776003 
61 62 0.032073465024872176 
62 63 0.03207346493934215 
63 64 0.032073465092007813 
64 65 0.032073465012379385 
65 66 0.03207346490087956 
66 67 0.03207346502150941 
67 68 0.03207346501655803 
68 69 0.032073464714112765 
69 70 0.0320734649826191 
70 71 0.032073464970815375 
71 72 0.03207346493004116 
72 73 0.03207346497316528 
73 74 0.03207346497003036 
74 75 0.032073464969071735 
75 76 0.03207346497229133 
76 77 0.03207346497477772 
77 78 0.03207346498351863 
78 79 0.032073464976614056 
79 80 0.03207346497284422 
80 81 0.03207346496574137 
81 82 0.03207346498865586 
82 83 0.03207346553181818 
83 84 0.032073465251268495 
84 85 0.03207346498948316 
85 86 0.03207346531727767 
86 87 0.032073464922976205 
87 88 0.03207346496096916 
88 89 0.032073464962039396 
89 90 0.032073465639376124 
90 91 0.03207346782276252 
91 92 0.03207346252036798 
92 93 0.03207346570881445 
93 94 0.03207346512478249 
94 95 0.0320734654987645 
95 96 0.03207346428634195 
96 97 0.03207346516685777 
97 98 0.03207346470487003 
98 99 0.032073464946504086 
99 100 0.03207346509224871 
100 101 0.03207346495731377 
101 102 0.03207346497215662 
102 103 0.032073464970726585 
103 104 0.03207346497688831 
104 105 0.03207346488115752 
105 106 0.032073464797124564 
106 107 0.03207346524017476 
107 108 0.03207346478410424 
108 109 0.03207346645893491 
109 110 0.0320734680862412 
110 111 0.03207341051098386 
111 112 0.03207333758138354 
112 113 0.032074827699944596 
113 114 0.032077874389232465 
114 115 0.0320330694237521 
115 116 0.03197127285786486 
116 117 0.03407701375238263 
117 118 0.03368584132772431 
