0.0 
117.73390891490531 
115.02895681870673 
114.00728321985115 
111.30791849465841 
110.62761091198385 
107.58660202889538 
106.88974790043201 
103.86528813813342 
103.16860119746933 
100.14397417893943 
99.4472956723719 
96.42266021761401 
95.72598142634719 
92.70134625634702 
92.0046674681036 
88.98003229508014 
88.28335350689638 
85.25871833381338 
84.56203954562464 
81.53740437254656 
80.84072558436425 
77.81609041127982 
77.1194116230932 
74.09477645001296 
73.39809766182577 
70.37346248874606 
69.67678370055894 
66.65214852747918 
65.95546973929193 
62.93083456621234 
62.23415577803121 
59.20952060494555 
58.51284181675918 
55.48820664367875 
54.791527855491246 
51.766892682412 
51.070213894226576 
48.04557872114521 
47.348899932958005 
44.32426475987839 
43.62758597168888 
40.60295079861159 
39.906272010424395 
36.88163683734481 
36.18495804915752 
33.16032287607799 
32.463644087891005 
29.439008914811172 
28.7423301266239 
25.717694953544385 
25.021016165357125 
21.996380992277597 
21.299702204084912 
18.27506703101084 
17.57838824282369 
14.553753069744056 
13.857074281556798 
10.832439108477281 
10.13576032028884 
7.111125147210531 
6.414446359023252 
3.389811185943773 
2.693132397756533 
-0.3315027753229752 
-1.0281815635102114 
-4.0528167365897145 
-4.7494955247769655 
-7.774130697856447 
-8.470809486043681 
-11.495444659123171 
-12.192123447310419 
-15.216758620389896 
-15.913437408577158 
-18.93807258165661 
-19.634751369843816 
-22.65938654292332 
-23.356065331110525 
-26.380700504190006 
-27.077379292377252 
-30.1020144654567 
-30.798693253644142 
-33.823328426723414 
-34.52000721491542 
-37.5446423879901 
-38.241321176177216 
-41.26595634925681 
-41.96263513744399 
-44.98727031052346 
-45.68394909871185 
-48.708584271790194 
-49.4052630599772 
-52.429898233056946 
-53.12657702123715 
-56.15121219432369 
-56.84789098251106 
-59.8725261555903 
-60.56920494377749 
-63.593840116856924 
-64.29051890503574 
-67.31515407812365 
-68.01183286631074 
-71.03646803939041 
-71.73314682757773 
-74.7577820006572 
-75.45446078883872 
-78.47909596192387 
-79.1757747500829 
-82.20040992319052 
-82.89708871137874 
-85.92172388445725 
-86.6184026726453 
-89.64303784572405 
-90.339716633912 
-93.3643518069908 
-94.06103059518226 
-97.08566576825733 
-97.78234455644441 
-100.80697972952402 
-101.50365851771086 
-104.5282936907907 
-105.22497247897769 
-108.2496076520573 
-108.94628644024407 
-111.9709216133239 
-112.66760040149013 
-115.69223557459071 
-116.38891436277834 
-119.41354953585751 
-120.11022832404979 
-123.13486349712427 
-123.83154228531143 
-126.85617745839107 
-127.55285624657235 
-130.57749141965772 
-131.27417020784637 
-134.29880538092468 
-134.99548416911014 
-138.02011934219135 
-138.71679813037073 
-141.74143330345814 
-142.43811209166597 
-145.46274726472492 
-146.15942605312182 
-149.18406122599166 
-149.88074001417542 
-152.90537518725833 
-153.60205397543476 
-156.6266891485252 
-157.3233679367536 
-160.34800310979205 
-161.0446818980238 
-164.06931707105886 
-164.76599585911038 
-167.79063103232565 
-168.4873098205429 
-171.51194499359244 
-172.20862378177904 
-175.23325895485905 
-175.92993774304645 
-178.95457291612607 
-179.65125170431335 
-182.6758868773929 
-183.37256566558742 
-186.3972008386598 
-187.09387962684707 
-190.11851479992657 
-190.81519358811866 
-193.83982876119347 
-194.53650754937965 
-197.5611427224609 
-198.25782151064922 
-201.28245668372546 
-201.9791354718884 
-205.00377064486514 
-205.70044943238113 
-208.725084603809 
-209.4217633851401 
-212.4463985313432 
-213.14307722806194 
-216.16771205042897 
-216.86438968304313 
-219.88902054286928 
-220.58568536890337 
-223.61026934543034 
-224.30678438917553 
-227.33082634293226 
-228.02562259508355 
-231.0434827686647 
-231.71873842812732 
-234.66606894917874 
-235.1224937124746 
-237.26118520965193 
-237.94258598998 
-238.69371350505938 
-241.98973120460914 
-242.75923529674387 
-242.82955778377436 
-242.8298331272818 
-242.85269556573007 
-242.87895825138398 
-242.8789933124545 
-242.89555832664132 
-242.89562373406147 
-242.90632772066002 
-242.90638722478516 
-242.9136289304791 
-242.91367909270224 
-242.9187332941969 
-242.91877475742803 
-242.92237735057742 
-242.92241153269717 
-242.92501617548595 
-242.9250445191779 
-242.92694536414376 
-242.9269691270119 
-242.9283644032364 
-242.92838461685687 
-242.92941191739027 
-242.929429403389 
-242.93018643540907 
-242.93020183798674 
-242.93075922101536 
-242.9307730407491 
-242.9311825120524 
-242.93119513572003 
-242.9314949770524 
-242.93150670217938 
-242.9317254228754 
-242.9317364772813 
-242.93189537265337 
-242.93190592979562 
-242.93202090108898 
-242.93203109210233 
-242.93211397499212 
-242.93212389820397 
-242.93218345636626 
-242.93219318486166 
-242.93223586674554 
-242.9322454543866 
-242.93227597446483 
-242.93228546064222 
-242.9323072452607 
-242.93231665859219 
-242.93233218524426 
-242.93234154641112 
-242.93235259906388 
-242.93236192294913 
-242.93236974033212 
-242.93237903691994 
-242.93238452865677 
-242.9323938059608 
-242.93239765704365 
-242.93240692074556 
-242.93240961555307 
-242.93241886967758 
-242.9324207513862 
-242.93242999878464 
-242.93243131008427 
-242.93244055276693 
-242.93244146458977 
-242.93245070397217 
-242.93245133672502 
-242.93246057380378 
-242.93246101236372 
-242.93247024784253 
-242.93247055212152 
-242.93247978649694 
-242.93247999880677 
-242.93248923242933 
-242.93248938259669 
-242.9324986157127 
-242.93249872464625 
-242.93250795742733 
-242.93250803960368 
-242.93251727216804 
-242.93251733711364 
-242.93252656954186 
-242.93252662367766 
-242.93253585601008 
-242.93253590376924 
-242.93254513605288 
-242.93254518046803 
-242.93255441272396 
-242.9325544558119 
-242.93256368805888 
-242.932563730891 
-242.93257296314243 
-242.93257300596818 
-242.93258223821854 
-242.9325822810439 
-242.93259151329454 
-242.93259155612003 
-242.93260078837045 
-242.93260083119577 
-242.9326100634462 
-242.9326101062717 
-242.93261933852233 
-242.93261938134808 
-242.93262861359835 
-242.93262865642384 
-242.9326378886741 
-242.9326379314995 
-242.9326471637499 
-242.93264720657533 
-242.93265643882583 
-242.93265648165132 
-242.93266571390168 
-242.9326657567272 
-242.93267498897768 
-242.9326750318033 
-242.9326842640537 
-242.9326843068792 
-242.9326935391296 
-242.9326935819551 
-242.9327028142056 
-242.93270285703122 
-242.9327120892816 
-242.93271213210713 
-242.93272136435752 
-242.93272140718312 
-242.93273063943332 
-242.93273068225878 
-242.93273991450928 
-242.93273995733475 
-242.9327491895852 
-242.93274923241077 
-242.93275846466142 
-242.9327585074871 
-242.9327677397376 
-242.93276778256316 
-242.93277701481355 
-242.9327770576391 
-242.93278628988958 
-242.93278633271504 
-242.93279556496532 
-242.93279560779104 
-242.93280484004134 
-242.93280488286678 
-242.9328141151172 
-242.93281415794274 
-242.93282339019336 
-242.93282343301883 
-242.9328326652693 
-242.93283270809488 
-242.93284194034538 
-242.93284198317093 
-242.93285121542152 
-242.93285125824707 
-242.9328604904971 
-242.93286053332272 
-242.93286976557312 
-242.9328698083985 
-242.93287904064908 
-242.93287908347452 
-242.93288831572488 
-242.93288835855034 
-242.93289759080056 
-242.93289763362588 
-242.93290686587605 
-242.9329069087015 
-242.932916140952 
-242.93291618377762 
-242.93292541602798 
-242.9329254588533 
-242.93293469110392 
-242.9329347339293 
-242.93294396617995 
-242.93294400900555 
-242.93295324125603 
-242.93295328408175 
-242.93296251633177 
-242.9329625591571 
-242.9329717914075 
-242.93297183423311 
-242.93298106648342 
-242.9329811093087 
-242.9329903415592 
-242.93299038438474 
-242.93299961663513 
-242.93299965946062 
-242.93300889165528 
-242.93300893447966 
-242.93301816944623 
-242.93301821230548 
-242.93302744276002 
-242.9330274856665 
-242.93303334681627 
-242.933033376715 
-242.933526229305 
-242.9335262319313 
-242.93352623190444 
-243.9641005081658 
-244.0001203079447 
-244.06548645085513 
-244.07147965752793 
-244.07871718710987 
-244.08795550634645 
-244.09488060308882 
-244.10079970759023 
-244.10533780255136 
-244.10935031318724 
-244.11248433962047 
-244.11530048122853 
-244.1175300410173 
-244.11955645068224 
-244.12117610702603 
-244.12266009925844 
-244.12385424666823 
-244.12495466767754 
-244.12584442127047 
-244.126667714821 
-244.12733568526966 
-244.12795555534518 
-244.12845971286364 
-244.1289285308517 
-244.12931048779788 
-244.12966618446586 
-244.12995632719364 
-244.13022679166207 
-244.13044759179743 
-244.13065355567676 
-244.1308217866825 
-244.1309787964703 
-244.13110708689348 
-244.13122684750957 
-244.13132472817682 
-244.13141611723614 
-244.13149081966884 
-244.13156057449362 
-244.13161759651268 
-244.13167084204008 
-244.13171436873685 
-244.13175501341112 
-244.13178823594217 
-244.13181925763536 
-244.13184461089492 
-244.13186828152874 
-244.13188762553312 
-244.13190568198797 
-244.13192043466347 
-244.13193420162787 
-244.13194544675048 
-244.13195593698683 
-244.13196450244558 
-244.13197248941205 
-244.13197900779176 
-244.13198505001287 
-244.1319899278577 
-244.13199442512803 
-244.13199805390886 
-244.13200139765118 
-244.13200409416964 
-244.13200657755627 
-244.13200857920577 
-244.13201042166702 
-244.13201190590064 
-244.13201327126703 
-244.1320143700999 
-244.13201537528587 
-244.1320161746231 
-244.13201690087766 
-244.13201747849038 
-244.13201800320246 
-244.1320184204761 
-244.13201879948903 
-244.13201910088347 
-244.13201937461048 
-244.1320195922342 
-244.13201978995218 
-244.1320199469539 
-244.13202008959027 
-244.13202020295017 
-244.13202030585163 
-244.13202038761037 
-244.13202046180473 
-244.13202052073336 
-244.13202057418687 
-244.13202061662207 
-244.13202065509398 
-244.13202068561577 
-244.1320207132653 
-244.1320207351818 
-244.13202075501528 
-244.13202077071756 
-244.13202078490724 
-244.1320207961224 
-244.13202080623915 
-244.13202081421775 
-244.13202082139563 
-244.13202082704044 
-244.13202083210206 
-244.13202083606717 
-244.13202083960698 
-244.13202084231622 
-244.13202084464615 
-244.13202084639394 
-244.132020847928 
-244.13202086050188 
-245.5425742767872 
-245.8686104782702 
-246.06817646724556 
-246.1074025831415 
-246.15817169445606 
-246.169135480555 
-246.18904641686098 
-246.19366891343213 
-246.20353252367977 
-246.20537281145653 
-246.2109030115011 
-246.2119402892273 
-246.21390769846775 
-246.21452224827803 
-246.2158611565187 
-246.21623713469845 
-246.21714665771182 
-246.21738317800873 
-246.21799973524583 
-246.21815223283187 
-246.21857255665088 
-246.2186729979166 
-246.21896140047954 
-246.21902877397213 
-246.21922835301487 
-246.21927425811103 
-246.21941349804055 
-246.21944520979247 
-246.21954324680559 
-246.21956543011916 
-246.21963511792853 
-246.219650839187 
-246.2197009436269 
-246.21971224276132 
-246.21974877265538 
-246.21975662836226 
-246.21978368965736 
-246.21978942232766 
-246.2198098535297 
-246.2198140857255 
-246.2198282230441 
-246.2198314178395 
-246.21984229118158 
-246.2198447412 
-246.21985323484637 
-246.21985514706762 
-246.21986187685616 
-246.2198633966271 
-246.21986878902203 
-246.21987001743722 
-246.21987436792529 
-246.21987537452884 
-246.2198788912216 
-246.21987972349015 
-246.21988255909162 
-246.21988324970908 
-246.21988552342933 
-246.21988609543357 
-246.2198879060996 
-246.2198883772152 
-246.2198898096651 
-246.21989019451414 
-246.21989132187645 
-246.21989163339896 
-246.2198925176651 
-246.2198927674731 
-246.21989345991597 
-246.2198936585352 
-246.21989420051227 
-246.2198943571418 
-246.21989478126602 
-246.21989490373315 
-246.21989523520648 
-246.21989532998117 
-246.2198955879022 
-246.21989566018047 
-246.21989585872547 
-246.21989591259617 
-246.2198960620737 
-246.2198961007245 
-246.21989620856212 
-246.219896234521 
-246.21989630630827 
-246.21989632174635 
-246.2198963623789 
-246.2198963695873 
-246.21989638415255 
-246.21989638417546 
-246.21989638424253 
-246.2198963842414 
-246.21989638424233 
-246.2198963842425 
-246.2198963842431 
-246.21989638424304 
-246.21989638424304 
-246.21989638424327 
-246.21989638424333 
-246.21989638424316 
-246.21989638424307 
-246.21989638424316 
-246.2198963842431 
-246.21989638424307 
-246.2198963842432 
-246.21989638424327 
-246.21989638424324 
-246.21989638424304 
-246.219896384243 
-246.21989638424307 
-246.21989638424304 
-246.219896384243 
-246.21989638424267 
-246.21989638424287 
-246.21989638424284 
-246.21989638424301 
-246.21989638424319 
-246.2198963842431 
-246.21989638424316 
-246.21989638424327 
-246.21989638424327 
-246.21989638424347 
-246.21989638424373 
-246.219896384244 
-246.21989638424435 
-246.21989638424475 
-246.21989638424535 
-246.21989638424614 
-246.21989638424674 
-246.2198963842476 
-246.21989638424841 
-246.21989638424927 
-246.21989638425032 
-246.21989638425157 
-246.219896384253 
-246.21989638425455 
-246.21989638425623 
-246.21989638425828 
-246.21989638425993 
-246.21989638426226 
-246.2198963842642 
-246.21989638426666 
-246.21989638426865 
-246.219896384271 
-246.21989638427263 
-246.2198963843851 
-246.21989638438657 
-246.2198963846455 
-246.2198963848979 
-246.2198963851607 
-246.21989638541336 
-246.21989638568172 
-246.21989638593507 
-246.21989638621395 
-246.21989638646778 
-246.2198963867667 
-246.21989638702186 
-246.219896387359 
-246.21989638762088 
-246.21989638778487 
-246.21989638805138 
-246.2198963882547 
-246.2198963883991 
-246.21989638866003 
-246.2198963888121 
-246.21989638917316 
-246.21989638933715 
-246.2198963898437 
-246.2198963900298 
-246.2198963907336 
-246.2198963909573 
-246.21989639558637 
-246.2198963959299 
-246.21989639628268 
-246.2198964003464 
-246.21989640101287 
-246.21989640142854 
-246.21989640324324 
-246.21989640488584 
-246.2198964083822 
-246.21989640840053 
-246.21989771477513 
-246.22035750805384 
-246.2208009083438 
-246.22121871579026 
-246.22162004164576 
-246.2220193808825 
-246.2220952626937 
-246.2221565346631 
-246.22220997972167 
-246.22225331793703 
-246.22229129399366 
-246.2223222101178 
-246.22234941279467 
-246.22237163921008 
-246.2223912668564 
-246.22240736517847 
-246.22242163225735 
-246.22243338277508 
-246.2224438377534 
-246.22245248859974 
-246.22246022129298 
-246.22246665457985 
-246.22247243560565 
-246.2224772782608 
-246.22248165810777 
-246.22248535759582 
-246.22248872961282 
-246.22249160629022 
-246.2224942523487 
-246.22249653488353 
-246.2224986576547 
-246.2225005134386 
-246.22250230269958 
-246.22250385009121 
-246.2225053226178 
-246.22250664664693 
-246.22250792179284 
-246.2225090838133 
-246.2225102158471 
-246.22251126114645 
-246.22251229623186 
-246.2225128379402 
-246.22251336775867 
-246.22251385547537 
-246.22251433637007 
-246.22251478261254 
-246.2225152259058 
-246.22251564006993 
-246.22251605415047 
-246.2225164429639 
-246.2225168336439 
-246.22251720156527 
-246.22251757327712 
-246.2225176041629 
-246.22251763311482 
-246.22251765804464 
-246.22251768159103 
-246.22251770196715 
-246.22251772136872 
-246.2225177383728 
-246.2225177546682 
-246.22251776887137 
-246.22251778263137 
-246.22251779474362 
-246.22251780659346 
-246.2225178171422 
-246.22251782749444 
-246.22251783670936 
-246.2225178458664 
-246.22251785406064 
-246.22251786224405 
-246.22251786959782 
-246.22251787697112 
-246.22251788360714 
-246.22251789028505 
-246.22251789630567 
-246.2225179023631 
-246.2225179078319 
-246.22251791332965 
-246.22251791829234 
-246.2225179232637 
-246.22251792775378 
-246.2225179322412 
-246.22251793628598 
-246.22251794032374 
-246.2225179439452 
-246.22251794753032 
-246.2225179507483 
-246.22251795391452 
-246.22251795674094 
-246.2225179595018 
-246.2225179619515 
-246.2225179643171 
-246.222517966388 
-246.22251796835192 
-246.22251797003662 
-246.22251797158972 
-246.22251797287203 
-246.22251797399468 
-246.22251797485285 
-246.2225179755244 
-246.22251797595715 
-246.22251797621522 
-246.22251797636812 
-246.22251797636696 
-246.22251797647493 
-246.22251797647414 
-246.22251797647476 
-246.22251797647485 
-246.22251797647544 
-246.22251797647544 
-246.22251797647542 
-246.22251797647561 
-246.22251797647561 
-246.22251797647544 
-246.22251797647533 
-246.22251797647513 
-246.22251797647502 
-246.22251797647488 
-246.22251797647468 
-246.22251797647476 
-246.22251797647462 
-246.22251797647476 
-246.22251797647476 
-246.22251797647465 
-246.22251797647448 
-246.22251797647442 
-246.22251797647425 
-246.22251797647408 
-246.22251797647414 
-246.22251797647408 
-246.22251797647414 
-246.22251797647442 
-246.2225179764743 
-246.22251797647408 
-246.22251797647394 
-246.222517976474 
-246.22251797647405 
-246.22251797647408 
-246.22251797647382 
-246.22251797647414 
-246.2225179764739 
-246.2225179764741 
-246.22251797647422 
-246.22251797647417 
-246.22251797647436 
-246.22251797647425 
-246.22251797647425 
-246.22251797647414 
-246.22251797647402 
-246.22251797647408 
-246.2225179764739 
-246.222517976474 
-246.2225179764738 
-246.2225179764738 
-246.2225179764739 
-246.2225179764738 
-246.2225179764737 
-246.22251797647354 
-246.22251797647345 
-246.22251797647345 
-246.2225179764739 
-246.22251797647456 
-246.22251797647533 
-246.22251797647627 
-246.22251797647718 
-246.2225179764778 
-246.22251797647885 
-246.2225179764797 
-246.22251797648082 
-246.22251797648227 
-246.22251797648312 
-246.22251797648389 
-246.2225179767361 
-246.22251797698829 
-246.22251797724073 
-246.2225179774929 
-246.2225179777452 
-246.22251797799782 
-246.2225179782504 
-246.22251797850288 
-246.22251797875546 
-246.22251797900816 
-246.22251797926137 
-246.22251797951435 
-246.22251797976733 
-246.2225179800205 
-246.22251798027392 
-246.2225179805274 
-246.2225179807811 
-246.2225179810351 
-246.22251798128968 
-246.22251798154414 
-246.2225179817997 
-246.222517982055 
-246.22251798231193 
-246.22251798256923 
-246.22251798282812 
-246.22251798308838 
-246.22251798335083 
-246.2225179836154 
-246.2225179838843 
-246.22251798415692 
-246.2225179844373 
-246.22251798472436 
-246.22251798502577 
-246.2225179853392 
-246.2225179856765 
-246.22251798792394 
-246.22251799024502 
-246.2225179926073 
-246.222517995043 
-246.2225179975576 
-246.2225179978649 
-246.22251799786514 
-246.22251799786505 
-246.22251799786514 
-246.22251799786517 
-246.22251799786522 
-246.22251799786517 
-246.2225179978653 
-246.2225179978653 
-246.22251799786528 
-246.2225179978651 
-246.22251799786483 
-246.22251799786474 
-246.22251799786474 
-246.22251799786463 
-246.22251799786466 
-246.22251799786451 
-246.2225179978645 
-246.22251799786466 
-246.2225179978647 
-246.2225179978647 
-246.22251799786488 
-246.22251799786483 
-246.22251799786483 
-246.2225179978647 
-246.22251799786488 
-246.2225179978649 
-246.222517997865 
-246.22251799786508 
-246.22251799786505 
-246.2225179978651 
-246.22251799786494 
-246.2225179978649 
-246.22251799786488 
-246.22251799786488 
-246.2225179978647 
-246.2225179978648 
-246.222517997865 
-246.2225179978649 
-246.22251799786483 
-246.22251799786494 
-246.22251799786497 
-246.22251799786497 
-246.2225179978649 
-246.22251799786514 
-246.22251799786508 
-246.22251799786494 
-246.2225179978651 
-246.2225179978652 
-246.22251799786505 
-246.22251799786522 
-246.22251799786514 
-246.22251799786503 
-246.22251799786474 
-246.2225179978648 
-246.22251799786474 
-246.22251799786477 
-246.22251799786488 
-246.22251799786466 
-246.22251799786457 
-246.22251799786454 
-246.22251799786483 
-246.22251799786486 
-246.22251799786486 
-246.2225179978649 
-246.22251799786483 
-246.22251799786488 
-246.22251799786486 
-246.2225179978648 
-246.22251799786505 
-246.2225179978654 
-246.22251799786545 
-246.22251799786562 
-246.22251799786574 
-246.2225179978655 
-246.22251799786557 
-246.2225179978656 
-246.22251799786557 
-246.22251799786568 
-246.22251799786574 
-246.22251799786562 
-246.22251799786545 
-246.2225179978655 
-246.22251799786542 
-246.22251799786534 
-246.22251799786522 
-246.2225179978653 
-246.22251799786477 
-246.22251799786468 
-246.22251799786417 
-246.22251799786466 
-246.2225179978647 
-246.22251799786525 
-246.22251799786514 
-246.22251799786522 
-246.2225179978652 
-246.22251799786517 
-246.22251799786522 
-246.2225179978654 
-246.22251799786545 
-246.2225179978654 
-246.22251799786528 
-246.22251799786514 
-246.22251799786494 
-246.22251799786483 
-246.22251799786505 
-246.22251799786494 
-246.2225179978648 
-246.22251799786477 
-246.22251799786454 
-246.22251799786437 
-246.22251799786454 
-246.2225179978647 
-246.22251799786457 
-246.22251799786477 
-246.22251799786488 
-246.2225179978648 
-246.2225179978647 
-246.22251799786443 
-246.22251799786446 
-246.2225179978646 
-246.22251799786468 
-246.2225179978646 
-246.22251799786451 
-246.22251799786454 
-246.22251799786454 
-246.22251799786488 
-246.22251799786483 
-246.22251799786488 
-246.22251799786486 
-246.22251799786474 
-246.22251799786454 
-246.22251799786451 
-246.22251799786443 
-246.22251799786451 
-246.22251799786414 
-246.2225179978642 
-246.22251799786426 
-246.22251799786417 
-246.22251799786406 
-246.22251799786406 
-246.22251799786414 
-246.22251799786406 
-246.22251799786403 
-246.22251799786403 
-246.22251799786412 
-246.222517997864 
-246.22251799786417 
-246.22251799786443 
-246.2225179978645 
-246.22251799786434 
-246.22251799786426 
-246.22251799786426 
-246.2225179978642 
-246.22251799786406 
-246.22251799786423 
-246.22251799786437 
-246.22251799786451 
-246.22251799786432 
-246.22251799786417 
-246.22251799786403 
-246.22251799786395 
-246.22251799786406 
-246.22251799786395 
-246.22251799786403 
-246.22251799786406 
-246.22251799786403 
-246.2225179978639 
-246.22251799786386 
-246.2225179978641 
-246.22251799786406 
-246.22251799786397 
-246.22251799786392 
-246.22251799786386 
-246.22251799786386 
-246.22251799786386 
-246.2225179978639 
-246.2225179978637 
-246.2225179978636 
-246.22251799786372 
-246.22251799786386 
-246.2225179978639 
-246.22251799786392 
-246.2225179978635 
-246.22251799786352 
-246.22251799786346 
-246.2225179978632 
-246.22251799786326 
-246.22251799786326 
-246.22251799786355 
-246.22251799786358 
-246.22251799786383 
-246.22251799786395 
-246.22251799786392 
-246.22251799786378 
-246.2225179978639 
-246.22251799786363 
-246.2225179978635 
-246.22251799786363 
-246.22251799786346 
-246.2225179978636 
-246.22251799786352 
-246.22251799786343 
-246.22251799786352 
-246.22251799786343 
-246.2225179978634 
-246.2225179978634 
-246.22251799786352 
-246.2225179978635 
-246.2225179978633 
-246.22251799786324 
-246.2225179978634 
-246.22251799786355 
-246.22251799786378 
-246.2225179978637 
-246.22251799786386 
-246.2225179978641 
-246.22251799786414 
-246.22251799786426 
-246.22251799786412 
-246.22251799786414 
-246.2225179978643 
-246.22251799786403 
-246.2225179978639 
-246.22251799786395 
-246.22251799786383 
-246.2225179978641 
-246.2225179978642 
-246.22251799786432 
-246.22251799786437 
-246.2225179978644 
-246.22251799786437 
-246.22251799786437 
-246.2225179978645 
-246.2225179978647 
-246.22251799786483 
-246.22251799786483 
-246.22251799786477 
-246.2225179978647 
-246.22251799786488 
-246.22251799786488 
-246.22251799786503 
-246.2225179978651 
-246.22251799786505 
-246.22251799786505 
-246.22251799786494 
-246.22251799786514 
-246.2225179978649 
-246.2225179978649 
-246.22251799786477 
-246.2225179978647 
-246.22251799786483 
-246.22251799786466 
-246.22251799786477 
-246.22251799786486 
-246.22251799786483 
-246.22251799786477 
-246.22251799786486 
-246.22251799786508 
-246.22251799786508 
-246.22251799786494 
-246.22251799786488 
-246.222517997865 
-246.22251799786477 
-246.2225179978647 
-246.22251799786488 
-246.2225179978648 
-246.22251799786477 
-246.22251799786488 
-246.22251799786494 
-246.2225179978648 
-246.22251799786477 
-246.22251799786486 
-246.22251799786514 
-246.22251799786528 
-246.22251799786528 
-246.22251799786557 
-246.22251799786557 
-246.2225179978656 
-246.2225179978657 
-246.2225179978653 
-246.2225179978654 
-246.22251799786562 
-246.22251799786483 
-246.22251799786488 
-246.2225179978642 
-246.22251799786514 
-246.2225179978652 
-246.22251799786585 
-246.22251799786585 
-246.222517997866 
-246.22251799786605 
-246.22251799786596 
-246.22251799786594 
-246.22251799786596 
-246.22251799786576 
-246.22251799786565 
-246.2225179978656 
-246.22251799786557 
-246.22251799786542 
-246.22251799786542 
-246.22251799786562 
-246.22251799786557 
-246.2225179978656 
-246.22251799786568 
-246.22251799786574 
-246.22251799786574 
-246.22251799786585 
-246.222517997866 
-246.22251799786585 
-246.22251799786596 
-246.22251799786594 
-246.22251799786608 
-246.22251799786613 
-246.22251799786605 
-246.2225179978661 
-246.22251799786616 
-246.22251799786605 
-246.2225179978659 
-246.22251799786568 
-246.2225179978658 
-246.22251799786568 
-246.22251799786608 
-246.2225179978662 
-246.22251799786633 
-246.2225179978662 
-246.22251799786648 
-246.22251799786648 
-246.22251799786633 
-246.22251799786633 
-246.22251799786625 
-246.2225179978665 
-246.2225179978663 
-246.2225179978664 
-246.22251799786653 
-246.22251799786648 
-246.22251799786642 
-246.22251799786642 
-246.22251799786625 
-246.2225179978663 
-246.22251799786656 
-246.22251799786645 
-246.22251799786648 
-246.22251799786656 
-246.2225179978666 
-246.22251799786653 
-246.22251799786667 
-246.22251799786693 
-246.22251799786693 
-246.2225179978671 
-246.22251799786693 
-246.22251799786687 
-246.22251799786696 
-246.22251799786673 
-246.22251799786665 
-246.22251799786665 
-246.22251799786667 
-246.22251799786687 
-246.22251799786704 
-246.22251799786724 
-246.22251799786724 
-246.22251799786733 
-246.22251799786721 
-246.222517997867 
-246.22251799786704 
-246.22251799786721 
-246.2225179978674 
-246.22251799786739 
-246.22251799786739 
-246.22251799786756 
-246.22251799786736 
-246.22251799786739 
-246.22251799786756 
-246.2225179978675 
-246.2225179978675 
-246.22251799786739 
-246.22251799786736 
-246.22251799786733 
-246.22251799786758 
-246.22251799786756 
-246.22251799786733 
-246.22251799786747 
-246.22251799786744 
-246.22251799786756 
-246.22251799786753 
-246.22251799786773 
-246.22251799786767 
-246.22251799786767 
-246.22251799786784 
-246.22251799786775 
-246.2225179978679 
-246.22251799786787 
-246.22251799786775 
-246.22251799786778 
-246.22251799786787 
-246.22251799786784 
-246.22251799786758 
-246.22251799786756 
-246.22251799786756 
-246.2225179978675 
-246.22251799786764 
-246.2225179978677 
-246.22251799786764 
-246.2225179978677 
-246.22251799786775 
-246.2225179978678 
-246.22251799786798 
-246.22251799786773 
-246.22251799786784 
-246.22251799786795 
-246.22251799786807 
-246.22251799786827 
-246.22251799786824 
-246.22251799786827 
-246.22251799786815 
-246.222517997868 
-246.2225179978678 
-246.22251799786778 
-246.22251799786756 
-246.22251799786767 
-246.22251799786767 
-246.22251799786775 
-246.22251799786795 
-246.22251799786798 
-246.222517997868 
-246.2225179978679 
-246.22251799786793 
-246.22251799786787 
-246.22251799786795 
-246.22251799786778 
-246.22251799786773 
-246.2225179978676 
-246.22251799786753 
-246.22251799786739 
-246.22251799786736 
-246.2225179978675 
-246.22251799786733 
-246.2225179978673 
-246.22251799786739 
-246.22251799786744 
-246.22251799786753 
-246.22251799786744 
-246.2225179978676 
-246.2225179978676 
-246.22251799786758 
-246.22251799786758 
-246.2225179978677 
-246.2225179978677 
-246.22251799786767 
-246.22251799786778 
-246.2225179978679 
-246.22251799786795 
-246.2225179978679 
-246.22251799786812 
-246.22251799786824 
-246.22251799786818 
-246.22251799786807 
-246.22251799786812 
-246.22251799786818 
-246.22251799786798 
-246.22251799786787 
-246.2225179978679 
-246.22251799786804 
-246.22251799786807 
-246.22251799786795 
-246.22251799786804 
-246.22251799786795 
-246.22251799786804 
-246.22251799786793 
-246.22251799786798 
-246.2225179978681 
-246.22251799786838 
-246.2225179978684 
-246.22251799786847 
-246.22251799786812 
-246.2225179978683 
-246.22251799786812 
-246.22251799786812 
-246.2225179978683 
-246.22251799786773 
-246.22251799786778 
-246.22251799786696 
-246.22251799786778 
-246.22251799786784 
-246.22251799786838 
-246.22251799786832 
-246.22251799786838 
-246.22251799786844 
-246.22251799786835 
-246.22251799786858 
-246.22251799786844 
-246.22251799786847 
-246.2225179978682 
-246.22251799786815 
-246.22251799786815 
-246.22251799786835 
-246.22251799786827 
-246.2225179978683 
-246.22251799786807 
-246.22251799786798 
-246.22251799786798 
-246.22251799786807 
-246.22251799786812 
-246.22251799786787 
-246.22251799786793 
-246.22251799786784 
-246.22251799786767 
-246.22251799786773 
-246.2225179978677 
-246.2225179978676 
-246.22251799786753 
-246.22251799786756 
-246.22251799786756 
-246.22251799786744 
-246.2225179978676 
-246.2225179978675 
-246.22251799786744 
-246.22251799786716 
-246.222517997867 
-246.22251799786716 
-246.2225179978672 
-246.22251799786716 
-246.22251799786739 
-246.2225179978674 
-246.22251799786747 
-246.22251799786724 
-246.22251799786739 
-246.22251799786756 
-246.2225179978675 
-246.2225179978676 
-246.22251799786778 
-246.22251799786784 
-246.22251799786793 
-246.22251799786812 
-246.22251799786815 
-246.22251799786804 
-246.222517997868 
-246.22251799786795 
-246.222517997868 
-246.22251799786787 
-246.22251799786778 
-246.22251799786767 
-246.22251799786758 
-246.22251799786758 
-246.22251799786753 
-246.2225179978676 
-246.22251799786767 
-246.22251799786778 
-246.2225179978679 
-246.2225179978679 
-246.2225179978679 
-246.22251799786753 
-246.22251799786758 
-246.22251799786756 
-246.22251799786747 
-246.22251799786713 
-246.22251799786727 
-246.22251799786707 
-246.2225179978671 
-246.22251799786721 
-246.22251799786716 
-246.22251799786721 
-246.22251799786707 
-246.22251799786687 
-246.22251799786676 
-246.22251799786693 
-246.22251799786685 
-246.22251799786704 
-246.222517997867 
-246.22251799786713 
-246.22251799786704 
-246.22251799786716 
-246.22251799786716 
-246.2225179978671 
-246.22251799786721 
-246.22251799786713 
-246.2225179978672 
-246.22251799786713 
-246.22251799786693 
-246.22251799786702 
-246.22251799786653 
-246.22251799786665 
-246.22251799786665 
-246.22251799786682 
-246.22251799786665 
-246.22251799786648 
-246.22251799786653 
-246.2225179978665 
-246.2225179978666 
-246.22251799786665 
-246.22251799786645 
-246.22251799786648 
-246.2225179978663 
-246.22251799786653 
-246.22251799786645 
-246.22251799786645 
-246.22251799786642 
-246.22251799786628 
-246.22251799786613 
-246.22251799786588 
-246.22251799786596 
-246.22251799786625 
-246.2225179978661 
-246.22251799786616 
-246.222517997866 
-246.22251799786568 
-246.2225179978655 
-246.22251799786562 
-246.2225179978655 
-246.22251799786588 
-246.22251799786585 
-246.22251799786585 
-246.22251799786582 
-246.22251799786585 
-246.22251799786574 
-246.2225179978657 
-246.2225179978656 
-246.2225179978655 
-246.22251799786545 
-246.2225179978654 
-246.22251799786537 
-246.2225179978652 
-246.22251799786534 
-246.22251799786503 
-246.22251799786505 
-246.22251799786522 
-246.22251799786505 
-246.22251799786494 
-246.222517997865 
-246.2225179978649 
-246.22251799786477 
-246.22251799786477 
-246.22251799786468 
-246.22251799786466 
-246.22251799786454 
-246.22251799786454 
-246.2225179978645 
-246.22251799786446 
-246.2225179978645 
-246.2225179978642 
-246.2225179978642 
-246.2225179978639 
-246.22251799786397 
-246.2225179978638 
-246.22251799786403 
-246.2225179978641 
-246.2225179978642 
-246.22251799786426 
-246.22251799786437 
-246.2225179978644 
-246.22251799786426 
-246.22251799786423 
-246.22251799786437 
-246.2225179978643 
-246.22251799786443 
-246.22251799786432 
-246.2225179978643 
-246.22251799786426 
-246.22251799786432 
-246.22251799786432 
-246.22251799786443 
-246.22251799786443 
-246.22251799786426 
-246.22251799786417 
-246.22251799786426 
-246.2225179978643 
-246.22251799786426 
-246.22251799786426 
-246.22251799786437 
-246.22251799786443 
-246.2225179978646 
-246.2225179978647 
-246.2225179978648 
-246.2225179978647 
-246.22251799786466 
-246.22251799786397 
-246.22251799786375 
-246.22251799786298 
-246.2225179978637 
-246.22251799786386 
-246.22251799786432 
-246.22251799786437 
-246.22251799786468 
-246.22251799786466 
-246.2225179978647 
-246.22251799786454 
-246.2225179978645 
-246.22251799786443 
-246.22251799786486 
-246.2225179978649 
-246.2225179978649 
-246.2225179978647 
-246.22251799786477 
-246.222517997865 
-246.22251799786497 
-246.22251799786477 
-246.22251799786466 
-246.22251799786451 
-246.22251799786463 
-246.2225179978646 
-246.22251799786474 
-246.22251799786474 
-246.22251799786483 
-246.22251799786468 
-246.22251799786468 
-246.22251799786497 
-246.22251799786514 
-246.22251799786494 
-246.22251799786503 
-246.22251799786514 
-246.2225179978653 
-246.22251799786534 
-246.22251799786537 
-246.22251799786525 
-246.2225179978653 
-246.22251799786545 
-246.22251799786565 
-246.22251799786565 
-246.2225179978657 
-246.22251799786568 
-246.2225179978658 
-246.2225179978659 
-246.2225179978659 
-246.222517997866 
-246.2225179978662 
-246.2225179978662 
-246.2225179978662 
-246.22251799786596 
-246.2225179978661 
-246.22251799786608 
-246.22251799786585 
-246.22251799786616 
-246.2225179978662 
-246.22251799786616 
-246.22251799786636 
-246.22251799786662 
-246.22251799786665 
-246.22251799786682 
-246.22251799786696 
-246.22251799786704 
-246.22251799786727 
-246.2225179978673 
-246.2225179978674 
-246.22251799786747 
-246.22251799786767 
-246.222517997868 
-246.22251799786775 
-246.22251799786773 
-246.2225179978676 
-246.22251799786773 
-246.222517997868 
-246.22251799786793 
-246.22251799786775 
-246.22251799786787 
-246.22251799786795 
-246.22251799786807 
-246.22251799786815 
-246.22251799786818 
-246.222517997868 
-246.22251799786815 
-246.2225179978681 
-246.22251799786824 
-246.2225179978679 
-246.2225179978682 
-246.22251799786818 
-246.22251799786835 
-246.22251799786824 
-246.22251799786835 
-246.22251799786832 
-246.22251799786832 
-246.22251799786838 
-246.22251799786847 
-246.22251799786844 
-246.22251799786832 
-246.22251799786847 
-246.2225179978687 
-246.22251799786852 
-246.2225179978685 
-246.22251799786852 
-246.2225179978685 
-246.22251799786864 
-246.2225179978685 
-246.2225179978686 
-246.22251799786835 
-246.22251799786835 
-246.22251799786844 
-246.2225179978683 
-246.22251799786832 
-246.2225179978685 
-246.22251799786864 
-246.22251799786866 
-246.2225179978687 
-246.22251799786864 
-246.22251799786878 
-246.22251799786886 
-246.2225179978691 
-246.22251799786898 
-246.2225179978689 
-246.222517997869 
-246.22251799786892 
-246.22251799786912 
-246.22251799786903 
-246.2225179978689 
-246.22251799786883 
-246.2225179978692 
-246.22251799786906 
-246.2225179978692 
-246.22251799786912 
-246.22251799786895 
-246.22251799786883 
-246.22251799786906 
-246.22251799786915 
-246.22251799786935 
-246.2225179978694 
-246.22251799786937 
-246.22251799786915 
-246.2225179978693 
-246.22251799786926 
-246.22251799786946 
-246.22251799786952 
-246.22251799786972 
-246.22251799786966 
-246.22251799786955 
-246.22251799786963 
-246.22251799786972 
-246.22251799786966 
-246.22251799786955 
-246.22251799786943 
-246.22251799786918 
-246.22251799786923 
-246.22251799786932 
-246.2225179978693 
-246.22251799786937 
-246.22251799786915 
-246.22251799786915 
-246.2225179978692 
-246.2225179978691 
-246.2225179978691 
-246.2225179978692 
-246.22251799786918 
-246.2225179978692 
-246.22251799786926 
-246.22251799786932 
-246.22251799786935 
-246.22251799786943 
-246.22251799786946 
-246.22251799786952 
-246.22251799786966 
-246.22251799786963 
-246.22251799786983 
-246.22251799786972 
-246.2225179978698 
-246.22251799787014 
-246.22251799787006 
-246.22251799786983 
-246.2225179978699 
-246.22251799787009 
-246.22251799787006 
-246.22251799787006 
-246.22251799787006 
-246.22251799786972 
-246.22251799786972 
-246.2225179978696 
-246.2225179978696 
-246.22251799786966 
-246.2225179978696 
-246.22251799786946 
-246.22251799786932 
-246.22251799786932 
-246.2225179978695 
-246.22251799786952 
-246.22251799786906 
-246.22251799786892 
-246.22251799786795 
-246.2225179978689 
-246.222517997869 
-246.22251799786952 
-246.22251799786943 
-246.22251799786912 
-246.22251799786898 
-246.22251799786903 
-246.22251799786935 
-246.22251799786937 
-246.22251799786932 
-246.2225179978692 
-246.22251799786918 
-246.222517997869 
-246.2225179978692 
-246.222517997869 
-246.22251799786898 
-246.222517997869 
-246.2225179978689 
-246.2225179978688 
-246.22251799786892 
-246.22251799786906 
-246.22251799786895 
-246.22251799786892 
-246.22251799786895 
-246.22251799786872 
-246.2225179978687 
-246.22251799786866 
-246.22251799786864 
-246.2225179978685 
-246.2225179978684 
-246.22251799786838 
-246.22251799786832 
-246.2225179978682 
-246.22251799786832 
-246.2225179978683 
-246.22251799786835 
-246.22251799786838 
-246.22251799786835 
-246.2225179978683 
-246.22251799786835 
-246.22251799786838 
-246.2225179978684 
-246.22251799786844 
-246.2225179978685 
-246.22251799786838 
-246.22251799786852 
-246.2225179978687 
-246.22251799786872 
-246.22251799786858 
-246.22251799786855 
-246.22251799786847 
-246.22251799786852 
-246.22251799786852 
-246.22251799786835 
-246.22251799786835 
-246.22251799786832 
-246.22251799786835 
-246.22251799786827 
-246.22251799786835 
-246.22251799786847 
-246.22251799786835 
-246.22251799786827 
-246.22251799786818 
-246.22251799786804 
-246.22251799786824 
-246.2225179978682 
-246.22251799786827 
-246.22251799786818 
-246.22251799786812 
-246.22251799786804 
-246.22251799786804 
-246.22251799786804 
-246.2225179978682 
-246.22251799786824 
-246.22251799786812 
-246.22251799786812 
-246.22251799786824 
-246.22251799786818 
-246.22251799786798 
-246.22251799786795 
-246.22251799786773 
-246.22251799786787 
-246.2225179978679 
-246.222517997868 
-246.22251799786778 
-246.22251799786778 
-246.2225179978677 
-246.22251799786767 
-246.2225179978679 
-246.22251799786773 
-246.22251799786775 
-246.22251799786778 
-246.22251799786767 
-246.22251799786764 
-246.22251799786744 
-246.22251799786756 
-246.22251799786773 
-246.2225179978677 
-246.22251799786773 
-246.2225179978675 
-246.2225179978676 
-246.2225179978675 
-246.2225179978677 
-246.22251799786758 
-246.22251799786764 
-246.22251799786767 
-246.2225179978676 
-246.22251799786773 
-246.22251799786764 
-246.22251799786756 
-246.22251799786744 
-246.2225179978676 
-246.22251799786736 
-246.22251799786736 
-246.22251799786733 
-246.2225179978674 
-246.22251799786744 
-246.22251799786744 
-246.2225179978675 
-246.22251799786744 
-246.22251799786744 
-246.22251799786753 
-246.2225179978676 
-246.2225179978674 
-246.22251799786739 
-246.22251799786736 
-246.22251799786739 
-246.2225179978674 
-246.2225179978671 
-246.22251799786667 
-246.22251799786665 
-246.2225179978666 
-246.22251799786648 
-246.22251799786633 
-246.22251799786622 
-246.22251799786622 
-246.2225179978661 
-246.22251799786605 
-246.2225179978657 
-246.22251799786557 
-246.22251799786557 
-246.22251799786557 
-246.22251799786545 
-246.22251799786557 
-246.22251799786568 
-246.22251799786562 
-246.22251799786582 
-246.22251799786562 
-246.22251799786576 
-246.22251799786576 
-246.22251799786562 
-246.2225179978657 
-246.22251799786576 
-246.2225179978657 
-246.2225179978657 
-246.22251799786568 
-246.22251799786557 
-246.2225179978656 
-246.22251799786534 
-246.22251799786522 
-246.2225179978653 
-246.2225179978654 
-246.22251799786525 
-246.2225179978651 
-246.22251799786488 
-246.22251799786474 
-246.22251799786474 
-246.22251799786454 
-246.22251799786446 
-246.22251799786443 
-246.2225179978645 
-246.2225179978644 
-246.22251799786432 
-246.22251799786443 
-246.2225179978643 
-246.22251799786403 
-246.22251799786414 
-246.22251799786417 
-246.2225179978642 
-246.22251799786417 
-246.22251799786412 
-246.22251799786412 
-246.22251799786432 
-246.2225179978644 
-246.22251799786432 
-246.222517997864 
-246.222517997864 
-246.222517997864 
-246.22251799786395 
-246.2225179978638 
-246.2225179978637 
-246.22251799786352 
-246.22251799786366 
-246.22251799786295 
-246.22251799786284 
-246.22251799786216 
-246.22251799786267 
-246.2225179978627 
-246.2225179978633 
-246.22251799786332 
-246.22251799786338 
-246.22251799786352 
-246.22251799786363 
-246.22251799786363 
-246.22251799786358 
-246.22251799786363 
-246.22251799786372 
-246.22251799786375 
-246.22251799786372 
-246.2225179978637 
-246.2225179978638 
-246.22251799786383 
-246.22251799786403 
-246.2225179978641 
-246.2225179978641 
-246.22251799786417 
-246.22251799786426 
-246.22251799786426 
-246.22251799786432 
-246.22251799786437 
-246.2225179978644 
-246.22251799786426 
-246.22251799786437 
-246.2225179978644 
-246.2225179978644 
-246.22251799786454 
-246.2225179978646 
-246.22251799786466 
-246.22251799786454 
-246.22251799786466 
-246.22251799786454 
-246.2225179978646 
-246.22251799786474 
-246.22251799786483 
-246.22251799786483 
-246.2225179978651 
-246.2225179978653 
-246.2225179978655 
-246.22251799786534 
-246.22251799786545 
-246.22251799786522 
-246.2225179978652 
-246.22251799786508 
-246.22251799786508 
-246.22251799786534 
-246.22251799786517 
-246.22251799786505 
-246.22251799786494 
-246.22251799786503 
-246.222517997865 
-246.22251799786486 
-246.22251799786483 
-246.22251799786497 
-246.2225179978648 
-246.2225179978648 
-246.22251799786494 
-246.22251799786505 
-246.22251799786517 
-246.22251799786483 
-246.22251799786483 
-246.2225179978647 
-246.22251799786494 
-246.22251799786505 
-246.2225179978651 
-246.2225179978652 
-246.22251799786525 
-246.22251799786542 
-246.22251799786534 
-246.22251799786542 
-246.22251799786568 
-246.2225179978655 
-246.22251799786528 
-246.22251799786517 
-246.22251799786517 
-246.22251799786514 
-246.22251799786508 
-246.22251799786514 
-246.22251799786517 
-246.22251799786514 
-246.2225179978653 
-246.22251799786542 
-246.22251799786534 
-246.22251799786534 
-246.22251799786554 
-246.22251799786562 
-246.22251799786542 
-246.22251799786554 
-246.2225179978654 
-246.2225179978654 
-246.22251799786508 
-246.22251799786497 
-246.2225179978651 
-246.22251799786505 
-246.22251799786494 
-246.22251799786508 
-246.2225179978651 
-246.22251799786508 
-246.22251799786534 
-246.22251799786508 
-246.22251799786503 
-246.22251799786514 
-246.22251799786522 
-246.22251799786514 
-246.22251799786514 
-246.22251799786508 
-246.22251799786505 
-246.22251799786488 
-246.22251799786503 
-246.22251799786488 
-246.22251799786474 
-246.22251799786454 
-246.2225179978647 
-246.22251799786463 
-246.22251799786457 
-246.22251799786483 
-246.22251799786457 
-246.22251799786488 
-246.22251799786517 
-246.22251799786522 
-246.22251799786522 
-246.2225179978654 
-246.2225179978654 
-246.22251799786545 
-246.2225179978655 
-246.2225179978656 
-246.22251799786545 
-246.22251799786562 
-246.22251799786568 
-246.22251799786568 
-246.22251799786585 
-246.22251799786574 
-246.22251799786576 
-246.22251799786574 
-246.2225179978658 
-246.2225179978659 
-246.22251799786582 
-246.2225179978658 
-246.222517997866 
-246.22251799786596 
-246.22251799786585 
-246.2225179978658 
-246.22251799786574 
-246.22251799786582 
-246.2225179978659 
-246.2225179978658 
-246.22251799786582 
-246.22251799786594 
-246.222517997866 
-246.2225179978661 
-246.22251799786608 
-246.2225179978659 
-246.22251799786608 
-246.22251799786568 
-246.22251799786588 
-246.2225179978659 
-246.22251799786596 
-246.2225179978659 
-246.2225179978658 
-246.2225179978659 
-246.22251799786608 
-246.2225179978662 
-246.2225179978662 
-246.22251799786648 
-246.22251799786656 
-246.22251799786653 
-246.2225179978667 
-246.2225179978666 
-246.22251799786693 
-246.22251799786704 
-246.22251799786693 
-246.22251799786696 
-246.22251799786687 
-246.22251799786673 
-246.22251799786676 
-246.22251799786682 
-246.22251799786687 
-246.22251799786704 
-246.22251799786693 
-246.22251799786704 
-246.22251799786704 
-246.2225179978671 
-246.22251799786716 
-246.22251799786716 
-246.22251799786704 
-246.22251799786687 
-246.22251799786704 
-246.22251799786713 
-246.2225179978673 
-246.22251799786736 
-246.22251799786687 
-246.22251799786673 
-246.22251799786602 
-246.22251799786667 
-246.2225179978668 
-246.22251799786733 
-246.22251799786727 
-246.22251799786707 
-246.22251799786702 
-246.22251799786696 
-246.22251799786704 
-246.22251799786721 
-246.2225179978672 
-246.22251799786713 
-246.22251799786716 
-246.22251799786704 
-246.22251799786693 
-246.2225179978671 
-246.22251799786713 
-246.2225179978671 
-246.22251799786707 
-246.22251799786716 
-246.22251799786721 
-246.22251799786716 
-246.2225179978671 
-246.22251799786727 
-246.222517997867 
-246.22251799786676 
-246.22251799786685 
-246.2225179978669 
-246.22251799786685 
-246.22251799786685 
-246.2225179978666 
-246.22251799786648 
-246.2225179978663 
-246.22251799786596 
-246.22251799786588 
-246.22251799786616 
-246.22251799786594 
-246.2225179978659 
-246.22251799786605 
-246.22251799786596 
-246.2225179978662 
-246.22251799786625 
-246.22251799786648 
-246.22251799786648 
-246.2225179978663 
-246.2225179978663 
-246.22251799786636 
-246.22251799786648 
-246.22251799786642 
-246.22251799786665 
-246.22251799786653 
-246.22251799786687 
-246.222517997867 
-246.22251799786716 
-246.2225179978672 
-246.22251799786713 
-246.22251799786704 
-246.22251799786704 
-246.22251799786704 
-246.22251799786693 
-246.22251799786693 
-246.2225179978667 
-246.22251799786673 
-246.2225179978667 
-246.22251799786665 
-246.22251799786642 
-246.22251799786633 
-246.22251799786648 
-246.2225179978664 
-246.22251799786648 
-246.22251799786653 
-246.2225179978664 
-246.22251799786622 
-246.22251799786628 
-246.22251799786625 
-246.22251799786616 
-246.22251799786585 
-246.2225179978659 
-246.22251799786582 
-246.2225179978657 
-246.22251799786588 
-246.22251799786576 
-246.22251799786596 
-246.2225179978661 
-246.22251799786605 
-246.222517997866 
-246.22251799786596 
-246.22251799786616 
-246.22251799786622 
-246.2225179978662 
-246.22251799786616 
-246.22251799786636 
-246.2225179978662 
-246.22251799786633 
-246.22251799786633 
-246.22251799786633 
-246.22251799786648 
-246.22251799786642 
-246.2225179978662 
-246.22251799786616 
-246.22251799786608 
-246.22251799786594 
-246.22251799786602 
-246.22251799786613 
-246.22251799786636 
-246.22251799786633 
-246.2225179978663 
-246.22251799786656 
-246.22251799786653 
-246.22251799786648 
-246.22251799786636 
-246.22251799786633 
-246.22251799786642 
-246.22251799786633 
-246.22251799786653 
-246.22251799786656 
-246.2225179978664 
-246.2225179978664 
-246.2225179978663 
-246.22251799786636 
-246.22251799786645 
-246.2225179978663 
-246.22251799786648 
-246.22251799786633 
-246.2225179978662 
-246.2225179978661 
-246.22251799786602 
-246.22251799786596 
-246.22251799786594 
-246.2225179978659 
-246.22251799786602 
-246.22251799786594 
-246.22251799786585 
-246.22251799786596 
-246.22251799786613 
-246.22251799786602 
-246.2225179978657 
-246.2225179978655 
-246.22251799786557 
-246.22251799786574 
-246.22251799786576 
-246.2225179978658 
-246.22251799786585 
-246.22251799786588 
-246.22251799786588 
-246.22251799786602 
-246.22251799786602 
-246.222517997866 
-246.22251799786588 
-246.2225179978659 
-246.2225179978658 
-246.22251799786602 
-246.22251799786596 
-246.22251799786582 
-246.22251799786596 
-246.22251799786605 
-246.22251799786582 
-246.22251799786554 
-246.22251799786542 
-246.22251799786545 
-246.22251799786545 
-246.22251799786545 
-246.2225179978655 
-246.2225179978655 
-246.22251799786554 
-246.22251799786545 
-246.2225179978653 
-246.22251799786534 
-246.22251799786522 
-246.22251799786517 
-246.22251799786508 
-246.2225179978652 
-246.22251799786522 
-246.22251799786525 
-246.22251799786503 
-246.2225179978651 
-246.2225179978653 
-246.22251799786517 
-246.22251799786514 
-246.22251799786505 
-246.22251799786497 
-246.22251799786494 
-246.22251799786466 
-246.22251799786451 
-246.2225179978645 
-246.2225179978644 
-246.22251799786434 
-246.22251799786434 
-246.2225179978645 
-246.22251799786443 
-246.22251799786426 
-246.22251799786414 
-246.22251799786403 
-246.22251799786397 
-246.22251799786346 
-246.22251799786352 
-246.22251799786295 
-246.22251799786375 
-246.22251799786383 
-246.22251799786434 
-246.22251799786437 
-246.22251799786451 
-246.22251799786457 
-246.22251799786466 
-246.22251799786437 
-246.22251799786432 
-246.2225179978644 
-246.22251799786446 
-246.22251799786483 
-246.22251799786488 
-246.22251799786505 
-246.2225179978652 
-246.2225179978653 
-246.2225179978651 
-246.2225179978651 
-246.22251799786522 
-246.22251799786534 
-246.2225179978653 
-246.22251799786508 
-246.22251799786514 
-246.22251799786508 
-246.22251799786503 
-246.22251799786514 
-246.2225179978654 
-246.2225179978654 
-246.2225179978654 
-246.22251799786534 
-246.22251799786545 
-246.2225179978656 
-246.2225179978658 
-246.22251799786568 
-246.22251799786542 
-246.2225179978655 
-246.22251799786557 
-246.22251799786565 
-246.22251799786568 
-246.22251799786574 
-246.2225179978657 
-246.22251799786554 
-246.22251799786562 
-246.2225179978655 
-246.22251799786562 
-246.22251799786565 
-246.22251799786585 
-246.22251799786602 
-246.2225179978662 
-246.22251799786636 
-246.2225179978665 
-246.22251799786653 
-246.22251799786665 
-246.22251799786665 
-246.22251799786682 
-246.22251799786682 
-246.2225179978667 
-246.22251799786676 
-246.22251799786693 
-246.22251799786685 
-246.22251799786704 
-246.22251799786707 
-246.22251799786713 
-246.22251799786716 
-246.2225179978671 
-246.22251799786704 
-246.22251799786713 
-246.2225179978672 
-246.22251799786696 
-246.222517997867 
-246.22251799786676 
-246.22251799786702 
-246.2225179978673 
-246.22251799786733 
-246.22251799786744 
-246.22251799786756 
-246.22251799786753 
-246.22251799786753 
-246.2225179978677 
-246.22251799786784 
-246.222517997868 
-246.222517997868 
-246.22251799786778 
-246.22251799786773 
-246.22251799786778 
-246.2225179978678 
-246.222517997868 
-246.22251799786798 
-246.2225179978678 
-246.2225179978678 
-246.22251799786775 
-246.2225179978679 
-246.22251799786787 
-246.2225179978678 
-246.2225179978677 
-246.22251799786787 
-246.22251799786807 
-246.22251799786807 
-246.22251799786804 
-246.2225179978678 
-246.2225179978677 
-246.22251799786756 
-246.2225179978676 
-246.22251799786773 
-246.22251799786778 
-246.22251799786753 
-246.22251799786778 
-246.2225179978676 
-246.2225179978678 
-246.2225179978676 
-246.22251799786764 
-246.22251799786767 
-246.22251799786793 
-246.2225179978677 
-246.22251799786758 
-246.22251799786778 
-246.22251799786798 
-246.22251799786787 
-246.22251799786795 
-246.22251799786778 
-246.2225179978682 
-246.22251799786812 
-246.22251799786807 
-246.2225179978679 
-246.22251799786812 
-246.22251799786832 
-246.2225179978681 
-246.22251799786812 
-246.2225179978682 
-246.22251799786812 
-246.22251799786818 
-246.2225179978682 
-246.22251799786807 
-246.222517997868 
-246.22251799786795 
-246.222517997868 
-246.2225179978682 
-246.2225179978681 
-246.22251799786824 
-246.22251799786824 
-246.22251799786847 
-246.2225179978687 
-246.2225179978686 
-246.2225179978687 
-246.2225179978687 
-246.22251799786844 
-246.22251799786818 
-246.22251799786824 
-246.2225179978683 
-246.22251799786807 
-246.22251799786824 
-246.22251799786795 
-246.22251799786824 
-246.2225179978681 
-246.22251799786818 
-246.22251799786795 
-246.22251799786795 
-246.222517997868 
-246.22251799786807 
-246.22251799786798 
-246.22251799786818 
-246.22251799786807 
-246.22251799786812 
-246.22251799786838 
-246.22251799786815 
-246.22251799786827 
-246.2225179978683 
-246.22251799786835 
-246.22251799786832 
-246.22251799786835 
-246.22251799786855 
-246.22251799786852 
-246.22251799786858 
-246.22251799786858 
-246.22251799786875 
-246.2225179978687 
-246.2225179978689 
-246.22251799786903 
-246.22251799786926 
-246.2225179978692 
-246.22251799786915 
-246.22251799786937 
-246.22251799786923 
-246.22251799786955 
-246.2225179978694 
-246.2225179978696 
-246.2225179978696 
-246.22251799786955 
-246.22251799786966 
-246.22251799786972 
-246.22251799786966 
-246.22251799786977 
-246.22251799786983 
-246.22251799786926 
-246.22251799786926 
-246.22251799786844 
-246.22251799786923 
-246.2225179978691 
-246.22251799786952 
-246.22251799786946 
-246.22251799786937 
-246.22251799786946 
-246.22251799786955 
-246.22251799786955 
-246.22251799786937 
-246.2225179978693 
-246.2225179978694 
-246.22251799786935 
-246.22251799786926 
-246.2225179978695 
-246.22251799786926 
-246.22251799786918 
-246.22251799786932 
-246.22251799786912 
-246.22251799786898 
-246.2225179978687 
-246.22251799786875 
-246.22251799786852 
-246.22251799786866 
-246.22251799786866 
-246.22251799786855 
-246.22251799786832 
-246.2225179978681 
-246.22251799786835 
-246.2225179978681 
-246.2225179978682 
-246.2225179978683 
-246.22251799786827 
-246.22251799786807 
-246.22251799786798 
-246.222517997868 
-246.222517997868 
-246.22251799786784 
-246.22251799786784 
-246.22251799786773 
-246.22251799786747 
-246.22251799786744 
-246.22251799786724 
-246.22251799786744 
-246.22251799786716 
-246.22251799786716 
-246.22251799786685 
-246.22251799786676 
-246.22251799786676 
-246.22251799786667 
-246.22251799786685 
-246.22251799786682 
-246.22251799786693 
-246.22251799786667 
-246.22251799786667 
-246.22251799786633 
-246.22251799786613 
-246.2225179978661 
-246.22251799786596 
-246.22251799786616 
-246.2225179978661 
-246.22251799786613 
-246.2225179978663 
-246.22251799786636 
-246.22251799786645 
-246.22251799786642 
-246.22251799786645 
-246.22251799786625 
-246.2225179978662 
-246.2225179978663 
-246.2225179978666 
-246.22251799786633 
-246.22251799786633 
-246.22251799786648 
-246.22251799786656 
-246.22251799786662 
-246.22251799786622 
-246.22251799786625 
-246.22251799786633 
-246.22251799786642 
-246.22251799786625 
-246.22251799786602 
-246.22251799786605 
-246.22251799786613 
-246.22251799786608 
-246.22251799786594 
-246.22251799786588 
-246.22251799786596 
-246.22251799786565 
-246.22251799786574 
-246.2225179978656 
-246.22251799786582 
-246.22251799786574 
-246.2225179978657 
-246.22251799786568 
-246.2225179978657 
-246.2225179978655 
-246.22251799786576 
-246.22251799786582 
-246.22251799786596 
-246.22251799786608 
-246.2225179978659 
-246.2225179978659 
-246.22251799786594 
-246.222517997866 
-246.22251799786602 
-246.222517997866 
-246.22251799786576 
-246.2225179978657 
-246.22251799786568 
-246.22251799786545 
-246.22251799786534 
-246.22251799786525 
-246.2225179978653 
-246.22251799786548 
-246.22251799786542 
-246.22251799786528 
-246.2225179978652 
-246.22251799786525 
-246.22251799786508 
-246.2225179978651 
-246.222517997865 
-246.22251799786486 
-246.22251799786483 
-246.22251799786466 
-246.22251799786451 
-246.22251799786474 
-246.2225179978647 
-246.22251799786488 
-246.22251799786474 
-246.22251799786468 
-246.2225179978649 
-246.22251799786494 
-246.222517997865 
-246.2225179978649 
-246.22251799786497 
-246.22251799786486 
-246.222517997865 
-246.22251799786483 
-246.22251799786463 
-246.2225179978646 
-246.22251799786457 
-246.22251799786446 
-246.22251799786437 
-246.22251799786423 
-246.22251799786414 
-246.22251799786397 
-246.2225179978638 
-246.22251799786358 
-246.22251799786358 
-246.22251799786338 
-246.22251799786326 
-246.2225179978632 
-246.22251799786332 
-246.2225179978632 
-246.22251799786318 
-246.22251799786335 
-246.22251799786315 
-246.22251799786318 
-246.22251799786306 
-246.2225179978629 
-246.2225179978629 
-246.22251799786306 
-246.22251799786315 
-246.22251799786292 
-246.22251799786292 
-246.22251799786267 
-246.2225179978626 
-246.2225179978627 
-246.22251799786252 
-246.22251799786233 
-246.22251799786216 
-246.22251799786207 
-246.22251799786235 
-246.22251799786233 
-246.22251799786247 
-246.2225179978624 
-246.2225179978622 
-246.22251799786213 
-246.22251799786198 
-246.22251799786207 
-246.222517997862 
-246.22251799786196 
-246.22251799786187 
-246.2225179978618 
-246.22251799786164 
-246.22251799786144 
-246.22251799786142 
-246.22251799786167 
-246.22251799786207 
-246.2225179978622 
-246.22251799786216 
-246.22251799786204 
-246.22251799786187 
-246.22251799786136 
-246.22251799786108 
-246.22251799786034 
