0.0 
187.8703193791818 
184.93305535953863 
183.93404372236776 
180.95753950487185 
180.69623437906185 
176.97836712421162 
176.70449879755702 
172.99919509041092 
172.72595399789668 
169.02002304820874 
168.7467599457511 
165.0408510061807 
164.76758842217518 
161.06167896415903 
160.7884165036791 
157.08250692213605 
156.8092314227329 
153.10333488054104 
152.83009063148282 
149.1241628381817 
148.8508951015896 
145.14499079653447 
144.87172876589406 
141.1658187544952 
140.89255748339022 
137.18664671254703 
136.91338464698177 
133.2074746705106 
132.93421207448338 
129.22830262848524 
128.95503935305007 
125.2491305864907 
124.97586803149653 
121.26995854446895 
120.99669586881446 
117.29078650244773 
117.01752289896739 
113.31161446043787 
113.03835184891291 
109.33244241841433 
109.05917931406559 
105.35327037640512 
105.08000776251843 
101.3740983343798 
101.10083586842977 
97.39492629235102 
97.12166361891845 
93.41575425032062 
93.14249158482025 
89.43658220829897 
89.16331968149781 
85.45741016626765 
85.18414759412182 
81.47823812424245 
81.20497586897226 
77.49906608219963 
77.22580344752542 
73.51989404017807 
73.24663143693978 
69.54072199815299 
69.26745931587575 
65.56154995613295 
65.28829241425767 
61.58237791400738 
61.30911530537703 
57.60320587197711 
57.329943303412676 
53.62403382995193 
53.35077135177405 
49.644861787923844 
49.37159890317742 
45.66568974591056 
45.39242748615906 
41.68651770386345 
41.413266283975695 
37.707345661850816 
37.43407902054569 
33.72817361998809 
33.45491118668995 
29.74900157795374 
29.4757368080118 
25.769829536004252 
25.49656707662486 
21.790657493976614 
21.517378408008273 
17.81148545284066 
17.538225102825006 
13.832313410763845 
13.55905385308111 
9.853141368628245 
9.579878726907014 
5.8739693266101725 
5.600706783135437 
1.8947972845842487 
1.6215348388644668 
-2.084374757445728 
-2.357637332347259 
-6.063546799470977 
-6.336809367067661 
-10.042718841496312 
-10.315981878307726 
-14.021890883508137 
-14.295153390297235 
-18.001062925535752 
-18.27432549551047 
-21.980234967561042 
-22.253497301958564 
-25.95940700959907 
-26.232669978135558 
-29.938579051612013 
-30.211841623791674 
-33.91775109363747 
-34.19101335136798 
-37.89692313567094 
-38.17020964126283 
-41.876095176902446 
-42.14935662489382 
-45.85526721894661 
-46.128530649934284 
-49.834439260933244 
-50.10770174370096 
-53.81361130295705 
-54.08688029492469 
-57.79278334483206 
-58.066045735722106 
-61.77195538685666 
-62.045216909446836 
-65.7511274289168 
-66.02438510372217 
-69.73029947113427 
-70.00354634735116 
-73.70947151395326 
-73.98273617319656 
-77.68864355593064 
-77.96190736651344 
-81.66781559791272 
-81.94107095360657 
-85.64698764006201 
-85.92024996661594 
-89.62615968208878 
-89.89942277068396 
-93.60533172410616 
-93.8785942731224 
-97.58450376613186 
-97.85776625888433 
-101.56367580816077 
-101.83693968219063 
-105.54284785016561 
-105.81611046217695 
-109.52201989218985 
-109.79528242896777 
-113.50119193421637 
-113.77445447403555 
-117.4803639762451 
-117.75362687123152 
-121.4595360182547 
-121.73279854464529 
-125.4387080602811 
-125.7119702327016 
-129.41788010231664 
-129.69114281160554 
-133.39705214433658 
-133.67031466254795 
-137.37622418636303 
-137.64948632729804 
-141.35539622840335 
-141.6286587885683 
-145.33456827042914 
-145.6078311985265 
-149.31374031244192 
-149.58700293041156 
-153.29291235446772 
-153.56617480177832 
-157.27208439650641 
-157.54534734231797 
-161.25125643852195 
-161.5245157983608 
-165.23042848068542 
-165.50369113377778 
-169.20960052270866 
-169.48286306330945 
-173.18877256473718 
-173.4620357970385 
-177.1679446067478 
-177.44120558443657 
-181.14711664878914 
-181.42037937639304 
-185.12628864566258 
-185.39955108572494 
-189.10544050685658 
-189.37858980654968 
-193.076212001981 
-193.2814648632112 
-193.94231673918748 
-199.06171056414541 
-201.9602985866559 
-201.9822858687312 
-201.9930024454757 
-201.99300847866004 
-202.0070654331282 
-202.00707577909148 
-202.0152375008351 
-202.0152468269822 
-202.02034679494372 
-202.02035428199972 
-202.0236872392309 
-202.0236930030149 
-202.02593410216284 
-202.02593847568136 
-202.02747169406223 
-202.0274749985893 
-202.02853463663877 
-202.0285371428731 
-202.02927283197855 
-202.02927474929933 
-202.02978602375475 
-202.02978751388298 
-202.03014191892515 
-202.03014309988714 
-202.03038777129137 
-202.03038873152497 
-202.03055674925858 
-202.03055755337533 
-202.03067228523963 
-202.03067298003742 
-202.03075091387277 
-202.030751532944 
-202.03080422970004 
-202.0308047968352 
-202.03084029473578 
-202.03084082647413 
-202.0308646683522 
-202.03086517608574 
-202.0308811536582 
-202.03088164523058 
-202.03089217234532 
-202.0308926524382 
-202.0308994411266 
-202.03089991356265 
-202.03090424205854 
-202.03090470949402 
-202.03090743678231 
-202.03090790097417 
-202.03090959935483 
-202.03091006149975 
-202.03091110755489 
-202.03091156837363 
-202.03091220642173 
-202.03091266643457 
-202.03091305251104 
-202.03091351203614 
-202.03091374425114 
-202.03091420346553 
-202.03091434254546 
-202.03091480145554 
-202.03091488457395 
-202.0309153435428 
-202.03091539309565 
-202.03091585200383 
-202.03091588151585 
-202.0309163395442 
-202.03091635713122 
-202.0309168157379 
-202.03091682621053 
-202.03091728496065 
-202.03091729120263 
-202.03091774998023 
-202.03091775370808 
-202.03091821263016 
-202.03091821486302 
-202.03091867363364 
-202.03091867497935 
-202.03091913378535 
-202.03091913460406 
-202.0309195933517 
-202.0309195938578 
-202.03092005341705 
-202.0309200537368 
-202.03092051249394 
-202.0309205127039 
-202.030920971469 
-202.03092097161354 
-202.0309214303907 
-202.03092143049662 
-202.03092188924882 
-202.0309218893318 
-202.03092234809674 
-202.03092234816614 
-202.03092280692871 
-202.03092280699013 
-202.03092326576802 
-202.03092326582458 
-202.03092372458946 
-202.03092372464351 
-202.0309241834084 
-202.0309241834595 
-202.03092464221962 
-202.03092464227123 
-202.03092510103542 
-202.03092510108726 
-202.03092555985913 
-202.03092555991074 
-202.03092601856545 
-202.03092601861712 
-202.03092647733095 
-202.03092647738262 
-202.03092693703584 
-202.0309269370877 
-202.03092739585023 
-202.0309273959019 
-202.03092785474232 
-202.030927854794 
-202.03092831354982 
-202.03092831360144 
-202.0309287725287 
-202.03092877258038 
-202.0309292313572 
-202.03092923140937 
-202.0309296901522 
-202.030929690204 
-202.03093014898047 
-202.03093014903243 
-202.03093060779415 
-202.03093060784587 
-202.03093106661058 
-202.03093106666236 
-202.03093152542206 
-202.03093152547373 
-202.03093198413816 
-202.0309319841899 
-202.03093244295994 
-202.03093244301186 
-202.03093290177662 
-202.03093290182815 
-202.03093336059655 
-202.03093336064816 
-202.03093381939541 
-202.0309338194471 
-202.0309342782118 
-202.03093427826346 
-202.0309347370222 
-202.03093473707398 
-202.03093519584215 
-202.03093519589376 
-202.03093565465346 
-202.0309356547052 
-202.03093611346648 
-202.0309361135182 
-202.03093657228303 
-202.0309365723348 
-202.03093703111566 
-202.03093703116738 
-202.0309374899339 
-202.03093748998563 
-202.0309379487656 
-202.0309379488173 
-202.0309384075863 
-202.03093840763793 
-202.03093886640633 
-202.03093886645806 
-202.03093932525323 
-202.03093932530484 
-202.03093978406926 
-202.0309397841211 
-202.03094024287503 
-202.03094024292685 
-202.03094070176806 
-202.0309407018202 
-202.0309411605713 
-202.03094116062292 
-202.0309416197652 
-202.0309416198172 
-202.03094207824788 
-202.03094207830034 
-202.03094253749484 
-202.0309425375467 
-202.03094299631354 
-202.03094299636516 
-202.03094345513352 
-202.03094345518505 
-202.03094391394666 
-202.03094391399836 
-202.0309443725922 
-202.03094437264357 
-202.03094483978194 
-202.03094483983966 
-202.0309448929327 
-202.03094489300284 
-202.0346034916987 
-202.03460349416986 
-202.03460349416955 
-236.11668856619298 
-236.1358757890476 
-236.14614051868085 
-236.14961227264075 
-236.15913084647906 
-236.16457880145637 
-236.16874864821574 
-236.1720187575965 
-236.17462435864496 
-236.17671905047325 
-236.17842109284496 
-236.17981094711888 
-236.18095432023617 
-236.18189709586116 
-236.18267855150938 
-236.183326610878 
-236.1838660377956 
-236.18431467214486 
-236.18468875069246 
-236.18500009510595 
-236.18525966340184 
-236.18547550925365 
-236.18565518458746 
-236.18580428682498 
-236.18592809498364 
-236.18603054940223 
-236.1861153686511 
-236.1861853418394 
-236.1862430913929 
-236.18629058909022 
-236.1863296765185 
-236.1863617384936 
-236.1863880580721 
-236.18640959865226 
-236.18642724574556 
-236.18644166279876 
-236.1864534553491 
-236.18646307607804 
-236.18647093580617 
-236.18647734107617 
-236.18648256887275 
-236.18648678382573 
-236.18649014937293 
-236.18649282336358 
-236.18649494533014 
-236.1864966205818 
-236.18649794150073 
-236.1864989777195 
-236.1864997897016 
-236.1865004228922 
-236.18650091629763 
-236.18650129909452 
-236.18650159601754 
-236.18650182545164 
-236.18650200280013 
-236.18650213943732 
-236.1865022447977 
-236.18650232580893 
-236.1865023881744 
-236.1865024360634 
-236.1865024728905 
-236.18650250114476 
-236.18650252285735 
-236.18650253950617 
-236.186502552294 
-236.1865025620957 
-236.186502569622 
-236.18650257538926 
-236.1865025798164 
-236.18650258320793 
-236.18650258581079 
-236.1865025878044 
-236.186502589334 
-236.18650259050546 
-236.18650259140406 
-236.1865025920921 
-236.18650259261963 
-236.1865025930236 
-236.18650259333293 
-236.18650259356986 
-236.18650259375116 
-236.1865025938899 
-236.18650259399595 
-236.1865025940772 
-236.1865025941391 
-236.18650259418646 
-236.18650259422233 
-236.18650259424976 
-236.18650259427037 
-236.1865025942862 
-236.18650259429793 
-236.18650259430683 
-236.1865025943132 
-236.1865025943182 
-236.18650259432178 
-236.18650259432437 
-236.18650259432638 
-239.4664335891949 
-239.46853543937246 
-239.47507910172592 
-239.47596940132203 
-239.47916390057463 
-239.4796030450861 
-239.48130148812587 
-239.48153678137555 
-239.4824843690451 
-239.4826167187712 
-239.4831611606479 
-239.48323803812352 
-239.48355714037476 
-239.48360294775526 
-239.48379311468946 
-239.48382112132438 
-239.48393644461788 
-239.48395411014403 
-239.48402539193953 
-239.48403698090485 
-239.48408270199005 
-239.48409074447576 
-239.48412121848847 
-239.48412715212382 
-239.48414862722964 
-239.48415331253491 
-239.48416943400136 
-239.48417337468655 
-239.48418633303604 
-239.48418982816622 
-239.48420089125054 
-239.48420411136695 
-239.48421402951968 
-239.48421707002856 
-239.48422629777926 
-239.4842292040763 
-239.48423788347344 
-239.4842406595071 
-239.4842489012439 
-239.4842515236169 
-239.48425926458853 
-239.48426167694745 
-239.4842687255688 
-239.4842708481712 
-239.48427694905698 
-239.48427871080526 
-239.48428366178177 
-239.48428503451282 
-239.48428880337912 
-239.48428981646435 
-239.48429254597625 
-239.4842932672983 
-239.48429518659304 
-239.484295692392 
-239.48429705008814 
-239.48429705578786 
-239.48429800744162 
-239.48429801242588 
-239.48429869042184 
-239.48429869476638 
-239.48429918962995 
-239.48429919350838 
-239.48429921114905 
-239.484299214519 
-239.48429922967094 
-239.48429923257433 
-239.4842992453227 
-239.48429924780618 
-239.48429925834077 
-239.48429926045768 
-239.48429926906172 
-239.4842992708702 
-239.48429927787612 
-239.4842992794342 
-239.48429928517655 
-239.48429928653667 
-239.48429929131024 
-239.48429929251586 
-239.48429929655947 
-239.48429929764296 
-239.48429930113764 
-239.48429930212308 
-239.48429930519399 
-239.48429930609487 
-239.4842993088252 
-239.4842993096482 
-239.48429931208292 
-239.48429931282612 
-239.48429931497904 
-239.48429931563174 
-239.4842993174822 
-239.48429931802355 
-239.4842993195162 
-239.48429931991387 
-239.48429932094962 
-239.48429932116292 
-239.48429932169353 
-239.48429932173116 
-239.48429932180338 
-239.48429932180338 
-239.4842993218005 
-239.48429932180062 
-239.48429932180042 
-239.4842993218005 
-239.48429932180102 
-239.4842993218005 
-239.48429932180068 
-239.48429932180068 
-239.4842993218006 
-239.48429932180068 
-239.4842993218007 
-239.48429932180068 
-239.4842993218007 
-239.48429932180082 
-239.48429932180068 
-239.48429932180088 
-239.4842993218009 
-239.48429932180073 
-239.48429932180076 
-239.4842993218008 
-239.4842993218008 
-239.4842993218012 
-239.48429932180142 
-239.48429932180102 
-239.484299321801 
-239.48429932180105 
-239.48429932180096 
-239.48429932180093 
-239.48429932180096 
-239.48429932180102 
-239.48429932180116 
-239.48429932180107 
-239.48429932180116 
-239.48429932180127 
-239.48429932180136 
-239.48429932180164 
-239.48429932180144 
-239.48429932180113 
-239.4842993218016 
-239.48429932180136 
-239.48429932180113 
-239.48429932180136 
-239.48429932180107 
-239.4842993218011 
-239.48429932180107 
-239.48429932180125 
-239.48429932180102 
-239.4842993218008 
-239.48429932180107 
-239.48429932180073 
-239.48429932180076 
-239.48429932180068 
-239.4842993218008 
-239.48429932180096 
-239.48429932180073 
-239.4842993218008 
-239.48429932180073 
-239.48429932180113 
-239.48429932180068 
-239.4842993218007 
-239.48429932196814 
-239.4842993221349 
-239.48429932230326 
-239.48429932247052 
-239.4842993226395 
-239.48429932280726 
-239.4842993229765 
-239.48429932314448 
-239.48429932349535 
-239.4842993238462 
-239.48429932419717 
-239.48429932454772 
-239.4842993248985 
-239.48429932524925 
-239.4842993256001 
-239.4842993259509 
-239.48429932630148 
-239.48429932665226 
-239.48429932700296 
-239.4842993273537 
-239.4842993277045 
-239.4842993280551 
-239.48429932840588 
-239.48429932875655 
-239.4842993291075 
-239.48429932945822 
-239.48429932980892 
-239.48429933015993 
-239.4842993305108 
-239.484299330861 
-239.48429933121184 
-239.4842993315625 
-239.48429933191346 
-239.4842993322642 
-239.4842993326153 
-239.48429933296634 
-239.4842993333173 
-239.48429933366702 
-239.48429933366694 
-239.48758120206557 
-239.48984848039566 
-239.49146217688335 
-239.49263343085323 
-239.49349395601237 
-239.4941338908579 
-239.49461309326566 
-239.49497481079285 
-239.49524894814923 
-239.4954579685557 
-239.4956177908115 
-239.49574066585615 
-239.4958354030097 
-239.49590888418683 
-239.49596610036636 
-239.49601098752493 
-239.49604641215845 
-239.49607465043772 
-239.49609736198292 
-239.4961158719636 
-239.49613114545855 
-239.49614395747892 
-239.49615486997513 
-239.49616433766295 
-239.49617268726996 
-239.49618018618105 
-239.4961870231617 
-239.4961933553872 
-239.49619929007153 
-239.4962049188076 
-239.4962102999153 
-239.4962154846534 
-239.49622050019562 
-239.49622537163452 
-239.49623010449048 
-239.4962347040998 
-239.49623915833143 
-239.49624345550419 
-239.49624756834382 
-239.49625147146264 
-239.49625512841757 
-239.4962585106432 
-239.49626158735867 
-239.4962643435942 
-239.49626677049946 
-239.4962688776215 
-239.4962706811909 
-239.49627221008035 
-239.4962734943938 
-239.4962745687448 
-239.49627546408198 
-239.4962762107408 
-239.49627683370048 
-239.49627735564408 
-239.49627779437668 
-239.49627816552908 
-239.49627848781034 
-239.49627849773776 
-239.49627850706105 
-239.4962785157905 
-239.49627852392462 
-239.49627853147734 
-239.49627853845504 
-239.496278544881 
-239.49627855077364 
-239.49627855616689 
-239.4962785610898 
-239.49627856558365 
-239.49627856968323 
-239.4962785734328 
-239.4962785768666 
-239.49627858002447 
-239.49627858293803 
-239.4962785856398 
-239.49627858815467 
-239.4962785905081 
-239.49627859271834 
-239.49627859480404 
-239.49627859677733 
-239.4962785986504 
-239.4962786004306 
-239.49627860212433 
-239.496278603735 
-239.4962786052647 
-239.49627860671146 
-239.496278608073 
-239.49627860934305 
-239.496278610514 
-239.49627861157364 
-239.49627861250895 
-239.49627861330094 
-239.4962786139298 
-239.49627861437673 
-239.49627861485683 
-239.4962786149071 
-239.4962786149832 
-239.4962786149832 
-239.49627861498035 
-239.49627861498047 
-239.4962786149804 
-239.49627861498018 
-239.4962786149802 
-239.49627861498038 
-239.4962786149804 
-239.49627861498007 
-239.49627861498004 
-239.49627861498016 
-239.49627861497993 
-239.49627861498 
-239.49627861498033 
-239.49627861498 
-239.4962786149801 
-239.49627861498004 
-239.4962786149801 
-239.49627861498016 
-239.49627861498033 
-239.49627861498044 
-239.49627861498038 
-239.4962786149805 
-239.4962786149804 
-239.4962786149802 
-239.4962786149802 
-239.49627861498027 
-239.49627861498024 
-239.4962786149802 
-239.4962786149803 
-239.49627861498044 
-239.4962786149806 
-239.4962786149806 
-239.49627861498075 
-239.49627861498047 
-239.49627861498053 
-239.49627861498064 
-239.4962786149808 
-239.49627861498084 
-239.49627861498118 
-239.4962786149808 
-239.49627861498072 
-239.4962786149809 
-239.4962786149809 
-239.49627861498092 
-239.4962786149808 
-239.49627861498084 
-239.49627861498075 
-239.4962786149808 
-239.4962786149809 
-239.49627861498118 
-239.49627861498075 
-239.4962786149809 
-239.49627861498124 
-239.4962786149807 
-239.4962786149807 
-239.4962786149807 
-239.4962786149809 
-239.49627861498118 
-239.49627861498115 
-239.49627861514776 
-239.496278615315 
-239.4962786154829 
-239.49627861565105 
-239.4962786158194 
-239.49627861598813 
-239.49627861615684 
-239.49627861632587 
-239.4962786166768 
-239.49627861702766 
-239.49627861737858 
-239.4962786177295 
-239.49627861808045 
-239.49627861843146 
-239.49627861878267 
-239.4962786191337 
-239.49627861948454 
-239.49627861983558 
-239.4962786201865 
-239.49627862053748 
-239.4962786208883 
-239.49627862123936 
-239.49627862159042 
-239.49627862194146 
-239.49627862229227 
-239.49627862264322 
-239.49627862299423 
-239.49627862334518 
-239.49627862369613 
-239.49627862404725 
-239.49627862439817 
-239.49627862474898 
-239.49627862510005 
-239.49627862545105 
-239.49627862580195 
-239.49627862615304 
-239.4962786265042 
-239.4962786268556 
-239.49627862685563 
-239.4962786268557 
-239.49627862685563 
-239.49627862685585 
-239.49627862685549 
-239.49627862685568 
-239.49627862685583 
-239.49627862685566 
-239.49627862685585 
-239.496278626856 
-239.4962786268561 
-239.49627862685594 
-239.4962786268558 
-239.49627862685568 
-239.49627862685594 
-239.49627862685597 
-239.4962786268561 
-239.4962786268562 
-239.4962786268563 
-239.4962786268564 
-239.49627862685642 
-239.49627862685637 
-239.49627862685662 
-239.49627862685654 
-239.4962786268563 
-239.49627862685696 
-239.49627862685634 
-239.49627862685637 
-239.49627862685645 
-239.49627862685657 
-239.49627862685676 
-239.49627862685657 
-239.49627862685674 
-239.49627862685668 
-239.4962786268568 
-239.49627862685682 
-239.49627862685696 
-239.49627862685688 
-239.49627862685685 
-239.49627862685722 
-239.4962786268573 
-239.49627862685742 
-239.4962786268575 
-239.49627862685742 
-239.49627862685762 
-239.49627862685804 
-239.4962786268577 
-239.4962786268578 
-239.49627862685765 
-239.4962786268579 
-239.49627862685836 
-239.4962786268583 
-239.4962786268583 
-239.49627862685836 
-239.49627862685878 
-239.49627862685855 
-239.49627862685858 
-239.49627862685875 
-239.49627862685884 
-239.49627862685873 
-239.4962786268587 
-239.49627862685873 
-239.49627862685855 
-239.49627862685884 
-239.4962786268587 
-239.49627862685892 
-239.4962786268588 
-239.49627862685898 
-239.4962786268591 
-239.49627862685904 
-239.49627862685884 
-239.49627862685873 
-239.496278626859 
-239.49627862685892 
-239.4962786268587 
-239.49627862685884 
-239.496278626859 
-239.49627862685904 
-239.49627862685918 
-239.49627862685907 
-239.49627862685927 
-239.49627862685924 
-239.49627862685918 
-239.49627862685927 
-239.4962786268594 
-239.4962786268595 
-239.4962786268597 
-239.49627862685966 
-239.49627862685992 
-239.4962786268599 
-239.49627862686023 
-239.49627862686006 
-239.49627862685998 
-239.49627862685986 
-239.49627862685995 
-239.49627862686012 
-239.4962786268603 
-239.49627862686035 
-239.4962786268632 
-239.49627862686037 
-239.49627862686035 
-239.49627862686023 
-239.49627862686017 
-239.4962786268601 
-239.4962786268603 
-239.49627862686012 
-239.4962786268603 
-239.49627862686 
-239.49627862685986 
-239.49627862685983 
-239.49627862685966 
-239.49627862685946 
-239.49627862685935 
-239.4962786268592 
-239.49627862685918 
-239.4962786268592 
-239.49627862685912 
-239.49627862685907 
-239.4962786268591 
-239.49627862685912 
-239.49627862685895 
-239.49627862685875 
-239.49627862685895 
-239.49627862685912 
-239.49627862685873 
-239.49627862685873 
-239.49627862685884 
-239.4962786268592 
-239.4962786268588 
-239.49627862685878 
-239.49627862685864 
-239.49627862685838 
-239.4962786268584 
-239.49627862685884 
-239.49627862685827 
-239.49627862685836 
-239.49627862685844 
-239.49627862685853 
-239.4962786268585 
-239.4962786268584 
-239.4962786268585 
-239.49627862685819 
-239.4962786268582 
-239.49627862685824 
-239.49627862685807 
-239.49627862685838 
-239.49627862685787 
-239.4962786268578 
-239.49627862685765 
-239.4962786268577 
-239.49627862685773 
-239.49627862685787 
-239.49627862685753 
-239.49627862685747 
-239.49627862685796 
-239.4962786268575 
-239.4962786268573 
-239.49627862685716 
-239.49627862685702 
-239.49627862685696 
-239.49627862685702 
-239.49627862685682 
-239.49627862685702 
-239.49627862685674 
-239.49627862685685 
-239.49627862685674 
-239.49627862685676 
-239.49627862685665 
-239.49627862685668 
-239.4962786268564 
-239.4962786268562 
-239.49627862685614 
-239.49627862685605 
-239.49627862685628 
-239.49627862685625 
-239.49627862685605 
-239.4962786268561 
-239.49627862685608 
-239.49627862685597 
-239.4962786268561 
-239.49627862685594 
-239.49627862685568 
-239.49627862685557 
-239.49627862685543 
-239.49627862685566 
-239.49627862685563 
-239.49627862685566 
-239.49627862685563 
-239.49627862685563 
-239.49627862685546 
-239.4962786268556 
-239.49627862685549 
-239.49627862685549 
-239.49627862685554 
-239.49627862685537 
-239.49627862685534 
-239.49627862685543 
-239.4962786268555 
-239.49627862685563 
-239.49627862685554 
-239.49627862685549 
-239.49627862685543 
-239.4962786268554 
-239.49627862685543 
-239.49627862685566 
-239.49627862685557 
-239.49627862685543 
-239.49627862685563 
-239.49627862685534 
-239.49627862685526 
-239.4962786268555 
-239.4962786268556 
-239.49627862685537 
-239.49627862685514 
-239.49627862685503 
-239.49627862685497 
-239.49627862685492 
-239.49627862685477 
-239.4962786268548 
-239.49627862685483 
-239.49627862685503 
-239.49627862685492 
-239.49627862685452 
-239.49627862685458 
-239.49627862685475 
-239.49627862685458 
-239.49627862685463 
-239.49627862685458 
-239.4962786268545 
-239.4962786268544 
-239.4962786268544 
-239.49627862685452 
-239.4962786268544 
-239.49627862685435 
-239.49627862685438 
-239.4962786268543 
-239.49627862685432 
-239.49627862685435 
-239.49627862685387 
-239.49627862685392 
-239.49627862685392 
-239.496278626854 
-239.49627862685372 
-239.49627862685375 
-239.49627862685372 
-239.49627862685372 
-239.4962786268537 
-239.49627862685355 
-239.49627862685395 
-239.4962786268536 
-239.49627862685364 
-239.49627862685347 
-239.49627862685358 
-239.49627862685355 
-239.49627862685333 
-239.4962786268539 
-239.49627862685355 
-239.4962786268535 
-239.49627862685335 
-239.4962786268536 
-239.4962786268532 
-239.49627862685327 
-239.49627862685355 
-239.4962786268532 
-239.496278626853 
-239.4962786268529 
-239.4962786268529 
-239.49627862685284 
-239.4962786268528 
-239.4962786268531 
-239.49627862685273 
-239.49627862685298 
-239.49627862685327 
-239.49627862685287 
-239.49627862685298 
-239.4962786268527 
-239.49627862685247 
-239.49627862685233 
-239.49627862685222 
-239.49627862685207 
-239.4962786268519 
-239.4962786268522 
-239.49627862685193 
-239.49627862685205 
-239.49627862685224 
-239.49627862685207 
-239.49627862685213 
-239.49627862685242 
-239.49627862685207 
-239.4962786268521 
-239.49627862685205 
-239.4962786268521 
-239.49627862685222 
-239.4962786268521 
-239.49627862685497 
-239.4962786268523 
-239.49627862685244 
-239.4962786268525 
-239.49627862685276 
-239.49627862685284 
-239.49627862685296 
-239.49627862685287 
-239.49627862685304 
-239.49627862685304 
-239.4962786268534 
-239.49627862685318 
-239.49627862685335 
-239.49627862685352 
-239.49627862685335 
-239.4962786268536 
-239.49627862685375 
-239.4962786268537 
-239.49627862685398 
-239.496278626854 
-239.4962786268541 
-239.49627862685426 
-239.49627862685435 
-239.49627862685463 
-239.4962786268545 
-239.4962786268546 
-239.49627862685472 
-239.4962786268546 
-239.49627862685486 
-239.49627862685497 
-239.49627862685472 
-239.49627862685483 
-239.49627862685477 
-239.49627862685503 
-239.496278626855 
-239.49627862685503 
-239.49627862685495 
-239.49627862685526 
-239.49627862685492 
-239.496278626855 
-239.49627862685503 
-239.49627862685506 
-239.49627862685514 
-239.49627862685534 
-239.4962786268554 
-239.49627862685546 
-239.49627862685537 
-239.49627862685537 
-239.49627862685531 
-239.49627862685543 
-239.49627862685526 
-239.49627862685512 
-239.4962786268551 
-239.4962786268551 
-239.4962786268551 
-239.49627862685514 
-239.4962786268552 
-239.4962786268552 
-239.49627862685543 
-239.49627862685526 
-239.49627862685534 
-239.49627862685546 
-239.4962786268555 
-239.49627862685563 
-239.49627862685557 
-239.4962786268557 
-239.49627862685563 
-239.49627862685568 
-239.49627862685583 
-239.49627862685577 
-239.49627862685588 
-239.49627862685594 
-239.49627862685568 
-239.49627862685554 
-239.49627862685568 
-239.49627862685566 
-239.4962786268558 
-239.49627862685568 
-239.4962786268557 
-239.49627862685594 
-239.4962786268561 
-239.4962786268562 
-239.49627862685628 
-239.49627862685662 
-239.49627862685654 
-239.49627862685674 
-239.49627862685682 
-239.496278626857 
-239.49627862685702 
-239.49627862685702 
-239.49627862685708 
-239.49627862685702 
-239.49627862685693 
-239.49627862685696 
-239.49627862685716 
-239.49627862685696 
-239.4962786268572 
-239.496278626857 
-239.49627862685702 
-239.49627862685716 
-239.49627862685708 
-239.49627862685705 
-239.49627862685716 
-239.4962786268576 
-239.49627862685722 
-239.4962786268573 
-239.49627862685702 
-239.49627862685708 
-239.49627862685713 
-239.49627862685722 
-239.49627862685725 
-239.49627862685728 
-239.49627862685733 
-239.49627862685747 
-239.49627862685765 
-239.49627862685762 
-239.49627862685765 
-239.49627862685773 
-239.4962786268578 
-239.4962786268578 
-239.4962786268577 
-239.4962786268578 
-239.49627862685787 
-239.49627862685838 
-239.4962786268581 
-239.49627862685813 
-239.49627862685813 
-239.49627862685824 
-239.49627862685796 
-239.49627862685807 
-239.49627862685833 
-239.49627862685824 
-239.49627862685824 
-239.49627862685844 
-239.49627862685844 
-239.49627862685833 
-239.49627862685844 
-239.4962786268584 
-239.4962786268585 
-239.49627862685864 
-239.49627862685878 
-239.49627862685867 
-239.49627862685907 
-239.4962786268588 
-239.49627862685884 
-239.49627862685873 
-239.49627862685884 
-239.49627862685887 
-239.4962786268589 
-239.49627862685907 
-239.49627862685907 
-239.49627862685935 
-239.49627862685912 
-239.49627862685927 
-239.49627862685935 
-239.4962786268594 
-239.49627862685924 
-239.49627862685932 
-239.49627862685918 
-239.49627862685935 
-239.49627862685935 
-239.49627862685958 
-239.49627862686026 
-239.49627862685963 
-239.49627862685963 
-239.49627862686006 
-239.49627862685986 
-239.49627862685995 
-239.49627862686012 
-239.49627862686015 
-239.49627862686003 
-239.49627862686006 
-239.49627862686 
-239.49627862686 
-239.4962786268598 
-239.49627862686023 
-239.49627862686003 
-239.49627862685995 
-239.49627862685998 
-239.49627862686 
-239.49627862686015 
-239.49627862686017 
-239.4962786268604 
-239.49627862686046 
-239.49627862686054 
-239.49627862686066 
-239.49627862686083 
-239.4962786268608 
-239.49627862686086 
-239.49627862686074 
-239.4962786268607 
-239.49627862686097 
-239.496278626861 
-239.49627862686086 
-239.49627862686077 
-239.49627862686074 
-239.49627862686344 
-239.4962786268608 
-239.49627862686086 
-239.4962786268608 
-239.49627862686106 
-239.4962786268609 
-239.4962786268607 
-239.49627862686057 
-239.49627862686071 
-239.49627862686074 
-239.49627862686094 
-239.49627862686057 
-239.49627862686046 
-239.49627862686057 
-239.4962786268603 
-239.49627862686015 
-239.4962786268603 
-239.4962786268602 
-239.49627862686012 
-239.49627862686023 
-239.49627862686015 
-239.49627862686006 
-239.4962786268601 
-239.4962786268603 
-239.4962786268603 
-239.49627862686071 
-239.4962786268603 
-239.4962786268605 
-239.49627862686043 
-239.49627862686043 
-239.4962786268603 
-239.4962786268606 
-239.49627862686012 
-239.49627862685998 
-239.4962786268598 
-239.4962786268598 
-239.49627862685998 
-239.49627862686003 
-239.49627862685958 
-239.4962786268597 
-239.49627862685972 
-239.49627862685986 
-239.49627862685978 
-239.49627862685963 
-239.49627862685972 
-239.49627862685958 
-239.4962786268594 
-239.49627862685938 
-239.49627862685927 
-239.49627862685924 
-239.49627862685915 
-239.49627862685918 
-239.49627862685918 
-239.49627862685927 
-239.49627862685904 
-239.496278626859 
-239.496278626859 
-239.49627862685898 
-239.49627862685895 
-239.49627862685895 
-239.49627862685895 
-239.49627862685887 
-239.49627862685878 
-239.4962786268589 
-239.49627862685907 
-239.49627862685867 
-239.496278626859 
-239.49627862685878 
-239.49627862685844 
-239.4962786268587 
-239.49627862685864 
-239.49627862685878 
-239.49627862685887 
-239.49627862685873 
-239.49627862685867 
-239.49627862685867 
-239.49627862685844 
-239.49627862685844 
-239.49627862685844 
-239.49627862685847 
-239.49627862685838 
-239.49627862685838 
-239.49627862685819 
-239.49627862685833 
-239.49627862685813 
-239.496278626858 
-239.4962786268581 
-239.4962786268582 
-239.49627862685787 
-239.49627862685776 
-239.49627862685827 
-239.49627862685776 
-239.49627862685801 
-239.49627862685801 
-239.4962786268579 
-239.49627862685784 
-239.49627862685793 
-239.49627862685793 
-239.49627862685787 
-239.4962786268578 
-239.49627862685796 
-239.4962786268581 
-239.49627862685784 
-239.49627862685793 
-239.49627862685767 
-239.49627862685787 
-239.49627862685796 
-239.4962786268578 
-239.49627862685782 
-239.49627862685776 
-239.49627862685762 
-239.49627862685753 
-239.49627862685725 
-239.4962786268573 
-239.49627862685722 
-239.49627862685702 
-239.49627862685693 
-239.49627862685674 
-239.4962786268567 
-239.49627862685657 
-239.4962786268565 
-239.49627862685654 
-239.49627862685642 
-239.49627862685645 
-239.49627862685665 
-239.49627862685657 
-239.4962786268566 
-239.4962786268566 
-239.49627862685662 
-239.49627862685674 
-239.49627862685654 
-239.4962786268565 
-239.49627862685648 
-239.4962786268565 
-239.4962786268563 
-239.49627862685637 
-239.4962786268562 
-239.49627862685622 
-239.49627862685617 
-239.49627862685622 
-239.49627862685605 
-239.49627862685637 
-239.49627862685614 
-239.49627862685597 
-239.49627862685608 
-239.49627862685597 
-239.49627862685617 
-239.49627862685605 
-239.49627862685617 
-239.4962786268561 
-239.4962786268561 
-239.49627862685617 
-239.496278626856 
-239.4962786268559 
-239.4962786268558 
-239.4962786268558 
-239.49627862685585 
-239.49627862685588 
-239.49627862685568 
-239.49627862685568 
-239.49627862685568 
-239.49627862685594 
-239.4962786268557 
-239.49627862685554 
-239.4962786268554 
-239.49627862685537 
-239.4962786268552 
-239.4962786268553 
-239.4962786268551 
-239.49627862685495 
-239.49627862685503 
-239.496278626855 
-239.4962786268548 
-239.49627862685463 
-239.49627862685443 
-239.49627862685435 
-239.49627862685426 
-239.49627862685432 
-239.4962786268543 
-239.49627862685384 
-239.49627862685387 
-239.49627862685375 
-239.4962786268537 
-239.4962786268536 
-239.4962786268536 
-239.4962786268534 
-239.49627862685344 
-239.49627862685338 
-239.49627862685318 
-239.49627862685313 
-239.49627862685333 
-239.49627862685293 
-239.49627862685296 
-239.4962786268528 
-239.49627862685256 
-239.4962786268524 
-239.4962786268552 
-239.49627862685222 
-239.4962786268522 
-239.49627862685267 
-239.49627862685244 
-239.49627862685247 
-239.49627862685244 
-239.4962786268528 
-239.49627862685267 
-239.49627862685293 
-239.49627862685264 
-239.49627862685279 
-239.49627862685298 
-239.496278626853 
-239.4962786268533 
-239.49627862685335 
-239.49627862685335 
-239.49627862685358 
-239.49627862685387 
-239.49627862685384 
-239.49627862685398 
-239.49627862685398 
-239.49627862685412 
-239.496278626854 
-239.49627862685435 
-239.49627862685452 
-239.49627862685426 
-239.49627862685438 
-239.49627862685426 
-239.4962786268544 
-239.4962786268544 
-239.4962786268545 
-239.4962786268545 
-239.49627862685455 
-239.4962786268548 
-239.49627862685486 
-239.49627862685492 
-239.496278626855 
-239.4962786268552 
-239.49627862685537 
-239.4962786268556 
-239.49627862685557 
-239.49627862685557 
-239.49627862685577 
-239.49627862685577 
-239.49627862685597 
-239.49627862685634 
-239.49627862685608 
-239.4962786268562 
-239.4962786268561 
-239.496278626856 
-239.49627862685614 
-239.4962786268563 
-239.4962786268566 
-239.49627862685668 
-239.4962786268567 
-239.49627862685708 
-239.49627862685688 
-239.49627862685693 
-239.49627862685705 
-239.49627862685708 
-239.4962786268572 
-239.4962786268573 
-239.4962786268572 
-239.49627862685713 
-239.49627862685736 
-239.49627862685745 
-239.49627862685747 
-239.49627862685765 
-239.49627862685753 
-239.49627862685782 
-239.49627862685773 
-239.4962786268578 
-239.4962786268577 
-239.4962786268579 
-239.49627862685804 
-239.4962786268581 
-239.49627862685813 
-239.49627862685855 
-239.49627862685816 
-239.496278626858 
-239.49627862685807 
-239.49627862685801 
-239.49627862685804 
-239.49627862685819 
-239.49627862685824 
-239.49627862685819 
-239.49627862685824 
-239.49627862685833 
-239.4962786268584 
-239.4962786268583 
-239.4962786268583 
-239.49627862685836 
-239.49627862685847 
-239.4962786268585 
-239.49627862685858 
-239.49627862685864 
-239.49627862685873 
-239.4962786268587 
-239.49627862685855 
-239.49627862685873 
-239.4962786268589 
-239.49627862685895 
-239.49627862685895 
-239.496278626859 
-239.4962786268592 
-239.49627862685892 
-239.49627862685912 
-239.49627862685895 
-239.4962786268591 
-239.49627862685915 
-239.49627862685927 
-239.49627862685924 
-239.49627862685932 
-239.4962786268592 
-239.49627862685938 
-239.49627862685944 
-239.49627862685958 
-239.49627862685983 
-239.4962786268598 
-239.49627862685992 
-239.49627862686032 
-239.49627862686023 
-239.49627862686015 
-239.4962786268603 
-239.49627862686032 
-239.49627862686017 
-239.49627862686 
-239.4962786268603 
-239.4962786268601 
-239.49627862686015 
-239.49627862686012 
-239.49627862686026 
-239.4962786268602 
-239.49627862686023 
-239.49627862686037 
-239.49627862686066 
-239.4962786268606 
-239.4962786268604 
-239.4962786268605 
-239.49627862686046 
-239.49627862686066 
-239.49627862686071 
-239.49627862686089 
-239.49627862686094 
-239.49627862686089 
-239.49627862686097 
-239.49627862686128 
-239.49627862686168 
-239.49627862686123 
-239.49627862686134 
-239.49627862686128 
-239.4962786268614 
-239.49627862686148 
-239.49627862686157 
-239.49627862686174 
-239.49627862686177 
-239.49627862686177 
-239.4962786268619 
-239.49627862686185 
-239.49627862686177 
-239.49627862686197 
-239.49627862686188 
-239.4962786268619 
-239.49627862686188 
-239.49627862686188 
-239.49627862686197 
-239.496278626862 
-239.49627862686194 
-239.4962786268621 
-239.49627862686197 
-239.49627862686216 
-239.49627862686228 
-239.4962786268626 
-239.49627862686253 
-239.4962786268627 
-239.49627862686256 
-239.49627862686248 
-239.49627862686242 
-239.49627862686233 
-239.49627862686248 
-239.4962786268623 
-239.4962786268622 
-239.4962786268624 
-239.49627862686242 
-239.49627862686262 
-239.49627862686302 
-239.49627862686285 
-239.49627862686305 
-239.49627862686307 
-239.49627862686322 
-239.49627862686333 
-239.49627862686333 
-239.4962786268633 
-239.49627862686344 
-239.4962786268633 
-239.49627862686611 
-239.49627862686333 
-239.49627862686341 
-239.4962786268633 
-239.49627862686322 
-239.4962786268632 
-239.49627862686316 
-239.4962786268634 
-239.49627862686307 
-239.49627862686296 
-239.49627862686282 
-239.49627862686268 
-239.496278626863 
-239.49627862686265 
-239.49627862686222 
-239.4962786268623 
-239.49627862686225 
-239.49627862686225 
-239.49627862686225 
-239.49627862686225 
-239.4962786268622 
-239.4962786268624 
-239.49627862686236 
-239.4962786268623 
-239.4962786268622 
-239.496278626862 
-239.4962786268619 
-239.49627862686174 
-239.49627862686168 
-239.49627862686174 
-239.49627862686162 
-239.49627862686154 
-239.49627862686154 
-239.49627862686168 
-239.49627862686157 
-239.49627862686143 
-239.49627862686137 
-239.49627862686148 
-239.49627862686154 
-239.4962786268614 
-239.49627862686125 
-239.49627862686125 
-239.4962786268614 
-239.4962786268612 
-239.496278626861 
-239.49627862686089 
-239.49627862686117 
-239.49627862686083 
-239.49627862686114 
-239.49627862686097 
-239.49627862686071 
-239.49627862686066 
-239.49627862686071 
-239.49627862686066 
-239.49627862686057 
-239.4962786268605 
-239.4962786268603 
-239.49627862686037 
-239.4962786268605 
-239.4962786268604 
-239.49627862686043 
-239.49627862686026 
-239.49627862686003 
-239.4962786268601 
-239.49627862686015 
-239.49627862685995 
-239.4962786268598 
-239.4962786268598 
-239.49627862685986 
-239.49627862685992 
-239.49627862686023 
-239.49627862686015 
-239.49627862685998 
-239.4962786268598 
-239.49627862685983 
-239.49627862685978 
-239.49627862685966 
-239.4962786268599 
-239.49627862685946 
-239.49627862685924 
-239.49627862685912 
-239.49627862685915 
-239.49627862685898 
-239.4962786268591 
-239.49627862685892 
-239.49627862685904 
-239.49627862685892 
-239.49627862685892 
-239.49627862685884 
-239.4962786268589 
-239.49627862685867 
-239.49627862685898 
-239.49627862685873 
-239.49627862685907 
-239.49627862685875 
-239.49627862685867 
-239.49627862685853 
-239.49627862685912 
-239.49627862685867 
-239.49627862685853 
-239.49627862685847 
-239.49627862685838 
-239.49627862685816 
-239.4962786268585 
-239.49627862685807 
-239.49627862685801 
-239.496278626858 
-239.49627862685816 
-239.49627862685807 
-239.49627862685801 
-239.49627862685787 
-239.49627862685801 
-239.49627862685782 
-239.4962786268578 
-239.49627862685773 
-239.49627862685787 
-239.49627862685773 
-239.4962786268579 
-239.496278626858 
-239.4962786268581 
-239.4962786268579 
-239.49627862685796 
-239.49627862685776 
-239.4962786268576 
-239.49627862685762 
-239.49627862685753 
-239.49627862685756 
-239.49627862685747 
-239.4962786268575 
-239.49627862685742 
-239.49627862685747 
-239.4962786268573 
-239.49627862685708 
-239.49627862685716 
-239.4962786268572 
-239.49627862685708 
-239.49627862685702 
-239.49627862685693 
-239.49627862685682 
-239.49627862685702 
-239.49627862685674 
-239.49627862685665 
-239.49627862685685 
-239.49627862685648 
-239.49627862685625 
-239.49627862685608 
-239.4962786268559 
-239.49627862685605 
-239.4962786268564 
-239.496278626856 
-239.49627862685577 
-239.4962786268557 
-239.4962786268555 
-239.49627862685554 
-239.49627862685531 
-239.4962786268552 
-239.4962786268553 
-239.49627862685506 
-239.4962786268549 
-239.49627862685466 
-239.49627862685458 
-239.49627862685452 
-239.49627862685443 
-239.49627862685426 
-239.49627862685423 
-239.4962786268542 
-239.4962786268542 
-239.49627862685415 
-239.4962786268541 
-239.49627862685418 
-239.4962786268541 
-239.49627862685398 
-239.49627862685395 
-239.49627862685412 
-239.49627862685404 
-239.4962786268539 
-239.49627862685404 
-239.4962786268539 
-239.4962786268539 
-239.4962786268536 
-239.4962786268534 
-239.49627862685333 
-239.49627862685324 
-239.49627862685304 
-239.49627862685293 
-239.49627862685279 
-239.4962786268528 
-239.49627862685267 
-239.49627862685293 
-239.49627862685264 
-239.49627862685242 
-239.49627862685233 
-239.49627862685224 
-239.4962786268525 
-239.4962786268522 
-239.4962786268521 
-239.49627862685503 
-239.49627862685233 
-239.49627862685222 
-239.49627862685227 
-239.49627862685244 
-239.49627862685253 
-239.4962786268526 
-239.4962786268527 
-239.49627862685284 
-239.4962786268531 
-239.4962786268532 
-239.4962786268532 
-239.49627862685333 
-239.49627862685355 
-239.4962786268534 
-239.49627862685352 
-239.49627862685398 
-239.49627862685375 
-239.49627862685387 
-239.49627862685378 
-239.49627862685395 
-239.49627862685398 
-239.496278626854 
-239.4962786268545 
-239.49627862685415 
-239.49627862685406 
-239.49627862685406 
-239.49627862685443 
-239.49627862685438 
-239.49627862685452 
-239.49627862685446 
-239.49627862685472 
-239.49627862685463 
-239.49627862685466 
-239.49627862685466 
-239.49627862685463 
-239.49627862685443 
-239.49627862685466 
-239.49627862685472 
-239.49627862685486 
-239.4962786268551 
-239.49627862685506 
-239.4962786268551 
-239.49627862685517 
-239.49627862685526 
-239.4962786268554 
-239.4962786268555 
-239.49627862685574 
-239.49627862685588 
-239.4962786268559 
-239.49627862685603 
-239.496278626856 
-239.4962786268561 
-239.49627862685617 
-239.49627862685634 
-239.49627862685645 
-239.49627862685645 
-239.49627862685645 
-239.49627862685648 
-239.4962786268568 
-239.49627862685668 
-239.4962786268567 
-239.4962786268568 
-239.4962786268569 
-239.49627862685693 
-239.49627862685696 
-239.49627862685705 
-239.4962786268571 
-239.4962786268572 
-239.49627862685696 
-239.49627862685708 
-239.49627862685728 
-239.4962786268573 
-239.4962786268575 
-239.4962786268576 
-239.49627862685762 
-239.49627862685762 
-239.4962786268582 
-239.49627862685784 
-239.4962786268579 
-239.4962786268579 
-239.49627862685787 
-239.496278626858 
-239.49627862685793 
-239.49627862685793 
-239.496278626858 
-239.49627862685787 
-239.49627862685787 
-239.49627862685776 
-239.49627862685782 
-239.49627862685793 
-239.49627862685796 
-239.49627862685807 
-239.49627862685827 
-239.49627862685847 
-239.49627862685847 
-239.49627862685858 
-239.4962786268585 
-239.49627862685853 
-239.4962786268585 
-239.4962786268586 
-239.49627862685867 
-239.49627862685878 
-239.49627862685898 
-239.49627862685907 
-239.49627862685907 
-239.49627862685895 
-239.49627862685898 
-239.4962786268592 
-239.49627862685907 
-239.4962786268592 
-239.4962786268593 
-239.4962786268596 
-239.49627862685938 
-239.4962786268595 
-239.4962786268594 
-239.4962786268594 
-239.49627862685955 
-239.49627862685958 
-239.49627862685966 
-239.4962786268597 
-239.4962786268599 
-239.4962786268597 
-239.49627862685966 
-239.49627862685983 
-239.49627862685992 
-239.49627862686015 
-239.49627862686012 
-239.49627862686012 
-239.4962786268603 
-239.49627862686046 
-239.49627862686052 
-239.49627862686052 
-239.4962786268605 
-239.49627862686063 
-239.4962786268606 
-239.49627862686077 
-239.49627862686094 
-239.49627862686063 
-239.49627862686054 
-239.49627862686066 
-239.49627862686074 
-239.49627862686071 
-239.49627862686094 
-239.49627862686103 
-239.49627862686103 
-239.49627862686103 
-239.49627862686089 
-239.49627862686086 
-239.49627862686097 
-239.49627862686094 
-239.49627862686077 
-239.49627862686089 
-239.49627862686083 
-239.49627862686106 
-239.49627862686123 
-239.49627862686128 
-239.4962786268612 
-239.49627862686128 
-239.49627862686145 
-239.49627862686143 
-239.49627862686154 
-239.49627862686157 
-239.4962786268615 
-239.49627862686157 
-239.49627862686148 
-239.4962786268614 
-239.4962786268613 
-239.49627862686128 
-239.49627862686128 
-239.49627862686145 
-239.49627862686143 
-239.49627862686145 
-239.49627862686168 
-239.4962786268618 
-239.49627862686145 
-239.4962786268615 
-239.4962786268616 
-239.49627862686168 
-239.49627862686208 
-239.49627862686182 
-239.49627862686202 
-239.49627862686194 
-239.49627862686233 
-239.4962786268619 
-239.49627862686216 
-239.4962786268623 
-239.4962786268624 
-239.49627862686233 
-239.4962786268623 
-239.49627862686253 
-239.49627862686253 
-239.49627862686256 
-239.4962786268628 
-239.4962786268627 
-239.49627862686268 
-239.4962786268655 
-239.49627862686273 
-239.49627862686276 
-239.49627862686268 
-239.49627862686248 
-239.4962786268625 
-239.49627862686253 
-239.49627862686236 
-239.49627862686265 
-239.49627862686236 
-239.49627862686262 
-239.496278626862 
-239.4962786268619 
-239.49627862686194 
-239.49627862686177 
-239.49627862686182 
-239.49627862686185 
-239.4962786268618 
-239.49627862686168 
-239.4962786268615 
-239.4962786268615 
-239.4962786268615 
-239.49627862686165 
-239.4962786268615 
-239.49627862686162 
-239.49627862686148 
-239.49627862686143 
-239.49627862686134 
-239.49627862686154 
-239.49627862686157 
-239.4962786268617 
-239.49627862686174 
-239.49627862686185 
-239.4962786268619 
-239.49627862686188 
-239.4962786268618 
-239.4962786268617 
-239.4962786268617 
-239.4962786268616 
-239.4962786268614 
-239.49627862686154 
-239.4962786268614 
-239.49627862686134 
-239.49627862686103 
-239.49627862686123 
-239.496278626861 
-239.49627862686108 
-239.4962786268612 
-239.4962786268611 
-239.49627862686103 
-239.4962786268614 
-239.49627862686108 
-239.49627862686089 
-239.49627862686071 
-239.49627862686052 
-239.49627862686052 
-239.49627862686032 
-239.4962786268603 
-239.49627862686023 
-239.49627862686054 
-239.4962786268603 
-239.49627862686017 
-239.49627862686017 
-239.49627862686012 
-239.49627862686015 
-239.49627862686026 
-239.49627862686026 
-239.49627862685983 
-239.49627862685972 
-239.49627862685983 
-239.4962786268597 
-239.49627862685958 
-239.49627862685958 
-239.4962786268595 
-239.49627862685952 
-239.49627862685972 
-239.4962786268598 
-239.4962786268597 
-239.4962786268596 
-239.49627862685955 
-239.4962786268594 
-239.49627862685952 
-239.49627862685944 
-239.49627862685938 
-239.49627862685952 
-239.49627862685898 
-239.49627862685907 
-239.4962786268591 
-239.4962786268589 
-239.49627862685884 
-239.4962786268588 
-239.4962786268588 
-239.49627862685892 
-239.49627862685878 
-239.49627862685858 
-239.4962786268585 
-239.49627862685833 
-239.49627862685827 
-239.49627862685838 
-239.49627862685819 
-239.49627862685836 
-239.49627862685833 
-239.49627862685824 
-239.49627862685801 
-239.49627862685793 
-239.49627862685782 
-239.4962786268577 
-239.49627862685765 
-239.49627862685776 
-239.4962786268577 
-239.49627862685782 
-239.49627862685793 
-239.49627862685816 
-239.49627862685773 
-239.4962786268577 
-239.49627862685782 
-239.4962786268578 
-239.49627862685782 
-239.49627862685776 
-239.49627862685765 
-239.49627862685745 
-239.4962786268573 
-239.49627862685722 
-239.49627862685725 
-239.49627862685696 
-239.49627862685688 
-239.4962786268567 
-239.4962786268566 
-239.49627862685685 
-239.49627862685668 
-239.49627862685676 
-239.49627862685685 
-239.49627862685665 
-239.49627862685654 
-239.49627862685642 
-239.49627862685634 
-239.4962786268563 
-239.49627862685617 
-239.49627862685603 
-239.49627862685597 
-239.49627862685603 
-239.49627862685597 
-239.49627862685597 
-239.49627862685574 
-239.49627862685577 
-239.49627862685557 
-239.49627862685554 
-239.49627862685585 
-239.4962786268554 
-239.49627862685534 
-239.49627862685537 
-239.49627862685495 
-239.496278626855 
-239.4962786268549 
-239.4962786268549 
-239.4962786268548 
-239.49627862685477 
-239.49627862685463 
-239.49627862685452 
-239.4962786268544 
-239.49627862685435 
-239.4962786268545 
-239.4962786268547 
-239.4962786268546 
-239.49627862685452 
-239.49627862685452 
-239.49627862685443 
-239.4962786268545 
-239.4962786268543 
-239.49627862685412 
-239.49627862685452 
-239.496278626854 
-239.49627862685415 
-239.49627862685406 
-239.49627862685398 
-239.49627862685412 
-239.49627862685418 
-239.49627862685378 
-239.49627862685378 
-239.49627862685378 
-239.49627862685367 
-239.49627862685367 
-239.4962786268534 
-239.49627862685344 
-239.4962786268534 
-239.49627862685324 
-239.49627862685318 
-239.49627862685307 
-239.49627862685284 
-239.49627862685284 
-239.49627862685264 
-239.49627862685273 
-239.49627862685253 
-239.49627862685233 
-239.4962786268527 
-239.4962786268522 
-239.49627862685497 
-239.49627862685242 
-239.4962786268526 
-239.49627862685273 
-239.49627862685279 
-239.49627862685304 
-239.4962786268533 
-239.49627862685338 
-239.49627862685335 
-239.49627862685327 
-239.49627862685344 
-239.49627862685344 
-239.49627862685358 
-239.49627862685378 
-239.4962786268537 
-239.4962786268536 
-239.49627862685352 
-239.49627862685344 
-239.4962786268536 
-239.49627862685355 
-239.49627862685358 
-239.49627862685364 
-239.49627862685355 
-239.49627862685352 
-239.4962786268538 
-239.49627862685375 
-239.49627862685375 
-239.49627862685375 
-239.49627862685406 
-239.49627862685406 
-239.4962786268543 
-239.4962786268543 
-239.49627862685452 
-239.49627862685452 
-239.49627862685477 
-239.4962786268548 
-239.49627862685497 
-239.49627862685495 
-239.49627862685497 
-239.4962786268551 
-239.49627862685534 
-239.49627862685546 
-239.49627862685543 
-239.49627862685549 
-239.49627862685577 
-239.49627862685563 
-239.49627862685568 
-239.49627862685566 
-239.4962786268558 
-239.49627862685588 
-239.4962786268557 
-239.49627862685583 
-239.49627862685605 
-239.49627862685614 
-239.49627862685622 
-239.496278626856 
-239.4962786268562 
-239.49627862685617 
-239.4962786268563 
-239.49627862685657 
-239.4962786268563 
-239.4962786268564 
-239.49627862685628 
-239.49627862685645 
-239.49627862685648 
-239.4962786268565 
-239.4962786268566 
-239.49627862685696 
-239.49627862685648 
-239.49627862685654 
-239.49627862685645 
-239.49627862685637 
-239.49627862685642 
-239.49627862685674 
-239.49627862685668 
-239.49627862685685 
-239.496278626857 
-239.49627862685708 
-239.49627862685708 
-239.49627862685716 
-239.4962786268577 
-239.49627862685722 
-239.49627862685736 
-239.4962786268575 
-239.4962786268573 
-239.49627862685736 
-239.4962786268575 
-239.49627862685782 
-239.4962786268576 
-239.49627862685776 
-239.49627862685753 
-239.49627862685787 
-239.4962786268579 
-239.49627862685804 
-239.49627862685816 
-239.49627862685816 
-239.4962786268582 
-239.49627862685838 
-239.49627862685847 
-239.49627862685858 
-239.49627862685867 
-239.49627862685884 
-239.4962786268587 
-239.49627862685875 
-239.49627862685878 
-239.49627862685878 
-239.49627862685904 
-239.49627862685918 
-239.49627862685887 
-239.49627862685907 
-239.49627862685915 
-239.49627862685927 
-239.49627862685955 
-239.49627862685944 
-239.49627862685932 
-239.49627862685924 
-239.4962786268594 
-239.4962786268596 
-239.49627862685983 
-239.49627862685972 
-239.4962786268601 
-239.4962786268597 
-239.4962786268601 
-239.49627862685992 
-239.49627862685972 
-239.4962786268597 
-239.49627862685975 
-239.49627862685975 
-239.49627862685978 
-239.49627862685998 
-239.49627862686023 
-239.49627862686026 
-239.49627862686035 
-239.49627862686032 
-239.4962786268605 
-239.49627862686046 
-239.4962786268606 
-239.49627862686063 
-239.49627862686074 
-239.49627862686083 
-239.49627862686086 
-239.49627862686086 
-239.49627862686097 
-239.49627862686094 
-239.4962786268612 
-239.49627862686114 
-239.49627862686125 
-239.4962786268612 
-239.49627862686123 
-239.49627862686117 
-239.49627862686117 
-239.49627862686145 
-239.49627862686168 
-239.4962786268618 
-239.49627862686197 
-239.4962786268617 
-239.49627862686182 
-239.4962786268617 
-239.4962786268618 
-239.49627862686185 
-239.49627862686194 
-239.49627862686185 
-239.4962786268619 
-239.49627862686216 
-239.4962786268625 
-239.4962786268625 
-239.49627862686273 
-239.496278626863 
-239.49627862686305 
-239.49627862686242 
-239.49627862686245 
-239.4962786268623 
-239.4962786268627 
-239.49627862686253 
-239.4962786268626 
-239.49627862686268 
-239.49627862686273 
-239.49627862686282 
-239.49627862686287 
-239.49627862686302 
-239.49627862686302 
-239.4962786268629 
-239.49627862686287 
-239.496278626863 
-239.49627862686302 
-239.4962786268631 
-239.49627862686333 
-239.49627862686333 
-239.49627862686333 
-239.4962786268632 
-239.49627862686344 
-239.49627862686344 
-239.49627862686347 
-239.49627862686353 
-239.49627862686359 
-239.4962786268635 
-239.49627862686643 
-239.4962786268634 
-239.4962786268635 
-239.49627862686336 
-239.49627862686336 
-239.49627862686316 
-239.4962786268633 
-239.49627862686322 
-239.4962786268632 
-239.49627862686327 
-239.49627862686322 
-239.49627862686305 
-239.49627862686327 
-239.4962786268629 
-239.49627862686273 
-239.496278626863 
-239.49627862686316 
-239.49627862686302 
-239.49627862686296 
-239.49627862686313 
-239.49627862686276 
-239.49627862686262 
-239.49627862686242 
-239.4962786268624 
-239.49627862686225 
-239.4962786268621 
-239.49627862686242 
-239.49627862686202 
-239.49627862686228 
-239.4962786268622 
-239.49627862686225 
-239.49627862686216 
-239.49627862686205 
-239.49627862686182 
-239.4962786268615 
-239.4962786268616 
-239.49627862686197 
-239.49627862686168 
-239.49627862686165 
-239.49627862686168 
-239.49627862686168 
-239.4962786268616 
-239.4962786268615 
-239.49627862686148 
-239.4962786268616 
-239.49627862686123 
-239.49627862686097 
-239.496278626861 
-239.496278626861 
-239.49627862686106 
-239.4962786268611 
-239.496278626861 
-239.49627862686123 
-239.49627862686103 
-239.4962786268611 
-239.49627862686094 
-239.49627862686089 
-239.49627862686083 
-239.49627862686071 
-239.49627862686071 
-239.49627862686097 
-239.49627862686063 
-239.49627862686054 
-239.4962786268604 
-239.49627862686043 
-239.49627862686026 
-239.4962786268602 
-239.49627862686003 
-239.49627862686003 
-239.49627862685986 
-239.49627862685978 
-239.49627862685978 
-239.4962786268597 
-239.49627862685955 
-239.49627862685972 
-239.49627862685958 
-239.4962786268595 
-239.49627862685938 
-239.4962786268595 
-239.49627862685938 
-239.49627862685918 
-239.49627862685915 
-239.49627862685907 
-239.4962786268592 
-239.49627862685927 
-239.49627862685912 
-239.49627862685935 
-239.49627862685904 
-239.4962786268589 
-239.49627862685907 
-239.49627862685907 
-239.49627862685884 
-239.49627862685873 
-239.49627862685867 
-239.49627862685858 
-239.49627862685867 
-239.49627862685864 
-239.49627862685847 
-239.49627862685836 
-239.49627862685824 
-239.49627862685824 
-239.49627862685804 
-239.49627862685796 
-239.49627862685784 
-239.49627862685767 
-239.49627862685762 
-239.49627862685736 
-239.49627862685736 
-239.4962786268574 
-239.49627862685722 
-239.49627862685722 
-239.49627862685713 
-239.49627862685702 
-239.49627862685722 
-239.49627862685708 
-239.49627862685713 
-239.49627862685685 
-239.49627862685713 
-239.49627862685685 
-239.49627862685696 
-239.4962786268568 
-239.4962786268567 
-239.4962786268568 
-239.49627862685662 
-239.4962786268564 
-239.4962786268564 
-239.49627862685637 
-239.49627862685642 
-239.49627862685634 
-239.49627862685645 
-239.49627862685648 
-239.49627862685637 
-239.49627862685662 
-239.49627862685622 
-239.49627862685608 
-239.49627862685617 
-239.49627862685608 
-239.4962786268563 
-239.49627862685617 
-239.49627862685603 
-239.49627862685597 
-239.4962786268559 
-239.49627862685594 
-239.49627862685594 
-239.49627862685585 
-239.4962786268557 
-239.49627862685557 
-239.49627862685577 
-239.4962786268557 
-239.49627862685554 
-239.4962786268557 
-239.49627862685563 
-239.49627862685566 
-239.4962786268555 
-239.49627862685554 
-239.49627862685566 
-239.4962786268553 
-239.49627862685503 
-239.49627862685503 
-239.4962786268549 
-239.496278626855 
-239.4962786268546 
-239.49627862685458 
-239.49627862685435 
-239.49627862685432 
-239.49627862685426 
-239.49627862685435 
-239.49627862685392 
-239.49627862685367 
-239.49627862685364 
-239.49627862685355 
-239.4962786268535 
-239.4962786268532 
-239.49627862685324 
-239.4962786268536 
-239.49627862685352 
-239.49627862685335 
-239.49627862685333 
-239.49627862685335 
-239.4962786268533 
-239.49627862685355 
-239.49627862685324 
-239.49627862685338 
-239.49627862685333 
-239.4962786268533 
-239.49627862685344 
-239.49627862685313 
-239.4962786268531 
-239.49627862685307 
-239.49627862685304 
-239.4962786268527 
-239.49627862685273 
-239.4962786268526 
-239.49627862685247 
-239.49627862685244 
-239.49627862685213 
-239.4962786268549 
