2 -0.86462511550495 
3 0.852606355874987 
4 -0.8465626848594618 
5 0.8432316193543027 
6 -0.8412870905233398 
7 0.8401062090278724 
8 -0.8393680410042853 
9 0.8388962978944533 
10 -0.8385895064542597 
11 0.838387142934236 
12 -0.838252087640084 
13 0.8381610596584217 
14 -0.838099187643181 
15 0.8380568261595801 
16 -0.8380276382442725 
17 0.838007414563799 
18 -0.8379933324181349 
19 0.8379834832545671 
20 -0.8379765672201234 
21 0.8379716933285603 
22 -0.8379682473518497 
23 0.8379658036901017 
24 -0.8379640660660088 
25 0.8379628273859633 
26 -0.8379619423394302 
27 0.8379613086060546 
28 -0.8379608539213116 
29 0.8379605271208049 
30 -0.8379602917926461 
31 0.8379601220602356 
32 -0.8379599995067806 
33 0.8379599108820606 
34 -0.8379598466711231 
35 0.8379598001002971 
36 -0.8379597662186792 
37 0.837959741636741 
38 -0.8379597238057944 
39 0.8379597108304822 
40 -0.8379597013488299 
41 0.8379596943974008 
42 -0.8379596893055273 
43 0.8379596856916663 
44 -0.8379596822657452 
45 0.837959682100509 
46 -0.8379596802053058 
47 0.8379596770208096 
48 -0.8379596756405892 
49 0.8379596757748641 
50 -0.8379596763633009 
51 0.8379596768090918 
52 -0.8379596769666461 
53 0.8379596768513834 
54 -0.8379596766902164 
55 0.8379596765217964 
56 -0.8379596762815203 
57 0.8379596760698391 
58 -0.8379596759136101 
59 0.8379596757710137 
60 -0.8379596756652747 
61 0.837959675596757 
62 -0.8379596755767651 
63 0.8379596755435276 
64 -0.8379596755494215 
65 0.8379596757231839 
66 -0.8379596758866481 
67 0.8379596756391713 
68 -0.837959677159064 
69 0.8379596772364961 
70 -0.8379596752130511 
71 0.8379596752063805 
72 -0.8379596773291256 
73 0.8379596790909685 
74 -0.8379596809716254 
75 0.8379596833120038 
76 -0.8379596862928269 
77 0.8379596901642258 
78 -0.837959695287926 
79 0.8379597022956771 
80 -0.8379597118428751 
81 0.8379597248729787 
82 -0.8379597427676473 
83 0.8379597673192963 
84 -0.8379598010656341 
85 0.8379598475486304 
86 -0.8379599116716363 
87 0.8379600002391562 
88 -0.8379601227273598 
89 0.8379602923502112 
90 -0.8379605275868706 
91 0.837960854328625 
92 -0.8379613090447909 
93 0.8379619436180279 
94 -0.8379628286923443 
95 0.8379640662256946 
96 -0.8379658034869012 
97 0.8379682469463745 
98 -0.8379716926207675 
99 0.837976566360168 
100 -0.8379834824987321 
101 0.8379933318811005 
102 -0.8380074142342304 
103 0.8380276380331874 
104 -0.8380568259681447 
105 0.8380991874028575 
106 -0.8381610593422444 
107 0.8382520872563258 
108 -0.8383871425144968 
109 0.8385895060269225 
110 -0.8388962974925042 
111 0.8393680406512153 
112 -0.8401062087375548 
113 0.8412870902965011 
114 -0.8432316191911173 
115 0.8465626847514667 
116 -0.8526063558117548 
117 0.8646251154747282 
