-172.6548038707788 
-172.6548038707785 
-172.65480387077827 
-172.65480387077827 
-172.65480387077875 
-172.654803870779 
-172.65480387077938 
-172.65480387077974 
-172.6548038707797 
-172.65480387077986 
-172.65480387078026 
-172.6548038707803 
-172.65480387078057 
-172.65480387078082 
-172.65480387078102 
-172.65480387078134 
-172.6548038707816 
-172.6548038707816 
-172.65480387078216 
-172.6548038707823 
-172.65480387078242 
-172.65480387078387 
-172.65480387078267 
-172.65480387078318 
-172.65480387078443 
-172.65480387078364 
-172.6548038707838 
-172.6548038707841 
-172.6548038707842 
-172.65480387078458 
-172.65480387078503 
-172.654803870785 
-172.6548038707853 
-172.65480387078534 
-172.65480387078526 
-172.65480387078554 
-172.65480387078605 
-172.65480387078634 
-172.65480387078654 
-172.6548038707869 
-172.65480387078702 
-172.65480387078728 
-172.65480387078728 
-172.65480387078745 
-172.6548038707882 
-172.65480387078833 
-172.6548038707886 
-172.65480387078884 
-172.65480387078927 
-172.65480387078966 
-172.6548038707901 
-172.6548038707899 
-172.6548038707905 
-172.65480387079077 
-172.65480387079378 
-172.65480387079867 
-172.6548038707992 
-172.6548038707989 
-172.65480387079876 
-172.65480387079884 
-172.65480387079944 
-172.6548038707988 
-172.65480387080305 
-172.65480387079907 
-172.65480387079876 
-172.6548038707988 
-172.6548038707994 
-172.6548038707992 
-172.6548038707989 
-172.65480387079896 
-172.6548038707987 
-172.65480387079845 
-172.65480387079836 
-172.65480387079864 
-172.65480387079816 
-172.6548038707984 
-172.65480387079828 
-172.6548038707984 
-172.65480387079847 
-172.6548038707983 
-172.65480387079822 
-172.65480387079802 
-172.65480387079813 
-172.65480387079785 
-172.65480387079782 
-172.6548038707978 
-172.6548038707981 
-172.65480387079813 
-172.6548038707983 
-172.65480387079836 
-172.6548038707986 
-172.6548038707985 
-172.65480387079882 
-172.654803870799 
-172.6548038707989 
-172.65480387079887 
-172.65480387079864 
-172.6548038707984 
-172.65480387079842 
-172.65480387079862 
-172.6548038707983 
-172.6548038707987 
-172.6548038707983 
-172.6548038707984 
-172.65480387079842 
-172.65480387079842 
-172.65480387079847 
-172.65480387079836 
-172.6548038707986 
-172.65480387079825 
-172.6548038707982 
-172.65480387079813 
-172.65480387079842 
-172.6548038707981 
-172.654803870798 
-172.6548038707982 
-172.65480387079884 
-172.6548038707995 
-172.65480387079975 
-172.6548038708 
-172.65480387080012 
-172.65480387080032 
-172.65480387080066 
-172.65480387080132 
-172.65480387080163 
-172.65480387080146 
-172.65480387080206 
-172.6548038708019 
-172.65480387080157 
-172.6548038708018 
-172.65480387080206 
-172.6548038708022 
-172.65480387080277 
-172.65480387080262 
-172.65480387080342 
-172.65480387080385 
-172.654803870804 
-172.65480387080436 
-172.6548038708047 
-172.6548038708043 
-172.65480387080422 
-172.65480387080396 
-172.65480387080402 
-172.65480387080424 
-172.65480387080467 
-172.65480387080524 
-172.65480387080552 
-172.65480387080598 
-172.65480387080663 
-172.65480387080578 
-172.65480387080535 
-172.65480387080595 
-172.65480387080595 
-172.65480387080626 
-172.65480387080652 
-172.65480387080743 
-172.65480387080748 
-172.6548038708081 
-172.6548038708079 
-172.65480387080854 
-172.65480387080865 
-172.65480387080888 
-172.65480387080925 
-172.6548038708102 
-172.65480387080981 
-172.65480387081027 
-172.6548038708106 
-172.6548038708109 
-172.6548038708112 
-172.65480387081115 
-172.6548038708147 
-172.65480387081774 
-172.65480387081914 
-172.65480387081823 
-172.65480387081732 
-172.654803870818 
-172.65480387081973 
-172.65480387081783 
-172.6548038708183 
-172.65480387081865 
-172.6548038708193 
-172.65480387081965 
-172.6548038708197 
-172.6548038708203 
-172.6548038708193 
-172.6548038708196 
-172.65480387081922 
-172.654803870819 
-172.65480387081945 
-172.65480387081925 
-172.65480387081902 
-172.65480387081962 
-172.6548038708191 
-172.65480387081905 
-172.65480387081865 
-172.65480387081854 
-172.6548038708187 
-172.65480387081888 
-172.65480387081908 
-172.65480387081894 
-172.65480387081905 
-172.65480387081936 
-172.65480387081948 
-172.65480387082013 
-172.65480387081942 
-172.65480387081914 
-172.65480387081925 
-172.65480387081925 
-172.65480387082002 
-172.65480387081993 
-172.65480387082005 
-172.6548038708201 
-172.6548038708204 
-172.65480387082036 
-172.65480387082036 
-172.65480387082013 
-172.6548038708202 
-172.65480387082067 
-172.65480387082073 
-172.65480387082056 
-172.65480387082061 
-172.65480387082107 
-172.65480387082107 
-172.65480387082113 
-172.65480387082124 
-172.6548038708215 
-172.65480387082084 
-172.65480387082061 
-172.65480387082067 
-172.65480387082067 
-172.65480387082104 
-172.65480387082084 
-172.65480387082061 
-172.65480387082036 
-172.65480387082033 
-172.65480387082042 
-172.65480387082027 
-172.65480387082044 
-172.65480387082036 
-172.6548038708203 
-172.65480387082061 
-172.65480387082064 
-172.65480387082061 
-172.65480387082044 
-172.65480387082061 
-172.6548038708205 
-172.65480387082076 
-172.65480387082098 
-172.654803870821 
-172.65480387082093 
-172.65480387082064 
-172.6548038708209 
-172.65480387082067 
-172.6548038708209 
-172.65480387082093 
-172.65480387082073 
-172.6548038708206 
-172.65480387082067 
-172.6548038708206 
-172.65480387082042 
-172.65480387082067 
-172.65480387082042 
-172.65480387082027 
-172.6548038708202 
-172.6548038708203 
-172.65480387082047 
-172.6548038708206 
-172.65480387082027 
-172.6548038708204 
-172.65480387082087 
-172.65480387082098 
-172.654803870821 
-172.65480387082087 
-172.65480387082067 
-172.6548038708207 
-172.65480387082064 
-172.65480387082061 
-172.65480387082044 
-172.65480387082067 
-172.6548038708208 
-172.65480387082056 
-172.6548038708207 
-172.6548038708208 
-172.65480387082107 
-172.65480387082138 
-172.6548038708209 
-172.65480387082104 
-172.65480387082255 
-172.65480387082115 
-172.65480387082096 
-172.6548038708206 
-172.65480387082184 
-172.65480387082127 
-172.6548038708206 
-172.6548038708244 
-172.65480387082061 
-172.65480387082056 
-172.65480387082087 
-172.65480387082087 
-172.65480387082084 
-172.65480387082098 
-172.65480387082115 
-172.65480387082113 
-172.65480387082087 
-172.65480387082104 
-172.6548038708212 
-172.65480387082133 
-172.65480387082118 
-172.65480387082135 
-172.65480387082155 
-172.6548038708216 
-172.6548038708215 
-172.65480387082144 
-172.65480387082147 
-172.65480387082158 
-172.65480387082178 
-172.65480387082164 
-172.65480387082175 
-172.6548038708214 
-172.6548038708214 
-172.6548038708219 
-172.65480387082184 
-172.65480387082187 
-172.65480387082224 
-172.65480387082206 
-172.65480387082155 
-172.65480387082187 
-172.6548038708218 
-172.6548038708217 
-172.65480387082158 
-172.65480387082158 
-172.65480387082164 
-172.65480387082167 
-172.65480387082167 
-172.65480387082135 
-172.65480387082127 
-172.65480387082113 
-172.65480387082135 
-172.65480387082113 
-172.65480387082098 
-172.654803870821 
-172.65480387082096 
-172.65480387082113 
-172.65480387082084 
-172.65480387082104 
-172.65480387082096 
-172.65480387082073 
-172.6548038708208 
-172.65480387082053 
-172.6548038708206 
-172.65480387082056 
-172.6548038708206 
-172.65480387082093 
-172.6548038708207 
-172.65480387082113 
-172.65480387082107 
-172.65480387082127 
-172.65480387082135 
-172.6548038708215 
-172.65480387082147 
-172.6548038708215 
-172.65480387082152 
-172.6548038708217 
-172.65480387082178 
-172.65480387082204 
-172.6548038708215 
-172.65480387082152 
-172.65480387082147 
-172.6548038708217 
-172.65480387082118 
-172.6548038708214 
-172.65480387082118 
-172.65480387082155 
-172.65480387082124 
-172.65480387082113 
-172.6548038708209 
-172.65480387082115 
-172.654803870821 
-172.654803870821 
-172.65480387082152 
-172.6548038708213 
-172.6548038708211 
-172.6548038708211 
-172.6548038708213 
-172.6548038708212 
-172.654803870821 
-172.6548038708211 
-172.65480387082138 
-172.65480387082175 
-172.654803870822 
-172.65480387082187 
-172.65480387082187 
-172.65480387082206 
-172.65480387082178 
-172.65480387082215 
-172.65480387082212 
-172.65480387082215 
-172.65480387082226 
-172.6548038708217 
-172.65480387082147 
-172.6548038708214 
-172.65480387082164 
-172.65480387082147 
-172.65480387082374 
-172.65480387082056 
-172.65480387082096 
-172.65480387081115 
