2 -0.9845365386703608 
3 0.9839833212301741 
4 -0.9837744663208436 
5 0.9837827523665758 
6 -0.9837922933163781 
7 0.9837933561238305 
8 -0.98379298526172 
9 0.9837928957960737 
10 -0.9837929068913044 
11 0.9837929158969746 
12 -0.9837929179132502 
13 0.9837929159252397 
14 -0.9837929154933933 
15 0.9837929145369829 
16 -0.9837929156254527 
17 0.9837929160768115 
18 -0.9837929159556809 
19 0.9837929152901388 
20 -0.9837929151920135 
21 0.9837929153893901 
22 -0.9837929153864492 
23 0.9837929154090076 
24 -0.9837929155419275 
25 0.9837929154095992 
26 -0.98379291534011 
27 0.9837929149754849 
28 -0.9837929146844294 
29 0.9837929143833015 
30 -0.9837929169727119 
31 0.9837929160917775 
32 -0.9837929145825375 
33 0.9837929151733104 
34 -0.9837929153591115 
35 0.9837929155978504 
36 -0.9837929153860705 
37 0.9837929149564761 
38 -0.9837929152298155 
39 0.9837929153011228 
40 -0.9837929155293265 
41 0.9837929153500973 
42 -0.9837929153562526 
43 0.9837929151500282 
44 -0.9837929157167962 
45 0.9837929151027129 
46 -0.983792915300514 
47 0.9837929153822829 
48 -0.9837929153882006 
49 0.9837929153434198 
50 -0.9837929153105854 
51 0.9837929153266657 
52 -0.9837929166077897 
53 0.9837929144984616 
54 -0.9837929170239903 
55 0.9837929153220298 
56 -0.9837929152730834 
57 0.9837929153557472 
58 -0.983792915372822 
59 0.983792915360791 
60 -0.9837929153510379 
61 0.9837929153484757 
62 -0.9837929153489375 
63 0.9837929153479427 
64 -0.9837929153506552 
65 0.9837929153492065 
66 -0.9837929153487676 
67 0.9837929153487189 
68 -0.9837929153487248 
69 0.9837929153487298 
70 -0.9837929153487325 
71 0.9837929153487364 
72 -0.9837929153487329 
73 0.9837929153487303 
74 -0.9837929153487353 
75 0.9837929153487298 
76 -0.9837929153487334 
77 0.9837929153487366 
78 -0.9837929153487283 
79 0.9837929153487094 
80 -0.9837929153487632 
81 0.9837929153485043 
82 -0.983792915349896 
83 0.9837929153788632 
84 -0.9837929153991951 
85 0.9837929153229208 
86 -0.983792915337499 
87 0.9837929153483917 
88 -0.9837929153458974 
89 0.9837929153475174 
90 -0.9837929153474947 
91 0.9837929153479269 
92 -0.9837929153478654 
93 0.9837929153488996 
94 -0.9837929153489954 
95 0.9837929153485468 
96 -0.9837929153483883 
97 0.9837929153496342 
98 -0.9837929153699697 
99 0.9837929152808645 
100 -0.9837929153809911 
101 0.9837929154033801 
102 -0.9837929153552268 
103 0.9837929154069784 
104 -0.9837929153548977 
105 0.9837929152251393 
106 -0.983792915217502 
107 0.9837929161256664 
108 -0.9837929158510121 
109 0.9837929092276415 
110 -0.9837929003237478 
111 0.9837929957478639 
112 -0.9837933079968888 
113 0.9837922394032117 
114 -0.9837827615516194 
115 0.9837744669234572 
116 -0.9839833203818898 
117 0.9845365388714892 
