2 -0.17379865021542365 
3 -0.1768579950628616 
4 -0.17792487182672653 
5 -0.17786885717539466 
6 -0.17782473981306662 
7 -0.17782069110048282 
8 -0.1778225316837837 
9 -0.17782289997907014 
10 -0.1778228412747704 
11 -0.17782280228244 
12 -0.17782279331132003 
13 -0.1778228028008148 
14 -0.17782280443397555 
15 -0.17782280957064758 
16 -0.17782280381396431 
17 -0.17782280193015576 
18 -0.17782280238658962 
19 -0.17782280553258545 
20 -0.17782280602814282 
21 -0.1778228051221435 
22 -0.17782280517728327 
23 -0.1778228050955627 
24 -0.17782280436228104 
25 -0.1778228050322821 
26 -0.17782280545167628 
27 -0.1778228064425933 
28 -0.1778228076478996 
29 -0.17782280993212785 
30 -0.17782279681391538 
31 -0.17782280183929045 
32 -0.1778228096399806 
33 -0.17782280572766504 
34 -0.1778228049301509 
35 -0.17782280418481133 
36 -0.17782280504639342 
37 -0.17782280723446478 
38 -0.1778228058526965 
39 -0.17782280555484636 
40 -0.17782280439630493 
41 -0.17782280539635306 
42 -0.17782280536587702 
43 -0.17782280639704842 
44 -0.17782280313793575 
45 -0.17782280657917693 
46 -0.17782280552436955 
47 -0.17782280517378016 
48 -0.1778228051687652 
49 -0.17782280539095022 
50 -0.17782280554952573 
51 -0.17782280527420508 
52 -0.17782279854582364 
53 -0.17782281085699467 
54 -0.17782279680458832 
55 -0.1778228056854338 
56 -0.1778228056988953 
57 -0.17782280530031716 
58 -0.17782280523173086 
59 -0.17782280529164513 
60 -0.17782280533429018 
61 -0.1778228053433387 
62 -0.1778228053400068 
63 -0.17782280534732964 
64 -0.17782280533289588 
65 -0.17782280533964562 
66 -0.177822805341696 
67 -0.17782280534182385 
68 -0.17782280534178818 
69 -0.1778228053417667 
70 -0.1778228053417495 
71 -0.17782280534173234 
72 -0.1778228053417525 
73 -0.1778228053417671 
74 -0.17782280534173608 
75 -0.1778228053417642 
76 -0.17782280534175127 
77 -0.17782280534173672 
78 -0.17782280534176045 
79 -0.17782280534185005 
80 -0.1778228053419344 
81 -0.1778228053411137 
82 -0.17782280532446312 
83 -0.17782280520012003 
84 -0.17782280510919637 
85 -0.17782280550292817 
86 -0.17782280540210293 
87 -0.1778228053369857 
88 -0.1778228053551008 
89 -0.17782280534830217 
90 -0.1778228053510095 
91 -0.17782280534614384 
92 -0.17782280534471928 
93 -0.17782280534070152 
94 -0.17782280534052572 
95 -0.17782280534242073 
96 -0.17782280534353834 
97 -0.17782280534689482 
98 -0.17782280517770618 
99 -0.17782280568052722 
100 -0.17782280519111873 
101 -0.1778228050383962 
102 -0.17782280530277908 
103 -0.17782280501084066 
104 -0.17782280525386465 
105 -0.17782280578611928 
106 -0.17782280593885932 
107 -0.17782280165148992 
108 -0.17782280251740518 
109 -0.1778228306593573 
110 -0.17782287952391607 
111 -0.1778224756199571 
112 -0.17782091973707792 
113 -0.17782500194669731 
114 -0.1778688142185759 
115 -0.17792488964164704 
116 -0.17685799693518567 
117 -0.17379864828877462 
