2 0.018922255077303562 
3 -0.007594984984140835 
4 0.00322793864215069 
5 -0.0008901838215985193 
6 -0.00014773005633223895 
7 0.00032076740094468805 
8 -0.0002203416863180895 
9 9.262842009327417e-05 
10 -1.4648035706504747e-05 
11 -1.3743824532387723e-05 
12 1.514665723665869e-05 
13 -8.254074121571508e-06 
14 2.266377048202576e-06 
15 5.758263019388536e-07 
16 -1.117296891690766e-06 
17 7.169014600392787e-07 
18 -2.3652130192058713e-07 
19 -2.6310188555804953e-08 
20 9.153220698421902e-08 
21 -6.41934601745472e-08 
22 2.2206342482774773e-08 
23 2.1523364992841882e-09 
24 -8.651667735461528e-09 
25 5.831368700081736e-09 
26 -2.388162725457988e-09 
27 4.6482430229657736e-10 
28 6.762028952957787e-10 
29 -6.67174601222169e-10 
30 1.5097236554527946e-10 
31 1.317962812566245e-10 
32 -4.28721906911927e-10 
33 1.2130689302200717e-10 
34 -4.3495142185891965e-12 
35 -2.97085073670095e-11 
36 4.738575130447385e-11 
37 3.3711189575944154e-11 
38 -1.3019241908021602e-10 
39 8.86342111847959e-11 
40 6.231673618595191e-11 
41 -1.237910426364362e-10 
42 1.691530122716832e-10 
43 -1.495202586807271e-10 
44 -9.329695646169755e-11 
45 6.926917781984764e-10 
46 -1.1316125155181485e-09 
47 2.288539174375487e-09 
48 3.941360686070296e-09 
49 -1.642556579318162e-08 
50 4.034521008534483e-09 
51 -2.7647736056235862e-11 
52 -3.520663435710056e-10 
53 -5.241817729820329e-10 
54 -2.0264159869663025e-10 
55 1.7944761299430145e-10 
56 -9.199021454969038e-11 
57 8.03198052961746e-11 
58 -7.62708910329905e-11 
59 6.93804384528168e-11 
60 1.4131862068281302e-11 
61 2.0179723620140136e-11 
62 -1.035208485111365e-10 
63 3.738913016155881e-11 
64 7.126906207228104e-10 
65 2.853090311579513e-10 
66 -2.0252079973690705e-10 
67 1.40595328022638e-10 
68 -2.640939794881965e-10 
69 -3.4507106080520516e-10 
70 5.25302977250375e-10 
71 -5.600512928060705e-10 
72 -7.287435087546947e-10 
73 3.5065139352388424e-10 
74 -1.3902736019017863e-10 
75 -2.625363159389286e-11 
76 -3.172716856660047e-11 
77 2.502149069433935e-13 
78 -2.6533786948762096e-11 
79 -6.657912169438595e-12 
80 -3.769493515214038e-11 
81 3.603577062396775e-10 
82 -3.735602950188494e-10 
83 -1.950125144458016e-11 
84 4.3335425333666877e-10 
85 6.320019032259936e-11 
86 1.5396653792996013e-10 
87 4.5336017246818024e-10 
88 -3.759275597694905e-10 
89 5.1890852355629314e-09 
90 -4.279780976203767e-09 
91 -4.45999280433936e-09 
92 4.770589980337184e-09 
93 -3.1910719639922485e-09 
94 1.7795923676598668e-09 
95 -9.124026904015599e-10 
96 2.3611309295344247e-10 
97 1.5758681379324695e-11 
98 -2.6738812960865235e-11 
99 -3.450036246139107e-11 
100 8.372202730479191e-11 
101 3.5325475205428607e-11 
102 -4.501710843989062e-10 
103 6.859462059683295e-11 
104 6.7351589116737725e-12 
105 7.389855213091671e-11 
106 1.3470152782507155e-10 
107 -3.440295866159919e-10 
108 -2.448467401142851e-10 
109 -8.003916215115933e-11 
110 1.4023691500468589e-09 
111 6.673547368595662e-10 
112 -4.273374472235496e-09 
113 2.7062747672273447e-09 
114 -1.6803360489026186e-09 
115 9.963065721565083e-10 
116 -8.18080651447954e-10 
117 -1.0469603752851502e-10 
118 -8.361163048593831e-11 
119 1.778159620611393e-10 
120 -1.773313782892538e-10 
121 -3.6279440172363616e-10 
122 6.442233201647998e-10 
123 -2.899721917558245e-09 
124 6.093687630854626e-09 
125 7.957158924600228e-09 
126 -6.708567839725191e-09 
127 4.0894692916421805e-09 
128 -2.2244076801155242e-09 
129 1.151309406001104e-09 
130 -5.8924777987412e-10 
131 3.0651470461649733e-10 
132 9.241954513083477e-11 
133 1.8109717996674554e-11 
134 -2.4806803739366174e-11 
135 2.109705964715483e-11 
136 -8.917732054839333e-11 
137 2.5715377314495235e-10 
138 -3.014643769473719e-10 
139 6.039700118295745e-11 
140 6.443490829123828e-10 
141 -1.1686149409826027e-09 
142 2.773664446641109e-09 
143 2.3925334992156534e-09 
144 -8.809145098523464e-09 
145 5.536155890850435e-09 
146 -2.8641162755730747e-09 
147 1.416804569149862e-09 
148 -7.019537149530491e-10 
149 2.16060209108567e-10 
150 -1.3046570265059986e-10 
151 1.1949352087494327e-10 
152 -6.53434872239056e-11 
153 5.055915970195299e-11 
154 -4.003637862040529e-11 
155 -9.978518545342288e-11 
156 4.661190092329971e-11 
157 -1.119198929931427e-12 
158 1.661542042886887e-11 
159 -1.0258842026712129e-10 
160 -1.03397589402268e-09 
161 -2.455498412570392e-11 
162 2.6243248425228714e-10 
163 -1.8066948098978252e-10 
164 8.984192770302395e-11 
165 -6.920632449153539e-11 
166 1.1286974906870771e-10 
167 -1.5259440035282442e-10 
168 1.3418571436111004e-10 
169 1.2973371722744264e-10 
170 -6.430726319320008e-10 
171 7.58873217502663e-10 
172 -5.587400151509256e-10 
173 -2.0060695547346533e-09 
174 6.2535241060934944e-09 
175 -8.809350562566174e-09 
176 2.548949994823264e-09 
177 2.1920154022711564e-08 
178 -6.359195124398615e-08 
179 9.150659711682573e-08 
180 -2.6468480693106858e-08 
181 -2.3664145411897611e-07 
182 7.165098035533487e-07 
183 -1.1168162080583453e-06 
184 5.754687465654927e-07 
185 2.266543075906168e-06 
186 -8.253986291063471e-06 
187 1.514632947993256e-05 
188 -1.3743786591884505e-05 
189 -1.4647952090207557e-05 
190 9.262866709270826e-05 
191 -0.00022034135109979592 
192 0.00032076666301141595 
193 -0.00014772954311085532 
194 -0.0008901842247143406 
195 0.003227938506144036 
196 -0.007594984657138673 
197 0.01892225504564491 
