2 -0.9313179118257957 
3 0.8906013020122568 
4 -0.8242294591218361 
5 0.7311326213903553 
6 -0.6113463457603223 
7 0.46913173206703956 
8 -0.31103477353286213 
9 0.14496376977181388 
10 0.020737156068235132 
11 -0.17792943108852963 
12 0.3192873774009677 
13 -0.4387088033008185 
14 0.5314968179992368 
15 -0.5943819705900188 
16 0.6255046637073435 
17 -0.6244021750970025 
18 0.591991761729447 
19 -0.530542010354877 
20 0.4436219113173093 
21 -0.33599295262602913 
22 0.21340940528349428 
23 -0.082328084860406 
24 -0.05044235234511864 
25 0.178118550815166 
26 -0.2943150339797358 
27 0.39337793661812337 
28 -0.47064881351364507 
29 0.5226529359499414 
30 -0.5472211246789294 
31 0.5435548935953395 
32 -0.512237499353239 
33 0.45519406519540806 
34 -0.37560214369846984 
35 0.2777438910471333 
36 -0.16679740880359598 
37 0.048568405593738664 
38 0.07081490339168252 
39 -0.18523055333424743 
40 0.28888586296966956 
41 -0.37661448305662404 
42 0.444131292484123 
43 -0.4882284942602002 
44 0.506909760296473 
45 -0.4994710359581144 
46 0.46651980691815653 
47 -0.40993516677756375 
48 0.33277504204119834 
49 -0.23912479155600255 
50 0.13389284131212434 
51 -0.022555192523990453 
52 -0.08913374853035186 
53 0.19543898318993835 
54 -0.2909500802174968 
55 0.3708562724450252 
56 -0.43118616267328824 
57 0.46899660090726286 
58 -0.48250811403727 
59 0.47117942093610077 
60 -0.43572752318801755 
61 0.3780857564246998 
62 -0.30130728180258926 
63 0.20941265816620958 
64 -0.107183479178925 
65 -8.288251272966021e-05 
66 0.10685062109500362 
67 -0.20763457846839195 
68 0.2972864842805708 
69 -0.3712595949250054 
70 0.42583603722053 
71 -0.4583068685906696 
72 0.46710016289692596 
73 -0.4518534069976194 
74 0.41342664393372086 
75 -0.3538561002510647 
76 0.2762517342293386 
77 -0.18464212737750313 
78 0.08377027342495713 
79 0.021151532981387455 
80 -0.12471357236296465 
81 0.22159094374747862 
82 -0.30682022642050666 
83 0.37605456596232256 
84 -0.42578248849208483 
85 0.4535003790323663 
86 -0.4578332738446593 
87 0.43860017118230255 
88 -0.39682077016461625 
89 0.3346634782551875 
90 -0.25533766362644983 
91 0.16293390022730408 
92 -0.06221682628350021 
93 -0.041620564476891296 
94 0.1432272257555064 
95 -0.2373728558793447 
96 0.3192194736172609 
97 -0.3845703983981958 
98 0.4300825493749182 
99 -0.45343206274597153 
100 0.4534278892454809 
101 -0.43007009446525357 
102 0.38455015950341886 
103 -0.31919273699689643 
104 0.23734143480113776 
105 -0.14319296010761084 
106 0.041585280370718306 
107 0.062251105755087 
108 -0.16296513247073813 
109 0.25536420633426343 
110 -0.33468412879928316 
111 0.39683453246583855 
112 -0.43860636657840835 
113 0.45783190948763175 
114 -0.45349210619728286 
115 0.4257681571061438 
116 -0.37603509353322745 
117 0.30679688223386725 
118 -0.2215653882833868 
119 0.12468745007667432 
120 -0.021126229055302117 
121 -0.0837935360366246 
122 0.1846623356234327 
123 -0.27626835181882725 
124 0.35386898745583134 
125 -0.4134356676787415 
126 0.4518584967035421 
127 -0.4671018133493514 
128 0.45830609917794546 
129 -0.42583359905962714 
130 0.37125558910438033 
131 -0.29728092274392753 
132 0.20762792675795716 
133 -0.10684351030292233 
134 7.554652759944949e-05 
135 0.10719116614573226 
136 -0.20942043743141536 
137 0.3013145402254059 
138 -0.37809110330062484 
139 0.4357305080215756 
140 -0.471179966486054 
141 0.4825059180945057 
142 -0.46899148591051076 
143 0.4311773110476793 
144 -0.3708438542699982 
145 0.2909345147247965 
146 -0.19542108912778283 
147 0.08911442967242234 
148 0.02257447010888401 
149 -0.13391218000815822 
150 0.23914266428568215 
151 -0.33279026983633886 
152 0.40994724326029164 
153 -0.46652787540117635 
154 0.4994745199790235 
155 -0.5069080242441246 
156 0.4882218695637477 
157 -0.4441203916155861 
158 0.37659946554712764 
159 -0.28886825285061674 
160 0.1852120460841058 
161 -0.07079623575271202 
162 -0.04858628714551473 
163 0.16681346464353913 
164 -0.27775796006047637 
165 0.37561357644350474 
166 -0.4552025527265364 
167 0.5122426412739844 
168 -0.5435567389651 
169 0.5472197214447362 
170 -0.5226485661347859 
171 0.47064194813589955 
172 -0.39336897362101586 
173 0.29430439238703454 
174 -0.17810675942402976 
175 0.05043020980489507 
176 0.08233993290372649 
177 -0.21342036561914987 
178 0.33600253426441146 
179 -0.44362974292976226 
180 0.5305477551014839 
181 -0.5919952771073002 
182 0.6244034935211844 
183 -0.6255039087346773 
184 0.5943793497053131 
185 -0.5314926464970164 
186 0.4387034611208876 
187 -0.3192812601433682 
188 0.17792294293775102 
189 -0.020730720586738784 
190 -0.1449697507259337 
191 0.31103998316112236 
192 -0.4691360105026813 
193 0.6113495788502419 
194 -0.7311348391281183 
195 0.8242307921688262 
196 -0.8906019712874707 
197 0.9313181652421094 
