2 0.03617372014156287 
3 -0.05424345030438612 
4 0.08029788011350732 
5 -0.10773639333701593 
6 0.13311030281231218 
7 -0.15294290860717102 
8 0.1653157623526063 
9 -0.16936287949562945 
10 0.16496295312027687 
11 -0.15260614266635075 
12 0.13334545974181272 
13 -0.10856338254426638 
14 0.07972006765124237 
15 -0.04825250204114774 
16 0.015586071586795796 
17 0.016859225364883917 
18 -0.047689562643467825 
19 0.07555402595412247 
20 -0.09917574210031013 
21 0.1174303036105098 
22 -0.1294484332868549 
23 0.1346922798885537 
24 -0.13299294755704255 
25 0.12456181676758535 
26 -0.10997514915856503 
27 0.09011836850158098 
28 -0.06610543735445751 
29 0.03920691201467661 
30 -0.010787882800834675 
31 -0.01774562236041298 
32 0.04500447264925292 
33 -0.06966535976879099 
34 0.0905237785614249 
35 -0.10655346867515597 
36 0.11697505394810291 
37 -0.12130389509558517 
38 0.1193765514818319 
39 -0.11136378793384367 
40 0.09775082061571438 
41 -0.0793126373193338 
42 0.05704465264367645 
43 -0.032115395794732673 
44 0.005806680206433256 
45 0.02055483238422498 
46 -0.045650349132996995 
47 0.0682284908190951 
48 -0.08716387741324416 
49 0.1015076034045197 
50 -0.11055143183836641 
51 0.11386095721843151 
52 -0.11130242737138693 
53 0.10305318550286616 
54 -0.0895836612490774 
55 0.07162898124227231 
56 -0.05014226668515201 
57 0.026242300969893023 
58 -0.0011553297984065632 
59 -0.023842640315482434 
60 0.04748989368557749 
61 -0.068594897006906 
62 0.08608927603937755 
63 -0.09909089332548303 
64 0.10694684433652918 
65 -0.10927180604966166 
66 0.10596904042971533 
67 -0.0972359281496441 
68 0.08355213218341438 
69 -0.0656486802506066 
70 0.04446344467828656 
71 -0.02109098216868776 
72 -0.0032707813241007687 
73 0.02737924816157051 
74 -0.050009584374370905 
75 0.0700140343314023 
76 -0.08637569811264748 
77 0.09825978556861972 
78 -0.10506086927565955 
79 0.10643830820775192 
80 -0.10233461882335622 
81 0.09297756762263416 
82 -0.07886674159221993 
83 0.06074385141161143 
84 -0.03954973404472442 
85 0.016374533421754753 
86 0.007595905363763419 
87 -0.03113833037668424 
88 0.0530532092453852 
89 -0.07222333919252424 
90 0.08766759185812448 
91 -0.0985911433979924 
92 0.1044303602958066 
93 -0.1048857545947642 
94 0.09993839610968572 
95 -0.0898502318059189 
96 0.07514926767488767 
97 -0.05659926903722092 
98 0.035156427927909475 
99 -0.011918888939533957 
100 -0.011927091858471649 
101 0.03516465276492208 
102 -0.05660670495901142 
103 0.07515490576033823 
104 -0.08985386365319528 
105 0.09994030609524679 
106 -0.10488584107739551 
107 0.10442829693661822 
108 -0.09858714908678831 
109 0.08766228463404309 
110 -0.07221698247515518 
111 0.053045835183504406 
112 -0.031130516768972778 
113 0.007588629508817261 
114 0.016380833221214596 
115 -0.039555265479697815 
116 0.06074850058117591 
117 -0.07886985056574733 
118 0.09297878759086427 
119 -0.10233426759164274 
120 0.1064367133300935 
121 -0.10505812432211709 
122 0.09825625456546366 
123 -0.08637196595880726 
124 0.07001017331953406 
125 -0.05000531723670633 
126 0.02737503049818278 
127 -0.0032677121905747347 
128 -0.021092696678177786 
129 0.044464890025044806 
130 -0.06565058819755079 
131 0.0835538559125169 
132 -0.0972365334472531 
133 0.10596873202922683 
134 -0.10927158799363837 
135 0.10694700707686307 
136 -0.09909066256692559 
137 0.08608781266464254 
138 -0.06859208079077828 
139 0.04748779521039257 
140 -0.023840353502928405 
141 -0.0011582682709936384 
142 0.026245320846969032 
143 -0.05014557143290986 
144 0.07163212100648184 
145 -0.08958643379957344 
146 0.10305520884352329 
147 -0.11130354237742174 
148 0.11386065734812467 
149 -0.11055101543523116 
150 0.10150659057436878 
151 -0.0871608856406143 
152 0.06822498102273017 
153 -0.04564544680805531 
154 0.02054960628440175 
155 0.005811889321255675 
156 -0.032120738405644694 
157 0.05704815534566073 
158 -0.07931527096076932 
159 0.09775355121894919 
160 -0.1113639638734804 
161 0.11937616167327494 
162 -0.12130226233760306 
163 0.1169731030990479 
164 -0.10655078905238763 
165 0.09052046887420942 
166 -0.06966228830771118 
167 0.045001199757732646 
168 -0.01774227705242952 
169 -0.010791190890114898 
170 0.039209664375548944 
171 -0.06610795979572141 
172 0.09012039407527192 
173 -0.10997682807252306 
174 0.1245626761059141 
175 -0.13299294198711423 
176 0.13469166000048183 
177 -0.12944724944830371 
178 0.11742872161459306 
179 -0.09917379059118418 
180 0.0755518185284301 
181 -0.04768729827715149 
182 0.016857052435909202 
183 0.015588093175166686 
184 -0.04825424833728562 
185 0.07972144211945661 
186 -0.108564361062643 
187 0.13334605536972344 
188 -0.1526063293976545 
189 0.16496270227814602 
190 -0.16936224360051505 
191 0.16531488551252693 
192 -0.15294191708289148 
193 0.1331092694726035 
194 -0.10773543458835001 
195 0.08029710551426208 
196 -0.05424292603639182 
197 0.03617342700695735 
