0.0 
-205.1292510764084 
-205.13335956469075 
-205.13337624492053 
-205.13764988837994 
-205.1376670241817 
-205.14193057548306 
-205.14194777358176 
-205.14621153180374 
-205.1462287101359 
-205.15049328599838 
-205.15051047114616 
-205.15477596783523 
-205.15479315031342 
-205.15905962730926 
-205.15907681096047 
-205.1633443228893 
-205.1633615065554 
-205.16763011757536 
-205.1676473016179 
-205.17191708021267 
-205.17193426456421 
-205.17620528657955 
-205.1762224712904 
-205.18049481973082 
-205.1805120048289 
-205.18478577120143 
-205.18480295672225 
-205.18907824459902 
-205.18909543057632 
-205.19337234911208 
-205.19338953560472 
-205.19766821302358 
-205.19768540007667 
-205.20196597595364 
-205.20198316362288 
-205.2062657991466 
-205.20628298751015 
-205.21056786140267 
-205.21058505054378 
-205.2148723676523 
-205.21488955767177 
-205.21917955106542 
-205.21919674206336 
-205.2234896819609 
-205.22350687405975 
-205.22780306875356 
-205.22782026215654 
-205.23212007708835 
-205.2321372719666 
-205.23644113527166 
-205.23645833188098 
-205.2407667536543 
-205.24078395228184 
-205.24509753952032 
-205.24511474057724 
-205.24943423798183 
-205.24945144195507 
-205.25377776364826 
-205.25379497117365 
-205.25812926271055 
-205.2581464746617 
-205.26249019762597 
-205.26250741519058 
-205.26686249236076 
-205.26687971715913 
-205.27124829232017 
-205.27126553519693 
-205.27564228505076 
-205.27565951611732 
-205.2799935057668 
-205.28001121839372 
-205.2844064096283 
-205.28442173647335 
-205.30948984549028 
-205.3097329416787 
-205.3097333317857 
-205.30973334836432 
-205.30973335260467 
-205.30973335671385 
-205.3097333571269 
-205.30973336023885 
-205.30973336061282 
-205.30973336396758 
-205.3097333643294 
-205.30973336759013 
-205.30973336798348 
-205.30973337126397 
-205.30973337165028 
-205.30973337493785 
-205.3097333753319 
-205.30973337862002 
-205.30973337900292 
-205.309733382321 
-205.30973338268944 
-205.30973338597346 
-205.30973338633686 
-205.30973338962568 
-205.30973338999803 
-205.3097333932977 
-205.30973339366278 
-205.30973339695885 
-205.30973339731844 
-205.3097334006309 
-205.30973340099038 
-205.309733404308 
-205.30973340465854 
-205.30973340797672 
-205.30973340831986 
-205.3097334116509 
-205.30973341198649 
-205.30973341532322 
-205.3097334156424 
-205.30973341899795 
-205.30973341931823 
-205.309733422677 
-205.30973342297915 
-205.30973342631853 
-205.30973342664217 
-205.30973343003933 
-205.30973343031417 
-205.30973343375186 
-205.30973343400981 
-205.30973343745006 
-205.3097334376988 
-205.30973344122202 
-205.30973344144894 
-205.30973344506984 
-205.30973344527933 
-205.3097334490266 
-205.30973344921128 
-205.30973345292855 
-205.30973345336787 
-205.30973345770497 
-205.30973345787118 
-205.30973346319215 
-205.30973346339698 
-205.30973346916028 
-205.30973346996927 
-205.3097334728116 
-205.30973347482825 
-205.30973347685503 
-205.30973349061134 
-205.3097334919546 
-205.3097334921687 
-205.30973349216765 
-205.30973349216669 
-205.3097334921692 
-205.30973349216828 
-205.3097334921683 
-205.30973349216765 
-205.30973349216953 
-205.30973349217592 
-205.30973349218118 
-205.30973349223078 
-205.3097334922489 
-205.3097334922562 
-205.3097334922681 
-205.30973349227284 
-205.30973349228566 
-205.3097334922904 
-205.3097334922923 
-205.30973349229305 
-205.30973349229495 
-205.30973349229575 
-205.3097334922966 
-205.30973349229714 
-205.30973349229782 
-205.30973349229808 
-205.30973349229845 
-205.30973349229876 
-205.3097334922989 
-205.30973349229942 
-205.3097334922994 
-205.30973349229973 
-205.3097334923002 
-205.30973349230018 
-205.3097334923002 
-205.3097334923004 
-205.30973349230072 
-205.30973349230118 
-205.3097334923016 
-205.30973349230186 
-205.30973349230212 
-205.30973349230254 
-205.30973349230283 
-205.3097334923031 
-205.30973349230337 
-205.30973349230348 
-205.30973349230342 
-205.30973349230354 
-205.309733492304 
-205.30973349230428 
-205.30973349230464 
-205.30973349230484 
-205.3097334923051 
-205.30973349230518 
-205.30973349230527 
-205.30973349230567 
-205.3097334923056 
-205.30973349230595 
-205.30973349230615 
-205.30973349230652 
-205.30973349230686 
-205.30973349230692 
-205.3097334923074 
-205.309733492308 
-205.30973349230825 
-205.30973349230874 
-205.30973349230865 
-205.30973349230894 
-205.30973349230925 
-205.30973349230965 
-205.30973349231013 
-205.30973349231033 
-205.3097334923113 
-205.30973349231306 
-205.30973349232147 
-205.3097334923216 
-205.30973350341975 
-205.309733504644 
-205.30973350904722 
-205.30973351099036 
-205.309733515475 
-205.30973351735074 
-205.30973352189324 
-205.3097335237975 
-205.30973352831742 
-205.30973353021778 
-205.3097335347191 
-205.30973353661608 
-205.30973354110185 
-205.3097335429961 
-205.30973354746877 
-205.30973354936037 
-205.3097335538229 
-205.3097335557122 
-205.30973356016443 
-205.3097335620527 
-205.30973356649744 
-205.3097335683835 
-205.30973357282213 
-205.30973357470717 
-205.30973357913865 
-205.3097335810226 
-205.30973358544816 
-205.30973358733107 
-205.30973359175124 
-205.30973359363344 
-205.30973359804955 
-205.30973359993047 
-205.3097336043425 
-205.30973360622218 
-205.309733610631 
-205.30973361251046 
-205.30973361691525 
-205.30973361879344 
-205.30973362319529 
-205.30973362507368 
-205.30973362947304 
-205.30973363135143 
-205.30973363574765 
-205.30973363762496 
-205.30973364201898 
-205.30973364389547 
-205.30973364828722 
-205.30973365016422 
-205.30973365455404 
-205.3097336564302 
-205.30973366081798 
-205.30973366269328 
-205.30973366707954 
-205.30973366895464 
-205.30973367333877 
-205.30973367521383 
-205.30973367959572 
-205.30973368147278 
-205.30973368585722 
-205.30973368772507 
-205.30973369209664 
-205.30973369398308 
-205.30973369839856 
-205.3097337003339 
-205.30973370502463 
-205.30973370673803 
-205.30973371401564 
-205.3097337172621 
-205.30973372112683 
-205.30973372249028 
-205.3097337294635 
-205.3097337294826 
-205.30973372948216 
-205.30973372948134 
-205.30973372948162 
-205.30973372948242 
-205.3097337294826 
-205.30973372948355 
-205.3097337294844 
-205.30973372948614 
-205.30973372949643 
-205.3097337295047 
-205.30973372952099 
-205.3097337295267 
-205.3097337295702 
-205.30973372957888 
-205.30973372958974 
-205.30973372959266 
-205.30973372959912 
-205.30973372960082 
-205.30973372960332 
-205.30973372960406 
-205.30973372960597 
-205.30973372960705 
-205.30973372960833 
-205.30973372960923 
-205.30973372961054 
-205.3097337296114 
-205.30973372961247 
-205.3097337296133 
-205.30973372961424 
-205.30973372961532 
-205.30973372961674 
-205.30973372961768 
-205.30973372961864 
-205.3097337296193 
-205.30973372962052 
-205.3097337296212 
-205.30973372962214 
-205.30973372962293 
-205.30973372962427 
-205.30973372962507 
-205.30973372962617 
-205.3097337296272 
-205.3097337296286 
-205.3097337296293 
-205.30973372963035 
-205.30973372963095 
-205.309733729632 
-205.30973372963297 
-205.3097337296341 
-205.3097337296349 
-205.30973372963587 
-205.30973372963697 
-205.30973372963828 
-205.30973372963916 
-205.3097337296404 
-205.3097337296409 
-205.30973372964198 
-205.30973372964291 
-205.30973372964385 
-205.3097337296446 
-205.3097337296455 
-205.30973372964644 
-205.30973372964755 
-205.3097337296486 
-205.30973372964945 
-205.30973372965022 
-205.30973372965153 
-205.30973372965255 
-205.30973372965346 
-205.30973372965457 
-205.30973372965565 
-205.30973372965636 
-205.30973372965778 
-205.30973372965877 
-205.30973372965934 
-205.3097337296599 
-205.30973372966017 
-205.30973372966 
-205.30973372965997 
-205.30973372965988 
-205.3097337296599 
-205.3097337296598 
-205.30973372965946 
-205.3097337296599 
-205.30973372966014 
-205.30973372965997 
-205.3097337296604 
-205.30973372966002 
-205.30973372965988 
-205.30973372966 
-205.30973372965983 
-205.30973372965977 
-205.30973372965988 
-205.30973372965994 
-205.30973372965994 
-205.30973372966 
-205.30973372965997 
-205.30973372966014 
-205.3097337296605 
-205.3097337296606 
-205.30973372966034 
-205.30973372966048 
-205.30973372966105 
-205.3097337296611 
-205.3097337296614 
-205.30973372966133 
-205.309733729661 
-205.30973372966116 
-205.3097337296607 
-205.30973372966056 
-205.3097337296608 
-205.30973372966048 
-205.30973372966028 
-205.3097337296604 
-205.30973372966048 
-205.30973372966017 
-205.30973372966034 
-205.3097337296604 
-205.30973372966037 
-205.3097337296605 
-205.30973372966045 
-205.30973372966048 
-205.30973372966045 
-205.30973372966073 
-205.30973372966082 
-205.30973372966082 
-205.30973372966102 
-205.30973372966093 
-205.309733729661 
-205.30973372966113 
-205.30973372966127 
-205.30973372966125 
-205.30973372966133 
-205.30973372966182 
-205.3097337296617 
-205.3097337296617 
-205.30973372966207 
-205.30973372966227 
-205.30973372966264 
-205.30973372966298 
-205.30973372966298 
-205.30973372966295 
-205.30973372966216 
-205.30973372966292 
-205.30973372966324 
-205.30973372966255 
-205.30973372966244 
-205.3097337296621 
-205.30973372966452 
-205.3097337296634 
-205.30973372966233 
-205.3097337296619 
-205.30973372966193 
-205.30973372966292 
-205.3097337296629 
-205.30973372966275 
-205.30973372966258 
-205.30973372966204 
-205.30973372966199 
-205.3097337296618 
-205.30973372966193 
-205.30973372966182 
-205.30973372966164 
-205.30973372966142 
-205.3097337296614 
-205.30973372966153 
-205.30973372966136 
-205.30973372966145 
-205.30973372966136 
-205.30973372966125 
-205.3097337296611 
-205.30973372966088 
-205.30973372966093 
-205.30973372966102 
-205.30973372966088 
-205.30973372966102 
-205.30973372966073 
-205.30973372966073 
-205.30973372966076 
-205.30973372966073 
-205.3097337296607 
-205.30973372966056 
-205.3097337296606 
-205.30973372966085 
-205.30973372966102 
-205.30973372966108 
-205.30973372966116 
-205.3097337296613 
-205.30973372966108 
-205.30973372966108 
-205.30973372966108 
-205.3097337296609 
-205.30973372966082 
-205.30973372966062 
-205.3097337296606 
-205.30973372966054 
-205.30973372966056 
-205.30973372966037 
-205.30973372966025 
-205.3097337296602 
-205.30973372966002 
-205.30973372966002 
-205.3097337296598 
-205.30973372965963 
-205.30973372965977 
-205.30973372965994 
-205.3097337296597 
-205.30973372965994 
-205.30973372966 
-205.30973372965957 
-205.30973372965943 
-205.30973372965917 
-205.30973372965906 
-205.30973372965911 
-205.30973372965903 
-205.3097337296593 
-205.30973372965934 
-205.30973372965934 
-205.30973372965926 
-205.30973372965906 
-205.30973372965937 
-205.3097337296595 
-205.30973372965906 
-205.30973372965923 
-205.3097337296592 
-205.30973372965929 
-205.3097337296594 
-205.3097337296593 
-205.3097337296591 
-205.30973372965863 
-205.3097337296589 
-205.30973372965866 
-205.30973372965838 
-205.30973372965832 
-205.30973372965838 
-205.30973372965875 
-205.30973372965875 
-205.30973372965855 
-205.30973372965872 
-205.30973372965866 
-205.30973372965897 
-205.3097337296593 
-205.30973372965914 
-205.30973372965886 
-205.30973372965923 
-205.30973372965914 
-205.30973372965886 
-205.30973372965863 
-205.30973372965843 
-205.30973372965866 
-205.30973372965911 
-205.30973372965892 
-205.30973372965886 
-205.30973372965883 
-205.3097337296589 
-205.30973372965857 
-205.30973372965866 
-205.30973372965852 
-205.30973372965838 
-205.30973372965843 
-205.3097337296585 
-205.3097337296587 
-205.30973372965877 
-205.3097337296587 
-205.30973372965866 
-205.30973372965832 
-205.3097337296585 
-205.30973372965803 
-205.30973372965835 
-205.3097337296585 
-205.30973372965806 
-205.30973372965823 
-205.30973372965832 
-205.30973372965852 
-205.3097337296585 
-205.30973372965835 
-205.30973372965877 
-205.30973372965897 
-205.30973372965877 
-205.30973372965883 
-205.30973372965923 
-205.3097337296594 
-205.30973372965937 
-205.3097337296597 
-205.30973372966002 
-205.30973372966008 
-205.3097337296602 
-205.3097337296601 
-205.3097337296597 
-205.30973372965957 
-205.3097337296611 
-205.3097337296606 
-205.30973372966037 
-205.30973372965852 
