2 -0.36378837155644106 
3 -0.32111131571752577 
4 -0.318631706442402 
5 -0.3127400746105566 
6 -0.3552711416899181 
7 -0.3531639019646227 
8 -0.31689495964871695 
9 -0.33001918928787455 
10 -0.3567232718475604 
11 -0.33855685224222737 
12 -0.3217835786712325 
13 -0.3427029834883618 
14 -0.3510931470839716 
15 -0.33008466335544484 
16 -0.3293070781542906 
17 -0.3486923881920905 
18 -0.34338447840821873 
19 -0.3272725349636968 
20 -0.33733872235681917 
21 -0.34917423584385104 
22 -0.33616747937462954 
23 -0.3291986705114871 
24 -0.34353837167923923 
25 -0.34570011699337455 
26 -0.3316320081912631 
27 -0.3338799150462298 
28 -0.34642580388018496 
29 -0.34060944552236194 
30 -0.33054239073609887 
31 -0.3389709503489268 
32 -0.34602006379624917 
33 -0.33606662775881224 
34 -0.3322539161091652 
35 -0.3427375613574027 
36 -0.3434285368404699 
37 -0.3333111920956428 
38 -0.3354332591281739 
39 -0.3444839093581902 
40 -0.34003066151643224 
41 -0.3325793117665577 
42 -0.3388276750182664 
43 -0.34433970835632643 
44 -0.3368820396894841 
45 -0.3335121723399271 
46 -0.3416183686217793 
47 -0.34279049257420213 
48 -0.3345951063153825 
49 -0.33557984871023344 
50 -0.3433573821448437 
51 -0.34037634991054305 
52 -0.33349850274223103 
53 -0.3382357180172022 
54 -0.3438040663954932 
55 -0.3376588247605956 
56 -0.3337442571472696 
57 -0.34088506775073324 
58 -0.34290618479601964 
59 -0.3352545178894112 
60 -0.3352545186669782 
61 -0.34290618506801473 
62 -0.34088506701051546 
63 -0.33374425699490584 
64 -0.3376588259645099 
65 -0.34380406686307813 
66 -0.3382357169335861 
67 -0.3334985029646648 
68 -0.34037635128778304 
69 -0.34335738237453084 
70 -0.33557984790880574 
71 -0.33459510758106054 
72 -0.34279049375092857 
73 -0.3416183680160374 
74 -0.33351217275297573 
75 -0.3368820417248568 
76 -0.34433970875506525 
77 -0.3388276741582357 
78 -0.3325793133583027 
79 -0.34003066332549603 
80 -0.3444839087839671 
81 -0.3354332596780375 
82 -0.3333111949232966 
83 -0.34342853721736055 
84 -0.34273756047728454 
85 -0.33225391849385233 
86 -0.33606663049501917 
87 -0.34602006290528853 
88 -0.33897095086461515 
89 -0.3305423945771515 
90 -0.3406094471044915 
91 -0.34642580344461815 
92 -0.3338799187350333 
93 -0.33163201219546 
94 -0.3457001177743821 
95 -0.3435383749729811 
96 -0.3291986784827452 
97 -0.33616748403785485 
98 -0.349174237143287 
99 -0.3373387294080793 
100 -0.32727254345442247 
101 -0.3433844836667046 
102 -0.3486923952940274 
103 -0.3293070871085818 
104 -0.3300846704983652 
105 -0.3510931565521273 
106 -0.34270299317179315 
107 -0.3217835799256924 
108 -0.3385568485167853 
109 -0.35672327003860993 
110 -0.3300191742279061 
111 -0.3168949428703952 
112 -0.3531638980340987 
113 -0.355271144146871 
114 -0.3127400736836985 
115 -0.3186317065622861 
116 -0.3211113183199347 
117 -0.3637883677999304 
