-263.6392204183102 
-263.6392214291637 
-263.63922654414455 
-263.63923356236523 
-263.6392654225225 
-263.63930220656647 
-263.63948603382886 
-263.6395524683409 
-263.6396451794741 
-263.6402545650288 
-263.6408560833434 
-263.6415062258402 
-263.64182604078854 
-263.64211528197865 
-263.64238367666707 
-263.6425992805678 
-263.6427373402615 
-263.6428245997168 
-263.64288428929416 
-263.6429225417223 
-263.64294333089924 
-263.6429528685228 
-263.64295747849803 
-263.6429602198534 
-263.64296290627163 
-263.6429666439113 
-263.6429717128229 
-263.6429855117677 
-263.64300318338246 
-263.64334632423385 
-263.6433900783402 
-263.6435608231301 
-263.6437520775358 
-263.6442148254897 
-263.64465349384113 
-263.64493613389703 
-263.6452043998466 
-263.6454424145911 
-263.6456266468195 
-263.64575133371113 
-263.6458370733418 
-263.64589703994017 
-263.6459358356108 
-263.6459580784162 
-263.6459694968882 
-263.64597542095754 
-263.64597869646815 
-263.64598134894294 
-263.64598447248244 
-263.64598848426573 
-263.64599399393643 
-263.64600021001337 
-263.646050605606 
-263.6461375049616 
-263.64624486139246 
-263.6468480901066 
-263.647043956104 
-263.6474615708272 
-263.64779429957497 
-263.6480955572399 
-263.6483537337401 
-263.64856020920803 
-263.6487180809562 
-263.6488370552903 
-263.64892464561257 
-263.6489859758306 
-263.6490262545956 
-263.6490509607777 
-263.6490651251983 
-263.64907269472627 
-263.6490768539979 
-263.64907993197073 
-263.6490834126631 
-263.64908803267946 
-263.6490939454402 
-263.64910105161385 
-263.64910912008975 
-263.64911795786423 
-263.6491274836332 
-263.64913797308856 
-263.6491503930999 
-263.64916802117324 
-263.6492048301709 
-263.64929479253493 
-263.64967148683706 
-263.6500780623179 
-263.6502226878503 
-263.65142646462994 
-263.65145779892 
-263.652587743005 
-263.65269132520797 
-263.6528319635529 
-263.65292083055255 
-263.65293652305127 
-263.65304006929694 
-263.65304082585465 
-263.6530408448563 
-263.6530408448563 
-263.6530408448558 
-263.65304084485615 
-263.6530408448571 
-263.65304084485626 
-263.6530408448653 
-263.65304088187133 
-263.6530409524519 
-263.65304115549634 
-263.6530416782238 
-263.65304240065956 
-263.65304970103426 
-263.6530559837819 
-263.65307106920255 
-263.65308749497166 
-263.65310722895896 
-263.6531276976405 
-263.6531414183825 
-263.6531518436906 
-263.6531628094682 
-263.6531721501042 
-263.6531801309788 
-263.6531862300564 
-263.65319093038937 
-263.65319505828376 
-263.6531987707308 
-263.6532017934198 
-263.6532042431991 
-263.6532064060896 
-263.65320859984297 
-263.6532109661766 
-263.65321337268404 
-263.6532159049232 
-263.65321923841645 
-263.65322424363205 
-263.65323093683804 
-263.6532387855336 
-263.6532482983393 
-263.6532612877117 
-263.6532789864042 
-263.65330041857766 
-263.6533238786049 
-263.6533476221593 
-263.653373960283 
-263.6533850556233 
-263.65339293725395 
-263.6533977804565 
-263.65340149557267 
-263.65341374288016 
-263.6534237159627 
-263.6534315318661 
-263.6534387156936 
-263.6534489916854 
-263.6534624197088 
-263.653474211036 
-263.65348431758696 
-263.6534989950634 
-263.653524235928 
-263.65355548451845 
-263.65358541433227 
-263.6536174581469 
-263.6536632809335 
-263.65372641663686 
-263.65379130537775 
-263.65384793399465 
-263.6538908165955 
-263.65393730139897 
-263.6539778966235 
-263.6540020406588 
-263.6540131225176 
-263.6540192802263 
-263.65406816883626 
-263.654166640273 
-263.6542926087546 
-263.65450845072513 
-263.6549308919792 
-263.6555229997926 
-263.6561376456481 
-263.65673692674136 
-263.65733656399 
-263.6579269403372 
-263.6584659121917 
-263.6589251327485 
-263.65930535573375 
-263.65961680265553 
-263.65987704532193 
-263.6600845619412 
-263.6602343038758 
-263.6603320352257 
-263.66039411083443 
-263.66044675556026 
-263.6604869158504 
-263.6605144736737 
-263.66053737816355 
-263.66057089368417 
-263.6606054368635 
-263.6606648475318 
-263.66072645919445 
-263.6607264591947 
-263.66087499950964 
-263.6609722050221 
-263.6610324932256 
-263.66104672289003 
-263.66106552528794 
-263.6610806694418 
-263.6611608501049 
-263.6612067870154 
-263.6614389598193 
-263.6632684838126 
-263.6652055412626 
-263.66746006431606 
-263.66870667790795 
-263.66991731707935 
-263.6711358590726 
-263.67223000449934 
-263.67302788526064 
-263.67360780764113 
-263.67407573576253 
-263.6744437530213 
-263.6746989546777 
-263.67485283704434 
-263.67494465536174 
-263.6749981854781 
-263.6750258948251 
-263.6750373030283 
-263.67504188467245 
-263.67504816842603 
-263.6750565057803 
-263.67519226185374 
-263.67521760909125 
-263.6753129701468 
-263.6756497203662 
-263.6768266186563 
-263.6779921741956 
-263.6787868839154 
-263.67957431767724 
-263.6803150935428 
-263.6809319149286 
-263.68138610605064 
-263.68172921923104 
-263.68199760612356 
-263.68219725191824 
-263.682331096504 
-263.6824132865063 
-263.6824620256845 
-263.6824890900227 
-263.68250238648943 
-263.68250813730924 
-263.68251111823747 
-263.6825140410926 
-263.68251763987445 
-263.68254472741665 
-263.68259444287935 
-263.6826600973133 
-263.68303256849896 
-263.68334764315915 
-263.6841884400859 
-263.68487858805804 
-263.6855220886617 
-263.6860949232082 
-263.68657413212964 
-263.6869600259276 
-263.6872686284039 
-263.68751253288787 
-263.68769870156103 
-263.6878340379451 
-263.6879276667299 
-263.6879891831812 
-263.68802689958943 
-263.6880480112574 
-263.68805873397497 
-263.6880640220788 
-263.6880673460694 
-263.68807081769944 
-263.6880754766471 
-263.6880815644482 
-263.68808890340785 
-263.68809721357434 
-263.68810646236 
-263.6881173102964 
-263.6881326368271 
-263.6881641953911 
-263.68827671424754 
-263.6887139388525 
-263.6891994813385 
-263.68937407778714 
-263.6909216235462 
-263.69096000766564 
-263.6924207084349 
-263.6925510669924 
-263.6927321247954 
-263.6928477973012 
-263.6928682092512 
-263.69300326661767 
-263.69300425105826 
-263.6930042666189 
-263.69300426661897 
-263.69300426661783 
-263.69300426661965 
-263.6930042666206 
-263.69300426661795 
-263.69300426662966 
-263.6930043231638 
-263.69300441461496 
-263.69300467390997 
-263.69300532579416 
-263.6930062437015 
-263.6930149656573 
-263.69302278291116 
-263.69303984171455 
-263.69305974131913 
-263.6930819875144 
-263.6931042856844 
-263.6931185960768 
-263.6931299475675 
-263.693141302108 
-263.6931505009677 
-263.69315807011856 
-263.6931640637136 
-263.6931689301496 
-263.69317314209115 
-263.6931768607075 
-263.6931801351343 
-263.6931830878019 
-263.69318597784087 
-263.69318915485974 
-263.6931929465277 
-263.693197594013 
-263.6932033791551 
-263.6932108630784 
-263.6932207955197 
-263.6932336264242 
-263.6932493681499 
-263.6932681859734 
-263.6932909937752 
-263.69331886440034 
-263.6933512141578 
-263.6933858072338 
-263.69341990621984 
-263.69345674116397 
-263.6934701245676 
-263.69348098154154 
-263.69348927793027 
-263.6935014548289 
-263.6935172049196 
-263.6935362956286 
-263.6935567276447 
-263.6935767534185 
-263.69359848030365 
-263.69362450104524 
-263.6936546512381 
-263.6936879741702 
-263.69372554563597 
-263.69377020417625 
-263.6938219372869 
-263.6938765964234 
-263.6939309746344 
-263.6939875650096 
-263.69405278015375 
-263.69412281725295 
-263.69419017440686 
-263.694247989901 
-263.6943116811495 
-263.69439620341535 
-263.6944421553166 
-263.69447644743326 
-263.6945313333686 
-263.6945835415921 
-263.6946518782617 
-263.69473224203256 
-263.69480416107785 
-263.6948811079627 
-263.69497542667943 
-263.6950821159614 
-263.69518912130854 
-263.6952940632829 
-263.69540692742186 
-263.6955276461827 
-263.69564190939195 
-263.6957436526315 
-263.69584345191237 
-263.6959630151402 
-263.69608575735947 
-263.6962033418728 
-263.6962955560539 
-263.69643324742094 
-263.6965986833974 
-263.69682928474583 
-263.6970326874711 
-263.6972201653534 
-263.6977948179561 
-263.6986737573594 
-263.69945356387234 
-263.70004070155125 
-263.7006209158023 
-263.70130148766776 
-263.7021447213773 
-263.70221378500673 
-263.70239136926415 
-263.70271128873486 
-263.70309694507534 
-263.70340281695337 
-263.7035945149088 
-263.7037087259751 
-263.7037884216141 
-263.7038774762742 
-263.7039872277903 
-263.70408558387834 
-263.70415581914784 
-263.7042260229684 
-263.70429765548556 
-263.70437460460704 
-263.70445007780177 
-263.7045116316963 
-263.7045560651666 
-263.7046005945808 
-263.7046569206121 
-263.70469156790165 
-263.70471765970024 
-263.70474082578954 
-263.7047694012935 
-263.70481305070444 
-263.7048702037749 
-263.7049521056876 
-263.705099249282 
-263.70519294115394 
-263.7052439043369 
-263.70527775793215 
-263.7053250117635 
-263.7053625574397 
-263.7053878639401 
-263.7054079668824 
-263.7054279567288 
-263.7054544724333 
-263.70548766626655 
-263.70551864912096 
-263.7055486003023 
-263.70558213913324 
-263.7056262255339 
-263.70566878945505 
-263.70571038946764 
-263.7057530833391 
-263.7057969145524 
-263.70584711980246 
-263.7059197288936 
-263.705988200169 
-263.70605454730315 
-263.7061661356918 
-263.70636683570376 
-263.7064914018201 
-263.7065451796741 
-263.70662109167455 
-263.7067119905851 
-263.7067586951919 
-263.70678718696036 
-263.7068112855102 
-263.7068471075725 
-263.70688715821245 
-263.70691201170416 
-263.70692766723806 
-263.706939580173 
-263.70696254118536 
-263.70698519834303 
-263.70699734973533 
-263.70700391555346 
-263.70701056725494 
-263.70702376618215 
-263.70703185762534 
-263.7070381638237 
-263.7070423405495 
-263.7070470279051 
-263.7070501851734 
-263.7070524871987 
-263.7070542319423 
-263.7070561365314 
-263.70705708580755 
-263.70705770373826 
-263.70705811199167 
-263.7070582447107 
-263.7070583215352 
-263.7070583465533 
-263.70705835330045 
-263.707058357294 
-263.70705835805774 
-263.70705835835355 
-263.7070583583872 
-263.70705835839135 
-263.7070583583923 
-263.7070583583922 
-263.7070583583942 
-263.7070583583936 
-263.70705835839357 
-263.7070583583966 
-263.707058358393 
-263.70705835839516 
-263.70705835839493 
-263.70705835839345 
-263.7070583583931 
-263.70705835839266 
-263.70705835839175 
-263.70705835839266 
-263.7070583583925 
-263.7070583583927 
-263.7070583583923 
-263.7070583583924 
-263.70705835839186 
-263.70705835839203 
-263.7070583583922 
-263.70705835839306 
-263.7070583583971 
-263.7070583584075 
-263.70705835843387 
-263.70705835851425 
-263.70705835868944 
-263.7070583589501 
-263.70705835940316 
-263.7070583604413 
-263.707058362162 
-263.7070583638729 
-263.7070583660809 
-263.70705836948423 
-263.70705837605965 
-263.707058381072 
-263.707058385847 
-263.70705839125355 
-263.7070584000406 
-263.7070584101362 
-263.7070584192349 
-263.7070584278716 
-263.7070584382614 
-263.7070584498416 
-263.7070584642055 
-263.70705847945214 
-263.70705850590974 
-263.707058544682 
-263.70705861534987 
-263.70705876900576 
-263.70705895668914 
-263.7070592936814 
-263.70706042471335 
-263.7070623071171 
-263.70706401876424 
-263.707066085829 
-263.70706745192876 
-263.70706855330553 
-263.7070691949208 
-263.7070695426072 
-263.70706978330566 
-263.70707001342254 
-263.70707038723157 
-263.7070709529464 
-263.70707148186943 
-263.7070718473917 
-263.70707229320914 
-263.70707270929745 
-263.7070732961463 
-263.7070737996544 
-263.70707436714684 
-263.7070748766433 
-263.70707541737875 
-263.7070759199311 
-263.7070764206745 
-263.70707701922424 
-263.7070775102087 
-263.7070779258211 
-263.70707824870266 
-263.7070785550904 
-263.7070787558177 
-263.7070790012548 
-263.7070792658864 
-263.7070795129496 
-263.7070797162852 
-263.7070799036629 
-263.7070801616838 
-263.7070804038016 
-263.70708059732 
-263.7070807626203 
-263.70708093354193 
-263.70708108885185 
-263.70708121004105 
-263.70708133380106 
-263.70708143018163 
-263.7070815309806 
-263.70708163469146 
-263.70708176075374 
-263.707081855591 
-263.70708193230377 
-263.7070820073817 
-263.7070820603298 
-263.7070821041899 
-263.7070821041902 
-263.7070865182173 
-263.7070912444082 
-263.7070956336099 
-263.7071038581985 
-263.7071124086382 
-263.7071202383113 
-263.707130323168 
-263.70714032062176 
-263.70715273299555 
-263.7071713339956 
-263.7072024055128 
-263.7072380652394 
-263.70725392994296 
-263.7072692947957 
-263.70728866543243 
-263.7073184927975 
-263.70733457097487 
-263.70734597599755 
-263.7073592179847 
-263.7073765296831 
-263.70739407076053 
-263.70741082418016 
-263.70742614840646 
-263.70744161029705 
-263.70745897822707 
-263.70747881032077 
-263.70749881131076 
-263.7075188246292 
-263.70753767628497 
-263.70755677425313 
-263.70760175338387 
-263.70764121263227 
-263.7076872534223 
-263.7077537032264 
-263.7078138715106 
-263.7078406521374 
-263.70785812465095 
-263.7078810376885 
-263.70791449854346 
-263.7079394035393 
-263.7079597807756 
-263.7079789761547 
-263.707997987966 
-263.708016693141 
-263.7080338335306 
-263.7080492982007 
-263.7080640315213 
-263.70807847942183 
-263.70809108337306 
-263.7081035986696 
-263.7081171035744 
-263.7081307672293 
-263.7081527093656 
-263.70817964754355 
-263.7082052314664 
-263.70822485000895 
-263.708258433353 
-263.70830262391587 
-263.7083246048825 
-263.7083386513371 
-263.70835217812356 
-263.7083693946736 
-263.708382770128 
-263.70839189314734 
-263.70839909407783 
-263.7084047132958 
-263.7084107232285 
-263.70841620098963 
-263.7084201950742 
-263.70842290911554 
-263.70842522051197 
-263.70842760687043 
-263.708429567835 
-263.7084310543825 
-263.70843228708446 
-263.7084336054729 
-263.7084349689475 
-263.70843585693325 
-263.7084367003499 
-263.7084378073011 
-263.7084384957946 
-263.70843900061476 
-263.7084392493443 
-263.70843933478636 
-263.7084393756657 
-263.7084393895969 
-263.70843939312624 
-263.708439394946 
-263.70843939532057 
-263.7084393954416 
-263.70843939545654 
-263.70843939545887 
-263.70843939545927 
-263.70843939545983 
-263.7084393954592 
-263.7084393954595 
-263.70843939545955 
-263.7084393954598 
-263.7084393954596 
-263.7084393954604 
-263.7084393954599 
-263.70843939545995 
-263.7084393954599 
-263.7084393954597 
-263.70843939545955 
-263.70843939545955 
-263.7084393954595 
-263.7084393954587 
-263.70843939545887 
-263.70843939545904 
-263.70843939545875 
-263.7084393954591 
-263.708439395459 
-263.7084393954603 
-263.70843939546364 
-263.708439395474 
-263.70843939550593 
-263.7084393956016 
-263.70843939583307 
-263.70843939620096 
-263.70843939665735 
-263.70843939743804 
-263.7084393982945 
-263.70843939923174 
-263.70843940034354 
-263.70843940148484 
-263.708439402739 
-263.7084394040601 
-263.70843940548156 
-263.7084394072085 
-263.708439409208 
-263.70843941126435 
-263.70843941334306 
-263.7084394157744 
-263.7084394186452 
-263.70843942104335 
-263.70843942422806 
-263.70843942914837 
-263.7084394364956 
-263.70843945033135 
-263.7084395032746 
-263.70843969195033 
-263.7084399327716 
-263.70844027658563 
-263.7084407281354 
-263.7084412311342 
-263.7084415295302 
-263.7084417476137 
-263.7084419120521 
-263.7084420626129 
-263.70844219458314 
-263.7084422842038 
-263.70844235594785 
-263.708442410851 
-263.70844246528384 
-263.70844252720514 
-263.70844259307796 
-263.7084426519747 
-263.7084427265268 
-263.70844285547537 
-263.7084430707407 
-263.7084433599385 
-263.70844373720536 
-263.7084444748374 
-263.7084460384779 
-263.70844814342155 
-263.70845039200907 
-263.7084519460266 
-263.70845310070723 
-263.7084541390543 
-263.70845502717094 
-263.70845562589415 
-263.7084560504502 
-263.7084564049721 
-263.70845666410094 
-263.70845692498557 
-263.7084571763198 
-263.7084575865416 
-263.70845824621733 
-263.7084591210802 
-263.70846003118044 
-263.70846085612874 
-263.7084622068657 
-263.70846347023763 
-263.7084649392707 
-263.70846613976573 
-263.70846778756936 
-263.7084691321639 
-263.70847021568096 
-263.70847123675253 
-263.7084717947276 
-263.7084723292639 
-263.7084727809816 
-263.70847320757747 
-263.7084737183035 
-263.7084743212279 
-263.70847514168446 
-263.708480011182 
-263.708480523022 
-263.70848079571556 
-263.70848096813546 
-263.7084810708253 
-263.7084811378149 
-263.70848119882885 
-263.7084812768339 
-263.70848136940316 
-263.7084814595851 
-263.7084815209636 
-263.70848157822826 
-263.70848162832306 
-263.70848167344514 
-263.70848169918025 
-263.70848171891583 
-263.70848173764807 
-263.7084817528032 
-263.70848176454643 
-263.708481774131 
-263.7084817818825 
-263.70848178931226 
-263.70848179730075 
-263.7084818062263 
-263.70848181355433 
-263.7084818205729 
-263.70848182952705 
-263.7084818390186 
-263.7084818492501 
-263.7084818587745 
-263.7084818683508 
-263.7084818779628 
-263.7084818857695 
-263.7084818913189 
-263.7084818965649 
-263.70848190261916 
-263.708481909221 
-263.7084819135506 
-263.7084819191229 
-263.70848192383147 
-263.7084819268891 
-263.7084819297375 
-263.70848193201505 
-263.7084819333928 
-263.7084819345916 
-263.70848193554554 
-263.7084819366906 
-263.70848193776766 
-263.70848193866067 
-263.7084819392472 
-263.70848193984665 
-263.70848194058357 
-263.70848194112256 
-263.7084819415641 
-263.7084819418962 
-263.70848194228444 
-263.7084819427419 
-263.7084819430266 
-263.70848194320183 
-263.7084819433346 
-263.7084819434455 
-263.70848194353016 
-263.7084819435994 
-263.7084819436347 
-263.708481943657 
-263.7084819436744 
-263.70848194368295 
-263.70848194368847 
-263.7084819436919 
-263.7084819436935 
-263.7084819436949 
-263.7084819436965 
-263.7084819436969 
-263.70848194369756 
-263.7084819436979 
-263.7084819436982 
-263.7084819436978 
-263.7084819436978 
-263.7084819436981 
-263.7084819436981 
-263.7084819436981 
-263.70848194369796 
-263.70848194369796 
-263.70848194369836 
-263.7084819436983 
-263.7084819436986 
-263.70848194369904 
-263.7084819436986 
-263.7084819436989 
-263.7084819436984 
-263.70848194369813 
-263.7084819436978 
-263.70848194369813 
-263.7084819436983 
-263.7084819436985 
-263.70848194369825 
-263.7084819436986 
-263.708481943698 
-263.70848194369864 
-263.70848194369813 
-263.70848194369773 
-263.70848194369796 
-263.70848194369825 
-263.708481943698 
-263.70848194369813 
-263.70848194369853 
-263.70848194369853 
-263.70848194369813 
-263.70848194369825 
-263.7084819436983 
-263.70848194369813 
-263.70848194369825 
-263.70848194369825 
-263.70848194369836 
-263.70848194369864 
-263.7084819436984 
-263.70848194369825 
-263.7084819436982 
-263.70848194369785 
-263.70848194369813 
-263.7084819436978 
-263.7084819436978 
-263.70848194369853 
-263.7084819436986 
-263.70848194369836 
-263.70848194369825 
-263.708481943698 
-263.70848194369756 
-263.7084819436978 
-263.70848194369785 
-263.70848194369785 
-263.7084819436982 
-263.70848194369773 
-263.7084819436979 
-263.70848194369825 
-263.7084819436982 
-263.7084819436984 
-263.70848194369887 
-263.7084819436992 
-263.7084819436994 
-263.7084819436991 
-263.7084819436992 
-263.70848194369904 
-263.70848194369904 
-263.70848194369955 
-263.7084819437003 
-263.70848194370086 
-263.7084819437011 
-263.7084819437013 
-263.7084819437021 
-263.70848194370285 
-263.7084819437042 
-263.70848194370524 
-263.7084819437071 
-263.7084819437093 
-263.7084819437117 
-263.70848194371473 
-263.7084819437187 
-263.70848194372235 
-263.7084819437262 
-263.70848194373093 
-263.70848194373616 
-263.7084819437417 
-263.7084819437482 
-263.70848194375543 
-263.7084819437648 
-263.70848194377703 
-263.7084819437855 
-263.70848194380545 
-263.70848194382376 
-263.7084819438479 
-263.7084819438767 
-263.70848194391 
-263.7084819439443 
-263.70848194397183 
-263.7084819439816 
-263.7084819440097 
-263.70848194402413 
-263.7084819440439 
-263.7084819440568 
-263.7084819440693 
-263.70848194408245 
-263.7084819441005 
-263.7084819441233 
-263.7084819441525 
-263.70848194418824 
-263.7084819442215 
-263.7084819442534 
-263.70848194428714 
-263.70848194431704 
-263.70848194434836 
-263.70848194438895 
-263.7084819444319 
-263.7084819444641 
-263.7084819444866 
-263.70848194671584 
-263.70848194972086 
-263.70848195389897 
-263.70848195729207 
-263.7084819606689 
-263.7084819641215 
-263.70848196924925 
-263.7084819738936 
-263.7084819790482 
-263.70848198412347 
-263.7084819899527 
-263.70848199581843 
-263.70848200161396 
-263.70848200782984 
-263.7084820155415 
-263.7084820244661 
-263.70848203370343 
-263.7084820444951 
-263.7084820567286 
-263.70848206981725 
-263.7084820810259 
-263.7084820909576 
-263.70848209704866 
-263.70848210223807 
-263.70848210785647 
-263.708482112459 
-263.70848211631454 
-263.7084821198364 
-263.7084821232893 
-263.70848212714543 
-263.7084821315152 
-263.7084821364114 
-263.70848214260593 
-263.7084821485873 
-263.7084821542546 
-263.70848216221685 
-263.7084821726632 
-263.70848218389693 
-263.70848219397476 
-263.7084822019379 
-263.708482207249 
-263.7084822120793 
-263.70848221709974 
-263.70848222059345 
-263.7084822228885 
-263.7084822243343 
-263.70848222543356 
-263.70848222694417 
-263.70848222816755 
-263.70848222892903 
-263.7084822296635 
-263.70848223032954 
-263.7084822310563 
-263.7084822317227 
-263.7084822323225 
-263.7084822328539 
-263.70848223388833 
-263.70848223470074 
-263.7084822352581 
-263.70848223563564 
-263.7084822359699 
-263.7084822362994 
-263.70848223654934 
-263.7084822367332 
-263.70848223681077 
-263.708482236858 
-263.7084822369002 
-263.7084822369287 
-263.7084822369403 
-263.7084822369454 
-263.7084822369488 
-263.70848223695026 
-263.7084822369512 
-263.70848223695174 
-263.70848223695225 
-263.7084822369524 
-263.7084822369525 
-263.7084822369526 
-263.7084822369527 
-263.70848223695293 
-263.70848223695333 
-263.7084822369532 
-263.70848223695305 
-263.70848223695305 
-263.70848223695356 
-263.70848223695396 
-263.7084822369537 
-263.7084822369539 
-263.708482236954 
-263.70848223695356 
-263.7084822369542 
-263.70848223695384 
-263.7084822369535 
-263.7084822369534 
-263.7084822369537 
-263.70848223695356 
-263.7084822369539 
-263.708482236955 
-263.70848223695333 
-263.708482236954 
-263.70848223695344 
-263.70848223695316 
-263.7084822369529 
-263.7084822369526 
-263.7084822369526 
-263.70848223695316 
-263.7084822369528 
-263.708482236952 
-263.7084822369506 
-263.70848223695106 
-263.7084822369405 
-263.7084822369493 
-263.70848223695043 
-263.70848223688085 
-263.70848223694685 
-263.70848223684095 
-263.7084822368869 
-263.70848223485007 
-263.70848223685107 
-263.70848223687074 
-263.7084822366593 
-263.7084822368789 
-263.70848223663666 
-263.7084822362603 
-263.70848223564906 
-263.70848223677604 
-263.7084822365746 
-263.70848223623307 
-263.7084822353525 
-263.70848223543356 
-263.70848219796966 
-263.70848223516884 
-263.7084822357417 
-263.7084822028622 
-263.70848223451344 
-263.70848223337936 
-263.70848223488906 
-263.70848223541014 
-263.70848212691135 
-263.70848215177296 
-263.7084821796189 
-263.70848210966733 
-263.7084822235675 
-263.7084822168051 
-263.7084820083079 
-263.70848139515437 
-263.7084821491753 
-263.70848206402 
-263.7084822019506 
-263.70848221382454 
-263.70848219879764 
-263.708482200176 
-263.7084821988618 
-263.7084815178724 
-263.7084820330202 
-263.70848208071254 
-263.70848120555587 
-263.70848159066867 
-263.7084819954235 
-263.70848138618413 
-263.7084815491176 
-263.708481311289 
-263.7084816187234 
-263.7084817925072 
-263.7084814488851 
-263.70848027343897 
-263.70848096196755 
-263.7084809051718 
-263.70848088930825 
-263.7084792820149 
-263.7084763851726 
-263.70848121675044 
-263.7084817732872 
-263.7084813408953 
-263.7084791238422 
-263.70848143201937 
-263.70848167923555 
-263.7084814077094 
-263.70847746518126 
-263.70848099039915 
-263.70847557964146 
-263.7084775723169 
-263.7084811564529 
-263.70847943098937 
-263.7084797319691 
-263.70847933254487 
-263.7084649518812 
-263.7084775805131 
-263.7084809429017 
-263.70848102401936 
-263.7084807878442 
-263.70847868514875 
-263.7084792859677 
-263.70847930926067 
-263.7084713670705 
-263.7084806601244 
-263.70847990126043 
-263.70847811519843 
-263.70848058908115 
-263.7084801855195 
-263.70844906182265 
-263.7084780271149 
-263.7084757615705 
-263.70847977185645 
-263.70847854991337 
-263.70847944741035 
-263.7084793367855 
-263.7084799918881 
-263.7084783954136 
-263.7082778306252 
-263.70847669860956 
-263.70847691789146 
-263.7084742401165 
-263.7084768748685 
-263.70847665870036 
-263.7084766775892 
-263.70847321547274 
-263.70847529267013 
-263.70847519429975 
-263.7084672568862 
-263.70847670706434 
-263.708475911456 
-263.7084765956627 
-263.7084764036115 
-263.708475726946 
-263.70847642846866 
-263.70847654829527 
-263.70847610462323 
-263.7084760876002 
-263.7084765708698 
-263.70847662247235 
-263.70847661500363 
-263.708476367297 
-263.7084765533431 
-263.70847650879296 
-263.7084765869791 
-263.70847661918486 
-263.70847665807435 
-263.70847664470637 
-263.70847663452315 
-263.70847662064347 
-263.70847664959143 
-263.70847665070124 
-263.70847664571863 
-263.708476641097 
-263.7084766461164 
-263.70847662259905 
-263.70847657720606 
-263.7084766283463 
-263.7084766431947 
-263.7084766445398 
-263.7084766453341 
-263.7084766480599 
-263.7084766508443 
-263.7084766471466 
-263.708476651099 
-263.7084766494744 
-263.7084766517033 
-263.7084766473691 
-263.7084766516148 
-263.70847664812936 
-263.70847665128645 
-263.7084766512143 
-263.708476651264 
-263.70847665130594 
-263.70847665136085 
-263.7084766511041 
-263.70847665136733 
-263.70847665140104 
-263.7084766512805 
-263.7084766513888 
-263.7084766513764 
-263.7084766513953 
-263.7084766513961 
-263.7084766513997 
-263.7084766513992 
-263.7084766513944 
-263.708476651397 
-263.70847665139866 
-263.70847665139877 
-263.7084766513985 
-263.7084766513983 
-263.70847665139866 
-263.70847665139854 
-263.70847665139894 
-263.7084766513992 
-263.7084766513994 
-263.70847665139934 
-263.7084766513982 
-263.7084766513985 
-263.7084766513987 
-263.7084766513994 
-263.708476651399 
-263.7084766514013 
-263.7084766513988 
-263.70847665140144 
-263.7084766513997 
-263.70847665139905 
-263.70847665139894 
-263.70847665139894 
-263.7084766513989 
-263.708476651397 
-263.708476651388 
-263.70847665121863 
-263.7084766513534 
-263.70847665128116 
-263.7084766513835 
-263.70847665139024 
-263.70847665136273 
-263.7084766494945 
-263.70847665116764 
-263.70847665081095 
-263.7084766508355 
-263.70847665087115 
-263.70847665123205 
-263.70847665131373 
-263.7084766512888 
-263.7084766513444 
-263.7084766513069 
-263.70847665136387 
-263.70847665137774 
-263.70847665137137 
-263.7084766514036 
-263.7084766513607 
-263.7084766512654 
-263.7084766511617 
-263.7084766509991 
-263.708476651122 
-263.7084766515823 
-263.70847665153235 
-263.70847665180565 
-263.7084766501356 
-263.7084766477352 
-263.7084766513405 
-263.70847664474934 
-263.70847644577873 
-263.70847662433397 
-263.7084766463791 
-263.7084766412132 
-263.70847664433757 
-263.70847662766806 
-263.70847663329647 
-263.7084760847303 
-263.70847663081423 
-263.708476626884 
-263.7084766017168 
-263.7084766429439 
-263.7084766397938 
-263.7084766215245 
-263.70847662605445 
-263.7084766079528 
-263.70847664155826 
-263.70847661415854 
-263.7084766365389 
-263.70847664344626 
-263.7084766140628 
-263.7084766453429 
-263.7084762212857 
-263.70847660343844 
-263.70847661992616 
-263.7084766477098 
-263.70847634539564 
-263.7084765254685 
-263.708476066195 
-263.7084765793356 
-263.70847459047565 
-263.7084766042281 
-263.7084761996121 
-263.70847623227115 
-263.7084767782584 
-263.70847660128084 
-263.7084766871543 
-263.7084764672779 
-263.7084758862952 
-263.7084765003374 
-263.7084766150609 
-263.7084761769466 
-263.7084748263283 
-263.7084762968462 
-263.7084359112491 
-263.7084782900247 
-263.70847843831393 
-263.70847834238305 
-263.70847822609153 
-263.70847814748225 
-263.70847829188915 
-263.7084777761603 
-263.7084784241516 
-263.70847345425733 
-263.7084773481668 
-263.7084782604318 
-263.70847879167695 
-263.70847872800215 
-263.70847878539297 
-263.7084788876929 
-263.70846681338725 
-263.70847852538117 
-263.7084782604285 
-263.70847852692225 
-263.7084786036388 
-263.70847872173897 
-263.7084781348005 
-263.70847569904396 
-263.70847903189264 
-263.7084789860542 
-263.7084787268834 
-263.7084784565073 
-263.7084785760283 
-263.7084771843403 
-263.7084789286662 
-263.7084790915226 
-263.7084784735062 
-263.70847890859864 
-263.7084791323959 
-263.7084779599587 
-263.70847918859204 
-263.7084771178972 
-263.7084790808703 
-263.70847921605235 
-263.70847922646516 
-263.7084785274673 
-263.7084791524279 
-263.70847910045256 
-263.7084791244315 
-263.70847928297854 
-263.7084793009405 
-263.7084792541825 
-263.70847912259995 
-263.70847926796773 
-263.70847924459446 
-263.7084793223785 
-263.7084793379572 
-263.7084793609621 
-263.7084793593199 
-263.7084793635804 
-263.7084793579643 
-263.7084793734166 
-263.70847936132714 
-263.7084793593086 
-263.70847888846384 
-263.7084793378578 
-263.7084792974358 
-263.70847932279804 
-263.70847934847075 
-263.708479324851 
-263.70847922732634 
-263.7084793146772 
-263.708479300216 
-263.70847934596486 
-263.70847926630506 
-263.7084793001246 
-263.70847933874666 
-263.70847932094483 
-263.70847934018207 
-263.70847934264276 
-263.7084793431689 
-263.7084793374106 
-263.7084793414783 
-263.7084793420492 
-263.7084793428995 
-263.7084793426565 
-263.7084793430156 
-263.7084793430881 
-263.708479343003 
-263.7084793430644 
-263.7084793431238 
-263.70847934310297 
-263.70847934306624 
-263.7084793431388 
-263.70847934316004 
-263.7084793431367 
-263.70847934316816 
-263.70847934317146 
-263.7084793431772 
-263.70847934317544 
-263.7084793431783 
-263.7084793431776 
-263.70847934317874 
-263.70847934317914 
-263.70847934317965 
-263.7084793431795 
-263.7084793431799 
-263.7084793431804 
-263.70847934318033 
-263.7084793431805 
-263.70847934318 
-263.70847934318067 
-263.7084793431812 
-263.70847934318147 
-263.7084793431818 
-263.7084793431815 
-263.708479343183 
-263.7084793431821 
-263.7084793431815 
-263.7084793431806 
-263.70847934318056 
-263.7084793431804 
-263.7084793431806 
-263.7084793431805 
-263.7084793431806 
-263.70847934318 
-263.70847934318033 
-263.7084793431805 
-263.70847934318033 
-263.7084793431807 
-263.70847934318067 
-263.7084793431811 
-263.70847934318186 
-263.70847934318215 
-263.70847934318283 
-263.70847934318454 
-263.708479343185 
-263.7084793431864 
-263.70847934319335 
-263.70847934319704 
-263.70847934319966 
-263.7084793432037 
-263.70847934321205 
-263.7084793432153 
-263.7084793432239 
-263.70847934324894 
-263.7084793432621 
-263.7084793433317 
-263.7084793433998 
-263.70847934370886 
-263.7084793437111 
-263.7084793437176 
-263.7084793438276 
-263.70847934492787 
-263.7084793450915 
-263.7084793464572 
-263.7084793506147 
-263.70847935067474 
-263.7084793526159 
-263.7084793544232 
-263.70847936043805 
-263.70847936195617 
-263.7084793622767 
-263.708479363144 
-263.70847936481823 
-263.70847936510313 
-263.7084793925909 
-263.70847939308624 
-263.7084793935297 
-263.7084793935918 
-263.70847939422237 
-263.7084793943144 
-263.7084793944177 
-263.70847939448674 
-263.70847939475436 
-263.7084793950873 
-263.7084793969338 
-263.70847939807 
-263.70847940454524 
-263.7084794057879 
-263.70847940610173 
-263.70847940680324 
-263.7084794097823 
-263.70847941461983 
-263.70847941758694 
-263.70847943606253 
-263.7084794374193 
-263.7084794379707 
-263.7084794403096 
-263.7084795028262 
-263.70847950387684 
-263.70847953184597 
-263.7084795338971 
-263.70847954100185 
-263.70847955320585 
-263.70847955471464 
-263.7084795590906 
-263.7084795829098 
-263.70847959576855 
-263.7084796210943 
-263.7084796305675 
-263.7084796318873 
-263.70847963207 
-263.70847970398694 
-263.70847971965577 
-263.70847972018686 
-263.70847972361696 
-263.7084797285811 
-263.7084797380211 
-263.70847974184994 
-263.70848003578175 
-263.7084800367516 
-263.7084800383626 
-263.70848004075486 
-263.7084800414679 
-263.708480050814 
-263.70848008029077 
-263.70848026434885 
-263.70848026713094 
-263.708480286698 
-263.70848029191257 
-263.7084803005407 
-263.7084803064453 
-263.7084803091976 
-263.70848030960394 
-263.7084803119885 
-263.70848196918917 
-263.70848198685843 
-263.70848204727605 
-263.7084820598342 
-263.70848206710417 
-263.70848207230483 
-263.70848209124534 
-263.7084821005809 
-263.7084821037292 
-263.7084821110251 
-263.7084821116217 
-263.70848211997776 
-263.7084821308823 
-263.7084821313193 
-263.7084821857568 
-263.7084821882141 
-263.7084821974666 
-263.7084822015022 
-263.7084822097242 
-263.7084822100256 
-263.7084822107273 
-263.70848221160077 
-263.70848221960534 
-263.70848221993947 
-263.7084822206185 
-263.70848222075495 
-263.7084822211349 
-263.70848222162607 
-263.70848222176414 
-263.70848222231564 
-263.70848222259644 
-263.70848222284576 
-263.7084822229331 
-263.7084822229845 
-263.7084822235156 
-263.70848222380897 
-263.7084822240459 
-263.70848223032544 
-263.7084822305859 
-263.70848223083146 
-263.7084822309221 
-263.70848223106873 
-263.70848223111204 
-263.7084822315329 
-263.70848223542686 
-263.70848223556527 
-263.7084822355781 
-263.70848223566543 
-263.70848223570067 
-263.7084822357034 
-263.70848223570533 
-263.7084822357061 
-263.7084822357112 
-263.70848223571795 
-263.70848223572284 
-263.7084822357254 
-263.70848223572676 
-263.7084822357268 
-263.708482235727 
-263.7084822357269 
-263.70848223572716 
-263.70848223572796 
-263.708482235728 
-263.7084822357287 
-263.70848223572875 
-263.70848223572966 
-263.70848223573364 
-263.7084822357377 
-263.7084822357402 
-263.70848223574126 
-263.7084822357499 
-263.70848223575024 
-263.70848223575 
-263.70848223575 
-263.7084822357507 
-263.7084822357501 
-263.70848223575086 
-263.7084822357514 
-263.70848223575206 
-263.70848223575194 
-263.7084822357518 
-263.70848223575183 
-263.7084822357522 
-263.7084822357522 
-263.7084822357538 
-263.7084822357518 
-263.70848223575246 
-263.708482235752 
-263.7084822357519 
-263.70848223575166 
-263.70848223575183 
-263.7084822357521 
-263.70848223575257 
-263.70848223575223 
-263.7084822357514 
-263.7084822357516 
-263.7084822357518 
-263.70848223575206 
-263.70848223575234 
-263.7084822357522 
-263.70848223575223 
-263.7084822357522 
-263.70848223575246 
-263.7084822357532 
-263.70848223575337 
-263.7084822357532 
-263.7084822357537 
-263.7084822357536 
-263.7084822357539 
-263.70848223575393 
-263.70848223575433 
-263.70848223575456 
-263.70848223575416 
-263.70848223575445 
-263.7084822357547 
-263.7084822357546 
-263.70848223575433 
-263.70848223575405 
-263.7084822357543 
-263.7084822357545 
-263.70848223575484 
-263.70848223575496 
-263.70848223575496 
-263.7084822357543 
-263.7084822357546 
-263.70848223575473 
-263.70848223575484 
-263.7084822357552 
-263.7084822357557 
-263.70848223575615 
-263.70848223575626 
-263.7084822357564 
-263.7084822357569 
-263.70848223575734 
-263.70848223575814 
-263.7084822357591 
-263.70848223575933 
-263.7084822357598 
-263.70848223576064 
-263.70848223576075 
-263.70848223576047 
-263.70848223576127 
-263.70848223576195 
-263.70848223576303 
-263.7084822357629 
-263.7084822357647 
-263.7084822357656 
-263.7084822357665 
-263.7084822357688 
-263.7084822357712 
-263.70848223577383 
-263.7084822357773 
-263.7084822357795 
-263.70848223578395 
-263.70848223579 
-263.7084822357993 
-263.7084822358069 
-263.70848223582294 
-263.70848223583664 
-263.7084822358541 
-263.7084822358709 
-263.7084822358849 
-263.70848223590036 
-263.7084822359167 
-263.7084822359354 
-263.7084822359541 
-263.70848223597164 
-263.7084822359904 
-263.7084822360137 
-263.70848223605077 
-263.7084822360919 
-263.708482236241 
-263.7084822363581 
-263.7084822364409 
-263.70848223650944 
-263.7084822365679 
-263.7084822366262 
-263.70848223669395 
-263.7084822367535 
-263.70848223681617 
-263.70848223691206 
-263.7084822370283 
-263.708482237116 
-263.70848223719366 
-263.70848223727666 
-263.7084822373534 
-263.7084822374184 
-263.70848223749124 
-263.70848223754575 
-263.7084822376094 
-263.7084822376609 
-263.7084822377057 
-263.70848223773794 
-263.7084822377577 
-263.7084822378122 
-263.7084822378458 
-263.70848223787135 
-263.7084822378987 
-263.7084822379329 
-263.70848223796816 
-263.70848223801033 
-263.70848223804825 
-263.7084822380823 
-263.7084822381171 
-263.7084822381487 
-263.7084822381752 
-263.70848223820354 
-263.708482238226 
-263.7084822382581 
-263.7084822382735 
-263.7084822382989 
-263.7084822383115 
-263.70848223833036 
-263.70848223834753 
-263.7084822383612 
-263.7084822383739 
-263.7084822383848 
-263.708482238392 
-263.70848223839914 
-263.7084822384072 
-263.70848223841415 
-263.7084822384194 
-263.7084822384239 
-263.7084822384277 
-263.70848223843177 
-263.70848223843524 
-263.708482238437 
-263.70848223843836 
-263.70848223843956 
-263.70848223844024 
-263.70848223844075 
-263.70848223844234 
-263.70848223844325 
-263.708482238444 
-263.70848223844473 
-263.70848223844473 
-263.7084822384454 
-263.70848223844564 
-263.7084822384464 
-263.7084822384465 
-263.70848223844695 
-263.7084822384478 
-263.7084822384486 
-263.7084822384491 
-263.70848223844934 
-263.7084822384497 
-263.7084822384497 
-263.7084822384498 
-263.7084822384497 
-263.70848223844956 
-263.7084822384495 
-263.70848223844956 
-263.7084822384497 
-263.70848223844945 
-263.70848223844916 
-263.7084822384491 
-263.7084822384494 
-263.7084822384496 
-263.7084822384495 
-263.70848223844905 
-263.7084822384484 
-263.7084822384491 
-263.70848223844905 
-263.70848223844865 
-263.708482238449 
-263.70848223844877 
-263.70848223844825 
-263.70848223844786 
-263.7084822384477 
-263.7084822384477 
-263.70848223844774 
-263.70848223844786 
-263.7084822384478 
-263.708482238448 
-263.70848223844814 
-263.70848223844814 
-263.7084822384483 
-263.7084822384479 
-263.70848223844797 
-263.7084822384485 
-263.7084822384489 
-263.70848223844854 
-263.7084822384484 
-263.70848223844825 
-263.70848223844865 
-263.70848223844865 
-263.7084822384478 
-263.7084822384485 
-263.70848223844894 
-263.7084822384487 
-263.70848223844854 
-263.70848223844865 
-263.7084822384484 
-263.7084822384482 
-263.70848223844814 
-263.7084822384479 
-263.70848223844814 
-263.70848223844877 
-263.7084822384485 
-263.70848223844865 
-263.70848223844837 
-263.708482238448 
-263.7084822384479 
-263.70848223844735 
-263.7084822384481 
-263.70848223844797 
-263.70848223844797 
-263.70848223844735 
-263.70848223844706 
-263.7084822384472 
-263.70848223844706 
-263.70848223844706 
-263.70848223844695 
-263.70848223844683 
-263.7084822384467 
-263.70848223844644 
-263.7084822384466 
-263.7084822384461 
-263.7084822384465 
-263.70848223844615 
-263.70848223844575 
-263.70848223844536 
-263.7084822384455 
-263.7084822384456 
-263.7084822384456 
-263.70848223844564 
-263.7084822384457 
-263.70848223844575 
-263.70848223844666 
-263.70848223844683 
-263.70848223844666 
-263.7084822384466 
-263.70848223844666 
-263.70848223844666 
-263.70848223844666 
-263.7084822384469 
-263.70848223844683 
-263.7084822384472 
-263.7084822384472 
-263.7084822384471 
-263.7084822384471 
-263.7084822384475 
-263.7084822384477 
-263.70848223844786 
-263.70848223844825 
-263.7084822384473 
-263.7084822384487 
-263.70848223844865 
-263.708482238449 
-263.7084822384492 
-263.70848223844894 
-263.7084822384487 
-263.7084822384491 
-263.70848223844973 
-263.70848223844996 
-263.7084822384472 
-263.7084822384051 
-263.7084822384487 
-263.7084822384464 
-263.70848223844945 
-263.70848223844985 
-263.7084822384506 
-263.708482238451 
-263.70848223845104 
-263.7084822384518 
-263.7084822384518 
-263.7084822384518 
-263.7084822384532 
-263.7084822384497 
-263.7084822384534 
-263.70848223845513 
-263.7084822384556 
-263.7084822384567 
-263.70848223845644 
-263.7084822384576 
-263.7084822384581 
-263.70848223845854 
-263.70848223845894 
-263.7084822384601 
-263.7084822384607 
-263.70848223846116 
-263.70848223846195 
-263.70848223846275 
-263.7084822384633 
-263.7084822384641 
-263.70848223846065 
-263.70848223846605 
-263.70848223846656 
-263.70848223845564 
-263.7084822384676 
-263.7084822384678 
-263.7084822384686 
-263.70848223846883 
-263.708482238469 
-263.70848223846986 
-263.70848223847037 
-263.70848223846957 
-263.7084822384712 
-263.7084822384714 
-263.70848223847184 
-263.7084822384719 
-263.70848223847236 
-263.70848223847247 
-263.7084822384727 
-263.70848223847236 
-263.7084822384627 
-263.7084822384731 
-263.70848223847366 
-263.70848223847395 
-263.7084822384746 
-263.7084822384748 
-263.70848223847497 
-263.7084822384739 
-263.70848223847514 
-263.7084822384756 
-263.70848223847526 
-263.7084822384753 
-263.70848223847486 
-263.7084822384757 
-263.7084822384756 
-263.708482238476 
-263.70848223847605 
-263.70848223847617 
-263.7084822384756 
-263.7084822384764 
-263.70848223847605 
-263.70848223847634 
-263.7084822384764 
-263.70848223847605 
-263.70848223847634 
-263.7084822384764 
-263.70848223847617 
-263.7084822384765 
-263.70848223847656 
-263.70848223847656 
-263.70848223847645 
-263.70848223847673 
-263.70848223847713 
-263.708482238477 
-263.70848223847685 
-263.70848223847696 
-263.7084822384768 
-263.70848223847656 
-263.7084822384765 
-263.7084822384766 
-263.70848223847673 
-263.70848223847713 
-263.7084822384775 
-263.7084822384773 
-263.708482238477 
-263.70848223847713 
-263.70848223847764 
-263.7084822384776 
-263.7084822384772 
-263.7084822384767 
-263.7084822384766 
-263.70848223847685 
-263.7084822384768 
-263.708482238477 
-263.70848223847713 
-263.70848223847685 
-263.708482238477 
-263.7084822384771 
-263.7084822384771 
-263.70848223847736 
-263.70848223847713 
-263.70848223847713 
-263.70848223847725 
-263.70848223847713 
-263.70848223847764 
-263.7084822384777 
-263.7084822384776 
-263.7084822384775 
-263.7084822384781 
-263.7084822384777 
-263.7084822384789 
-263.7084822384789 
-263.70848223847764 
-263.7084822384787 
-263.7084822384781 
-263.7084822384783 
-263.7084822384783 
-263.7084822384779 
-263.7084822384779 
-263.70848223847776 
-263.70848223847787 
-263.7084822384775 
-263.7084822384775 
-263.7084822384774 
-263.7084822384775 
-263.7084822384777 
-263.7084822384774 
-263.7084822384773 
-263.7084822384772 
-263.7084822384771 
-263.7084822384772 
-263.7084822384768 
-263.708482238477 
-263.70848223847656 
-263.7084822384767 
-263.70848223847685 
-263.708482238477 
-263.7084822384772 
-263.7084822384772 
-263.7084822384769 
-263.7084822384767 
-263.708482238477 
-263.7084822384773 
-263.708482238477 
-263.70848223847673 
-263.70848223847696 
-263.7084822384768 
-263.7084822384772 
-263.7084822384771 
-263.7084822384774 
-263.7084822384776 
-263.7084822384778 
-263.7084822384776 
-263.7084822384772 
-263.7084822384768 
-263.7084822384767 
-263.7084822384756 
-263.70848223847565 
-263.70848223847577 
-263.708482238476 
-263.7084822384757 
-263.7084822384756 
-263.70848223847577 
-263.7084822384756 
-263.70848223847565 
-263.70848223847605 
-263.7084822384761 
-263.708482238476 
-263.70848223847605 
-263.708482238476 
-263.70848223847554 
-263.70848223847605 
-263.708482238476 
-263.7084822384757 
-263.70848223847565 
-263.7084822384757 
-263.7084822384756 
-263.7084822384434 
-263.7084822384745 
-263.7084822384746 
-263.70848223847463 
-263.70848223847435 
-263.70848223847435 
-263.7084822384732 
-263.7084822384748 
-263.7084822384749 
-263.7084822384749 
-263.7084822384751 
-263.70848223847514 
-263.7084822384753 
-263.70848223847423 
-263.7084822384755 
-263.708482238473 
-263.7084822384759 
-263.70848223847594 
-263.70848223847497 
-263.70848223847565 
-263.708482238468 
-263.7084822384717 
-263.7084822384751 
-263.7084822384746 
-263.70848223847446 
-263.70848223847514 
-263.70848223847594 
-263.7084822384762 
-263.70848223847554 
-263.7084822384759 
-263.7084822384764 
-263.70848223847656 
-263.70848223847634 
-263.7084822384764 
-263.708482238476 
-263.7084822384765 
-263.7084822384714 
-263.7084822384763 
-263.70848223847673 
-263.7084822384761 
-263.7084822384761 
-263.7084822384704 
-263.70848223847565 
-263.70848223847537 
-263.7084822384753 
-263.708482238476 
-263.7084822384757 
-263.70848223847554 
-263.7084822384746 
-263.7084822384744 
-263.7084822384761 
-263.70848223847605 
-263.70848223847526 
-263.7084822384761 
-263.7084822384764 
-263.708482238476 
-263.70848223847804 
-263.7084822384778 
-263.7084822384784 
-263.70848223847725 
-263.70848223847827 
-263.70848223847867 
-263.7084822384787 
-263.70848223847787 
-263.7084822384784 
-263.7084822384783 
-263.70848223847844 
-263.7084822384787 
-263.7084822384785 
-263.70848223847827 
-263.70848223847844 
-263.7084822384777 
-263.7084822384781 
-263.7084822384784 
-263.70848223847844 
-263.70848223847844 
-263.70848223847827 
-263.7084822384783 
-263.7084822384785 
-263.7084822384784 
-263.70848223847855 
-263.7084822384787 
-263.70848223847827 
-263.70848223847867 
-263.7084822384783 
-263.708482238478 
-263.70848223847764 
-263.7084822384782 
-263.7084822384777 
-263.70848223847827 
-263.7084822384781 
-263.70848223847776 
-263.70848223847827 
-263.7084822384784 
-263.708482238479 
-263.70848223847906 
-263.70848223847895 
-263.7084822384795 
-263.70848223848 
-263.7084822384798 
-263.70848223848014 
-263.7084822384805 
-263.7084822384808 
-263.7084822384808 
-263.7084822384808 
-263.70848223848117 
-263.7084822384812 
-263.7084822384812 
-263.70848223848157 
-263.70848223848157 
-263.70848223848174 
-263.7084822384821 
-263.70848223848213 
-263.7084822384823 
-263.7084822384822 
-263.7084822384823 
-263.7084822384823 
-263.70848223848253 
-263.7084822384828 
-263.7084822384827 
-263.70848223848327 
-263.70848223848253 
-263.70848223848304 
-263.7084822384835 
-263.7084822384831 
-263.70848223848276 
-263.70848223848236 
-263.7084822384832 
-263.7084822384833 
-263.7084822384829 
-263.70848223848293 
-263.7084822384833 
