2 3 0.026888772226256484 
3 4 0.0604891576075622 
4 5 0.11043078246452809 
5 6 0.17381076679405083 
6 7 0.24582984298696267 
7 8 0.3210608550142057 
8 9 0.3949250494131321 
9 10 0.46341498443318074 
10 11 0.522917968691574 
11 12 0.570618439297862 
12 13 0.6050399250737939 
13 14 0.6260970966923414 
14 15 0.6347696622204554 
15 16 0.6328278508584191 
16 17 0.6227150138584618 
17 18 0.6073735730196058 
18 19 0.5899119397538093 
19 20 0.5732453386302028 
20 21 0.5598477379448813 
21 22 0.5516113533236457 
22 23 0.5497495734607749 
23 24 0.5547213097533183 
24 25 0.566212760581225 
25 26 0.5832253901690367 
26 27 0.6042586837998869 
27 28 0.6275069510877205 
28 29 0.6510232188757626 
29 30 0.6728944022664426 
30 31 0.6914586210621703 
31 32 0.7054947777249075 
32 33 0.714308114240137 
33 34 0.717738734013303 
34 35 0.7161559220544891 
35 36 0.7104252933278253 
36 37 0.701800383670857 
37 38 0.6917542387457157 
38 39 0.681811218109917 
39 40 0.6734031109891653 
40 41 0.6677372271315094 
41 42 0.6656780285063917 
42 43 0.6676639681623091 
43 44 0.6736775824469348 
44 45 0.6832728067543887 
45 46 0.6956450146594215 
46 47 0.7097204937077687 
47 48 0.7242626589991236 
48 49 0.7380083053174441 
49 50 0.7498170418739619 
50 51 0.7587880683833742 
51 52 0.7643299823651077 
52 53 0.7662091587620451 
53 54 0.7645799504941609 
54 55 0.7599650599217407 
55 56 0.7531790397344925 
56 57 0.7452278573845162 
57 58 0.7372063512568916 
58 59 0.730187877036492 
59 60 0.7251091416743136 
60 61 0.722671421606186 
61 62 0.7232729158618233 
62 63 0.7269762627360414 
63 64 0.73351242730809 
64 65 0.7423153749070043 
65 66 0.7525807205607448 
66 67 0.763352233423999 
67 68 0.7736334530826683 
68 69 0.7824980412178366 
69 70 0.7891774022176574 
70 71 0.7931332699682051 
71 72 0.7941198650452049 
72 73 0.7922126660632094 
73 74 0.7877887436642363 
74 75 0.7814761809094963 
75 76 0.7740893799297485 
76 77 0.7665453207633871 
77 78 0.7597615260322864 
78 79 0.7545562231807755 
79 80 0.7515652468198611 
80 81 0.7511781748027201 
81 82 0.753499811068653 
82 83 0.7583426610558867 
83 84 0.7652475300614112 
84 85 0.7735316279748224 
85 86 0.782365919442662 
86 87 0.7908682192747485 
87 88 0.7981927895884908 
88 89 0.8036145887075816 
89 90 0.806610675118135 
90 91 0.8069207238128954 
91 92 0.804568704170505 
92 93 0.799853830803452 
93 94 0.793322106928006 
94 95 0.7857114491096683 
95 96 0.777867824833539 
96 97 0.7706516779465135 
97 98 0.764850276541044 
98 99 0.7610962279543543 
99 100 0.7597979810978398 
100 101 0.7610962469239837 
101 102 0.7648503011255898 
102 103 0.7706517046317998 
103 104 0.7778678432739229 
104 105 0.785711473027224 
105 106 0.7933221228280801 
106 107 0.79985382831407 
107 108 0.8045686883547284 
108 109 0.8069207026370804 
109 110 0.806610667919631 
110 111 0.803614569269609 
111 112 0.7981927446332365 
112 113 0.7908681642967231 
113 114 0.7823658663989312 
114 115 0.7735315761039334 
115 116 0.7652474740060164 
116 117 0.7583426153861569 
117 118 0.7534997679613067 
118 119 0.7511781281711605 
119 120 0.7515652138552972 
120 121 0.7545561962566739 
121 122 0.7597614853805359 
122 123 0.766545297270038 
123 124 0.7740893734018792 
124 125 0.78147614784564 
125 126 0.7877887010997299 
126 127 0.7922126323527768 
127 128 0.7941198453790806 
128 129 0.7931332548359498 
129 130 0.7891773928531433 
130 131 0.7824980402269472 
131 132 0.7736334488952699 
132 133 0.7633522170946325 
133 134 0.7525807043923977 
134 135 0.7423153583033969 
135 136 0.7335124018864183 
136 137 0.7269762253202432 
137 138 0.7232728673950094 
138 139 0.7226713635897196 
139 140 0.725109070435335 
140 141 0.730187785648522 
141 142 0.7372062485971916 
142 143 0.7452277593022758 
143 144 0.7531789507996653 
144 145 0.7599649748435098 
145 146 0.7645798632176495 
146 147 0.7662090677965073 
147 148 0.7643298945672301 
148 149 0.7587879942540778 
149 150 0.7498169733854775 
150 151 0.738008230136509 
151 152 0.7242625791081304 
152 153 0.7097204124534178 
153 154 0.6956449311283398 
154 155 0.6832727211293372 
155 156 0.6736774934829787 
156 157 0.6676638706452487 
157 158 0.6656779263096322 
158 159 0.6677371286327711 
159 160 0.6734030125160639 
160 161 0.6818111128459236 
161 162 0.6917541367403001 
162 163 0.701800300373264 
163 164 0.710425226585318 
164 165 0.7161558595609454 
165 166 0.7177386746227301 
166 167 0.7143080656646442 
167 168 0.7054947403980355 
168 169 0.6914585869081387 
169 170 0.672894365652193 
170 171 0.6510231785395069 
171 172 0.6275069036940376 
172 173 0.60425862379516 
173 174 0.5832253170862336 
174 175 0.5662126801301951 
175 176 0.5547212253345462 
176 177 0.5497494828138045 
177 178 0.551611256205601 
178 179 0.5598476410474311 
179 180 0.573245249990733 
180 181 0.5899118631815029 
181 182 0.6073735096697018 
182 183 0.6227149648600224 
183 184 0.6328278171505517 
184 185 0.634769644347263 
185 186 0.6260970948152734 
186 187 0.6050399375271975 
187 188 0.5706184621875081 
188 189 0.5229179979165213 
189 190 0.46341501683264025 
190 191 0.3949250822457947 
191 192 0.32106088912529573 
192 193 0.24582986952006314 
193 194 0.17381078683161527 
194 195 0.11043079585180683 
195 196 0.06048916514449508 
196 197 0.026888775547625844 
197 198 0.008833682344651149 
