2 0.7903949180767796 
3 0.7557978992279508 
4 0.7315666835222824 
5 0.7131870356544052 
6 0.6985620917318509 
7 0.6865541468200839 
8 0.6764797883482944 
9 0.6678979150840307 
10 0.6605082013606468 
11 0.6540976096626216 
12 0.6485100866436282 
13 0.6436283666213478 
14 0.6393625291214434 
15 0.635642523421886 
16 0.6324131226322425 
17 0.6296304352800728 
18 0.6272594365586545 
19 0.6252721926113196 
20 0.6236465685098312 
21 0.6223652829160893 
22 0.6214152183498526 
23 0.6207869259732689 
24 0.6204742840464659 
25 0.6204742834360485 
26 0.6207869241416759 
27 0.621415215298714 
28 0.6223652786579935 
29 0.6236465630850412 
30 0.6252721861147789 
31 0.6272594291776104 
32 0.6296304273397101 
33 0.6324131146214399 
34 0.6356425159200458 
35 0.6393625225107856 
36 0.6436283608298441 
37 0.64851008310677 
38 0.6540976094707532 
39 0.6605082045265739 
40 0.6678979203281724 
41 0.6764797919479416 
42 0.6865541480698828 
43 0.6985620952190532 
44 0.7131870358132223 
45 0.7315666826774828 
46 0.7557978993367548 
47 0.7903949181331765 
