2 0.609659585077346 
3 0.5029844729516416 
4 0.4172599266715373 
5 0.346974083751123 
6 0.28887708322798067 
7 0.2406809692146983 
8 0.2006318534865318 
9 0.16732950041343553 
10 0.13963372856576153 
11 0.11660700994814834 
12 0.09747477450143777 
13 0.08159576626867669 
14 0.0684388812182541 
15 0.05756460756704083 
16 0.04860995633307643 
17 0.041276152741906 
18 0.03531857107862038 
19 0.030538525779913006 
20 0.0267766200082723 
21 0.02390741695110782 
22 0.021835250445603915 
23 0.020491031568260043 
24 0.019829942544460546 
25 0.019829943358434375 
26 0.020491030727087384 
27 0.02183524884861836 
28 0.023907416119595706 
29 0.026776620775603135 
30 0.030538527974471548 
31 0.03531857390746382 
32 0.04127615537625123 
33 0.04860995809932774 
34 0.05756460808992926 
35 0.06843888040399698 
36 0.08159576423782477 
37 0.0974747715061478 
38 0.11660700629943364 
39 0.13963372457635856 
40 0.1673294963536083 
41 0.20063184954696817 
42 0.24068096547884887 
43 0.2888770797160158 
44 0.34697408088551496 
45 0.4172599245679897 
46 0.5029844715266946 
47 0.6096595842901206 
