2 3 0.005196536828060302 
3 4 0.005179716570148829 
4 5 0.0051797559902927 
5 6 0.005179840846841727 
6 7 0.005179840705918387 
7 8 0.005179840444834426 
8 9 0.005179840441002755 
9 10 0.005179840470488596 
10 11 0.005179840413581707 
11 12 0.005179840445018332 
12 13 0.005179840432163671 
13 14 0.005179840437354593 
14 15 0.005179840458205031 
15 16 0.005179840445252391 
16 17 0.005179840440547356 
17 18 0.005179840446255513 
18 19 0.005179840444817824 
19 20 0.0051798404438583665 
20 21 0.005179840445231013 
21 22 0.005179840444323879 
22 23 0.005179840444078434 
23 24 0.005179840362500501 
24 25 0.005179840316266396 
25 26 0.0051798430967900395 
26 27 0.005179840021273965 
27 28 0.005179840150734149 
28 29 0.00517984037066715 
29 30 0.005179840488077771 
30 31 0.005179840488574631 
31 32 0.005179840674938111 
32 33 0.005179841609467022 
33 34 0.0051798335351920625 
34 35 0.005179842178838921 
35 36 0.005179840616268546 
36 37 0.005179840445187666 
37 38 0.00517984044415176 
38 39 0.005179840442813098 
39 40 0.005179840424291219 
40 41 0.005179839646018636 
41 42 0.005179844803921346 
42 43 0.005179842236059206 
43 44 0.00517984019582215 
44 45 0.005179840436881438 
45 46 0.005179840430979192 
46 47 0.005179840571062654 
47 48 0.005179840684858569 
48 49 0.0051798392766384815 
49 50 0.005179839753502243 
50 51 0.005179840844229138 
51 52 0.0051798406953683495 
52 53 0.005179840324100652 
53 54 0.005179840462012223 
54 55 0.005179840430422702 
55 56 0.005179840442012944 
56 57 0.005179840442842723 
57 58 0.005179840448024192 
58 59 0.005179840052686659 
59 60 0.005179841180040527 
60 61 0.005179840135913614 
61 62 0.005179840425217944 
62 63 0.00517984044530015 
63 64 0.005179840444094292 
64 65 0.0051798404466111584 
65 66 0.005179840378948429 
66 67 0.005179840612220439 
67 68 0.005179840596382365 
68 69 0.0051798399011373265 
69 70 0.005179840704741292 
70 71 0.005179840435219374 
71 72 0.005179840069676858 
72 73 0.0051798405135625985 
73 74 0.00517984210002538 
74 75 0.005179840522871062 
75 76 0.005179840032133799 
76 77 0.005179841073354367 
77 78 0.005179840463076599 
78 79 0.005179840409178839 
79 80 0.005179840384790706 
80 81 0.005179842374046798 
81 82 0.005179840045702275 
82 83 0.005179840109982411 
83 84 0.005179840999418402 
84 85 0.005179841324858262 
85 86 0.005179840519178538 
86 87 0.0051798404373317175 
87 88 0.0051798404444320925 
88 89 0.0051798404439110796 
89 90 0.005179840435409962 
90 91 0.0051798402084314845 
91 92 0.005179845799600294 
92 93 0.005179835966574009 
93 94 0.0051798407352332205 
94 95 0.005179840122311142 
95 96 0.005179840448868377 
96 97 0.005179840366930044 
97 98 0.005179840445954476 
98 99 0.005179840297851811 
99 100 0.0051798402422422235 
100 101 0.005179840518784262 
101 102 0.0051798404585363614 
102 103 0.005179840444558652 
103 104 0.005179840445420503 
104 105 0.005179840450079365 
105 106 0.005179840436239354 
106 107 0.005179840444158396 
107 108 0.005179840448049846 
108 109 0.005179840442453854 
109 110 0.005179840444448607 
110 111 0.005179840441350424 
111 112 0.005179840404459619 
112 113 0.005179841849344106 
113 114 0.005179841049934786 
114 115 0.005179737546370355 
115 116 0.005179593158558998 
116 117 0.005219457489585528 
117 118 0.005213699882281056 
