2 3 0.00048173650849170065 
3 4 0.0005003149570653028 
4 5 0.000502607379920592 
5 6 0.0005025915025379988 
6 7 0.0005025631056650832 
7 8 0.0005025590432607719 
8 9 0.0005025588858188222 
9 10 0.0005025589197517635 
10 11 0.000502558925969424 
11 12 0.000502558926554833 
12 13 0.0005025589267242788 
13 14 0.0005025589265512674 
14 15 0.0005025589265950899 
15 16 0.0005025589284319377 
16 17 0.0005025589251131694 
17 18 0.0005025589198518136 
18 19 0.0005025589184920947 
19 20 0.0005025589156849306 
20 21 0.0005025589158424095 
21 22 0.0005025589260819207 
22 23 0.0005025589267705075 
23 24 0.000502558919273315 
24 25 0.0005025588780855146 
25 26 0.0005025589417889153 
26 27 0.0005025589282132699 
27 28 0.0005025589270341173 
28 29 0.0005025589266074434 
29 30 0.0005025589264408826 
30 31 0.000502558926566259 
31 32 0.0005025589261693266 
32 33 0.0005025589247788744 
33 34 0.0005025589152917321 
34 35 0.000502558925653114 
35 36 0.0005025589263220866 
36 37 0.000502558926269711 
37 38 0.0005025589265049932 
38 39 0.0005025589265539495 
39 40 0.0005025589266774934 
40 41 0.0005025589267272498 
41 42 0.0005025589267134584 
42 43 0.0005025589277729567 
43 44 0.0005025589269093244 
44 45 0.0005025589026421961 
45 46 0.0005025587494836729 
46 47 0.0005025580534161856 
47 48 0.0005025748038692178 
48 49 0.0005025836930372527 
49 50 0.0005025607539464383 
50 51 0.0005025590492549648 
51 52 0.0005025589306704586 
52 53 0.0005025589247881581 
53 54 0.0005025589263673376 
54 55 0.0005025589278075816 
55 56 0.0005025589269516572 
56 57 0.0005025589265973477 
57 58 0.0005025589265869926 
58 59 0.0005025589263778024 
59 60 0.0005025589265444774 
60 61 0.0005025589265725518 
61 62 0.0005025589265679679 
62 63 0.0005025589265468944 
63 64 0.0005025589265470578 
64 65 0.0005025589268291742 
65 66 0.0005025589266089397 
66 67 0.0005025589264608435 
67 68 0.0005025589266990637 
68 69 0.0005025589266487579 
69 70 0.0005025589257314887 
70 71 0.0005025589256129856 
71 72 0.0005025589187224968 
72 73 0.0005025589244913031 
73 74 0.0005025589264110518 
74 75 0.0005025589271501765 
75 76 0.0005025589270758584 
76 77 0.0005025589255888269 
77 78 0.0005025589269638952 
78 79 0.0005025589266039972 
79 80 0.0005025589264901462 
80 81 0.0005025589264333302 
81 82 0.0005025589265443463 
82 83 0.0005025589265540473 
83 84 0.0005025589266651109 
84 85 0.00050255892584383 
85 86 0.0005025589258172051 
86 87 0.000502558926205018 
87 88 0.0005025589267583835 
88 89 0.0005025589265774782 
89 90 0.0005025589265541894 
90 91 0.0005025589265553395 
91 92 0.0005025589265566297 
92 93 0.0005025589265567098 
93 94 0.0005025589265605159 
94 95 0.0005025589265636713 
95 96 0.0005025589265355958 
96 97 0.0005025589264422323 
97 98 0.0005025589279508147 
98 99 0.0005025589284542828 
99 100 0.0005025589268349827 
100 101 0.0005025589266791339 
101 102 0.000502558926390038 
102 103 0.0005025589264761478 
103 104 0.0005025589260079956 
104 105 0.0005025589293694182 
105 106 0.0005025589288014562 
106 107 0.00050255892664857 
107 108 0.0005025589269896709 
108 109 0.0005025589277282535 
109 110 0.0005025589266630483 
110 111 0.0005025589261268919 
111 112 0.0005025589258536504 
112 113 0.0005025589265060814 
113 114 0.000502558926535646 
114 115 0.0005025589265300426 
115 116 0.0005025589265526026 
116 117 0.0005025589264093905 
117 118 0.0005025589265386057 
118 119 0.0005025589329365842 
119 120 0.0005025589593152551 
120 121 0.0005025589254810468 
121 122 0.000502558925808178 
122 123 0.0005025589265292221 
123 124 0.0005025589279722135 
124 125 0.0005025589272476544 
125 126 0.0005025589045056214 
126 127 0.0005025588429851611 
127 128 0.0005025588150778019 
128 129 0.0005025589202302319 
129 130 0.0005025589268700849 
130 131 0.0005025589212970485 
131 132 0.0005025589186905187 
132 133 0.0005025589258151853 
133 134 0.0005025589250553525 
134 135 0.0005025589208941684 
135 136 0.0005025590614471594 
136 137 0.0005025591671653165 
137 138 0.0005025589464169567 
138 139 0.0005025589283179165 
139 140 0.0005025589089827012 
140 141 0.0005025586646789837 
141 142 0.0005025586486929205 
142 143 0.0005025589085566191 
143 144 0.0005025589219921355 
144 145 0.0005025589354110837 
145 146 0.0005025589273020093 
146 147 0.0005025589264691012 
147 148 0.0005025589251482893 
148 149 0.0005025589220628866 
149 150 0.0005025589264763808 
150 151 0.0005025589262812874 
151 152 0.0005025589207456042 
152 153 0.0005025588922244333 
153 154 0.0005025588796294903 
154 155 0.0005025589235801701 
155 156 0.000502558926452939 
156 157 0.0005025589265851501 
157 158 0.0005025589264926083 
158 159 0.0005025589265780022 
159 160 0.0005025589267102631 
160 161 0.0005025589265978537 
161 162 0.000502558926560593 
162 163 0.0005025589265533673 
163 164 0.0005025589265531907 
164 165 0.0005025589265559245 
165 166 0.0005025589265553963 
166 167 0.0005025589265556154 
167 168 0.0005025589265491125 
168 169 0.0005025589264789147 
169 170 0.0005025589265100965 
170 171 0.0005025589265340108 
171 172 0.0005025589265780795 
172 173 0.0005025589271221542 
173 174 0.0005025589354811749 
174 175 0.0005025589205861558 
175 176 0.0005025589260266992 
176 177 0.0005025589264147758 
177 178 0.0005025589265382764 
178 179 0.0005025589265607086 
179 180 0.0005025589265508555 
180 181 0.0005025589265118219 
181 182 0.0005025589265987659 
182 183 0.0005025589277769189 
183 184 0.0005025589266188506 
184 185 0.0005025589261769854 
185 186 0.000502558923879527 
186 187 0.0005025589282839732 
187 188 0.0005025589611418206 
188 189 0.0005025589289620918 
189 190 0.0005025589184536996 
190 191 0.0005025588782343865 
191 192 0.0005025590426438962 
192 193 0.0005025631042056292 
193 194 0.0005025915003170092 
194 195 0.000502607369037071 
195 196 0.000500314949165316 
196 197 0.0004817365019883641 
197 198 0.0004588854026340619 
