0.0 
179.17824736073456 
176.14447549264625 
174.55534836449337 
171.61231176808244 
169.99600832339533 
167.0803909349821 
165.46878349441553 
162.5484908096433 
160.94043650657252 
158.01657951531953 
156.40950581244076 
153.48466395008566 
151.8777814844806 
148.95274740242306 
147.34589270021323 
144.42083068560194 
142.81397837796698 
139.8889139480339 
138.28206146977718 
135.3569972095552 
133.75014459717457 
130.82508047148227 
129.21822782234867 
126.2931637335684 
124.68631107728687 
121.76124699569115 
120.15439433837632 
117.22933025782021 
115.62247760041743 
112.69741351995013 
111.09056086255411 
108.16549678208003 
106.55864412468875 
103.63358004420989 
102.02672738682048 
99.10166330633982 
97.49481064895026 
94.56974656846965 
92.9628939110803 
90.03782983059945 
88.43097717321008 
85.5059130927293 
83.8990604353399 
80.97399635485904 
79.36714369746964 
76.4420796169888 
74.83522695959944 
71.91016287911863 
70.30331022172918 
67.37824614124843 
65.77139348385894 
62.84632940337816 
61.239476745988654 
58.314412665507966 
56.707560008118506 
53.78249592763775 
52.1756432702483 
49.250579189767514 
47.643726532378075 
44.71866245189728 
43.111809794507856 
40.186745714027005 
38.57989305663758 
35.65482897615674 
34.04797631876729 
31.122912238286453 
29.516059580897004 
26.590995500416156 
24.984142843026728 
22.059078762545866 
20.452226105156427 
17.52716202467557 
15.920309367286125 
12.99524528680526 
11.388392629415819 
8.463328548934937 
6.8564758915454975 
3.931411811064608 
2.3245591536751604 
-0.600504926805729 
-2.2073575841951767 
-5.132421664676078 
-6.7392743220655245 
-9.664338402546436 
-11.271191059935882 
-14.196255140416804 
-15.803107797806241 
-18.728171878287167 
-20.335024535676627 
-23.26008861615757 
-24.866941273547 
-27.792005354027932 
-29.398858011417396 
-32.32392209189833 
-33.93077474928787 
-36.85583882976872 
-38.462691487158175 
-41.38775556763914 
-42.994608225028564 
-45.91967230550953 
-47.526524962899096 
-50.451589043379904 
-52.058441700769414 
-54.98350578125025 
-56.59035843863974 
-59.51542251912061 
-61.12227517651017 
-64.04733925699101 
-65.65419191438049 
-68.57925599486133 
-70.18610865225081 
-73.1111727327317 
-74.71802539012113 
-77.64308947060208 
-79.2499421279915 
-82.17500620847242 
-83.78185886586188 
-86.70692294634279 
-88.31377560373224 
-91.23883968421315 
-92.8456923416026 
-95.77075642208364 
-97.3776090794731 
-100.30267315995401 
-101.90952581734354 
-104.83458989782447 
-106.44144255521391 
-109.3665066356949 
-110.9733592930842 
-113.89842337356531 
-115.50527603095469 
-118.43034011143571 
-120.03719276882518 
-122.96225684930614 
-124.56910950669548 
-127.49417358717655 
-129.101026244566 
-132.02609032504702 
-133.6329429824365 
-136.55800706291743 
-138.16485972030685 
-141.08992380078786 
-142.6967764581772 
-145.6218405386583 
-147.2286931960477 
-150.15375727652864 
-151.76060993391803 
-154.68567401439898 
-156.29252667178852 
-159.2175907522695 
-160.82444340965895 
-163.74950749014002 
-165.3563601475294 
-168.2814242280106 
-169.8882768853999 
-172.81334096588094 
-174.42019362327036 
-177.3452577037514 
-178.95211036114065 
-181.87717444162163 
-183.48402709901123 
-186.4090911794922 
-188.01594383688197 
-190.94100791736273 
-192.54786057475212 
-195.47292465523324 
-197.07977731262247 
-200.00484139310376 
-201.61169405049316 
-204.5367581309741 
-206.14361078836356 
-209.0686748688446 
-210.67552752623396 
-213.60059160671497 
-215.2074442641046 
-218.1325083445853 
-219.73936100197483 
-222.66442508245558 
-224.27127773984512 
-227.19634182032607 
-228.8031944777153 
-231.72825855819693 
-233.33511121559093 
-236.26017529613102 
-237.86702795433672 
-240.79209204624394 
-242.39894485639212 
-245.32401097754175 
-246.93088899141694 
-249.8562504954484 
-251.46595491469293 
-254.40514507981888 
-255.707663481552 
-255.8655349699889 
-259.07779838699565 
-264.02668803710077 
-264.2117662799507 
-264.2122282022934 
-264.2122654394513 
-264.2377797507678 
-264.2379824732181 
-264.25580752230707 
-264.2560683130037 
-264.2690779261565 
-264.269366762838 
-264.2791708309557 
-264.2794703773647 
-264.28704503729426 
-264.28734607121726 
-264.2933145231361 
-264.29361240178065 
-264.29838954925015 
-264.29868213137337 
-264.30255419570864 
-264.3028406869557 
-264.30601124084757 
-264.30629155966034 
-264.30890925801936 
-264.3091836869319 
-264.3113595779868 
-264.31162857115277 
-264.3134472532957 
-264.3137113304013 
-264.3152383516419 
-264.3154980401699 
-264.31678493461635 
-264.31704073942825 
-264.3181285388346 
-264.31838092736683 
-264.31930265893 
-264.3195520550485 
-264.32033455509014 
-264.32058133809227 
-264.32124659329185 
-264.3214910994722 
-264.32205725135407 
-264.3222997769695 
-264.32278188740946 
-264.3230226922528 
-264.3234333338674 
-264.32367264498413 
-264.3240223441588 
-264.3242603585631 
-264.32455800190496 
-264.3247948930056 
-264.325048005215 
-264.3252839227047 
-264.32549881169274 
-264.32573388273926 
-264.3259159274193 
-264.32615026552895 
-264.3263041124249 
-264.32653781622747 
-264.32666744249815 
-264.3269005975366 
-264.32700941227887 
-264.32724209274267 
-264.32733302478886 
-264.3275652950054 
-264.32764086063435 
-264.32787277621134 
-264.32793515204054 
-264.3281667616214 
-264.32821783918445 
-264.3284491851229 
-264.3284906092313 
-264.32872172845003 
-264.3287549344015 
-264.32898585915797 
-264.3290121046886 
-264.3292428632415 
-264.3292632555457 
-264.32949387273226 
-264.3295093910677 
-264.32973988879615 
-264.3297514030307 
-264.3299818007003 
-264.329990085937 
-264.33022040078725 
-264.33022614797346 
-264.3304563953643 
-264.330460217536 
-264.33069041115715 
-264.3306928448197 
-264.3309229968221 
-264.33092449814495 
-264.33115461919056 
-264.3311555557097 
-264.33138565490384 
-264.3313862966184 
-264.3316163814316 
-264.33161689788636 
-264.33184697381483 
-264.33184744833835 
-264.33207751913443 
-264.3320779819307 
-264.3323080502145 
-264.33230850993897 
-264.33253857722536 
-264.332539036147 
-264.33276910309286 
-264.3327695618022 
-264.3329996286414 
-264.333000087294 
-264.3332301541015 
-264.3332306127389 
-264.3334606795374 
-264.33346113817043 
-264.3336912049662 
-264.333691663598 
-264.3339217303931 
-264.3339221890249 
-264.33415225582 
-264.33415271445165 
-264.3343827812466 
-264.33438323987826 
-264.33461330667325 
-264.3346137653049 
-264.3348438320996 
-264.33484429073127 
-264.33507435752574 
-264.33507481615726 
-264.33530488295224 
-264.33530534158376 
-264.33553540837846 
-264.3355358670099 
-264.3357659338048 
-264.33576639243626 
-264.33599645923096 
-264.3359969178626 
-264.3362269846574 
-264.33622744328903 
-264.3364575100839 
-264.3364579687153 
-264.3366880355101 
-264.3366884941417 
-264.3369185609367 
-264.33691901956803 
-264.3371490863628 
-264.33714954499436 
-264.3373796117892 
-264.3373800704209 
-264.33761013721545 
-264.3376105958473 
-264.3378406626421 
-264.3378411212737 
-264.33807118806857 
-264.33807164670026 
-264.3383017134949 
-264.3383021721266 
-264.33853223892135 
-264.3385326975528 
-264.3387627643477 
-264.33876322297937 
-264.33899328977424 
-264.33899374840576 
-264.3392238152007 
-264.33922427383226 
-264.33945434062724 
-264.33945479925893 
-264.3396848660537 
-264.33968532468526 
-264.33991539148 
-264.33991585011125 
-264.34014591690544 
-264.340146375537 
-264.34037644232484 
-264.34037690095636 
-264.34060696770524 
-264.3406074263366 
-264.3408374929091 
-264.34083795154004 
-264.34106801760885 
-264.3410684762396 
-264.3412985428112 
-264.341299001452 
-264.3415290878423 
-264.3415295465857 
-264.3417598055557 
-264.34176026497556 
-264.3419915665052 
-264.34199202925134 
-264.34222806871725 
-264.34222854272787 
-264.3424783760151 
-264.34247885888743 
-264.3427195057847 
-264.3427198386591 
-264.3427748355246 
-264.3427748355246 
-264.34277483572913 
-266.7241365213746 
-266.86129907959463 
-266.9173002818271 
-266.92801610173075 
-266.93590601968907 
-266.94289672704525 
-266.9481756417471 
-266.95339038185074 
-266.95739390821717 
-266.96143258642434 
-266.96457193716486 
-266.9677658413978 
-266.9702716277836 
-266.97284191489035 
-266.97487351535614 
-266.9769732811564 
-266.9786432473714 
-266.98038068712793 
-266.9817697148513 
-266.983222799515 
-266.9843896634764 
-266.9856160566158 
-266.986604552644 
-266.98764758691556 
-266.98849093665564 
-266.9893838039674 
-266.9901076509289 
-266.9908761660567 
-266.99150059577477 
-266.99216514718614 
-266.9927061252328 
-266.9932830232187 
-266.99375339299246 
-266.9942558531638 
-266.9946660648047 
-266.99510489468486 
-266.99546354842124 
-266.9958476796351 
-266.9961619178846 
-266.9964988100582 
-266.9967746107033 
-266.9970705249024 
-266.997312920552 
-266.9975731630844 
-266.9977864365089 
-266.9980155283228 
-266.99820334021837 
-266.99840516226624 
-266.99857065695306 
-266.99874854941476 
-266.99889444553236 
-266.9990513030595 
-266.9991799589465 
-266.99931829850203 
-266.99943176916696 
-266.999553788489 
-266.9996538701352 
-266.99976148972263 
-266.9998497637385 
-266.99994468031645 
-267.0000225201673 
-267.00010621673215 
-267.0001748471007 
-267.00024863438927 
-267.00030913089466 
-267.0003741658143 
-267.0004274783732 
-267.00048478338516 
-267.0005317523774 
-267.00058223168577 
-267.0006235992657 
-267.000668053001 
-267.00070447737124 
-267.00074361733317 
-267.0007756709925 
-267.0008101138773 
-267.0008383261722 
-267.0008686309028 
-267.0008934502693 
-267.0009201058992 
-267.00094193456806 
-267.00096537599455 
-267.00098456935694 
-267.00100517924074 
-267.00102205250545 
-267.00104017100927 
-267.0010550055478 
-267.00107093830474 
-267.0010839904318 
-267.0010980260103 
-267.001109552278 
-267.0011220109047 
-267.00113235083035 
-267.00114377356095 
-267.0011536832033 
-267.00116576195165 
-267.0011786898057 
-267.0012052347967 
-267.0013486146767 
-267.08689846056296 
-267.25730299335936 
-267.4754728382132 
-267.61225386945927 
-267.73817884478564 
-267.79915904712874 
-267.8596109218675 
-267.8871735488361 
-267.91824323575514 
-267.93222562639295 
-267.9498284991775 
-267.9577338645148 
-267.96857719194367 
-267.9734503963064 
-267.98058712914786 
-267.9837987369727 
-267.9887447517521 
-267.99097340493864 
-267.9945424104496 
-267.9961524050606 
-267.99881113284204 
-268.0000116222006 
-268.00204313243927 
-268.00296111725305 
-268.00454533983174 
-268.00526164899173 
-268.006517611882 
-268.0070857776396 
-268.00809495313007 
-268.00855165588604 
-268.0093714744269 
-268.00974259502476 
-268.0104145877803 
-268.0107188582119 
-268.0112737430673 
-268.01152502981154 
-268.0119860308052 
-268.01219471734856 
-268.01257956690057 
-268.012753771502 
-268.0130762630459 
-268.0132222291897 
-268.0134932992603 
-268.01361596074304 
-268.01384430760817 
-268.01394760758996 
-268.01414027017614 
-268.0142274055232 
-268.0143900903378 
-268.0144637049062 
-268.0146011911898 
-268.01466341774585 
-268.01477921292184 
-268.01483169327435 
-268.01492971948227 
-268.01497399046065 
-268.01505659923754 
-268.0150938792052 
-268.0151633393497 
-268.01519465404857 
-268.015252883182 
-268.01527910383874 
-268.0153277293735 
-268.01534959418365 
-268.0153900020636 
-268.0154081398454 
-268.01544151540264 
-268.01545646372614 
-268.0154838213562 
-268.01549604115047 
-268.0155182551975 
-268.0155281432466 
-268.0155459676508 
-268.0155538667508 
-268.015567956012 
-268.0155741635022 
-268.0155850875771 
-268.0155898628273 
-268.0155981220324 
-268.01560169369026 
-268.01560772967883 
-268.01561030053807 
-268.01561451096603 
-268.0156162627131 
-268.01561900759094 
-268.0156201086947 
-268.015621723375 
-268.01562233244437 
-268.0156231355972 
-268.0156234062941 
-268.0156237018926 
-268.0156237808499 
-268.01562383895924 
-268.0156238474785 
-268.01562384943196 
-268.015623849477 
-268.01562384947687 
-268.0156238494854 
-268.01562384948494 
-268.0156238494848 
-268.01562384948676 
-268.01562384948517 
-268.0156238494855 
-268.01562384948573 
-268.01562384948573 
-268.01562384948596 
-268.01562384948585 
-268.01562384948596 
-268.0156238494861 
-268.0156238494862 
-268.0156238494862 
-268.01562384948653 
-268.0156238494866 
-268.0156238494868 
-268.0156238494869 
-268.01562384948676 
-268.0156238494868 
-268.0156238494869 
-268.0156238494872 
-268.01562384948744 
-268.0156238494878 
-268.015623849488 
-268.0156238494881 
-268.0156238494887 
-268.01562384948886 
-268.01562384948915 
-268.0156238494896 
-268.01562384949017 
-268.0156238494906 
-268.0156238494914 
-268.0156238494919 
-268.0156238494928 
-268.01562384949335 
-268.01562384949403 
-268.01562384949483 
-268.0156238494956 
-268.0156238494964 
-268.01562384949733 
-268.01562384949835 
-268.0156238494996 
-268.0156238495008 
-268.015623849502 
-268.01562384950336 
-268.0156238495047 
-268.01562384950586 
-268.01562384950756 
-268.01562384950915 
-268.01562384951086 
-268.01562384951234 
-268.0156238495137 
-268.0156238495152 
-268.0156238495169 
-268.0156238495186 
-268.0156238495204 
-268.0156238495222 
-268.0156238495243 
-268.0156238495261 
-268.01562384952825 
-268.01562384952996 
-268.01562384953223 
-268.0156238495344 
-268.0156238495368 
-268.0156238495393 
-268.01562384954167 
-268.01562384954383 
-268.01562384954633 
-268.0156238495487 
-268.01562384955116 
-268.0156238495537 
-268.01562384955633 
-268.0156238495588 
-268.01562384956156 
-268.0156238495643 
-268.01562384956713 
-268.01562384956975 
-268.0156238495727 
-268.0156238495752 
-268.0156238495778 
-268.01562384958066 
-268.0156238495835 
-268.01562384958623 
-268.0156238495891 
-268.0156238495917 
-268.01562384959476 
-268.01562384959783 
-268.0156238496007 
-268.0156238496033 
-268.01562384960613 
-268.0156238496077 
-268.0156238503668 
-268.01562385036897 
-268.01562385038693 
-268.01562385054575 
-268.015623850639 
-268.0156238508037 
-268.0156241002755 
-268.01562614388735 
-268.01563010353647 
-268.0156346136628 
-268.0156395862147 
-268.01564427825264 
-268.0156489961516 
-268.0156532861826 
-268.0156575147896 
-268.0156613277556 
-268.01566506888406 
-268.0156684362435 
-268.0156717365226 
-268.01567470639606 
-268.01567761644355 
-268.01568023556297 
-268.015682801865 
-268.01568511223473 
-268.01568737604924 
-268.0156894146806 
-268.01569141222257 
-268.0156932115405 
-268.0156949746141 
-268.0156965631093 
-268.0156981195359 
-268.01569952202766 
-268.0157008961798 
-268.0157021347588 
-268.01570334810964 
-268.0157044418824 
-268.0157055131937 
-268.0157064789998 
-268.0157074247731 
-268.01570827741574 
-268.01570911215373 
-268.0157098646593 
-268.01571060112775 
-268.0157112649658 
-268.0157119144049 
-268.01571249967986 
-268.01571307199396 
-268.0157135876843 
-268.01571409162665 
-268.0157145454777 
-268.0157149887569 
-268.0157153877805 
-268.0157157772175 
-268.01571612756044 
-268.01571646918563 
-268.0157167762853 
-268.0157170754341 
-268.01571734410373 
-268.0157176055 
-268.01571784000515 
-268.0157180678217 
-268.0157182719419 
-268.0157184699164 
-268.0157186470048 
-268.0157188184217 
-268.01571897146135 
-268.0157191192456 
-268.0157192508879 
-268.0157193776535 
-268.0157194902553 
-268.0157195983233 
-268.01571969399566 
-268.01571978544354 
-268.01571986607263 
-268.01571994276077 
-268.0157200100378 
-268.0157200736391 
-268.0157201290885 
-268.0157201811126 
-268.0157202261111 
-268.01572026792854 
-268.0157203037323 
-268.01572033659676 
-268.01572036436045 
-268.01572038942896 
-268.01572041022763 
-268.0157204285916 
-268.0157204434457 
-268.01572045615325 
-268.01572046606003 
-268.0157204741478 
-268.01572048011525 
-268.0157204846454 
-268.0157204876998 
-268.0157204897617 
-268.0157204909546 
-268.0157204916079 
-268.01572049189093 
-268.01572049199046 
-268.015720492007 
-268.01572049246494 
-268.0157204925442 
-268.01572049257726 
-268.0157204925774 
-268.0157204925852 
-268.01572049258476 
-268.01572049258453 
-268.01572049258647 
-268.0157204925849 
-268.0157204925852 
-268.01572049258533 
-268.01572049258556 
-268.0157204925857 
-268.015720492586 
-268.01572049258624 
-268.0157204925866 
-268.0157204925869 
-268.01572049258704 
-268.01572049258675 
-268.0157204925867 
-268.0157204925868 
-268.0157204925866 
-268.0157204925868 
-268.01572049258704 
-268.01572049258704 
-268.01572049258704 
-268.01572049258726 
-268.01572049258715 
-268.0157204925874 
-268.0157204925875 
-268.0157204925876 
-268.0157204925877 
-268.0157204925877 
-268.01572049258795 
-268.0157204925882 
-268.0157204925884 
-268.0157204925885 
-268.0157204925884 
-268.0157204925883 
-268.0157204925885 
-268.0157204925886 
-268.01572049258874 
-268.0157204925891 
-268.0157204925893 
-268.0157204925894 
-268.01572049258965 
-268.0157204925899 
-268.0157204925901 
-268.01572049259033 
-268.0157204925907 
-268.01572049259124 
-268.01572049259124 
-268.0157204925918 
-268.01572049259215 
-268.0157204925924 
-268.0157204925926 
-268.0157204925932 
-268.0157204925935 
-268.0157204925942 
-268.01572049259477 
-268.0157204925952 
-268.01572049259613 
-268.0157204925966 
-268.01572049259715 
-268.0157204925977 
-268.01572049259863 
-268.0157204925994 
-268.0157204925999 
-268.01572049260045 
-268.01572049260136 
-268.01572049260204 
-268.01572049260284 
-268.0157204926034 
-268.0157204926043 
-268.0157204926052 
-268.015720492606 
-268.01572049260704 
-268.0157204926082 
-268.0157204926091 
-268.01572049261 
-268.01572049261114 
-268.0157204926125 
-268.0157204926135 
-268.0157204926148 
-268.01572049261586 
-268.01572049261716 
-268.0157204926182 
-268.0157204926192 
-268.0157204926206 
-268.0157204926217 
-268.01572049262285 
-268.0157204926241 
-268.01572049262535 
-268.01572049262626 
-268.0157204926276 
-268.015720492629 
-268.01572049263046 
-268.01572049263183 
-268.0157204926333 
-268.01572049263467 
-268.01572049263604 
-268.0157204926375 
-268.0157204926389 
-268.0157204926412 
-268.0157204926424 
-268.0157204926425 
-268.01572049264263 
-268.01572049264274 
-268.01572049264274 
-268.0157204926431 
-268.01572049264297 
-268.0157204926431 
-268.0157204926433 
-268.0157204926432 
-268.0157204926431 
-268.0157204926431 
-268.0157204926434 
-268.01572049264377 
-268.01572049264365 
-268.01572049264365 
-268.01572049264365 
-268.0157204926439 
-268.0157204926439 
-268.0157204926439 
-268.01572049264433 
-268.01572049264433 
-268.01572049264445 
-268.0157204926442 
-268.01572049264433 
-268.0157204926442 
-268.0157204926441 
-268.0157204926442 
-268.01572049264445 
-268.01572049264445 
-268.0157204926448 
-268.0157204926448 
-268.0157204926449 
-268.01572049264513 
-268.01572049264513 
-268.01572049264524 
-268.01572049264536 
-268.01572049264547 
-268.01572049264547 
-268.01572049264547 
-268.0157204926457 
-268.0157204926457 
-268.01572049264547 
-268.01572049264547 
-268.01572049264536 
-268.0157204926457 
-268.0157204926458 
-268.0157204926457 
-268.0157204926456 
-268.0157204926456 
-268.0157204926456 
-268.0157204926456 
-268.01572049264524 
-268.01572049264547 
-268.01572049264547 
-268.0157204926456 
-268.0157204926456 
-268.01572049264547 
-268.0157204926456 
-268.0157204926457 
-268.0157204926457 
-268.0157204926457 
-268.01572049264547 
-268.01572049264547 
-268.0157204926456 
-268.01572049264547 
-268.0157204926457 
-268.0157204926459 
-268.01572049264615 
-268.01572049264615 
-268.01572049264615 
-268.01572049264604 
-268.01572049264604 
-268.0157204926462 
-268.015720492646 
-268.0157204926458 
-268.0157204926457 
-268.0157204926458 
-268.0157204926458 
-268.0157204926458 
-268.0157204926457 
-268.0157204926456 
-268.0157204926456 
-268.0157204926457 
-268.01572049264604 
-268.0157204926458 
-268.0157204926457 
-268.0157204926457 
-268.0157204926456 
-268.01572049264547 
-268.01572049264524 
-268.015720492645 
-268.0157204926448 
-268.01572049264627 
-268.0157204926443 
-268.0157204926442 
-268.0157204926447 
-268.0157204926441 
-268.015720492644 
-268.01572049264615 
-268.01572049264445 
-268.0157204926447 
-268.0157204926449 
-268.01572049264547 
-268.0157204926456 
-268.0157204926457 
-268.0157204926457 
-268.0157204926457 
-268.0157204926458 
-268.0157204926456 
-268.01572049264536 
-268.0157204926455 
-268.0157204926458 
-268.0157204926457 
-268.0157204926457 
-268.0157204926459 
-268.0157204926458 
-268.01572049264604 
-268.01572049264604 
-268.01572049264615 
-268.01572049264604 
-268.0157204926459 
-268.0157204926459 
-268.01572049264615 
-268.01572049264627 
-268.01572049264604 
-268.0157204926459 
-268.01572049264564 
-268.0157204926457 
-268.0157204926457 
-268.0157204926459 
-268.0157204926461 
-268.0157204926459 
-268.01572049264627 
-268.01572049264615 
-268.01572049264604 
-268.01572049264615 
-268.01572049264604 
-268.0157204926459 
-268.0157204926457 
-268.0157204926456 
-268.0157204926457 
-268.0157204926457 
-268.0157204926459 
-268.0157204926458 
-268.01572049264576 
-268.0157204926458 
-268.0157204926458 
-268.0157204926457 
-268.0157204926458 
-268.0157204926458 
-268.01572049264604 
-268.01572049264604 
-268.0157204926459 
-268.0157204926458 
-268.0157204926457 
-268.0157204926456 
-268.01572049264547 
-268.01572049264524 
-268.01572049264536 
-268.015720492645 
-268.0157204926448 
-268.0157204926447 
-268.0157204926447 
-268.0157204926447 
-268.0157204926448 
-268.0157204926447 
-268.0157204926448 
-268.015720492645 
-268.0157204926448 
-268.0157204926447 
-268.0157204926449 
-268.0157204926449 
-268.0157204926447 
-268.01572049264456 
-268.01572049264433 
-268.01572049264445 
-268.01572049264433 
-268.0157204926441 
-268.0157204926441 
-268.0157204926439 
-268.01572049264377 
-268.0157204926436 
-268.01572049264365 
-268.01572049264365 
-268.01572049264354 
-268.0157204926432 
-268.0157204926433 
-268.0157204926432 
-268.01572049264297 
-268.01572049264297 
-268.01572049264286 
-268.01572049264286 
-268.0157204926425 
-268.0157204926425 
-268.01572049264263 
-268.0157204926425 
-268.01572049264286 
-268.01572049264297 
-268.01572049264297 
-268.01572049264286 
-268.01572049264286 
-268.01572049264286 
-268.01572049264286 
-268.01572049264297 
-268.01572049264297 
-268.0157204926431 
-268.0157204926431 
-268.0157204926431 
-268.0157204926433 
-268.0157204926434 
-268.01572049264354 
-268.0157204926434 
-268.0157204926433 
-268.0157204926432 
-268.0157204926433 
-268.01572049264297 
-268.01572049264286 
-268.015720492643 
-268.0157204926428 
-268.01572049264274 
-268.01572049264263 
-268.01572049264286 
-268.01572049264286 
-268.01572049264297 
-268.01572049264297 
-268.0157204926431 
-268.01572049264286 
-268.01572049264297 
-268.0157204926433 
-268.0157204926433 
-268.0157204926433 
-268.01572049264297 
-268.0157204926431 
-268.0157204926431 
-268.01572049264286 
-268.01572049264286 
-268.01572049264286 
-268.01572049264297 
-268.01572049264274 
-268.01572049264297 
-268.0157204926425 
-268.0157204926428 
-268.01572049264263 
-268.0157204926425 
-268.0157204926424 
-268.01572049264274 
-268.0157204926423 
-268.0157204926423 
-268.0157204926423 
-268.0157204926423 
-268.0157204926424 
-268.0157204926424 
-268.01572049264263 
-268.0157204926425 
-268.0157204926422 
-268.0157204926424 
-268.0157204926422 
-268.0157204926422 
-268.0157204926423 
-268.0157204926423 
-268.01572049264206 
-268.01572049264206 
-268.01572049264195 
-268.0157204926417 
-268.01572049264144 
-268.01572049264126 
-268.01572049264126 
-268.01572049264115 
-268.01572049264126 
-268.0157204926415 
-268.01572049264126 
-268.01572049264115 
-268.0157204926409 
-268.0157204926407 
-268.0157204926406 
-268.0157204926407 
-268.0157204926407 
-268.0157204926407 
-268.0157204926409 
-268.0157204926408 
-268.0157204926406 
-268.01572049264047 
-268.01572049264024 
-268.01572049264 
-268.0157204926398 
-268.01572049263956 
-268.01572049263945 
-268.0157204926391 
-268.0157204926408 
-268.015720492639 
-268.01572049263905 
-268.01572049263945 
-268.015720492639 
-268.0157204926391 
-268.01572049264104 
-268.0157204926395 
-268.01572049264 
-268.0157204926401 
-268.01572049264036 
-268.0157204926406 
-268.01572049264047 
-268.0157204926408 
-268.0157204926408 
-268.0157204926407 
-268.0157204926407 
-268.0157204926409 
-268.0157204926407 
-268.0157204926406 
-268.0157204926408 
-268.0157204926408 
-268.0157204926408 
-268.0157204926409 
-268.0157204926414 
-268.0157204926416 
-268.0157204926414 
-268.01572049264126 
-268.0157204926414 
-268.0157204926414 
-268.01572049264115 
-268.0157204926417 
-268.01572049264195 
-268.01572049264195 
-268.01572049264195 
-268.01572049264206 
-268.01572049264195 
-268.01572049264183 
-268.0157204926417 
-268.0157204926417 
-268.0157204926416 
-268.0157204926416 
-268.0157204926416 
-268.0157204926416 
-268.01572049264115 
-268.01572049264104 
-268.01572049264104 
-268.015720492641 
-268.01572049264104 
-268.01572049264126 
-268.0157204926414 
-268.0157204926414 
-268.0157204926416 
-268.01572049264183 
-268.0157204926417 
-268.01572049264183 
-268.01572049264195 
-268.01572049264195 
-268.01572049264206 
-268.01572049264206 
-268.01572049264183 
-268.015720492642 
-268.01572049264183 
-268.01572049264183 
-268.01572049264183 
-268.0157204926417 
-268.01572049264183 
-268.0157204926417 
-268.0157204926417 
-268.01572049264206 
-268.01572049264206 
-268.0157204926422 
-268.0157204926422 
-268.01572049264206 
-268.01572049264195 
-268.01572049264206 
-268.0157204926423 
-268.0157204926424 
-268.0157204926425 
-268.0157204926425 
-268.01572049264263 
-268.0157204926423 
-268.0157204926422 
-268.0157204926423 
-268.0157204926422 
-268.0157204926422 
-268.0157204926423 
-268.0157204926423 
-268.0157204926422 
-268.0157204926422 
-268.0157204926423 
-268.01572049264195 
-268.01572049264195 
-268.01572049264206 
-268.01572049264206 
-268.01572049264206 
-268.0157204926422 
-268.0157204926422 
-268.0157204926422 
-268.01572049264183 
-268.01572049264183 
-268.0157204926415 
-268.0157204926415 
-268.0157204926415 
-268.0157204926416 
-268.0157204926416 
-268.0157204926417 
-268.01572049264195 
-268.0157204926416 
-268.0157204926416 
-268.01572049264183 
-268.01572049264206 
-268.0157204926422 
-268.0157204926423 
-268.01572049264263 
-268.01572049264274 
-268.0157204926427 
-268.01572049264286 
-268.01572049264297 
-268.0157204926431 
-268.01572049264286 
-268.0157204926432 
-268.0157204926432 
-268.0157204926433 
-268.0157204926433 
-268.0157204926432 
-268.0157204926434 
-268.01572049264354 
-268.01572049264354 
-268.01572049264365 
-268.01572049264354 
-268.0157204926435 
-268.0157204926432 
-268.0157204926431 
-268.0157204926434 
-268.0157204926433 
-268.0157204926434 
-268.01572049264365 
-268.01572049264365 
-268.01572049264354 
-268.01572049264354 
-268.01572049264354 
-268.01572049264354 
-268.0157204926434 
-268.0157204926434 
-268.0157204926434 
-268.01572049264354 
-268.01572049264377 
-268.01572049264377 
-268.0157204926437 
-268.0157204926434 
-268.0157204926433 
-268.0157204926432 
-268.0157204926431 
-268.01572049264314 
-268.01572049264314 
-268.0157204926432 
-268.0157204926434 
-268.0157204926434 
-268.0157204926432 
-268.0157204926433 
-268.0157204926433 
-268.01572049264354 
-268.0157204926432 
-268.0157204926432 
-268.0157204926433 
-268.0157204926433 
-268.0157204926433 
-268.0157204926433 
-268.0157204926433 
-268.01572049264365 
-268.0157204926434 
-268.01572049264377 
-268.01572049264377 
-268.01572049264377 
-268.0157204926439 
-268.015720492644 
-268.015720492644 
-268.0157204926441 
-268.0157204926442 
-268.0157204926441 
-268.015720492644 
-268.0157204926439 
-268.0157204926444 
-268.0157204926441 
-268.0157204926443 
-268.0157204926441 
-268.0157204926441 
-268.0157204926439 
-268.015720492644 
-268.015720492644 
-268.01572049264365 
-268.01572049264365 
-268.0157204926431 
-268.01572049264286 
-268.01572049264263 
-268.01572049264445 
-268.0157204926424 
-268.0157204926425 
-268.0157204926433 
-268.0157204926428 
-268.01572049264286 
-268.0157204926449 
-268.0157204926431 
-268.0157204926432 
-268.01572049264354 
-268.01572049264365 
-268.01572049264377 
-268.0157204926442 
-268.01572049264433 
-268.01572049264433 
-268.0157204926447 
-268.0157204926449 
-268.0157204926449 
-268.0157204926447 
-268.015720492645 
-268.01572049264456 
-268.0157204926447 
-268.01572049264456 
-268.0157204926448 
-268.01572049264456 
-268.01572049264445 
-268.01572049264456 
-268.01572049264456 
-268.01572049264433 
-268.01572049264433 
-268.01572049264445 
-268.0157204926442 
-268.015720492644 
-268.01572049264377 
-268.01572049264405 
-268.0157204926439 
-268.01572049264377 
-268.01572049264354 
-268.0157204926434 
-268.0157204926434 
-268.01572049264354 
-268.0157204926433 
-268.0157204926433 
-268.0157204926433 
-268.0157204926433 
-268.0157204926433 
-268.0157204926433 
-268.0157204926433 
-268.0157204926432 
-268.0157204926431 
-268.0157204926431 
-268.01572049264314 
-268.0157204926433 
-268.01572049264354 
-268.01572049264365 
-268.01572049264377 
-268.01572049264354 
-268.0157204926434 
-268.0157204926433 
-268.0157204926434 
-268.0157204926433 
-268.01572049264354 
-268.0157204926434 
-268.01572049264365 
-268.01572049264365 
-268.01572049264365 
-268.01572049264365 
-268.01572049264354 
-268.01572049264354 
-268.01572049264354 
-268.0157204926433 
-268.01572049264354 
-268.0157204926436 
-268.0157204926439 
-268.01572049264377 
-268.01572049264354 
-268.01572049264354 
-268.0157204926434 
-268.0157204926433 
-268.0157204926432 
-268.01572049264297 
-268.0157204926431 
-268.01572049264297 
-268.01572049264297 
-268.0157204926431 
-268.01572049264286 
-268.01572049264286 
-268.01572049264274 
-268.01572049264274 
-268.0157204926424 
-268.0157204926422 
-268.01572049264195 
-268.0157204926417 
-268.0157204926416 
-268.0157204926416 
-268.01572049264183 
-268.0157204926417 
-268.01572049264195 
-268.01572049264195 
-268.0157204926417 
-268.01572049264183 
-268.0157204926417 
-268.0157204926421 
-268.01572049264206 
-268.0157204926424 
-268.0157204926424 
-268.0157204926424 
-268.0157204926423 
-268.0157204926423 
-268.0157204926423 
-268.0157204926422 
-268.0157204926422 
-268.0157204926424 
-268.0157204926424 
-268.0157204926425 
-268.01572049264274 
-268.01572049264274 
-268.01572049264274 
-268.01572049264286 
-268.01572049264286 
-268.01572049264297 
-268.0157204926431 
-268.0157204926433 
-268.0157204926433 
-268.0157204926432 
-268.0157204926431 
-268.01572049264297 
-268.01572049264274 
-268.0157204926425 
-268.01572049264263 
-268.01572049264274 
-268.01572049264286 
-268.01572049264274 
-268.01572049264286 
-268.01572049264274 
-268.0157204926428 
-268.01572049264274 
-268.0157204926425 
-268.01572049264263 
-268.01572049264274 
-268.01572049264286 
-268.01572049264297 
-268.01572049264297 
-268.01572049264297 
-268.0157204926431 
-268.01572049264297 
-268.0157204926431 
-268.01572049264286 
-268.01572049264297 
-268.01572049264297 
-268.01572049264286 
-268.01572049264263 
-268.01572049264274 
-268.01572049264274 
-268.01572049264263 
-268.0157204926425 
-268.0157204926425 
-268.01572049264263 
-268.0157204926425 
-268.01572049264274 
-268.01572049264274 
-268.01572049264297 
-268.0157204926431 
-268.0157204926431 
-268.0157204926431 
-268.0157204926431 
-268.0157204926433 
-268.0157204926434 
-268.0157204926434 
-268.0157204926433 
-268.0157204926432 
-268.0157204926431 
-268.01572049264297 
-268.0157204926431 
-268.0157204926432 
-268.0157204926433 
-268.0157204926432 
-268.0157204926433 
-268.0157204926432 
-268.01572049264286 
-268.01572049264286 
-268.01572049264286 
-268.01572049264286 
-268.01572049264286 
-268.01572049264297 
-268.0157204926432 
-268.0157204926432 
-268.0157204926433 
-268.0157204926433 
-268.0157204926433 
-268.0157204926431 
-268.0157204926432 
-268.01572049264274 
-268.01572049264263 
-268.0157204926424 
-268.01572049264183 
-268.01572049264354 
-268.01572049264183 
-268.0157204926416 
-268.0157204926422 
-268.0157204926416 
-268.01572049264195 
-268.01572049264365 
-268.0157204926417 
-268.01572049264206 
-268.0157204926423 
-268.0157204926423 
-268.01572049264274 
-268.01572049264274 
-268.01572049264274 
-268.01572049264263 
-268.01572049264263 
-268.01572049264263 
-268.0157204926424 
-268.01572049264223 
-268.0157204926423 
-268.0157204926423 
-268.0157204926424 
-268.0157204926425 
-268.01572049264263 
-268.0157204926425 
-268.0157204926424 
-268.0157204926424 
-268.0157204926424 
-268.01572049264206 
-268.01572049264195 
-268.01572049264206 
-268.0157204926423 
-268.0157204926422 
-268.0157204926423 
-268.01572049264263 
-268.01572049264286 
-268.01572049264297 
-268.0157204926433 
-268.0157204926433 
-268.01572049264354 
-268.0157204926434 
-268.01572049264365 
-268.0157204926433 
-268.01572049264354 
-268.0157204926434 
-268.0157204926434 
-268.01572049264354 
-268.0157204926434 
-268.01572049264354 
-268.01572049264354 
-268.01572049264354 
-268.01572049264377 
-268.01572049264365 
-268.01572049264354 
-268.0157204926434 
-268.0157204926433 
-268.01572049264354 
-268.01572049264354 
-268.01572049264354 
-268.01572049264354 
-268.0157204926433 
-268.0157204926431 
-268.01572049264297 
-268.0157204926431 
-268.01572049264297 
-268.0157204926431 
-268.0157204926433 
-268.0157204926434 
-268.0157204926433 
-268.0157204926431 
-268.0157204926433 
-268.0157204926433 
-268.0157204926433 
-268.0157204926433 
-268.0157204926433 
-268.01572049264365 
-268.015720492644 
-268.015720492644 
-268.015720492644 
-268.015720492644 
-268.0157204926441 
-268.01572049264433 
-268.01572049264445 
-268.0157204926447 
-268.015720492645 
-268.0157204926448 
-268.0157204926448 
-268.01572049264456 
-268.01572049264456 
-268.01572049264456 
-268.01572049264456 
-268.01572049264456 
-268.01572049264456 
-268.01572049264445 
-268.01572049264456 
-268.01572049264456 
-268.01572049264445 
-268.01572049264456 
-268.01572049264456 
-268.01572049264456 
-268.01572049264445 
-268.01572049264433 
-268.01572049264456 
-268.0157204926446 
-268.0157204926446 
-268.01572049264456 
-268.01572049264445 
-268.0157204926442 
-268.0157204926441 
-268.0157204926443 
-268.01572049264456 
-268.01572049264456 
-268.0157204926448 
-268.0157204926451 
-268.015720492645 
-268.015720492645 
-268.01572049264513 
-268.0157204926449 
-268.01572049264513 
-268.01572049264496 
-268.01572049264513 
-268.01572049264513 
-268.01572049264513 
-268.01572049264513 
-268.01572049264536 
-268.01572049264547 
-268.01572049264547 
-268.0157204926454 
-268.01572049264547 
-268.01572049264536 
-268.01572049264524 
-268.01572049264513 
-268.01572049264536 
-268.0157204926453 
-268.01572049264536 
-268.01572049264547 
-268.01572049264524 
-268.01572049264524 
-268.01572049264536 
-268.01572049264536 
-268.01572049264536 
-268.0157204926456 
-268.01572049264547 
-268.01572049264547 
-268.0157204926456 
-268.0157204926455 
-268.0157204926457 
-268.0157204926459 
-268.0157204926458 
-268.0157204926457 
-268.0157204926457 
-268.0157204926457 
-268.0157204926456 
-268.01572049264547 
-268.01572049264536 
-268.01572049264547 
-268.0157204926456 
-268.0157204926458 
-268.0157204926458 
-268.01572049264615 
-268.0157204926464 
-268.0157204926465 
-268.0157204926466 
-268.0157204926466 
-268.0157204926466 
-268.0157204926465 
-268.0157204926465 
-268.0157204926466 
-268.0157204926466 
-268.01572049264684 
-268.0157204926467 
-268.01572049264706 
-268.01572049264706 
-268.0157204926472 
-268.0157204926473 
-268.0157204926475 
-268.01572049264746 
-268.01572049264763 
-268.01572049264774 
-268.015720492648 
-268.015720492648 
-268.0157204926482 
-268.0157204926483 
-268.01572049264837 
-268.0157204926482 
-268.0157204926483 
-268.0157204926484 
-268.0157204926484 
-268.0157204926483 
-268.0157204926483 
-268.01572049264814 
-268.01572049264786 
-268.01572049264763 
-268.0157204926475 
-268.0157204926472 
-268.0157204926472 
-268.0157204926489 
-268.0157204926468 
-268.0157204926466 
-268.0157204926471 
-268.01572049264666 
-268.0157204926467 
-268.01572049264877 
-268.01572049264706 
-268.01572049264695 
-268.0157204926474 
-268.0157204926478 
-268.015720492648 
-268.0157204926481 
-268.0157204926483 
-268.0157204926481 
-268.0157204926483 
-268.0157204926484 
-268.0157204926482 
-268.0157204926482 
-268.0157204926483 
-268.0157204926482 
-268.0157204926481 
-268.0157204926481 
-268.0157204926481 
-268.01572049264786 
-268.01572049264774 
-268.01572049264774 
-268.01572049264774 
-268.0157204926475 
-268.0157204926475 
-268.0157204926473 
-268.0157204926472 
-268.015720492647 
-268.01572049264684 
-268.0157204926466 
-268.01572049264684 
-268.0157204926467 
-268.0157204926467 
-268.01572049264684 
-268.01572049264684 
-268.0157204926466 
-268.0157204926466 
-268.01572049264644 
-268.01572049264615 
-268.0157204926459 
-268.0157204926458 
-268.0157204926456 
-268.0157204926456 
-268.01572049264547 
-268.0157204926457 
-268.0157204926458 
-268.0157204926457 
-268.0157204926457 
-268.0157204926456 
-268.0157204926456 
-268.0157204926457 
-268.0157204926456 
-268.01572049264536 
-268.01572049264547 
-268.01572049264536 
-268.01572049264547 
-268.0157204926457 
-268.01572049264547 
-268.01572049264547 
-268.01572049264547 
-268.01572049264524 
-268.0157204926452 
-268.01572049264536 
-268.01572049264536 
-268.01572049264547 
-268.0157204926456 
-268.0157204926457 
-268.0157204926456 
-268.0157204926456 
-268.0157204926457 
-268.0157204926459 
-268.0157204926459 
-268.015720492646 
-268.01572049264604 
-268.0157204926459 
-268.0157204926459 
-268.0157204926459 
-268.0157204926459 
-268.0157204926458 
-268.0157204926458 
-268.0157204926458 
-268.0157204926458 
-268.0157204926458 
-268.0157204926458 
-268.01572049264604 
-268.0157204926459 
-268.0157204926457 
-268.0157204926456 
-268.01572049264524 
-268.0157204926451 
-268.01572049264524 
-268.01572049264536 
-268.01572049264524 
-268.01572049264536 
-268.01572049264547 
-268.0157204926456 
-268.01572049264513 
-268.015720492645 
-268.01572049264513 
-268.0157204926449 
-268.015720492645 
-268.015720492645 
-268.01572049264513 
-268.01572049264513 
-268.015720492645 
-268.01572049264513 
-268.0157204926451 
-268.015720492645 
-268.015720492645 
-268.0157204926449 
-268.0157204926448 
-268.015720492645 
-268.0157204926448 
-268.01572049264496 
-268.01572049264456 
-268.01572049264433 
-268.0157204926442 
-268.0157204926441 
-268.015720492644 
-268.0157204926442 
-268.0157204926441 
-268.0157204926441 
-268.01572049264377 
-268.01572049264377 
-268.01572049264377 
-268.01572049264377 
-268.01572049264354 
-268.01572049264354 
-268.0157204926433 
-268.01572049264354 
-268.01572049264354 
-268.0157204926434 
-268.01572049264337 
-268.0157204926432 
-268.0157204926431 
-268.01572049264297 
-268.0157204926432 
-268.0157204926434 
-268.01572049264354 
-268.01572049264354 
-268.0157204926433 
-268.0157204926433 
-268.0157204926432 
-268.0157204926433 
-268.01572049264354 
-268.0157204926436 
-268.01572049264377 
-268.01572049264365 
-268.01572049264354 
-268.01572049264354 
-268.0157204926433 
-268.0157204926434 
-268.0157204926433 
-268.0157204926434 
-268.01572049264354 
-268.0157204926432 
-268.0157204926432 
-268.0157204926432 
-268.0157204926432 
-268.0157204926431 
-268.01572049264297 
-268.01572049264263 
-268.0157204926423 
-268.0157204926422 
-268.01572049264195 
-268.01572049264195 
-268.01572049264195 
-268.0157204926417 
-268.0157204926415 
-268.0157204926415 
-268.0157204926417 
-268.01572049264183 
-268.0157204926415 
-268.0157204926416 
-268.0157204926416 
-268.0157204926416 
-268.0157204926414 
-268.01572049264126 
-268.01572049264115 
-268.01572049264104 
-268.01572049264126 
-268.01572049264126 
-268.0157204926414 
-268.01572049264126 
-268.01572049264126 
-268.0157204926414 
-268.01572049264126 
-268.0157204926409 
-268.0157204926409 
-268.0157204926408 
-268.01572049264047 
-268.01572049264223 
-268.01572049264024 
-268.0157204926401 
-268.0157204926405 
-268.0157204926401 
-268.01572049263996 
-268.01572049264206 
-268.01572049264036 
-268.0157204926409 
-268.0157204926409 
-268.01572049264104 
-268.0157204926415 
-268.0157204926414 
-268.0157204926415 
-268.0157204926417 
-268.0157204926415 
-268.0157204926415 
-268.0157204926414 
-268.01572049264144 
-268.0157204926414 
-268.0157204926417 
-268.0157204926417 
-268.01572049264183 
-268.01572049264183 
-268.01572049264195 
-268.01572049264195 
-268.01572049264195 
-268.01572049264183 
-268.01572049264206 
-268.01572049264206 
-268.0157204926423 
-268.0157204926422 
-268.0157204926423 
-268.0157204926424 
-268.0157204926424 
-268.0157204926425 
-268.01572049264286 
-268.01572049264286 
-268.01572049264286 
-268.01572049264297 
-268.0157204926431 
-268.01572049264263 
-268.01572049264274 
-268.01572049264286 
-268.01572049264286 
-268.01572049264286 
-268.01572049264297 
-268.0157204926432 
-268.0157204926431 
-268.01572049264297 
-268.01572049264297 
-268.01572049264286 
-268.015720492643 
-268.0157204926431 
-268.0157204926431 
-268.01572049264297 
-268.0157204926427 
-268.01572049264263 
-268.01572049264263 
-268.01572049264297 
-268.0157204926431 
-268.0157204926431 
-268.0157204926432 
-268.0157204926432 
-268.0157204926432 
-268.0157204926432 
-268.0157204926432 
-268.0157204926432 
-268.01572049264314 
-268.01572049264297 
-268.01572049264274 
-268.01572049264274 
-268.01572049264286 
-268.0157204926427 
-268.01572049264274 
-268.01572049264274 
-268.0157204926425 
-268.0157204926424 
-268.01572049264286 
-268.0157204926425 
-268.0157204926426 
-268.01572049264263 
-268.01572049264263 
-268.0157204926431 
-268.0157204926434 
-268.01572049264365 
-268.01572049264365 
-268.01572049264365 
-268.01572049264354 
-268.01572049264365 
-268.01572049264365 
-268.01572049264377 
-268.01572049264365 
-268.01572049264354 
-268.01572049264377 
-268.0157204926439 
-268.015720492644 
-268.0157204926439 
-268.01572049264377 
-268.0157204926439 
-268.01572049264365 
-268.01572049264377 
-268.01572049264377 
-268.01572049264377 
-268.01572049264365 
-268.01572049264377 
-268.01572049264377 
-268.0157204926439 
-268.0157204926438 
-268.0157204926439 
-268.015720492644 
-268.015720492644 
-268.0157204926442 
-268.0157204926441 
-268.0157204926442 
-268.015720492644 
-268.015720492644 
-268.015720492644 
-268.0157204926439 
-268.015720492644 
-268.0157204926441 
-268.0157204926439 
-268.015720492644 
-268.015720492644 
-268.01572049264377 
-268.015720492644 
-268.0157204926439 
-268.015720492644 
-268.0157204926439 
-268.0157204926439 
-268.01572049264377 
-268.0157204926439 
-268.01572049264365 
-268.01572049264377 
-268.01572049264365 
-268.01572049264365 
-268.01572049264377 
-268.0157204926439 
-268.0157204926439 
-268.01572049264377 
-268.01572049264377 
-268.01572049264377 
-268.01572049264365 
-268.01572049264354 
-268.0157204926434 
-268.01572049264377 
-268.0157204926439 
-268.0157204926441 
-268.0157204926443 
-268.0157204926442 
-268.0157204926441 
-268.01572049264433 
-268.0157204926447 
-268.015720492645 
-268.0157204926449 
-268.01572049264524 
-268.01572049264524 
-268.0157204926455 
-268.01572049264547 
-268.01572049264536 
-268.01572049264524 
-268.01572049264536 
-268.01572049264513 
-268.01572049264547 
-268.0157204926456 
-268.0157204926458 
-268.0157204926459 
-268.0157204926459 
-268.0157204926457 
-268.0157204926457 
-268.0157204926457 
-268.01572049264576 
-268.0157204926458 
-268.0157204926458 
-268.0157204926459 
-268.01572049264615 
-268.0157204926464 
-268.01572049264615 
-268.01572049264627 
-268.01572049264627 
-268.0157204926464 
-268.01572049264627 
-268.0157204926464 
-268.0157204926466 
-268.01572049264627 
-268.01572049264627 
-268.0157204926464 
-268.01572049264615 
-268.0157204926458 
-268.0157204926457 
-268.0157204926457 
-268.01572049264547 
-268.01572049264524 
-268.015720492645 
-268.0157204926447 
-268.01572049264456 
-268.01572049264615 
-268.0157204926442 
-268.0157204926442 
-268.01572049264485 
-268.01572049264416 
-268.0157204926442 
-268.01572049264604 
-268.01572049264445 
-268.0157204926447 
-268.0157204926448 
-268.0157204926448 
-268.015720492645 
-268.01572049264524 
-268.01572049264536 
-268.01572049264536 
-268.01572049264547 
-268.0157204926457 
-268.0157204926458 
-268.0157204926458 
-268.01572049264604 
-268.0157204926459 
-268.0157204926458 
-268.0157204926457 
-268.0157204926456 
-268.0157204926457 
-268.0157204926457 
-268.0157204926458 
-268.0157204926456 
-268.01572049264536 
-268.01572049264524 
-268.01572049264524 
-268.01572049264524 
-268.01572049264524 
-268.01572049264536 
-268.01572049264547 
-268.0157204926456 
-268.01572049264547 
-268.01572049264547 
-268.01572049264536 
-268.01572049264524 
-268.0157204926451 
-268.01572049264524 
-268.01572049264524 
-268.01572049264547 
-268.01572049264536 
-268.01572049264547 
-268.01572049264536 
-268.01572049264524 
-268.015720492645 
-268.015720492645 
-268.0157204926447 
-268.01572049264433 
-268.01572049264433 
-268.0157204926442 
-268.0157204926443 
-268.0157204926441 
-268.01572049264377 
-268.0157204926439 
-268.01572049264354 
-268.0157204926434 
-268.01572049264354 
-268.01572049264354 
-268.01572049264354 
-268.01572049264365 
-268.0157204926439 
-268.0157204926439 
-268.0157204926439 
-268.01572049264354 
-268.0157204926434 
-268.01572049264354 
-268.0157204926434 
-268.01572049264354 
-268.01572049264354 
-268.01572049264354 
-268.01572049264354 
-268.0157204926434 
-268.0157204926433 
-268.0157204926433 
-268.0157204926432 
-268.0157204926432 
-268.0157204926431 
-268.01572049264297 
-268.01572049264297 
-268.01572049264286 
-268.01572049264286 
-268.01572049264297 
-268.01572049264297 
-268.0157204926431 
-268.0157204926432 
-268.01572049264297 
-268.01572049264286 
-268.01572049264274 
-268.01572049264274 
-268.01572049264263 
-268.01572049264263 
-268.01572049264274 
-268.01572049264274 
-268.01572049264286 
-268.01572049264297 
-268.0157204926431 
-268.0157204926431 
-268.01572049264354 
-268.0157204926432 
-268.01572049264354 
-268.0157204926433 
-268.01572049264354 
-268.01572049264354 
-268.0157204926434 
-268.0157204926434 
-268.01572049264337 
-268.0157204926434 
-268.01572049264354 
-268.01572049264354 
-268.01572049264354 
-268.0157204926434 
-268.0157204926434 
-268.0157204926434 
-268.01572049264354 
-268.0157204926434 
-268.0157204926432 
-268.01572049264297 
-268.01572049264297 
-268.01572049264286 
-268.01572049264263 
-268.01572049264274 
-268.0157204926424 
-268.01572049264263 
-268.01572049264274 
-268.0157204926425 
-268.0157204926425 
-268.01572049264286 
-268.01572049264297 
-268.01572049264274 
-268.01572049264274 
-268.0157204926431 
-268.0157204926432 
-268.01572049264325 
-268.0157204926432 
-268.0157204926432 
-268.0157204926432 
-268.0157204926434 
-268.0157204926434 
-268.0157204926432 
-268.0157204926431 
-268.01572049264297 
-268.0157204926431 
-268.0157204926431 
-268.0157204926431 
-268.0157204926432 
-268.01572049264286 
-268.01572049264286 
-268.01572049264274 
-268.01572049264274 
-268.01572049264263 
-268.01572049264286 
-268.01572049264286 
-268.01572049264286 
-268.01572049264274 
-268.01572049264263 
-268.0157204926425 
-268.01572049264263 
-268.01572049264263 
-268.01572049264274 
-268.01572049264286 
-268.01572049264263 
-268.0157204926425 
-268.0157204926423 
-268.0157204926422 
-268.0157204926424 
-268.0157204926422 
-268.01572049264195 
-268.01572049264195 
-268.01572049264206 
-268.01572049264195 
-268.01572049264183 
-268.0157204926415 
-268.0157204926415 
-268.0157204926415 
-268.0157204926416 
-268.0157204926414 
-268.01572049264126 
-268.0157204926414 
-268.0157204926415 
-268.0157204926414 
-268.01572049264126 
-268.01572049264115 
-268.01572049264104 
-268.015720492641 
-268.01572049264115 
-268.01572049264104 
-268.01572049264104 
-268.0157204926408 
-268.01572049264047 
-268.01572049264036 
-268.01572049264036 
-268.01572049264 
-268.01572049264183 
-268.01572049263973 
-268.0157204926398 
-268.01572049264036 
-268.0157204926399 
-268.0157204926398 
-268.0157204926417 
-268.0157204926399 
-268.0157204926401 
-268.01572049264024 
-268.01572049264024 
-268.0157204926406 
-268.0157204926408 
-268.01572049264104 
-268.01572049264115 
-268.01572049264104 
-268.01572049264126 
-268.01572049264126 
-268.0157204926414 
-268.0157204926417 
-268.0157204926417 
-268.0157204926416 
-268.0157204926416 
-268.0157204926416 
-268.0157204926417 
-268.01572049264195 
-268.01572049264195 
-268.0157204926422 
-268.0157204926425 
-268.0157204926423 
-268.0157204926425 
-268.01572049264286 
-268.01572049264274 
-268.01572049264286 
-268.01572049264286 
-268.0157204926425 
-268.0157204926425 
-268.01572049264274 
-268.01572049264263 
-268.01572049264274 
-268.0157204926424 
-268.0157204926424 
-268.0157204926425 
-268.0157204926425 
-268.01572049264286 
-268.01572049264286 
-268.01572049264297 
-268.0157204926432 
-268.0157204926434 
-268.0157204926433 
-268.0157204926434 
-268.0157204926434 
-268.0157204926434 
-268.0157204926433 
-268.01572049264354 
-268.01572049264365 
-268.015720492644 
-268.01572049264405 
-268.0157204926441 
-268.015720492644 
-268.0157204926439 
-268.0157204926439 
-268.0157204926439 
-268.01572049264365 
-268.01572049264377 
-268.0157204926439 
-268.015720492644 
-268.0157204926441 
-268.0157204926442 
-268.0157204926443 
-268.01572049264456 
-268.01572049264456 
-268.0157204926447 
-268.01572049264456 
-268.01572049264445 
-268.01572049264473 
-268.0157204926448 
-268.0157204926447 
-268.0157204926448 
-268.0157204926448 
-268.0157204926449 
-268.015720492645 
-268.0157204926449 
-268.01572049264513 
-268.01572049264513 
-268.015720492645 
-268.0157204926449 
-268.01572049264513 
-268.0157204926449 
-268.0157204926449 
-268.0157204926449 
-268.0157204926449 
-268.0157204926451 
-268.0157204926451 
-268.01572049264456 
-268.0157204926448 
-268.0157204926448 
-268.0157204926448 
-268.01572049264485 
-268.0157204926447 
-268.0157204926448 
-268.0157204926447 
-268.0157204926447 
-268.0157204926449 
-268.0157204926449 
-268.0157204926448 
-268.0157204926449 
-268.0157204926449 
-268.0157204926449 
-268.0157204926448 
-268.015720492645 
-268.015720492645 
-268.01572049264513 
-268.01572049264513 
-268.015720492645 
-268.01572049264524 
-268.01572049264513 
-268.015720492645 
-268.01572049264513 
-268.01572049264524 
-268.01572049264547 
-268.0157204926456 
-268.0157204926457 
-268.0157204926458 
-268.0157204926459 
-268.0157204926457 
-268.0157204926457 
-268.0157204926459 
-268.01572049264627 
-268.01572049264627 
-268.0157204926465 
-268.0157204926465 
-268.0157204926466 
-268.01572049264666 
-268.0157204926466 
-268.0157204926466 
-268.0157204926466 
-268.0157204926465 
-268.0157204926466 
-268.0157204926466 
-268.0157204926465 
-268.0157204926465 
-268.0157204926464 
-268.0157204926465 
-268.0157204926464 
-268.01572049264627 
-268.01572049264627 
-268.01572049264615 
-268.01572049264604 
-268.0157204926459 
-268.0157204926459 
-268.015720492646 
-268.01572049264615 
-268.01572049264615 
-268.0157204926464 
-268.0157204926464 
-268.0157204926465 
-268.01572049264627 
-268.0157204926464 
-268.0157204926466 
-268.01572049264684 
-268.01572049264706 
-268.0157204926473 
-268.0157204926472 
-268.0157204926473 
-268.0157204926474 
-268.0157204926474 
-268.0157204926474 
-268.0157204926475 
-268.0157204926475 
-268.0157204926474 
-268.0157204926475 
-268.0157204926475 
-268.0157204926474 
-268.01572049264706 
-268.01572049264695 
-268.0157204926473 
-268.0157204926474 
-268.0157204926473 
-268.0157204926472 
-268.0157204926472 
-268.0157204926472 
-268.0157204926473 
-268.0157204926474 
-268.0157204926473 
-268.0157204926474 
-268.0157204926474 
-268.0157204926474 
-268.0157204926472 
-268.0157204926472 
-268.01572049264706 
-268.0157204926472 
-268.01572049264706 
-268.01572049264695 
-268.01572049264684 
-268.0157204926466 
-268.0157204926483 
-268.0157204926465 
-268.01572049264627 
-268.0157204926467 
-268.0157204926465 
-268.01572049264655 
-268.0157204926484 
-268.0157204926467 
-268.01572049264695 
-268.0157204926472 
-268.0157204926473 
-268.0157204926473 
-268.0157204926473 
-268.0157204926474 
-268.0157204926475 
-268.0157204926474 
-268.0157204926473 
-268.0157204926472 
-268.0157204926472 
-268.0157204926473 
-268.0157204926472 
-268.01572049264706 
-268.01572049264706 
-268.01572049264684 
-268.01572049264706 
-268.01572049264695 
-268.01572049264695 
-268.01572049264695 
-268.01572049264706 
-268.0157204926475 
-268.01572049264786 
-268.01572049264774 
-268.01572049264763 
-268.01572049264763 
-268.0157204926475 
-268.0157204926474 
-268.0157204926474 
-268.0157204926474 
-268.0157204926474 
-268.0157204926473 
-268.0157204926473 
-268.0157204926472 
-268.01572049264695 
-268.01572049264684 
-268.0157204926466 
-268.0157204926465 
-268.0157204926464 
-268.0157204926464 
-268.0157204926464 
-268.0157204926463 
-268.0157204926465 
-268.0157204926466 
-268.0157204926466 
-268.01572049264684 
-268.01572049264695 
-268.01572049264695 
-268.01572049264706 
-268.01572049264706 
-268.01572049264706 
-268.0157204926473 
-268.01572049264706 
-268.01572049264695 
-268.01572049264706 
-268.0157204926472 
-268.0157204926472 
-268.0157204926472 
-268.0157204926474 
-268.0157204926474 
-268.0157204926473 
-268.0157204926473 
-268.0157204926473 
-268.0157204926472 
-268.01572049264695 
-268.01572049264695 
-268.01572049264706 
-268.0157204926467 
-268.0157204926465 
-268.0157204926466 
-268.01572049264684 
-268.0157204926466 
-268.0157204926465 
-268.0157204926465 
-268.0157204926465 
-268.01572049264627 
-268.01572049264627 
-268.01572049264604 
-268.01572049264604 
-268.01572049264615 
-268.015720492646 
-268.01572049264604 
-268.01572049264615 
-268.01572049264627 
-268.01572049264627 
-268.01572049264587 
-268.0157204926459 
-268.01572049264615 
-268.01572049264604 
-268.01572049264604 
-268.0157204926459 
-268.0157204926459 
-268.0157204926459 
-268.0157204926458 
-268.0157204926459 
-268.0157204926457 
-268.0157204926458 
-268.0157204926457 
-268.0157204926457 
-268.0157204926456 
-268.01572049264524 
-268.0157204926456 
-268.01572049264547 
-268.01572049264536 
-268.01572049264524 
-268.01572049264536 
-268.01572049264524 
-268.01572049264536 
-268.01572049264524 
-268.01572049264524 
-268.01572049264536 
-268.01572049264547 
-268.01572049264524 
-268.01572049264524 
-268.01572049264513 
-268.0157204926452 
-268.015720492645 
-268.015720492645 
-268.015720492645 
-268.015720492645 
-268.0157204926448 
-268.0157204926448 
-268.0157204926449 
-268.0157204926446 
-268.0157204926448 
-268.01572049264456 
-268.01572049264433 
-268.0157204926442 
-268.015720492644 
-268.015720492644 
-268.0157204926441 
-268.01572049264433 
-268.01572049264433 
-268.01572049264445 
-268.0157204926442 
-268.0157204926442 
-268.01572049264445 
-268.01572049264445 
-268.01572049264433 
-268.0157204926442 
-268.0157204926442 
-268.0157204926441 
-268.015720492644 
-268.0157204926442 
-268.0157204926441 
-268.0157204926441 
-268.0157204926442 
-268.0157204926441 
-268.0157204926439 
-268.01572049264365 
-268.01572049264354 
-268.01572049264365 
-268.0157204926433 
-268.0157204926433 
-268.01572049264354 
-268.01572049264365 
-268.01572049264377 
-268.0157204926439 
-268.0157204926438 
-268.015720492644 
-268.0157204926441 
-268.0157204926441 
-268.0157204926441 
-268.0157204926442 
-268.015720492644 
-268.0157204926439 
-268.0157204926439 
-268.01572049264365 
-268.01572049264365 
-268.01572049264354 
-268.01572049264354 
-268.0157204926433 
-268.0157204926434 
-268.0157204926434 
-268.0157204926433 
-268.0157204926432 
-268.01572049264286 
-268.01572049264274 
-268.0157204926431 
-268.01572049264297 
-268.0157204926432 
-268.0157204926432 
-268.01572049264286 
-268.01572049264263 
-268.0157204926423 
-268.0157204926423 
-268.01572049264195 
-268.0157204926417 
-268.0157204926434 
-268.0157204926416 
-268.0157204926415 
-268.01572049264183 
