-108.81371547823068 
-108.81696609483537 
-108.82092266511012 
-108.82359336929527 
-108.82433143136846 
-108.82657176325841 
-108.82662542731542 
-108.8266254273157 
-108.82662542731542 
-108.82662542731536 
-108.8266254273153 
-108.82662543942837 
-108.82663996423692 
-108.82666904590738 
-108.82671137137608 
-108.82671137137619 
-108.82763559915904 
-108.84234349902661 
-108.87203315753169 
-108.88446643929758 
-108.8876059439538 
-108.91199333237842 
-108.91219572771307 
-108.91219572771301 
-108.91219572771296 
-108.91219572771301 
-108.91219572771318 
-108.91219573749063 
-108.9122365124376 
-108.91229402630218 
-108.91237863138751 
-108.91244817586374 
-108.91251717289327 
-108.91259590347951 
-108.9125971227057 
-108.91259761290956 
-108.91259761321284 
-108.9125976132129 
-108.91259761321304 
-108.9125976132133 
-108.91259761321277 
-108.91259761321326 
-108.91259761321304 
-108.91259761321301 
-108.91259761321287 
-108.91259761321294 
-108.91259761413338 
-108.91259761413329 
-108.91259836886103 
-108.91259908639935 
-108.91259970726955 
-108.91260015108207 
-108.91260015147216 
-108.91260015147219 
-108.91260015147213 
-108.9126001514721 
-108.91260015147195 
-108.91260015147198 
-108.91260015147203 
-108.91260015147215 
-108.91260015147206 
-108.91260015147219 
-108.91260015345281 
-108.91260015591654 
-108.91260015867462 
-108.9126001611988 
-108.91260016119864 
-108.91260016119867 
-108.91260016119875 
-108.91260016119887 
-108.91260016119877 
-108.91260016119902 
-108.91260016119884 
-108.91260016119897 
-108.91260016119878 
-108.912600161199 
-108.91260016119884 
-108.91260016119868 
-108.91260016119877 
-108.91260016119887 
-108.91260016120187 
-108.9126001612038 
-108.91260016120376 
-108.91260016120366 
-108.91260016120377 
-108.91260016120384 
-108.91260016120378 
-108.91260016120378 
-108.91260016120364 
-108.91260016120386 
-108.91260016120368 
-108.91260016120366 
-108.91260016120368 
-108.91260016120363 
-108.91260016120353 
-108.91260016120384 
-108.91260016120397 
-108.91260016120373 
-108.91260016120363 
-108.91260016120364 
-108.91260016120364 
-108.91260016120361 
-108.91260016120344 
-108.91260016120333 
-108.91260016120349 
-108.91260016120337 
-108.91260016120356 
-108.91260016120364 
-108.91260016120371 
-108.91260016120368 
-108.91260016120373 
-108.9126001612038 
-108.9126001612039 
-108.91260016120393 
-108.91260016120386 
-108.9126001612037 
-108.91260016120377 
-108.91260016120366 
-108.91260016120376 
-108.91260016120386 
-108.9126001612038 
