2 3 0.07159184630743887 
3 4 0.09327705344887287 
4 5 0.1092370344412616 
5 6 0.12269192504694175 
6 7 0.13435648050223056 
7 8 0.14459579033254868 
8 9 0.15370552347193417 
9 10 0.16189627218631372 
10 11 0.1693233991013376 
11 12 0.17610597740349637 
12 13 0.1823370680411462 
13 14 0.18809064743003473 
14 15 0.1934264335557726 
15 16 0.19839328398522357 
16 17 0.2030316447887607 
17 18 0.2073753517529109 
18 19 0.21145297836848345 
19 20 0.21528885903799358 
20 21 0.21890387704343828 
21 22 0.2223160770401536 
22 23 0.22554115245141926 
23 24 0.22859282597827008 
24 25 0.23148316247052994 
25 26 0.2342228190405573 
26 27 0.23682125037006635 
27 28 0.2392868777758718 
28 29 0.2416272293417184 
29 30 0.24384905700869774 
30 31 0.2459584345992662 
31 32 0.24796084102178875 
32 33 0.24986123075397063 
33 34 0.25166409365683556 
34 35 0.253373506814067 
35 36 0.254993178479487 
36 37 0.25652648649612075 
37 38 0.2579765113911693 
38 39 0.25934606521026293 
39 40 0.26063771668219193 
40 41 0.2618538131827959 
41 42 0.26299650009470255 
42 43 0.2640677376770005 
43 44 0.26506931605329215 
44 45 0.26600286826673636 
45 46 0.2668698819237179 
46 47 0.2676717093370765 
47 48 0.26840957662032017 
48 49 0.2690845916841598 
49 50 0.2696977512320543 
50 51 0.27024994690731036 
51 52 0.2707419706761683 
52 53 0.2711745195157385 
53 54 0.2715481994676698 
54 55 0.2718635291068656 
55 56 0.2721209424683395 
56 57 0.2723207914678486 
57 58 0.27246334784502274 
58 59 0.27254880465149234 
59 60 0.27257727730172887 
60 61 0.27254880419908895 
61 62 0.27246334694378155 
62 63 0.27232079012416316 
63 64 0.2721209406924036 
64 65 0.27186352691288884 
65 66 0.27154819687443343 
66 67 0.27117451654723407 
67 68 0.2707419673624195 
68 69 0.2702499432850012 
69 70 0.2696977473447105 
70 71 0.2690845875813982 
71 72 0.2684095723543624 
72 73 0.267671704954226 
73 74 0.2668698774463975 
74 75 0.2660028636609786 
75 76 0.2650693112325721 
76 77 0.26406773257853117 
77 78 0.262996494684999 
78 79 0.261853807472326 
79 80 0.26063771069809316 
80 81 0.2593460590024682 
81 82 0.25797650494469254 
82 83 0.2565264798437005 
83 84 0.25499317171968827 
84 85 0.25337350010723936 
85 86 0.2516640871884933 
86 87 0.24986122462962124 
87 88 0.24796083544752778 
88 89 0.2459584296455055 
89 90 0.24384905278742477 
90 91 0.24162722589698085 
91 92 0.23928687507378435 
92 93 0.23682124851774428 
93 94 0.23422281817123836 
94 95 0.23148316296472143 
95 96 0.2285928281679667 
96 97 0.2255411566736903 
97 98 0.2223160837337419 
98 99 0.21890388574572492 
99 100 0.21528887077107065 
100 101 0.21145299318497682 
101 102 0.20737536986042787 
102 103 0.2030316665638887 
103 104 0.19839330874054373 
104 105 0.19342646117847376 
105 106 0.1880906794507612 
106 107 0.1823371045733058 
107 108 0.17610601755291388 
108 109 0.16932344082429743 
109 110 0.16189631167629934 
110 111 0.15370555370415315 
111 112 0.1445958009687104 
112 113 0.1343564660439161 
113 114 0.12269191848243367 
114 115 0.10923703407871853 
115 116 0.09327705417464625 
116 117 0.07159184684438152 
117 118 0.04720887139785743 
