-3769.8436058362213 
-3770.5778346271295 
-3771.141199359465 
-3771.26089925333 
-3771.948731712665 
-3772.6042145553897 
-3772.7443377961945 
-3773.045364212132 
-3773.8128401624226 
-3773.985527843099 
-3774.199044914432 
-3774.7819520128896 
-3775.0914820479206 
-3775.193832270465 
-3775.7934671623066 
-3776.2160863973404 
-3776.3067558269804 
-3776.670537111941 
-3777.238405188585 
-3777.3571546946623 
-3777.6742654729132 
-3778.1592397698087 
-3778.390804401934 
-3778.512617571515 
-3779.05791908085 
-3779.397737718634 
-3779.476797501845 
-3779.8662097464635 
-3780.3527610753695 
-3780.4465840412686 
-3780.829345279236 
-3781.2689656238467 
-3781.4590666901217 
-3781.5995634391716 
-3782.118236829299 
-3782.415360972573 
-3782.492761568565 
-3782.906309163894 
-3783.346267229184 
-3783.426514826694 
-3783.859906557788 
-3784.2718730587617 
-3784.4392014896566 
-3784.599504019261 
-3785.1157383023888 
-3785.389484962101 
-3785.467483909592 
-3785.929927941706 
-3786.341765240986 
-3786.4294583980454 
-3786.8412665624555 
-3787.40587862047 
-3787.6734678654184 
-3787.8303460908346 
-3788.6751050511302 
-3789.326923083954 
-3789.45062014605 
-3789.4506201460435 
-3789.450620146024 
-3789.450620146049 
-3789.4506201460567 
-3789.453108192659 
-3789.4656158123476 
-3789.476720767874 
-3789.4843007241466 
-3789.4998564491652 
-3789.520608105781 
-3789.533420111978 
-3789.5503141310783 
-3789.573970948413 
-3789.5917964483774 
-3789.6072830607313 
-3789.631745882164 
-3789.6519328705285 
-3789.6678910138503 
-3789.693367097629 
-3789.7179430746532 
-3789.7372041552308 
-3789.7586665550925 
-3789.7882429235724 
-3789.808887057977 
-3789.8300368278765 
-3789.8637020363158 
-3789.886902000191 
-3789.906415341622 
-3789.94062466204 
-3789.9691711943387 
-3789.992692146066 
-3790.0207358107614 
-3790.055415873015 
-3790.080957034284 
-3790.106499451495 
-3790.1507409565506 
-3790.178221316851 
-3790.201502615852 
-3790.250605529383 
-3790.286366310753 
-3790.316409062736 
-3790.3580084794935 
-3790.4025280289798 
-3790.43824839578 
-3790.4730980973904 
-3790.540234532143 
-3790.5775131545383 
-3790.6077494966603 
-3790.695863386848 
-3790.7498815803333 
-3790.7897375061684 
-3790.857306949041 
-3790.9203701389674 
-3790.9673322587923 
-3791.024427837833 
-3791.129621243703 
-3791.172009215451 
-3791.214793608151 
-3791.2147936081565 
-3791.546986359583 
-3792.0257683353016 
-3792.2497836960297 
-3792.384682125656 
-3792.9253679828103 
-3793.260695827889 
-3793.341971659127 
-3793.7377978262048 
-3794.2167179771363 
-3794.3061788424666 
-3794.7037497628894 
-3795.136326280633 
-3795.317570995392 
-3795.465499338637 
-3795.9815835371546 
-3796.2719920188774 
-3796.350539699461 
-3796.7668113074456 
-3797.204005556172 
-3797.282259355257 
-3797.7218207014766 
-3798.1314690637005 
-3798.291760661493 
-3798.4516157010867 
-3798.9555538990203 
-3799.2241499910688 
-3799.3033200310733 
-3799.733912166545 
-3800.1500819612697 
-3800.222244481838 
-3800.6904948036954 
-3801.0880143948975 
-3801.2359740409083 
-3801.403962156961 
-3801.901091729598 
-3802.156457180093 
-3802.2369344904223 
-3802.6805980113763 
-3803.080038865865 
-3803.148410305796 
-3803.640242348496 
-3804.026985944518 
-3804.168823041791 
-3804.3484237833372 
-3804.850651515548 
-3805.099486919391 
-3805.1811654112626 
-3805.66534233995 
-3806.053917177063 
-3806.1340358903076 
-3806.5811768365843 
-3807.1261853814585 
-3807.3690313537277 
-3807.5347250284767 
-3808.3667597975395 
-3809.002997402652 
-3809.128434536989 
-3809.1284345369872 
-3809.1284345369695 
-3809.128434536989 
-3809.1284345369913 
-3809.1309404601243 
-3809.1435256957966 
-3809.154534951411 
-3809.1620751199566 
-3809.1768117469896 
-3809.197337189082 
-3809.210040528386 
-3809.225367370274 
-3809.248476086006 
-3809.2650885838934 
-3809.2800451175635 
-3809.3025498023994 
-3809.322547527312 
-3809.337977413678 
-3809.3603158502997 
-3809.384271672664 
-3809.401906023997 
-3809.41989938089 
-3809.448232582999 
-3809.466312600942 
-3809.486429385172 
-3809.5153373373637 
-3809.5376941301097 
-3809.555963181403 
-3809.58270386081 
-3809.608968717609 
-3809.6288150848895 
-3809.649021374173 
-3809.6800949670665 
-3809.6997473923375 
-3809.722131834833 
-3809.7547688499 
-3809.7784499725444 
-3809.7983431672246 
-3809.8288131399186 
-3809.856844055894 
-3809.8785235708647 
-3809.9014542238033 
-3809.9347384116354 
-3809.9563249461207 
-3809.980537212424 
-3810.0181258525818 
-3810.0432833356826 
-3810.064992467217 
-3810.1026721166004 
-3810.1337436776766 
-3810.1587331495284 
-3810.1881377359146 
-3810.226461317458 
-3810.2525209389746 
-3810.2819386274114 
-3810.3343598732413 
-3810.364494462833 
-3810.3940683507026 
-3810.472635720514 
-3810.5279208149527 
-3810.628718491696 
-3810.6397757026384 
-3810.6515793019 
-3810.6613565013004 
-3810.6683596964263 
-3810.6756444684265 
-3810.6827747633056 
-3810.6881795290196 
-3810.693993619103 
-3810.700582574724 
-3810.705765591486 
-3810.7123491630127 
-3810.718250358173 
-3810.723373445734 
-3810.72845281702 
-3810.7339399407188 
-3810.739963282581 
-3810.744208804447 
-3810.7509407062075 
-3810.7580249374464 
-3810.762955454268 
-3810.7703307141637 
-3810.777652490125 
-3810.782676243171 
-3810.7888210303636 
-3810.7953241678056 
-3810.8014028108605 
-3810.806303135743 
-3810.8139220686985 
-3810.8212573932674 
-3810.8262399304294 
-3810.8338207561646 
-3810.841578648878 
-3810.8462802442423 
-3810.852722429715 
-3810.8591618495516 
-3810.864536758658 
-3810.8696007847775 
-3810.876748427418 
-3810.8829842687715 
-3810.8877208506433 
-3810.8940916636575 
-3810.900254052134 
-3810.9041541696697 
-3810.909621734415 
-3810.9145884413524 
-3810.918438795612 
-3810.9226699086757 
-3810.9284160126454 
-3810.9326773008993 
-3810.935995225096 
-3810.938253133375 
-3810.9398411784564 
-3810.940252018415 
-3810.9402520184103 
-3810.940252018409 
-3810.940252018418 
-3810.9402520184112 
-3810.940252018411 
-3810.940252018407 
-3810.9402520184076 
-3810.940252018407 
-3810.9402550594687 
-3810.9402716624027 
-3810.94030231457 
-3810.9403554693395 
-3810.9404753904473 
-3810.9406948995897 
-3810.94095920801 
-3810.941237793841 
-3810.94161456432 
-3810.9420653354096 
-3810.942469265152 
-3810.942962872275 
-3810.9436802174905 
-3810.944308376166 
-3810.9450288388484 
-3810.9460000837444 
-3810.946907308245 
-3810.947755571262 
-3810.948752604254 
-3810.949740503303 
-3810.9506337908583 
-3810.951603135303 
-3810.9528914851253 
-3810.953934676274 
-3810.9551296020445 
-3810.956575411435 
-3810.9577627892536 
-3810.958948192198 
-3810.9603007974447 
-3810.961531348743 
-3810.9626905431237 
-3810.9639220582694 
-3810.965401638954 
-3810.96660482452 
-3810.9680378889593 
-3810.9696702054193 
-3810.970894661045 
-3810.972232856724 
-3810.973691999443 
-3810.974971505047 
-3810.9762423165284 
-3810.9775174257584 
-3810.978813473706 
-3810.980018248193 
-3810.9814176891596 
-3810.9825914713656 
-3810.9837359648145 
-3810.984843570068 
-3810.9858311178878 
-3810.9867301304807 
-3810.987372841608 
-3810.9878039027485 
-3810.987803902755 
-3810.9942158034023 
-3810.9998608178657 
-3811.0076923323613 
-3811.0155837834586 
-3811.020995514169 
-3811.02779480799 
-3811.0348854279923 
-3811.041135508209 
-3811.046376783115 
-3811.0546503685996 
-3811.0624782764035 
-3811.067780479083 
-3811.0764400525154 
-3811.0855704300516 
-3811.0907810643594 
-3811.098481290617 
-3811.106907134584 
-3811.113321088485 
-3811.119073652513 
-3811.128231833172 
-3811.1362643841762 
-3811.1419066078156 
-3811.1508940831013 
-3811.160366345102 
-3811.1655038168838 
-3811.173664366036 
-3811.182228790685 
-3811.1883396072167 
-3811.1941255184506 
-3811.2031730714193 
-3811.2105609277814 
-3811.216147390609 
-3811.224366582662 
-3811.2327984515077 
-3811.237472755826 
-3811.2449011225185 
-3811.252186969587 
-3811.257360427117 
-3811.262680028135 
-3811.2704466266946 
-3811.2763968137087 
-3811.2814417299755 
-3811.2879283997263 
-3811.2940340475343 
-3811.2978838299164 
-3811.303618064216 
-3811.308853706508 
-3811.312533036263 
-3811.3168607305197 
-3811.322878304205 
-3811.326933354336 
-3811.3301810971034 
-3811.3324733345976 
-3811.3340046769554 
-3811.3343995308037 
-3811.334399530817 
-3811.334399530812 
-3811.3343995308123 
-3811.334399530805 
-3811.334399530808 
-3811.334399530812 
-3811.334399530814 
-3811.334399530811 
-3811.3344025173274 
-3811.33441868512 
-3811.3344480198484 
-3811.3344991728736 
-3811.334605336421 
-3811.334804043789 
-3811.33505022153 
-3811.3352975750663 
-3811.335628177431 
-3811.3360492265733 
-3811.336393797219 
-3811.336816872499 
-3811.3374398723936 
-3811.33797639763 
-3811.3385722415446 
-3811.3394160459598 
-3811.340247228703 
-3811.34096446147 
-3811.3417921036184 
-3811.3427625068307 
-3811.3434986566635 
-3811.3443426664553 
-3811.34554602387 
-3811.3464568902796 
-3811.347467122954 
-3811.3487773703982 
-3811.3499489393657 
-3811.3509666930004 
-3811.3521567682546 
-3811.3534980447535 
-3811.3544665808186 
-3811.355631842881 
-3811.357285385713 
-3811.358445897092 
-3811.3598016204237 
-3811.361486423336 
-3811.3629103159888 
-3811.3641936429226 
-3811.3657025375287 
-3811.3672892698883 
-3811.368477283939 
-3811.369929017389 
-3811.3719504436667 
-3811.373326421223 
-3811.3750342536146 
-3811.3770254867095 
-3811.378664771056 
-3811.380263268858 
-3811.3820751541775 
-3811.383944661671 
-3811.385576798117 
-3811.3874764262528 
-3811.3901902719017 
-3811.3925230359064 
-3811.398260505878 
-3811.398996789186 
-3811.3995942518736 
-3811.4001006474323 
-3811.4005155784816 
-3811.400872285497 
-3811.4012184367107 
-3811.4015325213195 
-3811.4018206240776 
-3811.402115517621 
-3811.402399296625 
-3811.4026455690614 
-3811.4029241799362 
-3811.4031948376733 
-3811.4034386754474 
-3811.4037063051614 
-3811.4039618863203 
-3811.4041832975613 
-3811.4044589335285 
-3811.4047272563116 
-3811.404976635515 
-3811.4052185762384 
-3811.405487918719 
-3811.4057350895114 
-3811.405952736873 
-3811.4062307402287 
-3811.4064623270942 
-3811.4066671377223 
-3811.4069417686906 
-3811.407183382582 
-3811.4074034826554 
-3811.4076298895975 
-3811.4078661721737 
-3811.408065706254 
-3811.408236693332 
-3811.4084618300594 
-3811.4086252929837 
-3811.40876364737 
-3811.4089301619383 
-3811.409065099876 
-3811.409165240172 
-3811.409259896261 
-3811.4093425971632 
-3811.409400923813 
-3811.4094389602474 
-3811.4094695093677 
-3811.409486978188 
-3811.40949816878 
-3811.4095035115856 
-3811.4095056741144 
-3811.4095063481877 
-3811.4095064479166 
-3811.4095064467906 
-3811.4095064467865 
-3811.409506446783 
-3811.4095064467874 
-3811.409506446781 
-3811.4095064467824 
-3811.4095064467992 
-3811.4095064467856 
-3811.409506446786 
-3811.4095064467824 
-3811.4095064467906 
-3811.409506447915 
-3811.4095064642265 
-3811.409506497961 
-3811.4095065557185 
-3811.4095066686737 
-3811.409506811493 
-3811.409507006885 
-3811.4095073041626 
-3811.409507702516 
-3811.409508246622 
-3811.4095091431673 
-3811.409510471273 
-3811.409512102972 
-3811.409514350361 
-3811.4095177366225 
-3811.409521745118 
-3811.409526560652 
-3811.40953345562 
-3811.40954144531 
-3811.409550850132 
-3811.409562065993 
-3811.4095759852294 
-3811.409591879026 
-3811.4096082300925 
-3811.4096289548042 
-3811.4096507643703 
-3811.409672546263 
-3811.4096987263792 
-3811.4097255016623 
-3811.409752612664 
-3811.4097827451233 
-3811.409814671808 
-3811.4098479727418 
-3811.4098805115873 
-3811.4099175864117 
-3811.409955111099 
-3811.409989354663 
-3811.4100266041733 
-3811.4100632657946 
-3811.4100983912203 
-3811.4101352628204 
-3811.4101705484145 
-3811.4102045679965 
-3811.4102368970234 
-3811.4102698858683 
-3811.4103004872713 
-3811.410325718603 
-3811.4103500569704 
-3811.41037215539 
-3811.4103888767813 
-3811.4104041814744 
-3811.410412386248 
-3811.410597353214 
-3811.4108193516972 
-3811.411071493297 
-3811.4113528492435 
-3811.4116135750087 
-3811.4118516496524 
-3811.412131327697 
-3811.4123703980677 
-3811.412590638342 
-3811.412874051012 
-3811.4131180961435 
-3811.4133485578927 
-3811.413585920014 
-3811.4138265312226 
-3811.414038757705 
-3811.4142329850097 
-3811.414470168087 
-3811.414662071542 
-3811.414842399046 
-3811.415081720522 
-3811.4152848834547 
-3811.415474919088 
-3811.415676921611 
-3811.415880145108 
-3811.4160584225983 
-3811.416223791254 
-3811.4164293501776 
-3811.416593687246 
-3811.416748749383 
-3811.4169539550735 
-3811.4171287805752 
-3811.417285421724 
-3811.4174530105656 
-3811.4176165414715 
-3811.417756381731 
-3811.417879777867 
-3811.418034418881 
-3811.418147509752 
-3811.418247074014 
-3811.4183640157607 
-3811.418456282951 
-3811.4185257905556 
-3811.418591371144 
-3811.418645880724 
-3811.4186874507245 
-3811.4187156463286 
-3811.4187388458104 
-3811.4187526468077 
-3811.418761865568 
-3811.4187666283633 
-3811.4187686431687 
-3811.4187692764285 
-3811.418769379935 
-3811.4187693788167 
-3811.418769378817 
-3811.4187693788163 
-3811.4187693788067 
-3811.418769378814 
-3811.418769378802 
-3811.418769378804 
-3811.4187693788112 
-3811.418769378817 
-3811.418769378816 
-3811.4187693788062 
-3811.4187693799204 
-3811.4187693960985 
-3811.4187694294865 
-3811.4187694865886 
-3811.4187695979163 
-3811.41876973768 
-3811.4187699287318 
-3811.4187702138206 
-3811.418770585771 
-3811.418771068099 
-3811.4187718267394 
-3811.418772908321 
-3811.4187741683677 
-3811.418775895987 
-3811.418778489138 
-3811.418781456695 
-3811.4187850269464 
-3811.418790136651 
-3811.418796015082 
-3811.4188030587 
-3811.4188111349267 
-3811.418821581319 
-3811.4188331607697 
-3811.418845776981 
-3811.418862034383 
-3811.4188786336654 
-3811.4188953728144 
-3811.4189161030376 
-3811.418937244644 
-3811.4189596438764 
-3811.418982606463 
-3811.4190095649165 
-3811.419038218502 
-3811.4190657815375 
-3811.419099129906 
-3811.4191322025204 
-3811.419163688094 
-3811.4192007456654 
-3811.4192368476874 
-3811.4192738465877 
-3811.419311749618 
-3811.41935296996 
-3811.419396640039 
-3811.4194381038433 
-3811.4194862310587 
-3811.4195345502144 
-3811.419581437769 
-3811.4196347388697 
-3811.419687454755 
-3811.4197433271133 
-3811.419804253474 
-3811.4198711483887 
-3811.4199474530665 
-3811.420032060982 
-3811.420090576951 
-3811.4201389144177 
-3811.420174554885 
-3811.42020442835 
-3811.420231122294 
-3811.420253428409 
-3811.4202726590693 
-3811.420290654452 
-3811.420308005903 
-3811.420322624002 
-3811.4203364580876 
-3811.420350791706 
-3811.4203625997534 
-3811.4203738972537 
-3811.420385510755 
-3811.420395706826 
-3811.420405068848 
-3811.4204146435345 
-3811.4204238363877 
-3811.420431741176 
-3811.4204395524234 
-3811.420447347767 
-3811.420453633171 
-3811.420459651584 
-3811.420465563413 
-3811.4204704328467 
-3811.4204748049915 
-3811.4204789559026 
-3811.420482488107 
-3811.4204853130796 
-3811.4204878284027 
-3811.4204900424243 
-3811.4204915759437 
-3811.420492826728 
-3811.420493830762 
-3811.4204944836515 
-3811.4204949620475 
-3811.420495275533 
-3811.4204954798447 
-3811.420495586349 
-3811.420495582775 
-3811.420495525404 
-3811.420495461608 
-3811.4204953378908 
-3811.42049518958 
-3811.4204950667277 
-3811.4204949595273 
-3811.4204948563847 
-3811.420494800903 
-3811.420494767953 
-3811.4204947514436 
-3811.4204947502976 
-3811.420494750305 
-3811.420494750306 
-3811.4204947503104 
-3811.4204947503167 
-3811.420494750299 
-3811.4204947503126 
-3811.420494750308 
-3811.420494750304 
-3811.4204947503054 
-3811.420494750297 
-3811.42049475144 
-3811.4204947679586 
-3811.420494800985 
-3811.420494856775 
-3811.420494960922 
-3811.420495070828 
-3811.4204952001915 
-3811.4204953633152 
-3811.4204955185787 
-3811.4204956293333 
-3811.4204957767874 
-3811.4204959193507 
-3811.420496025179 
-3811.420496150619 
-3811.4204962851286 
-3811.4204964123496 
-3811.420496545494 
-3811.4204966873995 
-3811.420496874254 
-3811.4204970503656 
-3811.4204972333896 
-3811.420497468734 
-3811.4204977250956 
-3811.4204979847086 
-3811.420498252793 
-3811.4204986392347 
-3811.4204989996906 
-3811.420499368657 
-3811.4204998759933 
-3811.42050040726 
-3811.420500964172 
-3811.4205015796792 
-3811.4205023355257 
-3811.4205030846315 
-3811.42050384732 
-3811.42050484925 
-3811.4205057866593 
-3811.420506708923 
-3811.420507851377 
-3811.4205090173423 
-3811.420510189364 
-3811.420511457849 
-3811.420512928337 
-3811.420514391508 
-3811.4205158346413 
-3811.4205176523797 
-3811.4205193851467 
-3811.4205211161648 
-3811.4205232826134 
-3811.4205256182545 
-3811.4205282555326 
-3811.4205317388896 
-3811.4205372204474 
-3811.4205441061413 
-3811.4205524509002 
-3811.420562830833 
-3811.420573220367 
-3811.420584002023 
-3811.420596801891 
-3811.420609547926 
-3811.420621700779 
-3811.4206354083635 
-3811.4206490615884 
-3811.420661943868 
-3811.420675208587 
-3811.420689127902 
-3811.420701506999 
-3811.4207136527707 
-3811.4207269719263 
-3811.4207387159204 
-3811.4207496980057 
-3811.420761416152 
-3811.420772285087 
-3811.4207819055846 
-3811.420791612986 
-3811.4208008923706 
-3811.420808621825 
-3811.420815904919 
-3811.4208231129364 
-3811.4208289109993 
-3811.4208340786377 
-3811.420838967941 
-3811.420843019896 
-3811.4208462681395 
-3811.4208491366503 
-3811.420851528819 
-3811.420853211702 
-3811.4208545473994 
-3811.420855633421 
-3811.4208563208704 
-3811.420856818542 
-3811.420857151924 
-3811.4208573570077 
-3811.4208574717118 
-3811.42085747084 
-3811.4208574127606 
-3811.420857348701 
-3811.4208572235766 
-3811.420857075188 
-3811.4208569519533 
-3811.4208568445806 
-3811.4208567415512 
-3811.420856686108 
-3811.4208566532143 
-3811.42085663673 
-3811.4208566355946 
-3811.420856635611 
-3811.4208566356215 
-3811.420856635628 
-3811.420856635625 
-3811.420856635603 
-3811.420856635633 
-3811.4208566356306 
-3811.420856635616 
-3811.420856635611 
-3811.420856635599 
-3811.420856636739 
-3811.4208566532193 
-3811.4208566861635 
-3811.4208567417904 
-3811.420856845578 
-3811.420856955013 
-3811.4208570838055 
-3811.420857245793 
-3811.4208574000922 
-3811.420857509894 
-3811.4208576566075 
-3811.420857797811 
-3811.420857903745 
-3811.4208580286386 
-3811.42085816277 
-3811.4208582894585 
-3811.4208584236353 
-3811.4208585673414 
-3811.4208587556896 
-3811.4208589363416 
-3811.420859125015 
-3811.420859366393 
-3811.4208596364633 
-3811.420859911752 
-3811.420860214512 
-3811.420860636595 
-3811.420861047053 
-3811.4208614978374 
-3811.420862099742 
-3811.420862764344 
-3811.4208634725724 
-3811.4208642835147 
-3811.420865292166 
-3811.420866319451 
-3811.420867430338 
-3811.420868844979 
-3811.420870236333 
-3811.4208717186907 
-3811.4208734800495 
-3811.420875390222 
-3811.420877307379 
-3811.4208794545593 
-3811.420881998783 
-3811.4208844462155 
-3811.4208870314937 
-3811.4208901774937 
-3811.4208931346648 
-3811.420896206816 
-3811.4208996212215 
-3811.4209030793754 
-3811.4209063989983 
-3811.4209099332475 
-3811.420913726132 
-3811.420917045244 
-3811.4209200679743 
-3811.420923026634 
-3811.4209254568646 
-3811.42092754644 
-3811.420929626565 
-3811.4209314340637 
-3811.4209328925713 
-3811.4209343828447 
-3811.420935756815 
-3811.4209368866077 
-3811.420937951804 
-3811.4209389968264 
-3811.420939829931 
-3811.420940533025 
-3811.4209413456824 
-3811.420941945185 
-3811.420942428616 
-3811.4209429721677 
-3811.420943388807 
-3811.420943700042 
-3811.4209439977376 
-3811.420944265906 
-3811.4209444167363 
-3811.4209445088063 
-3811.4209446554814 
-3811.420944698048 
-3811.4209446771947 
-3811.4209447013914 
-3811.4209446579794 
-3811.420944582951 
-3811.420944483017 
-3811.4209443920377 
-3811.420944275869 
-3811.4209441330727 
-3811.420944022197 
-3811.420943902046 
-3811.4209437834593 
-3811.420943655732 
-3811.4209435317616 
-3811.420943421736 
-3811.4209432760317 
-3811.4209431257655 
-3811.4209430118167 
-3811.4209428547097 
-3811.4209426905786 
-3811.420942559885 
-3811.420942449828 
-3811.420942345568 
-3811.420942289787 
-3811.420942256803 
-3811.4209422403037 
-3811.420942239174 
-3811.420942239182 
-3811.420942239174 
-3811.420942239184 
-3811.420942239188 
-3811.420942239176 
-3811.4209422391864 
-3811.4209422391837 
-3811.420942239176 
-3811.4209422391746 
-3811.4209422391714 
-3811.420942240306 
-3811.420942256799 
-3811.4209422897948 
-3811.420942345609 
-3811.420942449913 
-3811.4209425601 
-3811.4209426911057 
-3811.420942855477 
-3811.420943013709 
-3811.42094312811 
-3811.4209432805887 
-3811.4209434295 
-3811.420943542907 
-3811.4209436734413 
-3811.4209438082935 
-3811.420943938953 
-3811.420944075111 
-3811.4209442069023 
-3811.42094437929 
-3811.420944533655 
-3811.4209446805653 
-3811.420944845495 
-3811.420945005431 
-3811.4209451731144 
-3811.420945278929 
-3811.4209454664533 
-3811.4209456250446 
-3811.42094571736 
-3811.4209458983537 
-3811.420946071326 
-3811.4209462005015 
-3811.420946327498 
-3811.420946512062 
-3811.420946667993 
-3811.4209467253086 
-3811.4209469386424 
-3811.4209471082286 
-3811.4209471391746 
-3811.420947345799 
-3811.4209475293646 
-3811.4209476221304 
-3811.420947765178 
-3811.420947976752 
-3811.4209481213225 
-3811.420948187018 
-3811.420948483022 
-3811.4209486640025 
-3811.420948722671 
-3811.4209490441717 
-3811.4209493009644 
-3811.4209494637826 
-3811.420949795221 
-3811.420950205757 
-3811.4209505768004 
-3811.4209509849247 
-3811.4209516363517 
-3811.420952155311 
-3811.42095262774 
-3811.4209533843077 
-3811.4209540154025 
-3811.4209545586127 
-3811.4209552818056 
-3811.420955947863 
-3811.420956522499 
-3811.420957130449 
-3811.420957791744 
-3811.420958302909 
-3811.4209587479027 
-3811.4209593619535 
-3811.42095978272 
-3811.4209601320554 
-3811.420960572902 
-3811.420960888236 
-3811.4209611230685 
-3811.420961370027 
-3811.420961587042 
-3811.420961703246 
-3811.4209617637575 
-3811.4209618876685 
-3811.4209619088965 
-3811.420961871195 
-3811.4209618821787 
-3811.42096182334 
-3811.4209617368388 
-3811.4209616277303 
-3811.4209615267036 
-3811.420961402706 
-3811.420961253298 
-3811.420961137643 
-3811.420961011629 
-3811.4209608895576 
-3811.4209607589864 
-3811.420960631541 
-3811.4209605194505 
-3811.4209603720733 
-3811.420960220196 
-3811.420960105441 
-3811.4209599476562 
-3811.4209597831577 
-3811.4209596522232 
-3811.4209595420666 
-3811.4209594377708 
-3811.4209593819705 
-3811.420959348984 
-3811.4209593324877 
-3811.420959331344 
-3811.420959331347 
-3811.4209593313553 
-3811.4209593313635 
-3811.4209593313635 
-3811.4209593313503 
-3811.420959331359 
-3811.420959331361 
-3811.420959331354 
-3811.4209593313444 
-3811.420959331341 
-3811.4209593324767 
-3811.4209593489763 
-3811.42095938197 
-3811.420959437781 
-3811.420959542087 
-3811.4209596522587 
-3811.4209597832996 
-3811.420959947706 
-3811.420960105936 
-3811.4209602203487 
-3811.420960372999 
-3811.420960521826 
-3811.4209606356358 
-3811.420960766467 
-3811.4209609013415 
-3811.4209610320695 
-3811.420961169131 
-3811.420961301324 
-3811.4209614741494 
-3811.420961629634 
-3811.420961777186 
-3811.4209619429525 
-3811.420962103559 
-3811.420962272829 
-3811.4209623802735 
-3811.420962569384 
-3811.420962730918 
-3811.420962825885 
-3811.4209630094174 
-3811.4209631860763 
-3811.4209633201453 
-3811.420963449633 
-3811.4209636436713 
-3811.420963806229 
-3811.420963871832 
-3811.420964092319 
-3811.420964276258 
-3811.4209643187164 
-3811.4209645334668 
-3811.420964736834 
-3811.4209648400742 
-3811.4209649908025 
-3811.420965218166 
-3811.420965371115 
-3811.420965438294 
-3811.420965723349 
-3811.4209658922646 
-3811.4209659281137 
-3811.4209661965383 
-3811.420966376406 
-3811.420966437331 
-3811.4209666207544 
-3811.4209668075123 
-3811.4209668893345 
-3811.420966947473 
-3811.4209671406365 
-3811.420967191784 
-3811.4209671406875 
-3811.4209673103533 
-3811.42096732351 
-3811.420967239486 
-3811.4209673244313 
-3811.4209673217792 
-3811.4209672407756 
-3811.4209671957656 
-3811.4209672099046 
-3811.4209671002313 
-3811.4209669711854 
-3811.420967004865 
-3811.4209668810868 
-3811.4209667295618 
-3811.4209667114546 
-3811.420966581025 
-3811.4209664262376 
-3811.420966310331 
-3811.4209661957666 
-3811.4209660310266 
-3811.4209658533823 
-3811.420965759555 
-3811.4209655941036 
-3811.420965406849 
-3811.420965296205 
-3811.420965121539 
-3811.4209649579557 
-3811.4209647854627 
-3811.4209646304917 
-3811.420964468751 
-3811.420964290143 
-3811.420964153224 
-3811.4209640129643 
-3811.4209638783027 
-3811.4209637407503 
-3811.420963608086 
-3811.4209634923636 
-3811.420963341742 
-3811.4209631881386 
-3811.4209630728196 
-3811.4209629141465 
-3811.42096274943 
-3811.420962618116 
-3811.4209625078993 
-3811.420962403541 
-3811.420962347707 
-3811.420962314709 
-3811.420962298218 
-3811.4209622970748 
-3811.420962297076 
-3811.420962297083 
-3811.420962297091 
-3811.4209622971075 
-3811.4209622970798 
-3811.420962297108 
-3811.4209622970952 
-3811.4209622970884 
-3811.4209622970866 
-3811.420962297075 
-3811.420962298211 
-3811.420962314708 
-3811.420962347705 
-3811.4209624035284 
-3811.4209625078915 
-3811.4209626181105 
-3811.420962749445 
-3811.4209629141205 
-3811.4209630728674 
-3811.42096318796 
-3811.420963341597 
-3811.4209634921426 
-3811.420963607536 
-3811.420963739855 
-3811.4209638769094 
-3811.4209640110043 
-3811.420964150931 
-3811.420964286747 
-3811.420964464114 
-3811.4209646246522 
-3811.4209647789676 
-3811.4209649493073 
-3811.420965110688 
-3811.4209652867144 
-3811.420965396222 
-3811.4209655839336 
-3811.420965751096 
-3811.420965845456 
-3811.420966024884 
-3811.4209661912346 
-3811.420966315779 
-3811.4209664361615 
-3811.420966600647 
-3811.420966743802 
-3811.4209667684054 
-3811.4209669423185 
-3811.420967083696 
-3811.420967076211 
-3811.420967227683 
-3811.420967364849 
-3811.420967389285 
-3811.4209674653594 
-3811.4209675935795 
-3811.4209676480123 
-3811.4209676061387 
-3811.4209677538656 
-3811.420967807516 
-3811.4209677203544 
-3811.420967856313 
-3811.420967897424 
-3811.420967832163 
-3811.4209678880934 
-3811.4209679398687 
-3811.4209679031974 
-3811.4209678491043 
-3811.420967940729 
-3811.4209679085902 
-3811.420967783324 
-3811.420967888976 
-3811.4209678462375 
-3811.4209677196964 
-3811.420967768237 
-3811.4209677263457 
-3811.4209676156456 
-3811.4209675466177 
-3811.4209675399065 
-3811.4209674105186 
-3811.4209672660677 
-3811.4209672881625 
-3811.4209671515227 
-3811.420966991651 
-3811.420966967864 
-3811.4209668292074 
-3811.420966667427 
-3811.4209665473427 
-3811.4209664281766 
-3811.4209662608987 
-3811.42096607991 
-3811.4209659841745 
-3811.420965816288 
-3811.420965627068 
-3811.420965515162 
-3811.420965338885 
-3811.4209651744154 
-3811.4209650010125 
-3811.4209648451856 
-3811.4209646827553 
-3811.4209645035817 
-3811.420964366374 
-3811.4209642254036 
-3811.420964090644 
-3811.4209639530163 
-3811.4209638200323 
-3811.4209637041167 
-3811.4209635533607 
-3811.420963399564 
-3811.420963284261 
-3811.420963125539 
-3811.4209629607753 
-3811.420962829446 
-3811.4209627192154 
-3811.4209626148536 
-3811.4209625590233 
-3811.420962526025 
-3811.4209625095336 
-3811.4209625083968 
-3811.420962508404 
-3811.420962508411 
-3811.420962508413 
-3811.420962508408 
-3811.420962508402 
