2 -0.005641951924169067 
3 -0.36002651261321406 
4 0.43545163251373925 
5 -0.0405290624225853 
6 -0.22600143753536708 
7 0.39765222734799505 
8 -0.1594992395593125 
9 -0.15902608775828236 
10 0.3423595169405265 
11 -0.23819811470744093 
12 -0.07071175632322568 
13 0.2972950414480936 
14 -0.28173205818267055 
15 0.021370270710408867 
16 0.24084025952620658 
17 -0.30123133975417005 
18 0.10516367745176687 
19 0.17218289316771704 
20 -0.30009022130222013 
21 0.174918163244709 
22 0.09507098108801833 
23 -0.27884220327644715 
24 0.22784337546872646 
25 0.015021049401505908 
26 -0.23929398312296785 
27 0.26160393465975684 
28 -0.06252129155713301 
29 -0.1845531243104923 
30 0.2748593318775152 
31 -0.13246696418649867 
32 -0.11868883009066158 
33 0.26759210385724935 
34 -0.19024829719447472 
35 -0.04638937249264831 
36 0.24106323268288943 
37 -0.23218523158099738 
38 0.027293136134929476 
39 0.1977070804987682 
40 -0.25575749211729454 
41 0.09723989214981642 
42 0.14094818005846288 
43 -0.25976715384078136 
44 0.15860234936428036 
45 0.0749864462126462 
46 -0.24438683849326742 
47 0.20714316510475908 
48 0.004551313567801412 
49 -0.2111004419447875 
50 0.23954460729241409 
51 -0.06537437210775442 
52 -0.16256262015296064 
53 0.2536476096147256 
54 -0.12985716401043979 
55 -0.10239823299844825 
56 0.24859841894510742 
57 -0.1843292478963271 
58 -0.03495780713401902 
59 0.2248937373196522 
60 -0.22489424277392253 
61 0.034958768271971044 
62 0.18432865777408577 
63 -0.24859878091442242 
64 0.10239916342902264 
65 0.12985642320680607 
66 -0.25364763175754285 
67 0.16256332852086555 
68 0.06537350298864997 
69 -0.23954404701120363 
70 0.21110057422917997 
71 -0.004552137563098588 
72 -0.20714184019128004 
73 0.24438588739603298 
74 -0.07498681974692441 
75 -0.15860028519316186 
76 0.2597646187569398 
77 -0.14094740211897305 
78 -0.09723753594665188 
79 0.25575325145513894 
80 -0.19770444336875762 
81 -0.027291267838332252 
82 0.23217955523015174 
83 -0.2410582996865917 
84 0.046389863888095 
85 0.1902418642838451 
86 -0.26758479688106707 
87 0.11868709108557321 
88 0.13246087295279554 
89 -0.27485021422033634 
90 0.18454875929243278 
91 0.06251667410738798 
92 -0.26159399875102707 
93 0.23928720306162518 
94 -0.01502334545934634 
95 -0.22783383951380248 
96 0.2788337723959632 
97 -0.09507065093958741 
98 -0.17491019481392933 
99 0.3000813067260384 
100 -0.17218030999368503 
101 -0.10515807247463088 
102 0.3012231649039734 
103 -0.24083637644439293 
104 -0.021367198039833498 
105 0.2817254867503653 
106 -0.29729100378892104 
107 0.07071265522272313 
108 0.23819353295153725 
109 -0.34235624780865404 
110 0.15902570572318558 
111 0.15949664350078674 
112 -0.39764968862037403 
113 0.2260007043320194 
114 0.040528703542290906 
115 -0.435450232458387 
116 0.36002586267058034 
117 0.005642132468315894 
