2 0.02001211435350972 
3 -0.013128056069869496 
4 0.011192455240038889 
5 -0.0102601593083412 
6 0.009681689649352211 
7 -0.00929038206066496 
8 0.009006922374539216 
9 -0.00878916406497071 
10 0.008614622998067947 
11 -0.008470179761336894 
12 0.008347669989589619 
13 -0.008241747059240585 
14 0.008148758213210814 
15 -0.00806611469463466 
16 0.007991925635046453 
17 -0.007924774317948342 
18 0.007863573828634129 
19 -0.007807474004925436 
20 0.007755798556411595 
21 -0.0077080011994014675 
22 0.007663634904966478 
23 -0.007622329443025962 
24 0.007583775000163455 
25 -0.007547709705603833 
26 0.0075139104133605155 
27 -0.007482187937674555 
28 0.0074523690457552385 
29 -0.007424319523189466 
30 0.007397909647633694 
31 -0.007373027874519579 
32 0.00734957636578467 
33 -0.007327468426040324 
34 0.007306627158203712 
35 -0.007286983581558158 
36 0.007268476017203764 
37 -0.007251049068159291 
38 0.007234652857445387 
39 -0.007219242420926203 
40 0.007204777153285144 
41 -0.0071912203479152495 
42 0.007178538804154682 
43 -0.007166702456219716 
44 0.007155684105525909 
45 -0.007145459150670262 
46 0.007136005367757284 
47 -0.007127302714594208 
48 0.007119333159937007 
49 -0.007112080535236967 
50 0.007105530406227256 
51 -0.007099669961650858 
52 0.00709448791705925 
53 -0.0070899744322128425 
54 0.00708612104044483 
55 -0.007082920589189019 
56 0.0070803671904079764 
57 -0.007078456180381541 
58 0.007077184088265738 
59 -0.007076548612865281 
60 0.007076548607308801 
61 -0.007077184071451659 
62 0.007078456151903698 
63 -0.007080367149589776 
64 0.007082920535109617 
65 -0.007086120971963663 
66 0.007089974347986821 
67 -0.007094487815629548 
68 0.007099669841504621 
69 -0.007105530265972999 
70 0.007112080373706413 
71 -0.007119332976452131 
72 0.007127302509179361 
73 -0.007136005141250378 
74 0.007145458904659567 
75 -0.007155683841491334 
76 0.007166702173378752 
77 -0.007178538496576111 
78 0.007191220006420748 
79 -0.007204776754643512 
80 0.007219241946818915 
81 -0.007234652296173677 
82 0.007251048406120927 
83 -0.007268475247553735 
84 0.007286982698427971 
85 -0.00730662618989667 
86 0.007327467468610965 
87 -0.007349575466266619 
88 0.007373027370906954 
89 -0.007397909917445865 
90 0.0074243208956813805 
91 -0.00745237104331298 
92 0.007482186283177847 
93 -0.007513910587587496 
94 0.007547709749729953 
95 -0.0075837749873857154 
96 0.007622329383947661 
97 -0.007663634828598186 
98 0.007708001150464958 
99 -0.007755798545346542 
100 0.00780747427953415 
101 -0.007863574209130758 
102 0.00792477433170247 
103 -0.007991925433217072 
104 0.008066114139909427 
105 -0.008148757896041343 
106 0.008241747176677909 
107 -0.008347670064288647 
108 0.008470179952707988 
109 -0.008614623232707034 
110 0.008789164192819124 
111 -0.009006922560457532 
112 0.009290382266042143 
113 -0.009681690698291013 
114 0.010260158073796604 
115 -0.011192455133947957 
116 0.013128056413610732 
117 -0.02001211467033471 
