2 -0.557597711465916 
3 -0.5839254190728176 
4 -0.5986089797040149 
5 -0.6069918221802979 
6 -0.6122848589452448 
7 -0.615866416816283 
8 -0.6184367474242136 
9 -0.6203706700822459 
10 -0.6218797941616913 
11 -0.6230912291171499 
12 -0.6240855184276032 
13 -0.624916195665731 
14 -0.625620317270052 
15 -0.6262244137519155 
16 -0.6267480195035738 
17 -0.6272058571110884 
18 -0.6276092431646857 
19 -0.6279670257326498 
20 -0.6282862235193404 
21 -0.6285724760933324 
22 -0.6288303674500159 
23 -0.6290636616202819 
24 -0.6292754778683068 
25 -0.6294684226631284 
26 -0.6296446903465264 
27 -0.6298061411035062 
28 -0.6299543620368301 
29 -0.630090714801012 
30 -0.630216373981592 
31 -0.6303323576568262 
32 -0.6304395521617772 
33 -0.630538732327953 
34 -0.630630578185992 
35 -0.6307156883906946 
36 -0.6307945920257341 
37 -0.6308677568244176 
38 -0.6309355991029771 
39 -0.6309984889245296 
40 -0.6310567563264597 
41 -0.6311106949025859 
42 -0.6311605693414705 
43 -0.6312066140407386 
44 -0.6312490399666191 
45 -0.631288038028365 
46 -0.6313237732299002 
47 -0.6313563988503086 
48 -0.6313860494142812 
49 -0.6314128437107128 
50 -0.6314368878206701 
51 -0.6314582737997819 
52 -0.6314770865965159 
53 -0.6314933947052594 
54 -0.631507259088434 
55 -0.63151873079029 
56 -0.6315278516110014 
57 -0.6315346545272214 
58 -0.6315391639856065 
59 -0.631541396117546 
60 -0.6315413588837249 
61 -0.6315390521475435 
62 -0.6315344676734915 
63 -0.6315275890578641 
64 -0.6315183915860499 
65 -0.6315068420127965 
66 -0.6314928982695309 
67 -0.6314765090858864 
68 -0.6314576135226324 
69 -0.6314361404084705 
70 -0.6314120076693992 
71 -0.6313851215383927 
72 -0.6313553756349161 
73 -0.63132264989055 
74 -0.6312868092957126 
75 -0.6312477024735224 
76 -0.6312051599846701 
77 -0.6311589925599674 
78 -0.6311089881181773 
79 -0.6310549109695881 
80 -0.6309964959266487 
81 -0.6309334483100081 
82 -0.6308654361419451 
83 -0.6307920881691836 
84 -0.6307129871530652 
85 -0.6306276626990097 
86 -0.6305355835589805 
87 -0.6304361487927503 
88 -0.6303286752529821 
89 -0.6302123844568734 
90 -0.6300863861454937 
91 -0.6299496570581514 
92 -0.6298010169119661 
93 -0.6296390968970461 
94 -0.6294623013359626 
95 -0.6292687593734032 
96 -0.6290562635515666 
97 -0.6288221912155496 
98 -0.6285634025159423 
99 -0.6282761070407993 
100 -0.6279556866218912 
101 -0.6275964565327128 
102 -0.6271913381178674 
103 -0.6267314016593727 
104 -0.626205214638118 
105 -0.6255978878548012 
106 -0.6248896367581633 
107 -0.6240535427499002 
108 -0.6230519203274103 
109 -0.6218301775333315 
110 -0.6203059348291255 
111 -0.6183488484635925 
112 -0.615741894516673 
113 -0.6121009759021463 
114 -0.6067187995343128 
115 -0.5982347845013445 
116 -0.5833665031113279 
117 -0.5588884562453118 
