2 -0.038625780146423795 
3 -0.45006155043474133 
4 0.5599146242882852 
5 -0.24752397659802433 
6 -0.1996736661214126 
7 0.47208720482554534 
8 -0.3779718280716949 
9 0.010886605021289252 
10 0.3400860011386388 
11 -0.4245667065506644 
12 0.18670506666032183 
13 0.1790413412399508 
14 -0.39796880522046046 
15 0.3127157000016387 
16 0.005791590244706803 
17 -0.30872934563284254 
18 0.3743968262521097 
19 -0.15518845333157333 
20 -0.17407818522260643 
21 0.366368243314381 
22 -0.27894410498987443 
23 -0.017406106754340553 
24 0.29443823502482036 
25 -0.3463311897156385 
26 0.13477377305158464 
27 0.17412406479335 
28 -0.34831378439805616 
29 0.2567181628811124 
30 0.02774736908146482 
31 -0.28752279858747803 
32 0.3279537228896034 
33 -0.11887561547234693 
34 -0.17710320737654517 
35 0.33730884133978206 
36 -0.2401576806309707 
37 -0.03786306405649519 
38 0.28500480846707266 
39 -0.3149605895842019 
40 0.10522642493922695 
41 0.18214274719806692 
42 -0.33061496891327125 
43 0.22682023095154222 
44 0.04814482247720722 
45 -0.28542645360309926 
46 0.30530407060502474 
47 -0.0927775212677933 
48 -0.18873921952206135 
49 0.32679782534685525 
50 -0.21547220631948427 
51 -0.058741061407440724 
52 0.28796431775736336 
53 -0.29789068486817033 
54 0.08101013483516613 
55 0.1965736679035828 
56 -0.32506919033134024 
57 0.20547923856769254 
58 0.06969061943472656 
59 -0.2921676337066591 
60 0.29216764024334757 
61 -0.06969063318495775 
62 -0.20547922153316292 
63 0.3250691818981622 
64 -0.19657367491593 
65 -0.08101011519810597 
66 0.2978906634693029 
67 -0.2879643127387675 
68 0.058741075783620186 
69 0.21547217861405465 
70 -0.3267978064081565 
71 0.18873922554298753 
72 0.09277749487089941 
73 -0.3053040430505819 
74 0.28542644833358954 
75 -0.04814484309527156 
76 -0.22682019854945337 
77 0.3306149513705059 
78 -0.1821427583805788 
79 -0.1052263947566481 
80 0.3149605636517931 
81 -0.28500480706581266 
82 0.037863086025096075 
83 0.24015765279575532 
84 -0.33730882741534474 
85 0.17710321457601574 
86 0.11887559564249096 
87 -0.3279537041626875 
88 0.28752278984564 
89 -0.027747371849623555 
90 -0.2567181511398453 
91 0.3483137663146357 
92 -0.1741240480702653 
93 -0.13477377895298254 
94 0.3463311746215488 
95 -0.29443820331393705 
96 0.017406077630749257 
97 0.2789441072598532 
98 -0.3663682095938801 
99 0.17407813787966148 
100 0.1551884787588057 
101 -0.37439680435529343 
102 0.30872928846671144 
103 -0.005791540271235095 
104 -0.31271570755092765 
105 0.39796876063413295 
106 -0.17904128852189582 
107 -0.18670509857988848 
108 0.42456669031712446 
109 -0.340085963721669 
110 -0.010886631707233634 
111 0.3779718286238173 
112 -0.47208718625614643 
113 0.19967365342766813 
114 0.24752397752129096 
115 -0.559914616015416 
116 0.4500615479831358 
117 0.038625778558313284 
