2 -0.21847966806647112 
3 -0.21693614086593474 
4 -0.21800912364778602 
5 -0.21807335575609227 
6 -0.21804539293618472 
7 -0.21803897892325289 
8 -0.21803833423165606 
9 -0.2180388614745569 
10 -0.21803903048283224 
11 -0.21803899192610793 
12 -0.21803896870741205 
13 -0.21803897019359855 
14 -0.21803897320929455 
15 -0.21803897343070408 
16 -0.21803897316061754 
17 -0.21803897441642947 
18 -0.21803896379858742 
19 -0.21803897069378875 
20 -0.21803897278588924 
21 -0.2180389725531728 
22 -0.21803897018823407 
23 -0.21803898265643246 
24 -0.21803897984056814 
25 -0.218038973840909 
26 -0.21803897335550085 
27 -0.21803897313479925 
28 -0.21803897309136147 
29 -0.21803897308516926 
30 -0.21803897309920872 
31 -0.21803897315410795 
32 -0.218038973193999 
33 -0.2180389731140875 
34 -0.21803897311495624 
35 -0.21803897315102383 
36 -0.2180389730472243 
37 -0.21803897305358513 
38 -0.21803897307752815 
39 -0.2180389730856258 
40 -0.21803897308623685 
41 -0.218038973088128 
42 -0.2180389731148002 
43 -0.21803897306302839 
44 -0.21803897307557846 
45 -0.2180389730616591 
46 -0.21803897307752174 
47 -0.2180389730840059 
48 -0.21803897308395168 
49 -0.2180389730841976 
50 -0.21803897308421977 
51 -0.21803897308449105 
52 -0.21803897308440992 
53 -0.2180389730839988 
54 -0.21803897308583306 
55 -0.21803897308597966 
56 -0.21803897308218423 
57 -0.21803897306984468 
58 -0.2180389730986116 
59 -0.2180389731484656 
60 -0.21803897278542098 
61 -0.2180389727164494 
62 -0.21803897130618735 
63 -0.21803896846342863 
64 -0.21803898049607304 
65 -0.21803897842148615 
66 -0.21803897387240964 
67 -0.21803897320242657 
68 -0.2180389731182647 
69 -0.21803897309095713 
70 -0.2180389731003103 
71 -0.21803897313939194 
72 -0.21803897310915257 
73 -0.21803897257374566 
74 -0.21803897401906655 
75 -0.21803897294064487 
76 -0.21803897309009085 
77 -0.2180389731056202 
78 -0.21803897305070458 
79 -0.21803897273839207 
80 -0.2180389726732583 
81 -0.2180389727417887 
82 -0.21803897304843647 
83 -0.21803897308519873 
84 -0.21803897308309883 
85 -0.21803897308238607 
86 -0.2180389730844986 
87 -0.21803897308493786 
88 -0.2180389730872777 
89 -0.2180389730859508 
90 -0.2180389730781122 
91 -0.21803897311324655 
92 -0.21803897316931412 
93 -0.21803897325909 
94 -0.21803897308764342 
95 -0.21803897295032645 
96 -0.21803897319126483 
97 -0.2180389731357506 
98 -0.21803897313200593 
99 -0.21803897288143625 
100 -0.2180389730850772 
101 -0.21803897290997012 
102 -0.21803897296424274 
103 -0.21803897301323008 
104 -0.218038973778969 
105 -0.218038974471759 
106 -0.21803896874137818 
107 -0.2180389586796677 
108 -0.21803897975970013 
109 -0.21803910752782066 
110 -0.21803913767459654 
111 -0.21803819344832798 
112 -0.2180347732838354 
113 -0.21804273601975233 
114 -0.21812424474855444 
115 -0.21788739548686117 
116 -0.21693040038080746 
117 -0.2272353707777138 
