-5933.2133284220945 
-5934.312876381159 
-5935.2610393833365 
-5935.3867729717 
-5936.222820090618 
-5937.379801888468 
-5937.583854693831 
-5937.95448248417 
-5938.8921359079495 
-5939.243865589613 
-5939.475667194969 
-5940.422203711065 
-5941.058539938499 
-5941.194498179566 
-5941.989561959157 
-5942.7111886226385 
-5942.867083526161 
-5943.397959333435 
-5944.314480182706 
-5944.560261837176 
-5944.936751771095 
-5945.75904195122 
-5946.234277676666 
-5946.388999010826 
-5947.176304161182 
-5947.77553287631 
-5947.90424015564 
-5948.522292027563 
-5949.356919918258 
-5949.546779102319 
-5950.0355396626655 
-5950.7872200883285 
-5951.172406381778 
-5951.349507526776 
-5952.131671871979 
-5952.662663633727 
-5952.783128426492 
-5953.448665826846 
-5954.207741565141 
-5954.364214976382 
-5954.9529172960865 
-5955.6526869237805 
-5955.980623904937 
-5956.188959950327 
-5956.98802848075 
-5957.471815766533 
-5957.59113163941 
-5958.34443176195 
-5959.028395517849 
-5959.192626208216 
-5959.712981573602 
-5960.6343474250725 
-5961.123308578201 
-5961.38619726596 
-5962.67608185665 
-5963.702965928539 
-5964.06253155648 
-5964.062531556502 
-5964.062531556448 
-5964.062531556478 
-5964.062531556485 
-5964.07247093468 
-5964.094922194256 
-5964.113980471838 
-5964.127592376306 
-5964.1572955217525 
-5964.1927860650385 
-5964.214965119828 
-5964.245185595362 
-5964.284497734838 
-5964.31544402176 
-5964.341897149726 
-5964.382612243228 
-5964.413737342714 
-5964.43951891935 
-5964.479480439221 
-5964.519392911335 
-5964.548712858807 
-5964.587709004786 
-5964.633746208193 
-5964.669182758713 
-5964.703932242584 
-5964.7568448688235 
-5964.791062240922 
-5964.82159275212 
-5964.874324610255 
-5964.919561745049 
-5964.953123191447 
-5965.004312806077 
-5965.055515175656 
-5965.099508125666 
-5965.140993297999 
-5965.204339738381 
-5965.243308968638 
-5965.277815163337 
-5965.3487181313 
-5965.400907303133 
-5965.43959675749 
-5965.510856539511 
-5965.570613822027 
-5965.629730869413 
-5965.682573543887 
-5965.758205578733 
-5965.807170238524 
-5965.846253907247 
-5965.9491854856 
-5966.013124713741 
-5966.05689251577 
-5966.153268622749 
-5966.223354760772 
-5966.292702216648 
-5966.357154073624 
-5966.446331313771 
-5966.508358329182 
-5966.550819067174 
-5966.550819067176 
-5966.966443630038 
-5967.796216616042 
-5968.253104106706 
-5968.417223411821 
-5969.207668875081 
-5969.878790158589 
-5969.994340752893 
-5970.638282811611 
-5971.313708896071 
-5971.498132180569 
-5971.980661353927 
-5972.732108004138 
-5973.115270293313 
-5973.2896776112075 
-5974.045246666782 
-5974.579858860434 
-5974.701239929484 
-5975.404129827101 
-5976.144565650276 
-5976.302643743313 
-5976.863663256596 
-5977.575296040778 
-5977.90836427198 
-5978.100086642132 
-5978.866209320877 
-5979.359398634822 
-5979.477662930172 
-5980.207891764975 
-5980.933919518315 
-5981.075247863948 
-5981.6938344944865 
-5982.381476532625 
-5982.682623702488 
-5982.888760569739 
-5983.660859436642 
-5984.1283946112 
-5984.247324015948 
-5984.985283507713 
-5985.680079412396 
-5985.809713218269 
-5986.488794815806 
-5987.14981870894 
-5987.4279270488005 
-5987.658922032162 
-5988.447721212277 
-5988.893970086994 
-5989.015950773045 
-5989.816627727102 
-5990.4637830495585 
-5990.612042329377 
-5991.178925905575 
-5992.071310509056 
-5992.516197114114 
-5992.795315232531 
-5994.068137248239 
-5995.076609262244 
-5995.438521626794 
-5995.4385216267965 
-5995.438521626788 
-5995.438521626797 
-5995.4385216267965 
-5995.448569030451 
-5995.471018124249 
-5995.489776790936 
-5995.503375556677 
-5995.531889628802 
-5995.567215180342 
-5995.589458078259 
-5995.617218299164 
-5995.655981250989 
-5995.684904625978 
-5995.710558123195 
-5995.7489871347825 
-5995.780000552804 
-5995.805247886216 
-5995.8403982293485 
-5995.8797868426245 
-5995.907877283811 
-5995.940488038868 
-5995.984804862103 
-5996.015641784087 
-5996.048623645193 
-5996.096639326576 
-5996.129960027305 
-5996.159248134929 
-5996.200905427356 
-5996.24386427209 
-5996.274765782743 
-5996.312008486739 
-5996.357923104551 
-5996.391592495972 
-5996.427784762598 
-5996.480717535003 
-5996.515287804273 
-5996.546675900979 
-5996.593591113246 
-5996.638754188524 
-5996.671683597635 
-5996.714472941699 
-5996.760178978809 
-5996.797109624116 
-5996.83554669545 
-5996.893166490159 
-5996.928693783861 
-5996.961615270898 
-5997.017671322228 
-5997.065948149083 
-5997.10219830613 
-5997.155232583677 
-5997.2050427154645 
-5997.24491318293 
-5997.281045218073 
-5997.3574761041 
-5997.3993433075175 
-5997.440797206775 
-5997.550960364995 
-5997.629076041351 
-5997.755711862374 
-5997.771171037566 
-5997.787041140203 
-5997.803860224998 
-5997.812884179735 
-5997.824917141841 
-5997.837157204207 
-5997.84633715989 
-5997.857461238985 
-5997.868516069136 
-5997.876662505439 
-5997.88777049271 
-5997.897217278561 
-5997.905872162149 
-5997.913301570323 
-5997.922325097468 
-5997.932431471421 
-5997.939794710826 
-5997.950712379592 
-5997.96240801629 
-5997.970016976137 
-5997.980907353505 
-5997.991499278633 
-5997.99959218806 
-5998.008252290808 
-5998.017945716696 
-5998.027496520028 
-5998.034797895331 
-5998.046418541233 
-5998.058376142288 
-5998.065879673687 
-5998.077050138706 
-5998.088189271365 
-5998.095620249248 
-5998.1048035496615 
-5998.114450736023 
-5998.122875060914 
-5998.1302688278065 
-5998.141273483352 
-5998.151631764872 
-5998.158746039593 
-5998.168443155188 
-5998.177803262251 
-5998.183952548046 
-5998.192532471849 
-5998.200881002037 
-5998.207210968518 
-5998.214156900561 
-5998.2237875361325 
-5998.231411833228 
-5998.2377930456905 
-5998.242233301795 
-5998.245778998962 
-5998.247152013562 
-5998.247152013572 
-5998.247152013565 
-5998.247152013593 
-5998.247152013554 
-5998.247152013589 
-5998.247152013577 
-5998.247152013564 
-5998.247152013558 
-5998.2471635463935 
-5998.247210938668 
-5998.247290346719 
-5998.247431307247 
-5998.247714235214 
-5998.248187776232 
-5998.248724616794 
-5998.249278639092 
-5998.250020948618 
-5998.250874343296 
-5998.251638569475 
-5998.252517731414 
-5998.253698223364 
-5998.254757083874 
-5998.25596284678 
-5998.257561298545 
-5998.258961637503 
-5998.260285566186 
-5998.261842625999 
-5998.2634000793705 
-5998.264785904074 
-5998.2662690004345 
-5998.268070350178 
-5998.269584909545 
-5998.271283670637 
-5998.273427154468 
-5998.275196339287 
-5998.276952831258 
-5998.278902406026 
-5998.28079166308 
-5998.282452832576 
-5998.284231341425 
-5998.286252430465 
-5998.287965183551 
-5998.289847549464 
-5998.292217965923 
-5998.294092904943 
-5998.296128551316 
-5998.298315938274 
-5998.300228896032 
-5998.301963078684 
-5998.303736255508 
-5998.305649395342 
-5998.307385214571 
-5998.309182690013 
-5998.3110693338 
-5998.312762736309 
-5998.314331617101 
-5998.315737359134 
-5998.316758649625 
-5998.317515823679 
-5998.318100031634 
-5998.318100031637 
-5998.326988285367 
-5998.334412684262 
-5998.345807888107 
-5998.357514997131 
-5998.366123077911 
-5998.375742430606 
-5998.388504509662 
-5998.39864032994 
-5998.407446683879 
-5998.420534976042 
-5998.434149719131 
-5998.442249743044 
-5998.4555420283905 
-5998.469024891894 
-5998.477454630544 
-5998.488258130503 
-5998.500678813898 
-5998.510972689677 
-5998.519533928225 
-5998.534203067521 
-5998.5479372646905 
-5998.556381445118 
-5998.570182710032 
-5998.584147294256 
-5998.5923026763685 
-5998.6038841037725 
-5998.616630106602 
-5998.626456005246 
-5998.634723078003 
-5998.6491978813265 
-5998.661827564037 
-5998.670128862247 
-5998.682897351309 
-5998.695527137819 
-5998.702887989165 
-5998.713890149426 
-5998.7251228392715 
-5998.733468528602 
-5998.741399302218 
-5998.753807494994 
-5998.76415480139 
-5998.771852486315 
-5998.782114443268 
-5998.79173840888 
-5998.797891178397 
-5998.807411104508 
-5998.816551785222 
-5998.822845600305 
-5998.830132971916 
-5998.840634646129 
-5998.848196594616 
-5998.854696608768 
-5998.859335947025 
-5998.862906160023 
-5998.864261828972 
-5998.864261828986 
-5998.864261829009 
-5998.864261829013 
-5998.864261828981 
-5998.864261829021 
-5998.864261829004 
-5998.86426182898 
-5998.864261828976 
-5998.86427321588 
-5998.864319950785 
-5998.864397331357 
-5998.864534452044 
-5998.864795384351 
-5998.865242847569 
-5998.865763366659 
-5998.866283836414 
-5998.866970124561 
-5998.867810282804 
-5998.868509300124 
-5998.869303878605 
-5998.870410924433 
-5998.871377080052 
-5998.872446690693 
-5998.873932256507 
-5998.875322421703 
-5998.8765064169975 
-5998.877905005711 
-5998.879472950363 
-5998.880719377616 
-5998.882062915925 
-5998.883890236804 
-5998.885283001459 
-5998.886848219453 
-5998.889048923735 
-5998.890861634649 
-5998.892423814021 
-5998.894314938159 
-5998.89634734014 
-5998.897874361047 
-5998.8996617534085 
-5998.902077195808 
-5998.90373440545 
-5998.905743966095 
-5998.908585776134 
-5998.910767353059 
-5998.912736545741 
-5998.915123033218 
-5998.9175502654725 
-5998.919379980672 
-5998.92159852753 
-5998.92451646625 
-5998.926434105713 
-5998.928903423871 
-5998.9323163966765 
-5998.934802597178 
-5998.93740583642 
-5998.940453542156 
-5998.9435309494465 
-5998.946108048351 
-5998.949271622135 
-5998.953398414949 
-5998.956800834564 
-5998.964971402541 
-5998.966016340294 
-5998.966955000349 
-5998.967692577445 
-5998.968263216682 
-5998.968774864995 
-5998.969309873198 
-5998.969766070462 
-5998.970200385144 
-5998.970674967362 
-5998.9711226770605 
-5998.971508045516 
-5998.9719886953435 
-5998.972387780685 
-5998.972754435174 
-5998.973173865416 
-5998.973597042828 
-5998.973961182197 
-5998.974394607995 
-5998.974825713455 
-5998.975201162464 
-5998.9755626648075 
-5998.975995308613 
-5998.976372838589 
-5998.976705703249 
-5998.977128924948 
-5998.977490643594 
-5998.977812791671 
-5998.978210097687 
-5998.978584230393 
-5998.978912978358 
-5998.979237664563 
-5998.979603896119 
-5998.979909066194 
-5998.980171428052 
-5998.980536353273 
-5998.980806120456 
-5998.981031319022 
-5998.9813075491575 
-5998.981546215558 
-5998.981737857357 
-5998.981927469396 
-5998.982096848458 
-5998.982221851338 
-5998.982314563952 
-5998.982394630806 
-5998.982443818927 
-5998.982477615996 
-5998.98249552952 
-5998.982502802817 
-5998.98250515352 
-5998.9825056466725 
-5998.982505640978 
-5998.982505640993 
-5998.982505641005 
-5998.982505641019 
-5998.982505641041 
-5998.982505641009 
-5998.982505641035 
-5998.982505641014 
-5998.982505641003 
-5998.9825056409945 
-5998.982505640979 
-5998.982505646664 
-5998.982505699288 
-5998.982505795342 
-5998.9825059643 
-5998.9825062596265 
-5998.982506626426 
-5998.982507145896 
-5998.982507952613 
-5998.98250901187 
-5998.98251042009 
-5998.982512647921 
-5998.982515773945 
-5998.982519501484 
-5998.982524393445 
-5998.98253114871 
-5998.9825387475175 
-5998.982547325525 
-5998.982559463996 
-5998.9825727088855 
-5998.982587756172 
-5998.982604979138 
-5998.982625000106 
-5998.982647520996 
-5998.9826706248905 
-5998.982697137528 
-5998.982725096148 
-5998.982752017243 
-5998.982784142472 
-5998.982816606776 
-5998.98284896968 
-5998.982884602399 
-5998.982920415601 
-5998.982957225855 
-5998.982994474984 
-5998.983034541191 
-5998.983075749604 
-5998.983114105965 
-5998.983154625131 
-5998.983193658521 
-5998.983230162543 
-5998.983269858059 
-5998.983306896464 
-5998.983342377484 
-5998.983377245564 
-5998.98341129231 
-5998.9834440846125 
-5998.983471105486 
-5998.983496389109 
-5998.983519035801 
-5998.983536302625 
-5998.983552645679 
-5998.98356051134 
-5998.983778558644 
-5998.9840355183605 
-5998.984324555635 
-5998.984680384997 
-5998.9850035049885 
-5998.98530674618 
-5998.985688660587 
-5998.986026250251 
-5998.986343432409 
-5998.986699983791 
-5998.987053495226 
-5998.987372882208 
-5998.987677420624 
-5998.9880127910355 
-5998.988309056618 
-5998.988579186694 
-5998.988926771647 
-5998.989212440379 
-5998.989479060726 
-5998.989804720944 
-5998.9901148174085 
-5998.990394663892 
-5998.990678113808 
-5998.99097838204 
-5998.991239100085 
-5998.991479505644 
-5998.991793663787 
-5998.99203985086 
-5998.992267638735 
-5998.992555428676 
-5998.992825121524 
-5998.993063642499 
-5998.9933139910945 
-5998.993567109113 
-5998.993781405567 
-5998.993978464805 
-5998.994234717418 
-5998.994424356329 
-5998.994592307001 
-5998.994793347954 
-5998.994968876887 
-5998.995108270861 
-5998.995249745255 
-5998.9953686753115 
-5998.9954629961485 
-5998.995532521122 
-5998.995594343443 
-5998.995632600546 
-5998.9956593574425 
-5998.995674441448 
-5998.995680790323 
-5998.995682896354 
-5998.995683361371 
-5998.995683355711 
-5998.995683355742 
-5998.99568335576 
-5998.995683355791 
-5998.99568335582 
-5998.995683355711 
-5998.995683355824 
-5998.995683355791 
-5998.995683355754 
-5998.995683355738 
-5998.995683355708 
-5998.995683361378 
-5998.9956834138775 
-5998.995683510114 
-5998.995683678564 
-5998.995683972925 
-5998.9956843342825 
-5998.99568484365 
-5998.995685621038 
-5998.995686614494 
-5998.995687882884 
-5998.995689845968 
-5998.995692570218 
-5998.995695635044 
-5998.995699707877 
-5998.995705361792 
-5998.995711488603 
-5998.995718376143 
-5998.995727919224 
-5998.995738378474 
-5998.995749951673 
-5998.995762983845 
-5998.995778931907 
-5998.995796485647 
-5998.995814628556 
-5998.995836823086 
-5998.995858375717 
-5998.995879662544 
-5998.995905937497 
-5998.995932322055 
-5998.995958457126 
-5998.99598630041 
-5998.996017012014 
-5998.996049327242 
-5998.996080612719 
-5998.996116685236 
-5998.996151882586 
-5998.996185011457 
-5998.99622504282 
-5998.996263561488 
-5998.996301406537 
-5998.996341316185 
-5998.996382718442 
-5998.9964252477375 
-5998.996467515745 
-5998.996514162197 
-5998.996561249019 
-5998.996606940894 
-5998.9966595924925 
-5998.996710502568 
-5998.996762261001 
-5998.996820166373 
-5998.996880750017 
-5998.996945546645 
-5998.997017538374 
-5998.997064324783 
-5998.9971001399435 
-5998.997125807823 
-5998.997146754602 
-5998.997164911407 
-5998.997179828636 
-5998.997192636618 
-5998.997204744498 
-5998.997216087028 
-5998.997225843154 
-5998.997235069398 
-5998.997244654212 
-5998.997252747666 
-5998.997260632962 
-5998.997268788513 
-5998.99727612172 
-5998.997283097357 
-5998.997290443068 
-5998.997297430725 
-5998.997303648645 
-5998.997309950813 
-5998.997316287479 
-5998.997321679988 
-5998.997326939037 
-5998.997332243765 
-5998.997336821804 
-5998.997341016747 
-5998.997345043186 
-5998.997348699667 
-5998.997351788233 
-5998.997354689553 
-5998.997357305555 
-5998.997359257694 
-5998.997360880599 
-5998.99736224548 
-5998.99736322625 
-5998.997363985887 
-5998.997364489466 
-5998.99736483545 
-5998.997365065 
-5998.997365076764 
-5998.997364937769 
-5998.997364842085 
-5998.997364593769 
-5998.997364256753 
-5998.997363966949 
-5998.997363717151 
-5998.997363456209 
-5998.997363292373 
-5998.99736319832 
-5998.997363144783 
-5998.997363138974 
-5998.997363139003 
-5998.997363139012 
-5998.99736313902 
-5998.997363139026 
-5998.997363138984 
-5998.997363139028 
-5998.997363139022 
-5998.997363139013 
-5998.997363139 
-5998.997363138974 
-5998.997363144782 
-5998.997363198347 
-5998.997363292603 
-5998.997363457203 
-5998.997363720607 
-5998.997363976942 
-5998.997364283328 
-5998.997364656447 
-5998.997364978385 
-5998.997365180979 
-5998.997365508065 
-5998.997365768044 
-5998.997365929499 
-5998.997366147594 
-5998.997366394194 
-5998.997366573564 
-5998.997366773466 
-5998.997367025119 
-5998.997367309845 
-5998.997367575539 
-5998.997367850677 
-5998.997368225491 
-5998.997368591112 
-5998.997368942716 
-5998.997369373713 
-5998.997369882738 
-5998.99737030974 
-5998.997370852026 
-5998.997371494552 
-5998.997372106737 
-5998.997372751114 
-5998.997373479905 
-5998.997374307226 
-5998.997375055231 
-5998.997375833383 
-5998.997376847218 
-5998.997377669875 
-5998.997378526686 
-5998.997379571691 
-5998.997380507253 
-5998.99738148555 
-5998.99738253939 
-5998.997383624403 
-5998.997384673701 
-5998.997385711654 
-5998.997387005852 
-5998.99738811903 
-5998.997389205138 
-5998.997390641285 
-5998.997392007468 
-5998.9973936292145 
-5998.997395802512 
-5998.997399239699 
-5998.997403596127 
-5998.997408826347 
-5998.997415264649 
-5998.997421459204 
-5998.99742804162 
-5998.997435620414 
-5998.997442709199 
-5998.997449669047 
-5998.997457269366 
-5998.997464649218 
-5998.997471639043 
-5998.997478696811 
-5998.997486097757 
-5998.997492754347 
-5998.9974993766 
-5998.997506669981 
-5998.997513124984 
-5998.99751927153 
-5998.9975259349985 
-5998.997531977707 
-5998.997537579643 
-5998.99754339966 
-5998.99754898543 
-5998.99755386387 
-5998.997558589432 
-5998.997563372853 
-5998.997567498642 
-5998.997571201563 
-5998.997574878635 
-5998.997578042907 
-5998.997580805859 
-5998.9975833812905 
-5998.997585591309 
-5998.997587263934 
-5998.997588638446 
-5998.997589784316 
-5998.9975906042055 
-5998.997591229216 
-5998.997591639254 
-5998.99759190424 
-5998.99759208514 
-5998.997592061199 
-5998.997591894237 
-5998.997591782603 
-5998.997591523135 
-5998.997591180384 
-5998.997590887966 
-5998.997590636863 
-5998.997590375667 
-5998.997590211748 
-5998.997590117724 
-5998.997590064201 
-5998.997590058397 
-5998.997590058411 
-5998.997590058414 
-5998.997590058427 
-5998.997590058427 
-5998.997590058402 
-5998.99759005842 
-5998.997590058427 
-5998.997590058426 
-5998.99759005842 
-5998.997590058412 
-5998.997590064212 
-5998.9975901177395 
-5998.9975902119195 
-5998.997590376366 
-5998.997590639494 
-5998.997590895498 
-5998.997591201331 
-5998.997591573818 
-5998.997591894799 
-5998.99759209659 
-5998.9975924232895 
-5998.997592682237 
-5998.997592843743 
-5998.997593060002 
-5998.997593303874 
-5998.997593481658 
-5998.997593678345 
-5998.997593924988 
-5998.99759420498 
-5998.997594462631 
-5998.99759472829 
-5998.997595089193 
-5998.997595443878 
-5998.997595773109 
-5998.997596193436 
-5998.997596682935 
-5998.997597093368 
-5998.997597629199 
-5998.997598253827 
-5998.997598860308 
-5998.997599496893 
-5998.997600234226 
-5998.997601082505 
-5998.997601832331 
-5998.997602643113 
-5998.997603688349 
-5998.997604561845 
-5998.997605527133 
-5998.997606684229 
-5998.9976077617175 
-5998.9976088696 
-5998.997610098438 
-5998.997611436915 
-5998.9976126325055 
-5998.997613904724 
-5998.997615497043 
-5998.997616831947 
-5998.9976181322245 
-5998.9976197676 
-5998.997621261706 
-5998.997622722438 
-5998.9976243089 
-5998.997625896295 
-5998.99762723357 
-5998.99762846208 
-5998.997629655852 
-5998.997630525121 
-5998.997631173215 
-5998.997632017547 
-5998.99763262423 
-5998.997633001681 
-5998.9976335348 
-5998.997633991995 
-5998.997634326617 
-5998.997634655599 
-5998.997634993275 
-5998.99763525682 
-5998.997635431896 
-5998.997635735393 
-5998.997635969635 
-5998.99763602417 
-5998.997636230915 
-5998.997636366551 
-5998.9976364043105 
-5998.9976364791055 
-5998.997636538424 
-5998.997636537847 
-5998.997636482567 
-5998.997636461035 
-5998.99763644158 
-5998.99763630867 
-5998.997636209062 
-5998.997636114806 
-5998.997635956862 
-5998.997635757081 
-5998.997635599208 
-5998.997635416646 
-5998.997635196587 
-5998.997634984025 
-5998.99763479894 
-5998.997634631746 
-5998.997634392822 
-5998.997634173088 
-5998.997634001592 
-5998.99763373332 
-5998.997633396131 
-5998.99763318517 
-5998.997632857553 
-5998.99763247884 
-5998.997632168677 
-5998.997631911089 
-5998.997631646906 
-5998.997631482044 
-5998.997631387752 
-5998.997631334192 
-5998.997631328384 
-5998.997631328393 
-5998.997631328391 
-5998.9976313283805 
-5998.997631328384 
-5998.997631328378 
-5998.997631328392 
-5998.997631328378 
-5998.997631328383 
-5998.997631328389 
-5998.997631328386 
-5998.997631334206 
-5998.997631387761 
-5998.997631482055 
-5998.997631646943 
-5998.997631911135 
-5998.997632168781 
-5998.9976324790305 
-5998.997632857406 
-5998.997633185552 
-5998.997633394759 
-5998.997633733011 
-5998.997634001466 
-5998.997634173023 
-5998.997634396015 
-5998.997634635853 
-5998.997634812224 
-5998.997635006859 
-5998.997635231286 
-5998.9976354728815 
-5998.997635682204 
-5998.997635880581 
-5998.997636126717 
-5998.997636346705 
-5998.9976365200355 
-5998.997636707583 
-5998.997636946376 
-5998.997637094959 
-5998.997637250836 
-5998.997637471465 
-5998.997637655744 
-5998.997637816929 
-5998.997637954189 
-5998.997638164237 
-5998.9976382993445 
-5998.99763836646 
-5998.997638624277 
-5998.997638716525 
-5998.997638750593 
-5998.997638952525 
-5998.997639083253 
-5998.997639180678 
-5998.997639292266 
-5998.997639449887 
-5998.997639522312 
-5998.997639538947 
-5998.997639797296 
-5998.997639870193 
-5998.997639806433 
-5998.997640044386 
-5998.997640136106 
-5998.997640182632 
-5998.997640352977 
-5998.99764053296 
-5998.997640683099 
-5998.997640852581 
-5998.997641163894 
-5998.997641378093 
-5998.997641494057 
-5998.997641912138 
-5998.997642161442 
-5998.99764226118 
-5998.997642587738 
-5998.997642839716 
-5998.997643024989 
-5998.997643228627 
-5998.997643464092 
-5998.997643641582 
-5998.997643742575 
-5998.9976439861075 
-5998.997644159009 
-5998.997644166915 
-5998.997644341975 
-5998.997644428732 
-5998.997644433624 
-5998.997644479788 
-5998.997644505513 
-5998.997644486558 
-5998.997644416301 
-5998.997644375221 
-5998.997644336648 
-5998.99764418762 
-5998.997644076709 
-5998.997643965359 
-5998.99764379683 
-5998.9976435898425 
-5998.997643421994 
-5998.997643233446 
-5998.9976430067445 
-5998.997642791684 
-5998.997642603038 
-5998.997642431675 
-5998.997642191278 
-5998.99764196932 
-5998.997641796645 
-5998.997641527284 
-5998.99764118899 
-5998.997640977804 
-5998.997640649738 
-5998.997640270923 
-5998.997639960722 
-5998.997639703099 
-5998.99763943892 
-5998.997639274064 
-5998.997639179785 
-5998.997639126249 
-5998.997639120451 
-5998.997639120453 
-5998.99763912045 
-5998.997639120453 
-5998.997639120453 
-5998.997639120431 
-5998.997639120456 
-5998.997639120449 
-5998.9976391204455 
-5998.997639120444 
-5998.9976391204345 
-5998.997639126245 
-5998.997639179788 
-5998.997639274079 
-5998.997639438931 
-5998.997639703098 
-5998.997639960669 
-5998.997640270825 
-5998.997640649142 
-5998.99764097713 
-5998.997641186145 
-5998.9976415243555 
-5998.997641792641 
-5998.997641964212 
-5998.997642187 
-5998.997642426457 
-5998.997642603792 
-5998.997642798097 
-5998.997643021707 
-5998.9976432641 
-5998.997643473848 
-5998.997643672941 
-5998.997643917926 
-5998.99764413811 
-5998.997644312169 
-5998.997644499493 
-5998.997644737325 
-5998.997644887709 
-5998.997645045828 
-5998.9976452672945 
-5998.997645452016 
-5998.9976456136255 
-5998.997645749658 
-5998.997645961835 
-5998.997646098978 
-5998.997646164059 
-5998.997646422239 
-5998.9976465183 
-5998.9976465558475 
-5998.997646759377 
-5998.997646898365 
-5998.997646998112 
-5998.9976471099835 
-5998.997647281761 
-5998.997647356496 
-5998.997647371325 
-5998.997647641343 
-5998.997647721456 
-5998.997647654178 
-5998.997647879681 
-5998.997647965758 
-5998.99764796875 
-5998.997648073787 
-5998.997648193824 
-5998.997648197879 
-5998.997648202366 
-5998.997648325726 
-5998.997648337458 
-5998.9976482059365 
-5998.997648370517 
-5998.997648372689 
-5998.997648198959 
-5998.997648242559 
-5998.997648230786 
-5998.9976481146405 
-5998.9976480595415 
-5998.997648006597 
-5998.997647900636 
-5998.997647736186 
-5998.997647739493 
-5998.997647659267 
-5998.997647426973 
-5998.9976473824645 
-5998.997647258107 
-5998.9976470618485 
-5998.9976469372 
-5998.997646775165 
-5998.997646589758 
-5998.997646368441 
-5998.99764621365 
-5998.99764605618 
-5998.997645810487 
-5998.997645618123 
-5998.99764543307 
-5998.997645205031 
-5998.997644951167 
-5998.9976447414065 
-5998.9976445237435 
-5998.997644274749 
-5998.997644043098 
-5998.9976438419335 
-5998.997643660018 
-5998.99764341641 
-5998.997643191663 
-5998.997643016615 
-5998.997642745762 
-5998.997642405903 
-5998.9976421955125 
-5998.99764186682 
-5998.997641487785 
-5998.9976411772905 
-5998.997640919629 
-5998.997640655414 
-5998.997640490554 
-5998.997640396271 
-5998.997640342724 
-5998.997640336916 
-5998.997640336915 
-5998.997640336916 
-5998.997640336905 
-5998.997640336918 
-5998.997640336904 
-5998.997640336915 
-5998.997640336912 
-5998.997640336923 
-5998.997640336921 
-5998.997640336911 
-5998.997640342724 
-5998.997640396274 
-5998.9976404905565 
-5998.99764065543 
-5998.997640919645 
-5998.99764117733 
-5998.997641487831 
-5998.997641866781 
-5998.997642195685 
-5998.997642405517 
-5998.997642745517 
-5998.99764301599 
-5998.997643190459 
-5998.997643414854 
-5998.997643657113 
-5998.997643838745 
-5998.997644038876 
-5998.997644268093 
-5998.9976445158145 
-5998.997644731257 
-5998.997644939278 
-5998.997645189838 
-5998.997645415677 
-5998.997645600232 
-5998.9976457887615 
-5998.997646030824 
-5998.997646188144 
-5998.997646342531 
-5998.997646560605 
-5998.997646743581 
-5998.997646906017 
-5998.997647028275 
-5998.997647227448 
-5998.997647353303 
-5998.997647397805 
-5998.997647631332 
-5998.997647715838 
-5998.997647714277 
-5998.9976478817125 
-5998.997647994447 
-5998.997648055029 
-5998.9976481120975 
-5998.99764824235 
-5998.997648265735 
-5998.997648229754 
-5998.997648431889 
-5998.997648451182 
-5998.997648315275 
-5998.9976484787185 
-5998.997648495924 
-5998.997648424964 
-5998.997648466869 
-5998.997648524743 
-5998.99764845728 
-5998.997648408031 
-5998.997648483409 
-5998.997648451971 
-5998.997648286976 
-5998.997648424065 
-5998.997648393629 
-5998.997648203492 
-5998.997648237726 
-5998.997648209336 
-5998.997648080519 
-5998.997648016342 
-5998.997647958349 
-5998.99764784556 
-5998.997647672488 
-5998.997647672582 
-5998.997647584808 
-5998.997647348698 
-5998.997647304796 
-5998.997647174489 
-5998.997646975413 
-5998.997646848745 
-5998.997646685963 
-5998.997646498785 
-5998.997646275106 
-5998.99764611993 
-5998.997645960597 
-5998.997645714305 
-5998.9976455221995 
-5998.997645334949 
-5998.997645106705 
-5998.997644852958 
-5998.997644642312 
-5998.997644424322 
-5998.9976441742065 
-5998.997643943266 
-5998.99764374213 
-5998.997643559252 
-5998.997643315705 
-5998.997643090734 
-5998.997642915636 
-5998.997642644656 
-5998.997642304666 
-5998.997642094362 
-5998.997641765607 
-5998.997641386562 
-5998.997641076084 
-5998.997640818441 
-5998.997640554231 
-5998.997640389364 
-5998.997640295075 
-5998.997640241519 
-5998.99764023571 
-5998.9976402357115 
-5998.997640235718 
-5998.99764023572 
-5998.997640235715 
-5998.997640235716 
