-267.2549463836546 
-267.2549572279924 
-267.2549638043684 
-267.2549800849936 
-267.2549939172571 
-267.25501252505944 
-267.25503508776956 
-267.2550515160551 
-267.25506893575465 
-267.25508326296585 
-267.25513941608955 
-267.25517110826394 
-267.25689346279063 
-267.2572344614936 
-267.2579547324293 
-267.25815963746163 
-267.25823851544095 
-267.2583199109021 
-267.25838393962147 
-267.2584366879235 
-267.2585235564034 
-267.25861494744726 
-267.25873605321357 
-267.25885503297775 
-267.25897088747905 
-267.2590867049588 
-267.2591650599035 
-267.259224252972 
-267.25925790788864 
-267.2594374164701 
-267.25957264506843 
-267.2600556177412 
-267.2617378879469 
-267.2618039392834 
-267.2623976819406 
-267.2633271057318 
-267.264765931128 
-267.2665347310423 
-267.26849769640756 
-267.270596725442 
-267.27255779352936 
-267.2741480212516 
-267.275256169792 
-267.27596344242903 
-267.27639755349657 
-267.27663609231024 
-267.27674842322403 
-267.2767843855929 
-267.276832490479 
-267.2768742761224 
-267.2769717661251 
-267.27712273940864 
-267.27942949314655 
-267.2825238538466 
-267.2855613913174 
-267.28812824314343 
-267.290077928345 
-267.29153525761495 
-267.2926295544758 
-267.29340786426775 
-267.2939047322293 
-267.2941824647403 
-267.29431962328783 
-267.2943793020583 
-267.2944003101177 
-267.2944066152586 
-267.2944106125389 
-267.2945343987447 
-267.2947470217613 
-267.2948997575445 
-267.2973993730156 
-267.2995161137289 
-267.3013055785393 
-267.3027610978796 
-267.3038880326609 
-267.30472107981734 
-267.30531049404783 
-267.3057050587141 
-267.30594869151116 
-267.3060835870364 
-267.3061487014108 
-267.30617539578924 
-267.306185140491 
-267.3061902237667 
-267.3061960524977 
-267.306203841788 
-267.30621337194185 
-267.3062251024653 
-267.3062402090728 
-267.307781534413 
-267.30791223762174 
-267.3092875525925 
-267.30938200230236 
-267.3094697686583 
-267.30978677806115 
-267.30978988353206 
-267.30978991929976 
-267.3097899193001 
-267.3097899192995 
-267.30978991929976 
-267.3097899193004 
-267.3097899192986 
-267.3097899193404 
-267.3097900183553 
-267.3097901483402 
-267.309790366756 
-267.30979240683985 
-267.3097942324198 
-267.3097984675304 
-267.3098015025489 
-267.30980377564674 
-267.3098056815003 
-267.3098073360602 
-267.30980873249547 
-267.3098099767074 
-267.30981127237453 
-267.309812887712 
-267.3098151335323 
-267.3098182911489 
-267.3098224947878 
-267.309827859859 
-267.30983485157134 
-267.30984427695586 
-267.3098563800276 
-267.3098700620306 
-267.3098841040089 
-267.30989987879855 
-267.3099240231873 
-267.30997690813473 
-267.3101118417995 
-267.31020892223586 
-267.31028212906756 
-267.3103470494315 
-267.3104061177423 
-267.310460504915 
-267.3105163353317 
-267.3105808965367 
-267.3106509865516 
-267.3107149627551 
-267.31076912740025 
-267.31082870282 
-267.31092995598084 
-267.3110865494553 
-267.3112605591219 
-267.3114243926306 
-267.3115965374019 
-267.3117798357562 
-267.31228641477406 
-267.31275940865146 
-267.3130836187089 
-267.3133884630883 
-267.3137194245959 
-267.31402006000036 
-267.3142832594624 
-267.31454604915103 
-267.3148960839051 
-267.31531144679604 
-267.3157194458726 
-267.3160507942942 
-267.3163511946428 
-267.31669033546984 
-267.31705287946323 
-267.3173692445903 
-267.3176172811836 
-267.31773444171995 
-267.3180822294864 
-267.3188350378564 
-267.31966216565064 
-267.3201640819653 
-267.3207993548451 
-267.3213691231635 
-267.32176060685146 
-267.32204754960475 
-267.3223391108036 
-267.3227502580068 
-267.323191776378 
-267.3236314420363 
-267.32398345244616 
-267.3242842350916 
-267.3245994927937 
-267.3248873573441 
-267.32507555568577 
-267.32528709071 
-267.32540485218766 
-267.3255736077375 
-267.32670148123833 
-267.3273558701096 
-267.3281594266818 
-267.3295381115467 
-267.33098911067947 
-267.3316069773138 
-267.33199733729367 
-267.33246779388054 
-267.33331414374993 
-267.3338904837949 
-267.33389048379485 
-267.33462449196503 
-267.33532596410146 
-267.3358749128318 
-267.3362122926206 
-267.33640310397186 
-267.33651541825583 
-267.3365770926413 
-267.3366043516606 
-267.33661405271727 
-267.3366187904061 
-267.336629602509 
-267.33664144153556 
-267.3369996763497 
-267.3370648723185 
-267.3372734757184 
-267.3378821013034 
-267.33882992295986 
-267.33993508004465 
-267.3405221913414 
-267.3409542949186 
-267.3412974991569 
-267.34154110385384 
-267.34168578552476 
-267.3417591329369 
-267.3417941107032 
-267.3418098615675 
-267.34181678938893 
-267.3418217166409 
-267.3418272783349 
-267.3418735915875 
-267.3419246053865 
-267.34212644776915 
-267.3427131314155 
-267.3428243627797 
-267.3435951001886 
-267.34436802507645 
-267.34496691640885 
-267.34534466546097 
-267.3455966303331 
-267.34576932415877 
-267.3458777739012 
-267.3459360900929 
-267.34596247589803 
-267.34597366025025 
-267.34597950213856 
-267.34598438282785 
-267.3459909493124 
-267.34600106018104 
-267.3461474508864 
-267.3463039507931 
-267.3466649303075 
-267.3471799080732 
-267.3475908735975 
-267.3481028741137 
-267.3485465843347 
-267.3488674420845 
-267.349071110438 
-267.349195354184 
-267.3492686555176 
-267.3493074822348 
-267.34932525993236 
-267.3493329498652 
-267.34933773685236 
-267.3493429572855 
-267.34934923185784 
-267.3493567461277 
-267.34936788272705 
-267.34990319078844 
-267.3506757845044 
-267.3508306345322 
-267.3514448215489 
-267.3519248553485 
-267.35229426032515 
-267.3525625115412 
-267.3527437314401 
-267.3528573806516 
-267.352923205593 
-267.35295777425387 
-267.35297399312617 
-267.3529815103838 
-267.3529866199127 
-267.3529925950754 
-267.3530004319336 
-267.35300986767055 
-267.3530204327624 
-267.3530320624887 
-267.35304529212607 
-267.35306156024006 
-267.3530828816423 
-267.3541352201108 
-267.35423537754446 
-267.35506072723484 
-267.35511457888293 
-267.3551667435053 
-267.35535519521585 
-267.3553570380841 
-267.3553570595104 
-267.35535705951173 
-267.3553570595093 
-267.3553570595111 
-267.35535705951185 
-267.3553570595107 
-267.35535705953504 
-267.3553571220658 
-267.35535720961747 
-267.3553573309569 
-267.355358737403 
-267.35536023119397 
-267.3553640498964 
-267.3553665850762 
-267.35536869623417 
-267.3553703323743 
-267.3553716972177 
-267.3553728260385 
-267.35537373810723 
-267.3553745121667 
-267.35537523005564 
-267.3553759814372 
-267.355376879735 
-267.35537807947827 
-267.355379787079 
-267.35538230030227 
-267.35538598772206 
-267.3553911143936 
-267.3553976892027 
-267.355405520033 
-267.3554143742555 
-267.3554240885422 
-267.35542727680655 
-267.35543263704636 
-267.35545031368287 
-267.35547243667736 
-267.35549025876566 
-267.35550361614196 
-267.3555138771301 
-267.3555226597471 
-267.35553153442703 
-267.35554142626336 
-267.3555522771311 
-267.3555639037903 
-267.3555771595693 
-267.3555937970964 
-267.3556141297947 
-267.3556352927698 
-267.3556540987313 
-267.3556677087082 
-267.35567572148443 
-267.3556882756231 
-267.3557022363271 
-267.3557196652148 
-267.35574265104634 
-267.3557664810251 
-267.3557869331563 
-267.3558032641796 
-267.3558190656884 
-267.3558397120785 
-267.3558678711192 
-267.35589889973517 
-267.3559278477174 
-267.35595552568446 
-267.35598873830514 
-267.3560309272484 
-267.35607035092795 
-267.35610044698916 
-267.3561095506376 
-267.35612328772356 
-267.35614812322876 
-267.3561783997719 
-267.3562101611833 
-267.35625004913635 
-267.35630886943943 
-267.35637083903305 
-267.3564256206946 
-267.3564793885171 
-267.356554720569 
-267.35666617206425 
-267.3567895873209 
-267.35689574587565 
-267.35697780523145 
-267.35705619601185 
-267.3571534819246 
-267.3572163943066 
-267.35728428423715 
-267.35732153406514 
-267.3573880240278 
-267.35755553109385 
-267.3576601294677 
-267.3578534438508 
-267.35818601041194 
-267.35872222235633 
-267.35939270090205 
-267.3601165398832 
-267.3609047741543 
-267.36177492250823 
-267.36267652194624 
-267.36351687289556 
-267.3642936073759 
-267.36579757056126 
-267.36619598623963 
-267.36652872597017 
-267.3669187409819 
-267.36721634099024 
-267.3673861655871 
-267.36753101789014 
-267.36763783529943 
-267.367733474778 
-267.3678217113419 
-267.36791961499443 
-267.3680853546364 
-267.36818760678545 
-267.36824880964986 
-267.3682956805335 
-267.3683431396799 
-267.3683823000195 
-267.3684436030582 
-267.368518131332 
-267.3685724778203 
-267.36861540304193 
-267.36865505066385 
-267.36869039040727 
-267.3687266152055 
-267.36875916188063 
-267.3687814576378 
-267.3687961636638 
-267.36880634816424 
-267.3688224684421 
-267.36884044371493 
-267.3688599440251 
-267.36888249876824 
-267.36890589671384 
-267.36892400313764 
-267.3689415462034 
-267.36895360977974 
-267.3689674413243 
-267.3689775164323 
-267.3689864353392 
-267.36899384859106 
-267.3690012660414 
-267.36900696871845 
-267.3690115586901 
-267.36901532531385 
-267.3690204419913 
-267.36902781523355 
-267.36903915168347 
-267.3690517387047 
-267.3690701734844 
-267.369096538916 
-267.3691161931276 
-267.3691318002467 
-267.36914791093454 
-267.3691643706393 
-267.3691835274493 
-267.3692043069577 
-267.3692154613882 
-267.3692278636316 
-267.3692455446625 
-267.36926498862687 
-267.36928302867096 
-267.3692968401671 
-267.3693079684016 
-267.369317080277 
-267.3693233975266 
-267.3693277755545 
-267.36933144132985 
-267.36933930117755 
-267.36936084638074 
-267.36941325318855 
-267.3694433850855 
-267.36945728803016 
-267.36946564789656 
-267.3694723686371 
-267.3694779408758 
-267.3694819365524 
-267.3694843250146 
-267.36948547108415 
-267.3694860977863 
-267.36948649958066 
-267.3694867359831 
-267.3694868468154 
-267.3694868945585 
-267.3694869238927 
-267.3694869444616 
-267.36948695934325 
-267.3694869688337 
-267.3694869734433 
-267.3694869762838 
-267.3694869768949 
-267.3694869769322 
-267.36948697693794 
-267.3694869769372 
-267.36948697693674 
-267.36948697693697 
-267.36948697693805 
-267.3694869769378 
-267.36948697693657 
-267.3694869769381 
-267.36948697694027 
-267.3694869769377 
-267.36948697693737 
-267.3694869769378 
-267.3694869769381 
-267.36948697693873 
-267.3694869769386 
-267.36948697693805 
-267.3694869769383 
-267.3694869769381 
-267.3694869769388 
-267.3694869769391 
-267.3694869769405 
-267.3694869769425 
-267.36948697694555 
-267.36948697695277 
-267.3694869769693 
-267.369486976995 
-267.3694869770335 
-267.36948697709306 
-267.36948697719794 
-267.3694869774528 
-267.36948697850244 
-267.3694869813809 
-267.36948698772306 
-267.3694869982909 
-267.3694870289718 
-267.369487131081 
-267.36948723943 
-267.369487293454 
-267.3694873248752 
-267.36948734981496 
-267.3694873706516 
-267.36948738800527 
-267.36948740849436 
-267.3694874491795 
-267.3694875100429 
-267.36948759734815 
-267.3694877380673 
-267.3694878460942 
-267.3694879441606 
-267.36948803395205 
-267.36948811905233 
-267.3694882218528 
-267.3694883425299 
-267.3694884491645 
-267.3694885272411 
-267.36948861373133 
-267.36948875457796 
-267.3694889697133 
-267.3694892256059 
-267.36948940164143 
-267.36948963920446 
-267.36948990981904 
-267.36949014283664 
-267.3694902853462 
-267.36949038583606 
-267.3694904815004 
-267.36949058370993 
-267.369490692678 
-267.36949081717694 
-267.36949092797863 
-267.3694910462745 
-267.36949125192075 
-267.3694915164752 
-267.3694917553369 
-267.36949213968967 
-267.36949274092547 
-267.3694931708721 
-267.3694933925175 
-267.36949355415067 
-267.36949369939805 
-267.36949386308726 
-267.3694940780877 
-267.36949429609723 
-267.369494494071 
-267.3694946965493 
-267.36949498705405 
-267.36949527374304 
-267.3694954888397 
-267.3694956831606 
-267.3694960374181 
-267.3694964373557 
-267.3694967282629 
-267.369496954445 
-267.36949717009344 
-267.3694973746919 
-267.36949769626096 
-267.36949796155756 
-267.3694981500386 
-267.36949826817454 
-267.3694983738617 
-267.3694985083303 
-267.36949863661715 
-267.3694987406719 
-267.3694987406713 
-267.36950941218504 
-267.36952080835965 
-267.3695332555889 
-267.3695524167638 
-267.36957609565684 
-267.3696010249068 
-267.36962751853054 
-267.3696584222626 
-267.3697052287392 
-267.36977233420475 
-267.3698637756974 
-267.3700182886547 
-267.3701861992782 
-267.37034839171093 
-267.3704846504251 
-267.37061255288205 
-267.37070760370614 
-267.37083918902493 
-267.3709821698281 
-267.3710814523765 
-267.3711760706998 
-267.371276854901 
-267.37144353949003 
-267.3716368938198 
-267.37181792515 
-267.37200980817977 
-267.37221848879045 
-267.37241176839234 
-267.3725800331915 
-267.3727938354576 
-267.3731842491559 
-267.37371584168466 
-267.3741700137819 
-267.3744690996242 
-267.3746717447729 
-267.37486249137515 
-267.3751096658924 
-267.3754037628219 
-267.3756688671345 
-267.375909481143 
-267.37614029384156 
-267.37636690358227 
-267.3765652736277 
-267.3767305984873 
-267.37687363712007 
-267.37699763127677 
-267.37710808294304 
-267.37722391520094 
-267.3773825919739 
-267.37756285188044 
-267.37780736754394 
-267.3781454404611 
-267.37842275788967 
-267.3786485535629 
-267.3788391044961 
-267.37901138891783 
-267.3791695608814 
-267.379306965754 
-267.3794255333001 
-267.3795265730182 
-267.37960740688266 
-267.3796695494694 
-267.3797188498327 
-267.3797625970496 
-267.3798008351703 
-267.3798414898658 
-267.3798875026385 
-267.37993412716924 
-267.3800086034198 
-267.38011414088584 
-267.38019446066664 
-267.3802511613906 
-267.3802902671733 
-267.380313780634 
-267.38032825999073 
-267.3803404751341 
-267.3803501589725 
-267.3803557912066 
-267.3803586924035 
-267.38036035062413 
-267.3803617565261 
-267.38036284375903 
-267.38036348437043 
-267.38036396270434 
-267.3803643033213 
-267.3803644946254 
-267.38036462854575 
-267.38036471536464 
-267.380364758866 
-267.38036476633795 
-267.38036476693463 
-267.38036476698153 
-267.3803647669888 
-267.3803647669893 
-267.380364766989 
-267.38036476698886 
-267.3803647669886 
-267.38036476698863 
-267.3803647669884 
-267.38036476698863 
-267.3803647669885 
-267.3803647669896 
-267.38036476698875 
-267.3803647669887 
-267.380364766989 
-267.38036476698886 
-267.3803647669894 
-267.3803647669891 
-267.3803647669894 
-267.38036476698966 
-267.38036476699 
-267.3803647669913 
-267.3803647669982 
-267.3803647670207 
-267.38036476705173 
-267.38036476710124 
-267.38036476720777 
-267.38036476734055 
-267.3803647674898 
-267.3803647677266 
-267.3803647681232 
-267.38036476870883 
-267.3803647695098 
-267.3803647705977 
-267.38036477247965 
-267.38036477706487 
-267.38036479090647 
-267.3803648499341 
-267.38036509493236 
-267.3803655220047 
-267.3803658291138 
-267.3803660826618 
-267.3803662478372 
-267.3803663838896 
-267.380366503474 
-267.38036661127427 
-267.3803667337446 
-267.38036685441557 
-267.38036699218657 
-267.3803672112351 
-267.3803674961667 
-267.3803680220513 
-267.3803689125153 
-267.38037032222303 
-267.3803717616226 
-267.3803730521745 
-267.3803751673807 
-267.3803785605536 
-267.3803827351461 
-267.38038711442135 
-267.3803905995276 
-267.3803935572748 
-267.3803961302623 
-267.38039900210737 
-267.3804026583916 
-267.38040626854354 
-267.3804114142659 
-267.3804194458742 
-267.3804239889663 
-267.38042753895974 
-267.3804311873331 
-267.38043468513155 
-267.3804387348118 
-267.3804436769327 
-267.3804506271301 
-267.38046229931797 
-267.38047263350904 
-267.3804838964273 
-267.3804928338821 
-267.38050245386506 
-267.3805093169974 
-267.38051727265935 
-267.3805253225611 
-267.3805301000966 
-267.380533897046 
-267.38053696635495 
-267.3805405228682 
-267.380544201534 
-267.38054701019144 
-267.38054995453564 
-267.38055295986766 
-267.3805565875691 
-267.38056181346866 
-267.3805702321854 
-267.3805782132649 
-267.3805886791693 
-267.3805983656696 
-267.38060919672824 
-267.38061445958317 
-267.38061957935463 
-267.3806231565331 
-267.3806248986384 
-267.3806267558953 
-267.3806311177411 
-267.38063615036674 
-267.38064156581305 
-267.38064972562256 
-267.38067748290484 
-267.3806791580258 
-267.3806801222862 
-267.38068124019776 
-267.3806822967443 
-267.38068332006543 
-267.38068434871093 
-267.3806850331086 
-267.38068545044416 
-267.38068575220717 
-267.38068618794074 
-267.380686509196 
-267.38068670263976 
-267.38068681408464 
-267.38068693585274 
-267.3806870469389 
-267.3806871626475 
-267.3806873383084 
-267.38068752743567 
-267.38068782157404 
-267.38068812665665 
-267.3806883475204 
-267.3806884667711 
-267.3806885428684 
-267.3806886218517 
-267.38068869761173 
-267.3806887390089 
-267.3806887655861 
-267.38068879038934 
-267.3806888176643 
-267.3806888467569 
-267.38068888141356 
-267.38068892242484 
-267.38068900770975 
-267.38068910284136 
-267.38068916245163 
-267.3806891943475 
-267.3806892116698 
-267.3806892277255 
-267.38068924486834 
-267.380689255649 
-267.38068926133343 
-267.38068926534334 
-267.3806892693241 
-267.38068927351793 
-267.38068927843216 
-267.38068928790045 
-267.3806893014289 
-267.3806893179721 
-267.38068933121804 
-267.38068933871136 
-267.3806893419989 
-267.38068934534454 
-267.38068934957755 
-267.380689352619 
-267.38068935424803 
-267.3806893552184 
-267.3806893559003 
-267.38068935667536 
-267.38068935727927 
-267.3806893577842 
-267.38068935810986 
-267.38068935830427 
-267.38068935845973 
-267.3806893585671 
-267.3806893586836 
-267.38068935877465 
-267.38068935882916 
-267.380689358855 
-267.3806893588754 
-267.38068935889356 
-267.38068935891 
-267.3806893589212 
-267.38068935892727 
-267.3806893589313 
-267.3806893589341 
-267.38068935893574 
-267.38068935893705 
-267.3806893589372 
-267.3806893589377 
-267.3806893589376 
-267.3806893589373 
-267.3806893589374 
-267.38068935893756 
-267.38068935893773 
-267.3806893589377 
-267.38068935893756 
-267.38068935893807 
-267.3806893589378 
-267.38068935893807 
-267.3806893589376 
-267.38068935893773 
-267.38068935893796 
-267.380689358938 
-267.38068935893784 
-267.38068935893784 
-267.3806893589379 
-267.3806893589378 
-267.3806893589377 
-267.380689358938 
-267.3806893589379 
-267.3806893589375 
-267.38068935893745 
-267.3806893589376 
-267.38068935893796 
-267.38068935893773 
-267.3806893589373 
-267.38068935893773 
-267.38068935893716 
-267.38068935893625 
-267.3806893589374 
-267.38068935893415 
-267.3806893589335 
-267.380689358934 
-267.3806893579798 
-267.3806893588049 
-267.3806893588628 
-267.3806893588908 
-267.38068935874696 
-267.3806893575044 
-267.3806893546939 
-267.3806893579718 
-267.3806893561604 
-267.3806893581771 
-267.3806893582431 
-267.3806893582459 
-267.3806893579872 
-267.38068935079906 
-267.38068935848077 
-267.3806893582351 
-267.38068935793206 
-267.3806893576899 
-267.3806893574382 
-267.3806893576152 
-267.38068935819365 
-267.38068935705655 
-267.3806893573164 
-267.3806893488227 
-267.3806893575663 
-267.3806893559321 
-267.3806893471969 
-267.38068935655815 
-267.3806893552512 
-267.38068935612034 
-267.3806893564956 
-267.3806893574426 
-267.3806893541591 
-267.3806893575142 
-267.3806893576462 
-267.38068935760964 
-267.3806893577241 
-267.38068935780325 
-267.38068935786725 
-267.38068935789227 
-267.3806893579087 
-267.38068935792137 
-267.38068935793393 
-267.3806893579444 
-267.38068935795104 
-267.38068935795764 
-267.3806893579665 
-267.3806893579816 
-267.38068935801556 
-267.3806893580718 
-267.38068935814846 
-267.38068935825805 
-267.38068935835093 
-267.3806893584426 
-267.3806893585096 
-267.380689358562 
-267.3806893586094 
-267.3806893586536 
-267.3806893586796 
-267.38068935869876 
-267.3806893587191 
-267.38068935874736 
-267.38068935879994 
-267.38068935888833 
-267.3806893590316 
-267.3806893592412 
-267.38068935948934 
-267.38068935968084 
-267.3806893598037 
-267.38068935989554 
-267.3806893599804 
-267.3806893600693 
-267.38068936012655 
-267.38068936016185 
-267.38068936019374 
-267.38068936022745 
-267.380689360259 
-267.3806893602881 
-267.38068936031175 
-267.38068936033415 
-267.3806893603503 
-267.3806893615597 
-267.3806893641785 
-267.380689372199 
-267.3806893870116 
-267.3806894113097 
-267.3806894353541 
-267.38068945573605 
-267.3806894724559 
-267.3806894854412 
-267.380689496153 
-267.3806895094651 
-267.38068952469735 
-267.3806895398812 
-267.3806895544058 
-267.3806895652207 
-267.3806895774574 
-267.3806895934196 
-267.38068961483395 
-267.38068964103974 
-267.38068967465784 
-267.3806897060226 
-267.3806897304492 
-267.3806897456876 
-267.3806897583578 
-267.3806897716825 
-267.3806897828355 
-267.380689791583 
-267.3806898020655 
-267.38068981270965 
-267.3806898261078 
-267.3806898400441 
-267.38068985914873 
-267.38068987875994 
-267.38068989931134 
-267.3806899322909 
-267.38068996567483 
-267.380689991446 
-267.3806900070092 
-267.38069002074053 
-267.38069003624076 
-267.3806900482595 
-267.3806900575131 
-267.3806900621925 
-267.38069006541167 
-267.3806900699365 
-267.3806900781417 
-267.38069009051696 
-267.3806901047754 
-267.38069011834114 
-267.38069013265687 
-267.38069014578764 
-267.38069015491493 
-267.3806901618256 
-267.38069016906064 
-267.38069017756465 
-267.3806901838479 
-267.3806901883924 
-267.3806901913955 
-267.38069019306187 
-267.3806901948722 
-267.38069019662737 
-267.3806901979089 
-267.380690198771 
-267.3806901993908 
-267.38069019985295 
-267.38069020031776 
-267.38069020067604 
-267.38069020091734 
-267.3806902010649 
-267.38069020122765 
-267.3806902013879 
-267.3806902015695 
-267.3806902017867 
-267.38069020192603 
-267.3806902019856 
-267.38069020200794 
-267.3806902020173 
-267.38069020202227 
-267.380690202024 
-267.38069020202465 
-267.38069020202494 
-267.38069020202465 
-267.38069020202516 
-267.38069020202533 
-267.3806902020254 
-267.38069020202556 
-267.38069020202585 
-267.38069020202585 
-267.3806902020261 
-267.3806902020258 
-267.38069020202585 
-267.3806902020258 
-267.3806902020255 
-267.38069020202454 
-267.3806902020251 
-267.3806902020249 
-267.38069020202505 
-267.3806902020267 
-267.38069020202505 
-267.38069020202505 
-267.38069020202494 
-267.3806902020251 
-267.3806902020254 
-267.38069020202505 
-267.3806902020257 
-267.38069020202596 
-267.38069020202573 
-267.3806902020259 
-267.3806902020261 
-267.38069020202573 
-267.38069020202573 
-267.3806902020255 
-267.38069020202533 
-267.3806902020253 
-267.38069020202516 
-267.38069020202477 
-267.3806902020249 
-267.3806902020246 
-267.38069020202437 
-267.38069020202437 
-267.3806902020246 
-267.38069020202454 
-267.3806902020244 
-267.38069020202397 
-267.38069020202414 
-267.3806902020239 
-267.38069020202386 
-267.3806902020242 
-267.3806902020245 
-267.3806902020242 
-267.3806902020244 
-267.38069020202414 
-267.38069020202465 
-267.38069020202494 
-267.3806902020251 
-267.3806902020256 
-267.3806902020263 
-267.3806902020279 
-267.380690202029 
-267.38069020203034 
-267.3806902020314 
-267.38069020203295 
-267.38069020203454 
-267.3806902020371 
-267.38069020203994 
-267.38069020204324 
-267.3806902020469 
-267.38069020205114 
-267.3806902020568 
-267.38069020206547 
-267.38069020208144 
-267.38069020210594 
-267.380690202134 
-267.38069020216 
-267.38069020218103 
-267.38069020219694 
-267.3806902022103 
-267.38069020222457 
-267.38069020224026 
-267.38069020225277 
-267.38069020226334 
-267.38069020227823 
-267.38069020229904 
-267.3806902023308 
-267.38069020237515 
-267.3806902024351 
-267.3806902025159 
-267.3806902025928 
-267.38069020265823 
-267.3806902027046 
-267.3806902027489 
-267.3806902027932 
-267.3806902028364 
-267.3806902028701 
-267.38069020289436 
-267.38069020291783 
-267.38069020295177 
-267.38069020300276 
-267.3806902030731 
-267.3806902031745 
-267.3806902033023 
-267.3806902034384 
-267.3806902035164 
-267.3806902035793 
-267.3806902036425 
-267.38069020369954 
-267.3806902037729 
-267.3806902038345 
-267.38069020387604 
-267.38069020391004 
-267.3806902039522 
-267.38069020401576 
-267.3806902041063 
-267.380690204218 
-267.38069020439843 
-267.3806902046494 
-267.3806902048471 
-267.3806902050059 
-267.38069020508436 
-267.3806902051341 
-267.38069020517634 
-267.38069020520766 
-267.3806902052306 
-267.38069020525086 
-267.380690205267 
-267.3806902052762 
-267.38069020528206 
-267.38069020528724 
-267.380690205293 
-267.3806902052985 
-267.380690205302 
-267.38069020530594 
-267.3806902053098 
-267.3806902053124 
-267.38069020531503 
-267.38069020531856 
-267.3806902053225 
-267.3806902053263 
-267.3806902053319 
-267.380690205336 
-267.38069020533914 
-267.3806902053407 
-267.3806902053432 
-267.38069020534505 
-267.3806902053467 
-267.3806902053479 
-267.38069020534874 
-267.38069020535 
-267.3806902053507 
-267.38069020535175 
-267.3806902053533 
-267.380690205354 
-267.3806902053558 
-267.3806902053574 
-267.38069020535846 
-267.3806902053588 
-267.3806902053591 
-267.3806902053597 
-267.3806902053596 
-267.38069020536005 
-267.38069020533754 
-267.38069020524506 
-267.3806902049674 
-267.3806902044597 
-267.38069020488217 
-267.38069020405914 
-267.3806902047791 
-267.3806902021288 
-267.3806902050973 
-267.3806902027226 
-267.3806902036446 
-267.38069020407244 
-267.3806902051494 
-267.38069020460586 
-267.3806902034936 
-267.38069020486535 
-267.3806902051512 
-267.38069020483715 
-267.3806902048408 
-267.3806902050055 
-267.3806902053665 
-267.3806902050379 
-267.3806902051302 
-267.3806902044987 
-267.3806902051644 
-267.38069020538035 
-267.3806902052159 
-267.38069020543816 
-267.38069020533567 
-267.38069020531367 
-267.38069020513393 
-267.38069020528485 
-267.3806902054928 
-267.38069020549887 
-267.3806902055039 
-267.3806902055211 
-267.3806902055223 
-267.38069020552814 
-267.380690205526 
-267.38069020553166 
-267.3806902055319 
-267.3806902055321 
-267.3806902055321 
-267.38069020553195 
-267.380690205532 
-267.3806902055317 
-267.38069020553195 
-267.38069020553183 
-267.380690205532 
-267.3806902055321 
-267.3806902055325 
-267.38069020553246 
-267.3806902055344 
-267.380690205533 
-267.3806902055317 
-267.3806902055322 
-267.3806902055328 
-267.38069020553246 
-267.3806902055324 
-267.38069020553274 
-267.38069020553263 
-267.38069020553206 
-267.38069020553206 
-267.38069020553223 
-267.3806902055319 
-267.3806902055318 
-267.3806902055315 
-267.3806902055319 
-267.3806902055288 
-267.38069020553047 
-267.38069020552655 
-267.380690205525 
-267.3806902055278 
-267.38069020551313 
-267.3806902055168 
-267.38069020549557 
-267.38069020553206 
-267.38069020536636 
-267.3806902053258 
-267.3806902053719 
-267.38069020493606 
-267.38069020496846 
-267.38069020525614 
-267.38069020195036 
-267.3806902017705 
-267.38069020028735 
-267.3806902012874 
-267.3806902046532 
-267.38069020343505 
-267.3806901942887 
-267.3806902042618 
-267.3806902043182 
-267.3806901990651 
-267.38069020236185 
-267.3806901870122 
-267.3806901997961 
-267.38069020438206 
-267.3806901990766 
-267.3806902042629 
-267.3806901995094 
-267.3806901993117 
-267.38069020401275 
-267.3806902018206 
-267.3806902031484 
-267.38069020424956 
-267.3806902034172 
-267.38069020209696 
-267.38069020418743 
-267.3806901980289 
-267.3806902036816 
-267.3806902020544 
-267.3806902044578 
-267.38069020446346 
-267.38069020456675 
-267.3806902045751 
-267.3806902045751 
-267.38069020457544 
-267.38069020457505 
-267.3806902045748 
-267.3806902045746 
-267.3806902045747 
-267.38069020457556 
-267.3806902045751 
-267.38069020457567 
-267.38069020457596 
-267.380690204576 
-267.38069020457607 
-267.3806902045759 
-267.3806902045765 
-267.38069020457647 
-267.380690204577 
-267.3806902045782 
-267.3806902045781 
-267.38069020457806 
-267.3806902045785 
-267.3806902045792 
-267.38069020457914 
-267.3806902045786 
-267.3806902045785 
-267.380690204579 
-267.3806902045789 
-267.3806902045791 
-267.38069020457954 
-267.38069020457965 
-267.3806902045807 
-267.380690204582 
-267.38069020458244 
-267.3806902045833 
-267.3806902045848 
-267.38069020458624 
-267.38069020458715 
-267.38069020458767 
-267.3806902045889 
-267.3806902045903 
-267.3806902045916 
-267.3806902045931 
-267.38069020459557 
-267.3806902045981 
-267.38069020460154 
-267.3806902046047 
-267.38069020460887 
-267.3806902046124 
-267.380690204615 
-267.38069020461785 
-267.3806902046198 
-267.3806902046211 
-267.38069020462297 
-267.38069020462405 
-267.380690204625 
-267.3806902046261 
-267.3806902046276 
-267.3806902046303 
-267.38069020463206 
-267.38069020463394 
-267.3806902046368 
-267.38069020463934 
-267.3806902046414 
-267.3806902046433 
-267.3806902046451 
-267.3806902046458 
-267.3806902046471 
-267.38069020464764 
-267.3806902046483 
-267.3806902046489 
-267.38069020464997 
-267.3806902046511 
-267.3806902046522 
-267.38069020465304 
-267.380690204654 
-267.3806902046549 
-267.3806902046557 
-267.38069020465605 
-267.38069020465656 
-267.3806902046572 
-267.3806902046577 
-267.38069020465815 
-267.3806902046586 
-267.3806902046588 
-267.380690204659 
-267.38069020465934 
-267.38069020465986 
-267.38069020466 
-267.3806902046602 
-267.38069020466025 
-267.3806902046601 
-267.38069020466037 
-267.38069020466037 
-267.3806902046602 
-267.38069020466065 
-267.3806902046602 
-267.38069020466 
-267.38069020465997 
-267.3806902046596 
-267.38069020465906 
-267.3806902046591 
-267.3806902046591 
-267.3806902046593 
-267.3806902046591 
-267.3806902046591 
-267.38069020465906 
-267.38069020465934 
-267.3806902046594 
-267.380690204659 
-267.38069020465895 
-267.38069020465883 
-267.3806902046591 
-267.380690204659 
-267.3806902046588 
-267.3806902046585 
-267.3806902046586 
-267.3806902046582 
-267.3806902046585 
-267.38069020465815 
-267.380690204658 
-267.38069020465804 
-267.3806902046581 
-267.3806902046578 
-267.3806902046582 
-267.3806902046579 
-267.3806902046581 
-267.3806902046585 
-267.38069020465826 
-267.38069020465826 
-267.3806902046581 
-267.380690204658 
-267.38069020465815 
-267.38069020465775 
-267.38069020465804 
-267.38069020465986 
-267.38069020465343 
-267.3806902046528 
