2 3 0.05132983866729241 
3 4 0.04925550527048713 
4 5 0.04928042312131694 
5 6 0.04944958574374579 
6 7 0.049449398947923204 
7 8 0.049440819963809605 
8 9 0.04944124388684072 
9 10 0.04944166859399158 
10 11 0.04944165668865346 
11 12 0.0494416390746905 
12 13 0.049441637338308184 
13 14 0.04944163814319252 
14 15 0.0494416382008028 
15 16 0.04944163842700272 
16 17 0.04944163865622146 
17 18 0.04944163893755631 
18 19 0.04944163857315296 
19 20 0.04944163843348753 
20 21 0.04944163847950732 
21 22 0.04944163846941586 
22 23 0.049441638464945384 
23 24 0.04944163846767065 
24 25 0.049441638562275535 
25 26 0.04944163852700317 
26 27 0.04944163852284913 
27 28 0.04944163836813365 
28 29 0.049441638320349465 
29 30 0.04944163795308425 
30 31 0.049441638505059594 
31 32 0.049441638395995 
32 33 0.04944163846868439 
33 34 0.04944163846801869 
34 35 0.04944163846766027 
35 36 0.04944163846574963 
36 37 0.04944163846531693 
37 38 0.049441638467173143 
38 39 0.049441638466463655 
39 40 0.04944163846600164 
40 41 0.049441638467781754 
41 42 0.049441638465965755 
42 43 0.049441638466568995 
43 44 0.04944163846582238 
44 45 0.04944163846491814 
45 46 0.04944163846666782 
46 47 0.04944163844034415 
47 48 0.049441638600177445 
48 49 0.04944164001691957 
49 50 0.04944163948036626 
50 51 0.04944163943478398 
51 52 0.0494416385050303 
52 53 0.049441638593490246 
53 54 0.04944163844819415 
54 55 0.04944163783412053 
55 56 0.04944163956248078 
56 57 0.04944163845238086 
57 58 0.049441638446021 
58 59 0.04944163846696332 
59 60 0.049441638462028994 
60 61 0.049441638466725064 
61 62 0.0494416376126234 
62 63 0.0494416348586055 
63 64 0.049441639129747 
64 65 0.049441638559967006 
65 66 0.049441638427993935 
66 67 0.049441638480470694 
67 68 0.04944163845968032 
68 69 0.04944163875811223 
69 70 0.049441638300566006 
70 71 0.04944164121633488 
71 72 0.049441636332624966 
72 73 0.049441638761532354 
73 74 0.049441638531930475 
74 75 0.04944163843475855 
75 76 0.04944163847794759 
76 77 0.04944163849278204 
77 78 0.04944163846423662 
78 79 0.04944163854217214 
79 80 0.049441638457594854 
80 81 0.0494416384670194 
81 82 0.0494416384671706 
82 83 0.04944163846384553 
83 84 0.049441638475708344 
84 85 0.04944163841910139 
85 86 0.04944163842470775 
86 87 0.049441638410967326 
87 88 0.0494416380265348 
88 89 0.04944163845277493 
89 90 0.04944163845953615 
90 91 0.04944163836450294 
91 92 0.049441638491898025 
92 93 0.04944163837208875 
93 94 0.04944163848718442 
94 95 0.04944163846178627 
95 96 0.049441638467526555 
96 97 0.04944163848145644 
97 98 0.04944163844872563 
98 99 0.04944163846635445 
99 100 0.04944163846709843 
100 101 0.049441638466735875 
101 102 0.049441638466967 
102 103 0.04944163847591247 
103 104 0.04944163845936205 
104 105 0.04944163873766908 
105 106 0.04944163893762189 
106 107 0.0494416356500489 
107 108 0.049441633107639646 
108 109 0.04944168380510773 
109 110 0.04944171537318881 
110 111 0.04944094638782042 
111 112 0.04943991511331142 
112 113 0.04945092037565621 
113 114 0.04947531000157137 
114 115 0.04927909820775907 
115 116 0.04900926494294224 
116 117 0.05461574213905414 
117 118 0.0534202352789082 
