2 -0.19506883331749658 
3 0.18713410641165257 
4 -0.18700383014250738 
5 0.18732810663645028 
6 -0.18735317864168816 
7 0.18733628353478896 
8 -0.1873337677920225 
9 0.18733480857512255 
10 -0.18733502826508272 
11 0.18733496852548456 
12 -0.1873349500751269 
13 0.18733495411993167 
14 -0.1873349560672717 
15 0.18733495476040266 
16 -0.18733495470007172 
17 0.1873349553103982 
18 -0.18733495441797104 
19 0.18733495506299047 
20 -0.1873349552195397 
21 0.18733495517389648 
22 -0.18733495517344792 
23 0.18733495518256194 
24 -0.18733495502294784 
25 0.18733495498833536 
26 -0.187334955004306 
27 0.18733495516419693 
28 -0.18733495512304005 
29 0.18733495756996185 
30 -0.1873349540828673 
31 0.18733495515636978 
32 -0.18733495523415752 
33 0.18733495517826432 
34 -0.18733495517410864 
35 0.1873349551713622 
36 -0.18733495517450063 
37 0.1873349551736568 
38 -0.1873349551743182 
39 0.18733495517127421 
40 -0.18733495518169274 
41 0.1873349551744575 
42 -0.18733495517248805 
43 0.18733495517620713 
44 -0.18733495518166363 
45 0.18733495514337348 
46 -0.18733495518206195 
47 0.18733495530257982 
48 -0.18733495239754847 
49 0.1873349503367183 
50 -0.18733495652952067 
51 0.18733495552434942 
52 -0.1873349549543629 
53 0.18733495515831045 
54 -0.18733495752307863 
55 0.18733495547338105 
56 -0.18733495498095148 
57 0.18733495521601073 
58 -0.18733495518412774 
59 0.1873349552155842 
60 -0.18733495523376112 
61 0.18733495574226292 
62 -0.18733495490599633 
63 0.18733495403142186 
64 -0.18733495465827638 
65 0.18733495520796364 
66 -0.1873349552062121 
67 0.18733495513758636 
68 -0.1873349550901047 
69 0.18733495773159275 
70 -0.18733494772568665 
71 0.18733495552942991 
72 -0.18733495615819162 
73 0.18733495484473764 
74 -0.18733495505657807 
75 0.1873349552172192 
76 -0.1873349551663528 
77 0.1873349544090427 
78 -0.18733495539599918 
79 0.18733495522580498 
80 -0.18733495515581466 
81 0.1873349551904404 
82 -0.1873349551845519 
83 0.18733495514224754 
84 -0.1873349552639318 
85 0.18733495522235852 
86 -0.1873349554693732 
87 0.18733495551125462 
88 -0.18733495505601033 
89 0.18733495520167218 
90 -0.187334955413259 
91 0.18733495490285326 
92 -0.1873349553032318 
93 0.18733495516868873 
94 -0.18733495515527704 
95 0.18733495517133747 
96 -0.18733495516242368 
97 0.18733495513741455 
98 -0.18733495517586504 
99 0.1873349551753578 
100 -0.18733495517269075 
101 0.1873349551814359 
102 -0.18733495512490858 
103 0.1873349552356231 
104 -0.18733495565404762 
105 0.18733495387407278 
106 -0.18733495022111069 
107 0.18733496987542972 
108 -0.18733503755405334 
109 0.18733485080995105 
110 -0.18733365023025703 
111 0.18733517682601358 
112 -0.18736081568732446 
113 0.18733193490512276 
114 -0.18683295977555112 
115 0.18724476062871478 
116 -0.19112138066107745 
117 0.19202890923309393 
