2 -0.19837090862410578 
3 -0.2026432621060017 
4 -0.20455232285626537 
5 -0.2044256511250805 
6 -0.2042899289013111 
7 -0.20427489731186418 
8 -0.2042847932637373 
9 -0.20428766986183744 
10 -0.20428682415773927 
11 -0.2042863796635231 
12 -0.20428646346731935 
13 -0.20428653805375477 
14 -0.20428653057052998 
15 -0.20428651731728178 
16 -0.20428651745701587 
17 -0.20428651978145185 
18 -0.2042865200114824 
19 -0.20428651958685903 
20 -0.20428651934526923 
21 -0.20428652005930542 
22 -0.2042865176801778 
23 -0.2042865195238786 
24 -0.20428652086903437 
25 -0.20428652094002397 
26 -0.20428652167378383 
27 -0.2042865203273207 
28 -0.20428651819962457 
29 -0.20428652039892287 
30 -0.2042865193862096 
31 -0.20428651950788188 
32 -0.2042865196060636 
33 -0.20428651961779304 
34 -0.20428651960671 
35 -0.20428651938225423 
36 -0.2042865197631545 
37 -0.20428651994431918 
38 -0.204286520037192 
39 -0.20428652041064427 
40 -0.2042865200614518 
41 -0.20428651833687161 
42 -0.20428651436763445 
43 -0.20428652272947476 
44 -0.20428652039510647 
45 -0.20428651909786333 
46 -0.20428651940653017 
47 -0.20428651934307937 
48 -0.20428651728061706 
49 -0.20428652102978323 
50 -0.20428651568914075 
51 -0.20428652060015476 
52 -0.20428651704716894 
53 -0.20428651769182196 
54 -0.20428651337951426 
55 -0.2042865217094385 
56 -0.20428652238236605 
57 -0.2042865204042309 
58 -0.20428651884434978 
59 -0.20428651958962996 
60 -0.20428651988113136 
61 -0.20428651964887548 
62 -0.20428651956114346 
63 -0.2042865196290775 
64 -0.20428651938614215 
65 -0.2042865194179016 
66 -0.20428651954826527 
67 -0.20428651957848043 
68 -0.20428651961298042 
69 -0.20428651959767072 
70 -0.20428651959020105 
71 -0.20428651959027225 
72 -0.20428651959077268 
73 -0.2042865195907857 
74 -0.20428651959077448 
75 -0.20428651959079938 
76 -0.20428651959077582 
77 -0.20428651959074487 
78 -0.2042865195906853 
79 -0.2042865195903748 
80 -0.20428651958969873 
81 -0.2042865195906713 
82 -0.20428651959544916 
83 -0.20428651958938937 
84 -0.20428651958096816 
85 -0.2042865195948174 
86 -0.20428651961412814 
87 -0.20428651958953925 
88 -0.2042865196339646 
89 -0.20428651955951094 
90 -0.2042865196532471 
91 -0.2042865199635921 
92 -0.204286520134931 
93 -0.20428651944352869 
94 -0.20428651948235216 
95 -0.2042865195896334 
96 -0.20428651959477145 
97 -0.20428651959840266 
98 -0.2042865197493648 
99 -0.20428651956255534 
100 -0.2042865197006857 
101 -0.20428652027853056 
102 -0.20428651972933004 
103 -0.2042865175448744 
104 -0.20428651561175945 
105 -0.2042865294929061 
106 -0.20428653972225702 
107 -0.20428645913001361 
108 -0.20428637882410983 
109 -0.2042868237550959 
110 -0.20428766951853583 
111 -0.20428479296079347 
112 -0.20427488815369357 
113 -0.2042899300733504 
114 -0.20442570797114948 
115 -0.2045523198300121 
116 -0.20264326259563473 
117 -0.19837090891217551 
