-397.16153350298754 
-397.17139679736107 
-397.19517135758156 
-397.20034626476814 
-397.20164255447816 
-397.226769576623 
-397.2379542166396 
-397.2416706343397 
-397.24429034975054 
-397.2944378995642 
-397.30531392306835 
-397.3073318583964 
-397.316019748947 
-397.33675554907194 
-397.3447395488383 
-397.3463782752366 
-397.367733008771 
-397.38028480016754 
-397.3859250284968 
-397.38823944844773 
-397.4323120032591 
-397.44550893799914 
-397.44841098315754 
-397.4558286849286 
-397.47464417368735 
-397.48427312015644 
-397.48612019393784 
-397.50493702675226 
-397.51830985894674 
-397.52519400366106 
-397.52730276747684 
-397.56733505366384 
-397.5818329443422 
-397.5853372652749 
-397.59186790817347 
-397.6087191844598 
-397.6192279125569 
-397.6212268125546 
-397.63825697884766 
-397.65177575978225 
-397.6594715567781 
-397.66142735061203 
-397.6961482599095 
-397.71026519625946 
-397.7141708398179 
-397.7193819227721 
-397.734505724807 
-397.7442902776588 
-397.7462307884261 
-397.7583566266478 
-397.76893479209303 
-397.7761059589361 
-397.777311439637 
-397.79008323845 
-397.7979769874442 
-397.8033054385016 
-397.8033168747692 
-397.8033168747663 
-397.80331687476547 
-397.80331687476706 
-397.8033168747675 
-397.80331687942027 
-397.80333961157123 
-397.80338782456454 
-397.8034259038281 
-397.8034839063042 
-397.8035910530301 
-397.80372530805516 
-397.80384602891087 
-397.8039740302877 
-397.80423363724407 
-397.8044374925047 
-397.8046368169691 
-397.8048673736754 
-397.8052550336702 
-397.8055460539582 
-397.8058740112462 
-397.80634978548005 
-397.8068518424149 
-397.8073035604901 
-397.80766386466127 
-397.80841277980136 
-397.8089289962873 
-397.80941089365456 
-397.8098280042236 
-397.81062246553273 
-397.8112086433218 
-397.8118073045965 
-397.8125595120226 
-397.81343271706515 
-397.8141789882365 
-397.8147021453062 
-397.8157942422927 
-397.81660684223726 
-397.8173345621555 
-397.8178319971643 
-397.81892401441416 
-397.81975640703564 
-397.82057579418125 
-397.82143688671584 
-397.82260132514324 
-397.823585692291 
-397.82418584701855 
-397.82544205673605 
-397.82645927419185 
-397.82735071436474 
-397.8278211729113 
-397.8290294357956 
-397.829959941234 
-397.8308174283302 
-397.83154834362 
-397.83262466796583 
-397.8335079486021 
-397.8339080179043 
-397.8346303544908 
-397.8346303544908 
-397.838683617126 
-397.8459948065083 
-397.8645509934646 
-397.8758490905452 
-397.8781458797937 
-397.8962377104724 
-397.9102889436558 
-397.91829166542664 
-397.9204469298364 
-397.9587229856078 
-397.9746789574927 
-397.9787315672476 
-397.9849710584244 
-398.00253179462635 
-398.0142365453467 
-398.0164201310936 
-398.0327620536139 
-398.0471712623252 
-398.0555618191549 
-398.05751695949425 
-398.0932895249823 
-398.1098910896053 
-398.1141343288802 
-398.11984361305855 
-398.1365877970563 
-398.1487657545673 
-398.1509675020012 
-398.1663215725932 
-398.1810163370942 
-398.1898257985072 
-398.1916969323354 
-398.2259871940224 
-398.24286842415125 
-398.24732671054574 
-398.25271303475097 
-398.2682713589051 
-398.28055705602293 
-398.2828173113495 
-398.29750164285895 
-398.3119181085641 
-398.3209980863747 
-398.3228076451915 
-398.35388233715054 
-398.36947621658277 
-398.3740636565611 
-398.3786319929598 
-398.39297067620043 
-398.40379755948413 
-398.405916864244 
-398.41691319483283 
-398.42770547683153 
-398.4356408867637 
-398.43681669960733 
-398.4488420074337 
-398.4569952454502 
-398.46274864629294 
-398.4627598256535 
-398.4627598256538 
-398.46275982565345 
-398.4627598256537 
-398.4627598256541 
-398.46275983033524 
-398.462783842818 
-398.4628330036658 
-398.462871184954 
-398.4629298912921 
-398.4630478087457 
-398.4631848946671 
-398.4633039672763 
-398.46344156181226 
-398.46371031725823 
-398.4639145088949 
-398.46411005390223 
-398.46437282233654 
-398.4647666930678 
-398.4650426738792 
-398.46535564347045 
-398.4658940046259 
-398.46638539405166 
-398.46680552141413 
-398.4671890622409 
-398.4679593307391 
-398.46844264956104 
-398.46888757232813 
-398.46938282882326 
-398.4701680313355 
-398.4706857362164 
-398.47122356428537 
-398.47209650553737 
-398.4728986883266 
-398.473548939331 
-398.47410119252936 
-398.47522382085435 
-398.4759352260906 
-398.47656967498176 
-398.47719584251155 
-398.47825382203456 
-398.47895717733417 
-398.47967414184 
-398.4807318491361 
-398.48178391234455 
-398.4826292944975 
-398.483310245956 
-398.4846794814725 
-398.48561857866633 
-398.4864488364401 
-398.4871698921587 
-398.4884982309409 
-398.48944385082217 
-398.4904285403561 
-398.4916952012537 
-398.4931761260439 
-398.49440471753917 
-398.49537810142476 
-398.4974331564802 
-398.4992602187324 
-398.5015844614697 
-398.5047337981593 
-398.5051526031027 
-398.50550376519703 
-398.5058087890585 
-398.506097308925 
-398.5063106115087 
-398.5065088860822 
-398.5067259708825 
-398.5068954794485 
-398.5070605651083 
-398.50721071467814 
-398.5074049075819 
-398.507551807013 
-398.50770418322236 
-398.50784185574634 
-398.508000912351 
-398.50813565192396 
-398.5082623539397 
-398.50840087629837 
-398.5085141183268 
-398.50864058618856 
-398.5087450536134 
-398.50888880150114 
-398.5089994870564 
-398.5091152824429 
-398.50921863529675 
-398.5093333052614 
-398.5094346450442 
-398.509525697684 
-398.5096234472177 
-398.5096999614159 
-398.509782538944 
-398.50984823143796 
-398.50994172277996 
-398.510007843132 
-398.5100696893383 
-398.51012584083117 
-398.51018461562995 
-398.51023257245356 
-398.51027118258884 
-398.5103116351403 
-398.51033973430907 
-398.5103647676119 
-398.51038333815166 
-398.5104097960581 
-398.51042438769286 
-398.510434309609 
-398.5104425715662 
-398.5104505950992 
-398.510454964328 
-398.51045748186334 
-398.5104593283132 
-398.51046011184394 
-398.5104601120677 
-398.51046011206927 
-398.51046011206915 
-398.5104601120698 
-398.5104601120674 
-398.51046011207035 
-398.51046011206864 
-398.5104601120689 
-398.5104601120679 
-398.51046011206813 
-398.51046011505935 
-398.5104601228094 
-398.51046013849395 
-398.5104601586821 
-398.5104601961121 
-398.5104602527564 
-398.51046031630597 
-398.5104604104343 
-398.510460588252 
-398.5104607763368 
-398.51046098554326 
-398.5104612945889 
-398.51046170337185 
-398.5104621540701 
-398.5104626723449 
-398.51046340679665 
-398.5104642342563 
-398.5104649640372 
-398.5104660224757 
-398.51046751371996 
-398.51046883574634 
-398.51047015127347 
-398.510471977039 
-398.51047389943915 
-398.5104757897377 
-398.5104777925205 
-398.5104806171312 
-398.5104833061814 
-398.5104856556717 
-398.510488682597 
-398.51049260916585 
-398.5104958699918 
-398.5104990891545 
-398.5105033015213 
-398.5105074545203 
-398.51051104919344 
-398.5105147325998 
-398.51051984127236 
-398.51052423336625 
-398.51052809019205 
-398.51053248004854 
-398.5105377050087 
-398.5105420733092 
-398.5105462050627 
-398.5105509382871 
-398.5105550892903 
-398.5105584854291 
-398.5105615576921 
-398.5105648667535 
-398.5105674198705 
-398.51056904643934 
-398.51056904643997 
-398.5106327889709 
-398.51073325939586 
-398.51085216237834 
-398.51099057595957 
-398.51111338660155 
-398.51125275476574 
-398.511407582051 
-398.5115506283652 
-398.51170105707155 
-398.5118287321698 
-398.5119999108083 
-398.51212762156894 
-398.51230148178803 
-398.51245641182277 
-398.51263315890844 
-398.5127802138554 
-398.5129370809204 
-398.51310492946527 
-398.51325480864176 
-398.51341018144205 
-398.5135344188105 
-398.51369461809327 
-398.51381196137953 
-398.5139749802251 
-398.5141086283158 
-398.5142546422464 
-398.51437734536637 
-398.51450514836455 
-398.514634936751 
-398.5147467763038 
-398.5148617605723 
-398.5149489713391 
-398.51505161185116 
-398.51512697028596 
-398.51523137930803 
-398.51530753030227 
-398.5153818569056 
-398.51544584906077 
-398.5155096988464 
-398.5155663156592 
-398.51561042311477 
-398.51565509096247 
-398.51568553742806 
-398.51571403297356 
-398.5157340451847 
-398.51576134671524 
-398.51577661657313 
-398.5157874369126 
-398.51579598523205 
-398.5158043211804 
-398.5158087874263 
-398.5158113477453 
-398.51581321054726 
-398.5158140117569 
-398.5158140119821 
-398.51581401198223 
-398.51581401198183 
-398.5158140119846 
-398.51581401198075 
-398.5158140119848 
-398.51581401198354 
-398.51581401198234 
-398.5158140119816 
-398.51581401198104 
-398.51581401502153 
-398.5158140227906 
-398.51581403885643 
-398.51581405949884 
-398.5158140984294 
-398.51581415624634 
-398.5158142218358 
-398.5158143192449 
-398.51581449993785 
-398.51581469670947 
-398.5158149189305 
-398.51581524319437 
-398.5158156830635 
-398.51581616372704 
-398.5158167460601 
-398.51581754460284 
-398.5158184405422 
-398.5158192550046 
-398.5158204825988 
-398.5158221226106 
-398.51582360579823 
-398.5158251354181 
-398.5158272369176 
-398.5158294830433 
-398.51583171745216 
-398.5158343197191 
-398.51583773680994 
-398.5158410171949 
-398.515843873356 
-398.51584826074674 
-398.5158534165987 
-398.5158575740965 
-398.5158618470805 
-398.51586759971667 
-398.5158731903258 
-398.51587823851145 
-398.5158840092273 
-398.51589169213054 
-398.5158984116086 
-398.5159041965308 
-398.51591290187093 
-398.51592279374285 
-398.5159301918325 
-398.51593801390817 
-398.5159485091606 
-398.51595812234007 
-398.5159662010092 
-398.5159754509657 
-398.515988413565 
-398.51599920313924 
-398.516008711836 
-398.5160233820523 
-398.5160422102975 
-398.5160676798382 
-398.5160704788306 
-398.5160720680734 
-398.5160734006884 
-398.51607451987894 
-398.51607538194327 
-398.5160760631057 
-398.51607676658045 
-398.5160773546653 
-398.5160778479639 
-398.5160782876405 
-398.5160787347556 
-398.51607913290746 
-398.5160794531594 
-398.5160797690782 
-398.5160800425814 
-398.5160802991718 
-398.5160805287357 
-398.51608074510904 
-398.5160809416197 
-398.51608111826965 
-398.51608126649063 
-398.5160814218318 
-398.51608156438465 
-398.516081673851 
-398.5160817759615 
-398.51608186412557 
-398.5160819469838 
-398.5160820165639 
-398.5160820778152 
-398.51608212867274 
-398.51608217354755 
-398.5160822060651 
-398.5160822399517 
-398.51608226872304 
-398.51608228827024 
-398.51608230398307 
-398.5160823171473 
-398.51608232766006 
-398.51608233500633 
-398.5160823407389 
-398.5160823447317 
-398.51608234764495 
-398.5160823493248 
-398.5160823506592 
-398.5160823515049 
-398.51608235196255 
-398.516082352237 
-398.5160823523972 
-398.51608235246607 
-398.5160823524847 
-398.5160823524849 
-398.516082352486 
-398.5160823524869 
-398.5160823524861 
-398.51608235248625 
-398.5160823524854 
-398.5160823524849 
-398.5160823524854 
-398.516082352486 
-398.5160823524864 
-398.5160823524867 
-398.5160823524859 
-398.516082352486 
-398.51608235248574 
-398.5160823524874 
-398.5160823524901 
-398.5160823524929 
-398.51608235249677 
-398.51608235250376 
-398.5160823525131 
-398.51608235252525 
-398.5160823525436 
-398.516082352568 
-398.51608235260056 
-398.5160823526412 
-398.5160823526923 
-398.5160823527681 
-398.51608235284874 
-398.516082352956 
-398.5160823530844 
-398.5160823532561 
-398.51608235345833 
-398.5160823536974 
-398.51608235400835 
-398.51608235433474 
-398.5160823547371 
-398.5160823552057 
-398.5160823558223 
-398.51608235641055 
-398.5160823571235 
-398.51608235792133 
-398.51608235889415 
-398.51608235990494 
-398.51608236104533 
-398.51608236238314 
-398.5160823637315 
-398.5160823652166 
-398.51608236683603 
-398.51608236875836 
-398.51608237052426 
-398.51608237254317 
-398.51608237474676 
-398.51608237710843 
-398.51608237951257 
-398.516082382079 
-398.51608238484465 
-398.51608238750714 
-398.5160823902743 
-398.5160823930581 
-398.51608239585124 
-398.51608239850515 
-398.5160824010141 
-398.5160824033717 
-398.5160824044552 
-398.5160824945805 
-398.5160826199572 
-398.51608277253956 
-398.5160829336899 
-398.51608310047214 
-398.51608327064065 
-398.5160834568087 
-398.51608363827546 
-398.5160838113296 
-398.5160839907572 
-398.5160841798223 
-398.5160843436499 
-398.5160845256388 
-398.5160847118057 
-398.51608487920936 
-398.5160850366133 
-398.5160851897009 
-398.5160853486617 
-398.51608549173244 
-398.5160856228136 
-398.5160857481802 
-398.5160858723184 
-398.5160859723108 
-398.51608608160683 
-398.51608618846456 
-398.5160862750308 
-398.5160863505322 
-398.51608642160426 
-398.51608649060057 
-398.51608654740585 
-398.5160865973989 
-398.51608664010377 
-398.5160866790339 
-398.51608670705855 
-398.5160867362361 
-398.51608676129536 
-398.516086779389 
-398.51608679310084 
-398.5160868051952 
-398.5160868150196 
-398.5160868217957 
-398.5160868268704 
-398.5160868306032 
-398.5160868333637 
-398.5160868349709 
-398.5160868362255 
-398.5160868370214 
-398.5160868374602 
-398.5160868377271 
-398.51608683788373 
-398.51608683795143 
-398.5160868379692 
-398.5160868379691 
-398.5160868379686 
-398.5160868379703 
-398.5160868379714 
-398.51608683797093 
-398.5160868379715 
-398.51608683796957 
-398.5160868379724 
-398.51608683797184 
-398.5160868379721 
-398.516086837971 
-398.51608683796934 
-398.5160868379689 
-398.51608683796945 
-398.51608683797116 
-398.5160868379731 
-398.5160868379756 
-398.516086837981 
-398.5160868379869 
-398.51608683799793 
-398.5160868380097 
-398.5160868380271 
-398.5160868380525 
-398.5160868380835 
-398.5160868381229 
-398.5160868381738 
-398.5160868382477 
-398.51608683832904 
-398.5160868384342 
-398.5160868385649 
-398.5160868387372 
-398.5160868389386 
-398.5160868391768 
-398.51608683948496 
-398.51608683980515 
-398.5160868402036 
-398.51608684066485 
-398.51608684128416 
-398.51608684187977 
-398.5160868425774 
-398.51608684337856 
-398.5160868443598 
-398.5160868453721 
-398.5160868464871 
-398.51608684783304 
-398.51608684913435 
-398.516086850597 
-398.5160868522182 
-398.51608685425015 
-398.51608685602594 
-398.5160868580142 
-398.51608686027186 
-398.51608686271084 
-398.5160868650914 
-398.51608686764837 
-398.516086870494 
-398.5160868731616 
-398.5160868759441 
-398.5160868789351 
-398.5160868823207 
-398.5160868852429 
-398.5160868883938 
-398.51608689188276 
-398.51608689524613 
-398.51608689849263 
-398.51608690175607 
-398.5160869034545 
-398.5160869044889 
-398.5160869051653 
-398.5160869055675 
-398.51608690593 
-398.51608690625176 
-398.5160869064297 
-398.51608690652535 
-398.51608690666257 
-398.5160869067934 
-398.51608690679603 
-398.5160869068071 
-398.51608690687226 
-398.51608690687664 
-398.51608690682525 
-398.5160869067863 
-398.51608690679814 
-398.51608690673487 
-398.5160869066572 
-398.5160869066081 
-398.51608690655996 
-398.51608690647856 
-398.5160869063926 
-398.51608690634623 
-398.51608690626773 
-398.5160869061897 
-398.5160869061078 
-398.516086906047 
-398.51608690597226 
-398.5160869059023 
-398.5160869058382 
-398.51608690577854 
-398.51608690572476 
-398.51608690566553 
-398.51608690562523 
-398.51608690558095 
-398.516086905545 
-398.5160869055077 
-398.5160869054802 
-398.5160869054556 
-398.51608690543355 
-398.5160869054172 
-398.51608690540405 
-398.5160869053943 
-398.5160869053861 
-398.51608690537944 
-398.51608690537597 
-398.5160869053724 
-398.5160869053705 
-398.51608690536955 
-398.5160869053691 
-398.5160869053701 
-398.51608690537057 
-398.5160869053715 
-398.5160869053727 
-398.51608690537245 
-398.5160869053692 
-398.51608690537313 
-398.5160869053718 
-398.5160869053717 
-398.5160869053699 
-398.5160869053692 
-398.5160869053694 
-398.5160869053685 
-398.5160869053701 
-398.516086905372 
-398.51608690537535 
-398.51608690537995 
-398.51608690538615 
-398.5160869053944 
-398.5160869054035 
-398.5160869054167 
-398.5160869054329 
-398.51608690545453 
-398.51608690547823 
-398.5160869055063 
-398.51608690554406 
-398.5160869055795 
-398.5160869056247 
-398.51608690566604 
-398.516086905727 
-398.5160869057838 
-398.5160869058465 
-398.5160869059161 
-398.5160869059894 
-398.51608690607185 
-398.51608690613983 
-398.5160869062355 
-398.51608690632344 
-398.5160869064169 
-398.51608690648374 
-398.5160869065933 
-398.5160869066991 
-398.51608690677483 
-398.5160869068635 
-398.5160869069804 
-398.516086907092 
-398.5160869071283 
-398.516086907237 
-398.51608690735173 
-398.5160869074295 
-398.51608690745974 
-398.516086907557 
-398.5160869076718 
-398.51608690768694 
-398.5160869077298 
-398.51608690783047 
-398.5160869078962 
-398.51608690786196 
-398.5160869079073 
-398.51608690798577 
-398.51608690799435 
-398.51608690795064 
-398.51608690797804 
-398.5160869080699 
-398.5160869080312 
-398.51608690804153 
-398.51608690813094 
-398.51608690817307 
-398.51608690813856 
-398.51608690815004 
-398.5160869082305 
-398.51608690821956 
-398.51608690816994 
-398.5160869081812 
-398.5160869082176 
-398.51608690815215 
-398.51608690810104 
-398.5160869081173 
-398.5160869080823 
-398.516086908003 
-398.5160869079382 
-398.51608690793114 
-398.51608690785434 
-398.51608690776266 
-398.516086907703 
-398.51608690764743 
-398.5160869075622 
-398.5160869074697 
-398.5160869074205 
-398.5160869073383 
-398.51608690725925 
-398.51608690717666 
-398.5160869071158 
-398.5160869070413 
-398.5160869069695 
-398.51608690690523 
-398.51608690684606 
-398.5160869067923 
-398.5160869067332 
-398.5160869066915 
-398.516086906647 
-398.5160869066115 
-398.51608690657434 
-398.5160869065477 
-398.5160869065238 
-398.5160869065028 
-398.5160869064848 
-398.5160869064725 
-398.51608690646384 
-398.5160869064554 
-398.5160869064494 
-398.51608690644554 
-398.51608690644287 
-398.51608690644105 
-398.51608690643917 
-398.51608690643866 
-398.51608690643906 
-398.5160869064398 
-398.5160869064404 
-398.5160869064401 
-398.5160869064398 
-398.5160869064387 
