2 -0.9682798980074355 
3 0.9679070890805638 
4 -0.967798514675924 
5 0.9677913124068515 
6 -0.967791384399472 
7 0.967791583051229 
8 -0.9677916388026524 
9 0.9677916476339947 
10 -0.9677916536954904 
11 0.9677916486099432 
12 -0.9677916482599236 
13 0.9677916479999124 
14 -0.9677916480179378 
15 0.9677916486506278 
16 -0.9677916153831405 
17 0.9677916434552822 
18 -0.9677916478782203 
19 0.9677916480401438 
20 -0.9677916481996892 
21 0.9677916493982427 
22 -0.9677916483468223 
23 0.9677916482142717 
24 -0.9677916483944128 
25 0.9677916482578321 
26 -0.9677916485474497 
27 0.9677916482863613 
28 -0.9677916475354056 
29 0.9677916479734886 
30 -0.9677916482037288 
31 0.9677916481598748 
32 -0.9677916516627674 
33 0.9677916500259204 
34 -0.9677916482868855 
35 0.9677916460877081 
36 -0.9677916501298451 
37 0.967791648504241 
38 -0.9677916485095699 
39 0.9677916483952157 
40 -0.9677916482349483 
41 0.9677916482644915 
42 -0.967791648567288 
43 0.9677916483212634 
44 -0.9677916483050492 
45 0.9677916482633706 
46 -0.967791647779519 
47 0.9677916481999154 
48 -0.9677916482372946 
49 0.9677916482393327 
50 -0.967791648229811 
51 0.967791648189948 
52 -0.9677916482431316 
53 0.9677916483453485 
54 -0.9677916482628061 
55 0.9677916482303619 
56 -0.9677916486154903 
57 0.9677916482725492 
58 -0.9677916482192719 
59 0.9677916482018418 
60 -0.967791648187769 
61 0.9677916482383156 
62 -0.9677916482291872 
63 0.9677916482614509 
64 -0.9677916483126006 
65 0.9677916480579116 
66 -0.9677916521279166 
67 0.9677916475831603 
68 -0.9677916469900021 
69 0.9677916481156087 
70 -0.9677916482213071 
71 0.9677916482396149 
72 -0.9677916481547264 
73 0.9677916481769752 
74 -0.967791647951017 
75 0.9677916462822268 
76 -0.9677917722239735 
77 0.967791668643009 
78 -0.9677916482434852 
79 0.9677916485092635 
80 -0.967791648380895 
81 0.9677916461118622 
82 -0.9677916350110567 
83 0.9677916416550032 
84 -0.9677916477990987 
85 0.9677916487146779 
86 -0.967791648171153 
87 0.9677916482250899 
88 -0.967791648217676 
89 0.9677916482912471 
90 -0.967791647406965 
91 0.9677916479886731 
92 -0.9677916497017767 
93 0.9677916482879817 
94 -0.9677916496296762 
95 0.9677916483468549 
96 -0.9677916480982093 
97 0.9677916482327504 
98 -0.9677916497530841 
99 0.9677916483072855 
100 -0.9677916482638338 
101 0.9677916483423391 
102 -0.9677916481994265 
103 0.9677916517619757 
104 -0.9677916495513081 
105 0.9677916483579407 
106 -0.9677916479695003 
107 0.9677916541369307 
108 -0.967791648812223 
109 0.9677916482916957 
110 -0.9677916482126084 
111 0.9677916482251568 
112 -0.9677916482468193 
113 0.9677916493404716 
114 -0.9677916482620572 
115 0.9677916482206662 
116 -0.9677916484892524 
117 0.9677916483584833 
118 -0.9677916499706282 
119 0.9677916489402046 
120 -0.9677916481592674 
121 0.9677917445243354 
122 -0.9677916673803264 
123 0.9677916497650269 
124 -0.9677916485091048 
125 0.9677916482494375 
126 -0.9677916482741954 
127 0.9677916463542577 
128 -0.9677916479361085 
129 0.9677916481328489 
130 -0.9677916496858459 
131 0.9677916484286113 
132 -0.9677916481819421 
133 0.9677916504425043 
134 -0.9677916484833895 
135 0.9677916464478978 
136 -0.9677916481360468 
137 0.9677916482642066 
138 -0.9677916474713304 
139 0.9677916494399477 
140 -0.9677916483090624 
141 0.9677916483109043 
142 -0.9677916482150889 
143 0.9677916481454556 
144 -0.9677916482082091 
145 0.967791647733066 
146 -0.9677916483172049 
147 0.96779164825318 
148 -0.967791648240896 
149 0.967791648194614 
150 -0.9677916489578611 
151 0.9677916470463099 
152 -0.9677916608665433 
153 0.9677916499235921 
154 -0.9677916484489689 
155 0.9677916482618435 
156 -0.9677916482995772 
157 0.9677916484039157 
158 -0.9677916512567961 
159 0.9677916479868955 
160 -0.9677916482800859 
161 0.9677916557207402 
162 -0.9677916487042263 
163 0.9677916483860073 
164 -0.9677916488121463 
165 0.9677916481356477 
166 -0.9677916472354609 
167 0.9677916522860291 
168 -0.9677916483268214 
169 0.9677916481657148 
170 -0.9677916480435895 
171 0.9677916482001161 
172 -0.9677916482323108 
173 0.9677916482346056 
174 -0.9677916482394936 
175 0.9677916482379572 
176 -0.9677916482269888 
177 0.9677916482477035 
178 -0.9677916478359414 
179 0.9677916482243021 
180 -0.9677916482403425 
181 0.9677916482059858 
182 -0.9677916490150366 
183 0.9677916483376142 
184 -0.9677916482888836 
185 0.9677916529273677 
186 -0.9677916480178095 
187 0.967791647235124 
188 -0.9677916601558579 
189 0.9677916493635764 
190 -0.9677916475836463 
191 0.9677916358833296 
192 -0.9677915826350062 
193 0.9677913843891169 
194 -0.9677913114210956 
195 0.9677985145808929 
196 -0.9679070890955781 
197 0.9682798980251063 
