-29500.161963679344 
-29502.84496408453 
-29506.511923453458 
-29507.12921626452 
-29509.70045378865 
-29513.26703858347 
-29514.588959540484 
-29516.043752386606 
-29520.386984823526 
-29522.96535803333 
-29523.63343453443 
-29527.242439727957 
-29530.72432017808 
-29531.33345703189 
-29534.421013048024 
-29537.79763935231 
-29538.80547901348 
-29540.955977702735 
-29545.021064641154 
-29547.082783831112 
-29547.931452807607 
-29551.889536481773 
-29554.99983570806 
-29555.555559996003 
-29558.83478931042 
-29562.10109370098 
-29562.926243271184 
-29565.712671549845 
-29569.394959374207 
-29571.154484507773 
-29572.139550096515 
-29575.98459484448 
-29578.551236648298 
-29579.161882100692 
-29582.734731851462 
-29586.278272452626 
-29586.962161428568 
-29590.306278669097 
-29593.735438367043 
-29595.190798333406 
-29596.378573372105 
-29600.375414304315 
-29602.78597088642 
-29603.42698651107 
-29606.762899839672 
-29610.28522830825 
-29610.849245328838 
-29613.838810704066 
-29617.42726176906 
-29618.598404556677 
-29620.687925426195 
-29624.563008713103 
-29628.12957734367 
-29629.548659871758 
-29635.16069426022 
-29640.046474982875 
-29646.020049381277 
-29646.020049381303 
-29646.020049381324 
-29646.02004938135 
-29646.02004938125 
-29646.24389335573 
-29646.42108453311 
-29646.59375738747 
-29646.74491907996 
-29646.93964120236 
-29647.164430823264 
-29647.306594961923 
-29647.512388431445 
-29647.702710636844 
-29647.887662496858 
-29648.04084249565 
-29648.23776098735 
-29648.385990115974 
-29648.538261085454 
-29648.7629742405 
-29648.93012747867 
-29649.0725762151 
-29649.271900769178 
-29649.4872298554 
-29649.639310484603 
-29649.813017665638 
-29650.059008579366 
-29650.222525938054 
-29650.40492720436 
-29650.666645407167 
-29650.841719466196 
-29651.00292770995 
-29651.238588072203 
-29651.468209048282 
-29651.63824104386 
-29651.854099795983 
-29652.08743273887 
-29652.252652838528 
-29652.40273574358 
-29652.693567008006 
-29652.86235764243 
-29653.025889744516 
-29653.298387709594 
-29653.518470137842 
-29653.695730051302 
-29653.941021549505 
-29654.150818670827 
-29654.337621099683 
-29654.503570564873 
-29654.775869801644 
-29654.94070878995 
-29655.09356974728 
-29655.357830218247 
-29655.545810188047 
-29655.703462623787 
-29655.90594730365 
-29656.057935086417 
-29656.22112135276 
-29656.319573584573 
-29656.31957358461 
-29657.15628456511 
-29660.891737845195 
-29664.261262519525 
-29664.88042288403 
-29668.567025382054 
-29671.841443745783 
-29672.818577020214 
-29674.93143793361 
-29679.05223116699 
-29681.087331209023 
-29681.883608580327 
-29685.75171670601 
-29688.8076555797 
-29689.34410426578 
-29693.017399611326 
-29696.17189281541 
-29696.978459760543 
-29699.60750079922 
-29703.48044125033 
-29705.20775604032 
-29706.16903317385 
-29710.20367070453 
-29713.017742696553 
-29713.543039846303 
-29717.14223392284 
-29720.25160979544 
-29720.96710247804 
-29724.08557181415 
-29727.641117110674 
-29729.19725094355 
-29730.256262114686 
-29734.11440346892 
-29736.539638893817 
-29737.154728843623 
-29740.90781977228 
-29744.31857555717 
-29744.94558025192 
-29748.515004828772 
-29751.868158546473 
-29753.207913398044 
-29754.454865439227 
-29758.446806425494 
-29760.758310193978 
-29761.406067465523 
-29764.83717201748 
-29768.289854125676 
-29768.827639346546 
-29771.920600249035 
-29775.481063569332 
-29776.598004978023 
-29778.765781602422 
-29782.609312227727 
-29786.074917131486 
-29787.52393256384 
-29793.116000264647 
-29798.018525180312 
-29803.929181247495 
-29803.92918124761 
-29803.92918124749 
-29803.929181247535 
-29803.929181247542 
-29804.15271470618 
-29804.330495119826 
-29804.50250436409 
-29804.65487700008 
-29804.84642108111 
-29805.071269848828 
-29805.21395997273 
-29805.41377444608 
-29805.60472426453 
-29805.785501046685 
-29805.933247142486 
-29806.130821802937 
-29806.276444869236 
-29806.42957563034 
-29806.650074300076 
-29806.819905046104 
-29806.96179276217 
-29807.150639250067 
-29807.367419614082 
-29807.516931173297 
-29807.67807712752 
-29807.92190378282 
-29808.078070331914 
-29808.26079713797 
-29808.51586965445 
-29808.695227939872 
-29808.8567226899 
-29809.073479383536 
-29809.30627369223 
-29809.47367885819 
-29809.665969590988 
-29809.904491469806 
-29810.059560839116 
-29810.20340122698 
-29810.483528341338 
-29810.65418823761 
-29810.818300678526 
-29811.064321382208 
-29811.293297965345 
-29811.46907736458 
-29811.68387280606 
-29811.909286151742 
-29812.077562390277 
-29812.229162159958 
-29812.519687055596 
-29812.688987978283 
-29812.855248929573 
-29813.130704438452 
-29813.3641988043 
-29813.54644328205 
-29813.797206954696 
-29814.044614763694 
-29814.240177615568 
-29814.43184765735 
-29814.792729293185 
-29815.021942024658 
-29815.645110425743 
-29815.77569351914 
-29815.846648242474 
-29815.907595681674 
-29815.951589071126 
-29816.009514629637 
-29816.06986013312 
-29816.10555424333 
-29816.163073350825 
-29816.220014597602 
-29816.258863355444 
-29816.303927816447 
-29816.3609634593 
-29816.405455631626 
-29816.4462982871 
-29816.500898644277 
-29816.559146108193 
-29816.595906107723 
-29816.65143500872 
-29816.707954148507 
-29816.744447557146 
-29816.792254262607 
-29816.851571384977 
-29816.89322630957 
-29816.934278583387 
-29816.990407700465 
-29817.046009865117 
-29817.083838087707 
-29817.139119965308 
-29817.194107742336 
-29817.228367995394 
-29817.27894681418 
-29817.331209311033 
-29817.369903088227 
-29817.411112913214 
-29817.4685220927 
-29817.51787807423 
-29817.55477030802 
-29817.605424730762 
-29817.653762355374 
-29817.68459702851 
-29817.734370052807 
-29817.778904473314 
-29817.810827329427 
-29817.852704563044 
-29817.910800552625 
-29817.95719475576 
-29818.01212362034 
-29818.08238292439 
-29818.15027962733 
-29818.221876150033 
-29818.280974998797 
-29818.34648984445 
-29818.37648454065 
-29818.376484540688 
-29818.376484540706 
-29818.376484540786 
-29818.376484540666 
-29818.376484540742 
-29818.37648454072 
-29818.376484540677 
-29818.376484540604 
-29818.376715505554 
-29818.377609859934 
-29818.379070783423 
-29818.38256378951 
-29818.387494580697 
-29818.39474292363 
-29818.402519576506 
-29818.411762200623 
-29818.423769044457 
-29818.436413304677 
-29818.44668357525 
-29818.457660568074 
-29818.4704334746 
-29818.480642830542 
-29818.489440108773 
-29818.500983582304 
-29818.511278996157 
-29818.520305620157 
-29818.53167683461 
-29818.54286648797 
-29818.55152475587 
-29818.561274225776 
-29818.5720722942 
-29818.58044152216 
-29818.588746022455 
-29818.599645268398 
-29818.608369301437 
-29818.617268179874 
-29818.628529767753 
-29818.638713172477 
-29818.64731023549 
-29818.65777148327 
-29818.668406577908 
-29818.677005504553 
-29818.685957290796 
-29818.697240151545 
-29818.705546170564 
-29818.71474850512 
-29818.726572209183 
-29818.736141406163 
-29818.744958942374 
-29818.755114354877 
-29818.764916523443 
-29818.772775311467 
-29818.78091337537 
-29818.790441194375 
-29818.797084865455 
-29818.80377422558 
-29818.811300211044 
-29818.816057479653 
-29818.8196782755 
-29818.822601491087 
-29818.82260149106 
-29818.876304877624 
-29818.913993077735 
-29818.96033648469 
-29819.027432138933 
-29819.076039988682 
-29819.120965173868 
-29819.183637271482 
-29819.248023421853 
-29819.28726712885 
-29819.35288089197 
-29819.418920428376 
-29819.458248239833 
-29819.51141148585 
-29819.58319141261 
-29819.629526224115 
-29819.67548601378 
-29819.741561306982 
-29819.803769354585 
-29819.84418032974 
-29819.910165202466 
-29819.976036653672 
-29820.013748170233 
-29820.07139159944 
-29820.14209889497 
-29820.18624444803 
-29820.23251260669 
-29820.298697964743 
-29820.357094075247 
-29820.3991551561 
-29820.461847595896 
-29820.522883153568 
-29820.5587255115 
-29820.617408875674 
-29820.67671444836 
-29820.71740608776 
-29820.76212020981 
-29820.8272114553 
-29820.878463383062 
-29820.91834794183 
-29820.973245003166 
-29821.02451656318 
-29821.05677036789 
-29821.111712829686 
-29821.1598652665 
-29821.193095927993 
-29821.237101988783 
-29821.300399131465 
-29821.34837598432 
-29821.4065814856 
-29821.48323633972 
-29821.554987308828 
-29821.631632756613 
-29821.695766759192 
-29821.76705200781 
-29821.7996873349 
-29821.799687334948 
-29821.799687335 
-29821.799687334966 
-29821.79968733496 
-29821.799687334933 
-29821.79968733499 
-29821.79968733496 
-29821.79968733491 
-29821.79992857411 
-29821.80087442099 
-29821.80240704781 
-29821.80613365213 
-29821.81125463189 
-29821.818943062663 
-29821.82725342451 
-29821.836808145068 
-29821.849781292076 
-29821.8638290783 
-29821.874961220743 
-29821.88690183634 
-29821.901525677622 
-29821.912831200894 
-29821.922438850055 
-29821.935305933603 
-29821.94689370965 
-29821.956467983375 
-29821.96921412863 
-29821.982082984403 
-29821.991524489298 
-29822.002113695402 
-29822.015196480646 
-29822.024374411147 
-29822.03341353479 
-29822.04612181888 
-29822.056130821486 
-29822.065437387493 
-29822.078248652728 
-29822.090163208133 
-29822.098981163286 
-29822.11088738203 
-29822.12463736365 
-29822.133801771946 
-29822.143918167254 
-29822.158716421454 
-29822.16875629577 
-29822.178883599776 
-29822.194215402917 
-29822.206668539493 
-29822.21631645901 
-29822.2302051269 
-29822.245294329074 
-29822.254906378326 
-29822.26687326691 
-29822.285159204454 
-29822.295935462666 
-29822.308155675124 
-29822.327997486576 
-29822.342814495914 
-29822.355505431828 
-29822.376105441064 
-29822.397605335223 
-29822.41394917224 
-29822.465956593674 
-29822.472687854108 
-29822.480310708084 
-29822.486547439286 
-29822.490934863228 
-29822.495603742176 
-29822.50067957383 
-29822.504368867434 
-29822.507971643223 
-29822.512364808677 
-29822.515765284534 
-29822.518989372984 
-29822.523076984904 
-29822.52661809547 
-29822.529781642308 
-29822.533353702645 
-29822.537080590126 
-29822.54026142344 
-29822.54344905024 
-29822.547396295435 
-29822.55051110773 
-29822.55349675237 
-29822.557634573972 
-29822.560953283704 
-29822.564135855566 
-29822.56774128639 
-29822.571359104633 
-29822.574594924517 
-29822.577928457544 
-29822.58180153108 
-29822.584978799314 
-29822.588090500976 
-29822.59218393721 
-29822.5953678672 
-29822.598543946806 
-29822.60267481896 
-29822.60646224179 
-29822.610046279042 
-29822.614250558585 
-29822.61859969732 
-29822.622396297018 
-29822.626601824737 
-29822.63165983562 
-29822.63541750621 
-29822.63888889546 
-29822.64248273931 
-29822.645283663478 
-29822.64747727211 
-29822.64861888647 
-29822.64909272018 
-29822.649264699794 
-29822.649302526977 
-29822.64930234786 
-29822.64930234786 
-29822.649302347872 
-29822.649302347832 
-29822.64930234787 
-29822.64930234785 
-29822.64930234789 
-29822.64930234787 
-29822.649302347905 
-29822.64930234791 
-29822.649302347952 
-29822.649302527127 
-29822.64930364477 
-29822.649305376846 
-29822.64930960585 
-29822.64931597168 
-29822.649326675797 
-29822.649346926155 
-29822.649379341226 
-29822.64942342067 
-29822.649484534693 
-29822.649575881012 
-29822.64969488764 
-29822.649835253822 
-29822.650002519516 
-29822.650220149408 
-29822.650463604103 
-29822.650720688376 
-29822.651022535112 
-29822.651333407473 
-29822.65163989252 
-29822.651990265684 
-29822.652341024343 
-29822.6527012803 
-29822.65306188836 
-29822.65342977806 
-29822.65381929378 
-29822.654201154935 
-29822.654594735934 
-29822.654986935955 
-29822.655355054256 
-29822.655750122933 
-29822.656116836777 
-29822.656477711498 
-29822.656852047243 
-29822.657196264354 
-29822.65755560788 
-29822.657907305336 
-29822.65824289535 
-29822.658584022647 
-29822.65889406351 
-29822.659211430102 
-29822.659508124474 
-29822.65978429223 
-29822.660072271417 
-29822.66032205348 
-29822.660554251448 
-29822.660785899683 
-29822.660987132684 
-29822.661168334504 
-29822.66131766027 
-29822.66145760799 
-29822.66152938061 
-29822.66298770353 
-29822.664565706124 
-29822.666324179274 
-29822.66838668833 
-29822.670448575765 
-29822.67243979759 
-29822.674588103768 
-29822.676848716896 
-29822.678898756894 
-29822.680995715855 
-29822.683241555587 
-29822.685284357114 
-29822.68729063819 
-29822.68965078959 
-29822.69181539 
-29822.69390159614 
-29822.696132879206 
-29822.69852176341 
-29822.700714337352 
-29822.70296384457 
-29822.705467561776 
-29822.707748355446 
-29822.70990359644 
-29822.712592876243 
-29822.714968396554 
-29822.717350633204 
-29822.72000109718 
-29822.7226924441 
-29822.72521013481 
-29822.72785108613 
-29822.73071074795 
-29822.73328675449 
-29822.73584760619 
-29822.739039429063 
-29822.741704667835 
-29822.74441306879 
-29822.74798004107 
-29822.75121833113 
-29822.754362919284 
-29822.758123181116 
-29822.761844470093 
-29822.76522468779 
-29822.769027621976 
-29822.77341329383 
-29822.776777010506 
-29822.77989216901 
-29822.782984691607 
-29822.785396061983 
-29822.787257013202 
-29822.78823512709 
-29822.788640305767 
-29822.788785367244 
-29822.78881791302 
-29822.788817730354 
-29822.788817730343 
-29822.788817730365 
-29822.78881773041 
-29822.788817730496 
-29822.788817730347 
-29822.788817730536 
-29822.788817730372 
-29822.788817730296 
-29822.78881773024 
-29822.788817730234 
-29822.788817912828 
-29822.78881905415 
-29822.788820826678 
-29822.788825147043 
-29822.788831594968 
-29822.78884201728 
-29822.788861740464 
-29822.788892913894 
-29822.788934938286 
-29822.788993733157 
-29822.789080032846 
-29822.78919527731 
-29822.78932962793 
-29822.78948800957 
-29822.789695437248 
-29822.789923952838 
-29822.790167048017 
-29822.79045322988 
-29822.79074837422 
-29822.79104060001 
-29822.791365330126 
-29822.79169444417 
-29822.79202913326 
-29822.792358910843 
-29822.792704439704 
-29822.793056728027 
-29822.793408043228 
-29822.793772414814 
-29822.794128611982 
-29822.794468486816 
-29822.794815874102 
-29822.795149404366 
-29822.795474349612 
-29822.79580245401 
-29822.79612012713 
-29822.79644436891 
-29822.796771841415 
-29822.797098668674 
-29822.797402549986 
-29822.797705345707 
-29822.79801826256 
-29822.79831134863 
-29822.7986060822 
-29822.798909671088 
-29822.799197844968 
-29822.799493318536 
-29822.79981110889 
-29822.800122639863 
-29822.800431370717 
-29822.800754874257 
-29822.801095413524 
-29822.801438458566 
-29822.801810313635 
-29822.80221235771 
-29822.802483709595 
-29822.802697836334 
-29822.802868659022 
-29822.80300920079 
-29822.803134201517 
-29822.803251610083 
-29822.803349177015 
-29822.803441603988 
-29822.803536244333 
-29822.803619717168 
-29822.80370210681 
-29822.80378460551 
-29822.803863124696 
-29822.803941981634 
-29822.80401932058 
-29822.804097626205 
-29822.804175110374 
-29822.804252864396 
-29822.804331679272 
-29822.804407729727 
-29822.804483709435 
-29822.804562012767 
-29822.804638918642 
-29822.80471655389 
-29822.804794272302 
-29822.804872390505 
-29822.804952728413 
-29822.805029717132 
-29822.80510585828 
-29822.805180399482 
-29822.805252585145 
-29822.805320914358 
-29822.805384376334 
-29822.80544318622 
-29822.80549591737 
-29822.80554447173 
-29822.805586863753 
-29822.805621891664 
-29822.805650811813 
-29822.805675034884 
-29822.80569100316 
-29822.8057001138 
-29822.80570685408 
-29822.805710584857 
-29822.805708797285 
-29822.805704777762 
-29822.8057016036 
-29822.805697296793 
-29822.805693296155 
-29822.80569154728 
-29822.80569035833 
-29822.805690165576 
-29822.80569016555 
-29822.80569016559 
-29822.805690165696 
-29822.80569016572 
-29822.80569016559 
-29822.805690165646 
-29822.80569016564 
-29822.80569016555 
-29822.805690165525 
-29822.805690165518 
-29822.805690358244 
-29822.80569154962 
-29822.805693328453 
-29822.805697456508 
-29822.80570221604 
-29822.805706445357 
-29822.80571266804 
-29822.80571885376 
-29822.80572268201 
-29822.805725853923 
-29822.805730356726 
-29822.80573382773 
-29822.805734813905 
-29822.805737165603 
-29822.805740887 
-29822.805742737 
-29822.805745034053 
-29822.805749145482 
-29822.805752726912 
-29822.805756800335 
-29822.805761351105 
-29822.805767154376 
-29822.805772736672 
-29822.805778207676 
-29822.805786966255 
-29822.805793281597 
-29822.80580058439 
-29822.805810058617 
-29822.80581803647 
-29822.8058266711 
-29822.805836201485 
-29822.80584551332 
-29822.805854460777 
-29822.805863559675 
-29822.805873612375 
-29822.805882384106 
-29822.805890754917 
-29822.80590140126 
-29822.805909456456 
-29822.805917604495 
-29822.805926951307 
-29822.805935256245 
-29822.80594252595 
-29822.805951102502 
-29822.805959263234 
-29822.80596615084 
-29822.80597384178 
-29822.805982239945 
-29822.80598947878 
-29822.80599709135 
-29822.806007828247 
-29822.80601861234 
-29822.80603525927 
-29822.806057782163 
-29822.80608364447 
-29822.806110596266 
-29822.806140841876 
-29822.806173134224 
-29822.80620534192 
-29822.806239034893 
-29822.806275189163 
-29822.80630988693 
-29822.806344775287 
-29822.80638262187 
-29822.80641914788 
-29822.80645610507 
-29822.806496570563 
-29822.80653734301 
-29822.80657814901 
-29822.806622804394 
-29822.80666945191 
-29822.80671592617 
-29822.806762322372 
-29822.80681117211 
-29822.80686039072 
-29822.806910190622 
-29822.80696348415 
-29822.807017308794 
-29822.807071803454 
-29822.8071299949 
-29822.80718972483 
-29822.807247372468 
-29822.807305720868 
-29822.80736423856 
-29822.807420380577 
-29822.807473796256 
-29822.80752486362 
-29822.80757221062 
-29822.807614184076 
-29822.80765406707 
-29822.80768826902 
-29822.807716049876 
-29822.807739203217 
-29822.807758728937 
-29822.807770897944 
-29822.807777006237 
-29822.80778156977 
-29822.80778352465 
-29822.807780517094 
-29822.807775857855 
-29822.807772312957 
-29822.807767823724 
-29822.80776376783 
-29822.807762003365 
-29822.80776081208 
-29822.80776061922 
-29822.80776061925 
-29822.807760619282 
-29822.807760619296 
-29822.807760619362 
-29822.807760619344 
-29822.807760619366 
-29822.807760619333 
-29822.80776061933 
-29822.807760619326 
-29822.807760619267 
-29822.80776081209 
-29822.80776200467 
-29822.80776378632 
-29822.807767921637 
-29822.807772693148 
-29822.807776931666 
-29822.807783176293 
-29822.80778937707 
-29822.807793198277 
-29822.807796391196 
-29822.807800869698 
-29822.807804307384 
-29822.807805265078 
-29822.807807589434 
-29822.807811267056 
-29822.80781305441 
-29822.8078152973 
-29822.807819298476 
-29822.807822762632 
-29822.80782672767 
-29822.807831122132 
-29822.807836713466 
-29822.807842092134 
-29822.807847272587 
-29822.807855715288 
-29822.807861639565 
-29822.807868585915 
-29822.807877630737 
-29822.807885066064 
-29822.807893285302 
-29822.807902073495 
-29822.807910763593 
-29822.807919087274 
-29822.80792723077 
-29822.807936512378 
-29822.807944559554 
-29822.807952223786 
-29822.80796225345 
-29822.807969568337 
-29822.80797745777 
-29822.807986037296 
-29822.807993773244 
-29822.808000900164 
-29822.8080087828 
-29822.808016600407 
-29822.808023481364 
-29822.808030544726 
-29822.808038406685 
-29822.80804503238 
-29822.808051343214 
-29822.80805945371 
-29822.8080655992 
-29822.808071937034 
-29822.80807831425 
-29822.8080839311 
-29822.808087598285 
-29822.808092059044 
-29822.80809554635 
-29822.808098096106 
-29822.808100476665 
-29822.808102991534 
-29822.808105012784 
-29822.808106377182 
-29822.80810871351 
-29822.808110478178 
-29822.80811153547 
-29822.808113270807 
-29822.808115386026 
-29822.808115734206 
-29822.80811783026 
-29822.808119482466 
-29822.808120636437 
-29822.808121869704 
-29822.80812298301 
-29822.80812436186 
-29822.808125111762 
-29822.808126312135 
-29822.80812801726 
-29822.808127657052 
-29822.808128852514 
-29822.80813047224 
-29822.808129464323 
-29822.808130263667 
-29822.808130289028 
-29822.808129743426 
-29822.808129322817 
-29822.808128604425 
-29822.80812800957 
-29822.808126079588 
-29822.80812547756 
-29822.80812482266 
-29822.808122060822 
-29822.808120179234 
-29822.808119443234 
-29822.80811614791 
-29822.808111614344 
-29822.80810821562 
-29822.808104301537 
-29822.80809795293 
-29822.808091571194 
-29822.80808725778 
-29822.808082441905 
-29822.808078282218 
-29822.80807649246 
-29822.80807529716 
-29822.808075103963 
-29822.80807510399 
-29822.80807510404 
-29822.808075104083 
-29822.808075104127 
-29822.808075104014 
-29822.80807510429 
-29822.808075104098 
-29822.808075104076 
-29822.808075104003 
-29822.80807510402 
-29822.808075297216 
-29822.80807649249 
-29822.80807828214 
-29822.808082442243 
-29822.8080872574 
-29822.80809156984 
-29822.808097951704 
-29822.80810429956 
-29822.80810823457 
-29822.808111631686 
-29822.808116198208 
-29822.808119566227 
-29822.808120405665 
-29822.808122481933 
-29822.808125436553 
-29822.808126388234 
-29822.808127505512 
-29822.808129905043 
-29822.808131153022 
-29822.808132864386 
-29822.80813425199 
-29822.80813599748 
-29822.808137401524 
-29822.808138168337 
-29822.80814080089 
-29822.80814100794 
-29822.80814189718 
-29822.808144161238 
-29822.808144517385 
-29822.808145644838 
-29822.80814690398 
-29822.808147552194 
-29822.808148905195 
-29822.808149858854 
-29822.808150845492 
-29822.808151526784 
-29822.80815176125 
-29822.80815342463 
-29822.80815354341 
-29822.808154173283 
-29822.80815522702 
-29822.8081556269 
-29822.808155781644 
-29822.80815670383 
-29822.808156976997 
-29822.808157320036 
-29822.808157763193 
-29822.80815819855 
-29822.80815847165 
-29822.808158302243 
-29822.80815934514 
-29822.808159407505 
-29822.80815982089 
-29822.808160427223 
-29822.808161330056 
-29822.808161362118 
-29822.80816251687 
-29822.808163543243 
-29822.808164180657 
-29822.808164892765 
-29822.80816607527 
-29822.808167014085 
-29822.80816738699 
-29822.808168837357 
-29822.808169842625 
-29822.80817029882 
-29822.80817137216 
-29822.808172932513 
-29822.808172813016 
-29822.808174347618 
-29822.808175554645 
-29822.80817629427 
-29822.80817708324 
-29822.808177765884 
-29822.808178786257 
-29822.808179146457 
-29822.808180002 
-29822.80818139785 
-29822.808180777283 
-29822.80818170388 
-29822.808183065834 
-29822.80818185412 
-29822.808182441626 
-29822.808182299443 
-29822.808181599798 
-29822.80818104399 
-29822.808180226075 
-29822.808179540352 
-29822.8081775502 
-29822.80817689305 
-29822.808176178853 
-29822.808173390982 
-29822.80817147496 
-29822.808170710843 
-29822.80816740559 
-29822.80816285884 
-29822.808159443826 
-29822.808155524457 
-29822.808149170367 
-29822.808142784706 
-29822.808138470395 
-29822.808133653743 
-29822.80812949376 
-29822.80812770398 
-29822.808126508688 
-29822.808126315504 
-29822.808126315518 
-29822.808126315562 
-29822.80812631562 
-29822.80812631573 
-29822.808126315565 
-29822.808126315776 
-29822.80812631563 
-29822.808126315573 
-29822.80812631556 
-29822.808126315565 
-29822.80812650875 
-29822.80812770403 
-29822.8081294938 
-29822.808133654085 
-29822.808138469907 
-29822.808142783113 
-29822.808149167297 
-29822.808155517258 
-29822.808159452146 
-29822.808162856272 
-29822.808167422158 
-29822.80817078593 
-29822.8081716316 
-29822.80817371329 
-29822.808176670267 
-29822.808177625913 
-29822.808178746935 
-29822.80818114953 
-29822.808182397664 
-29822.808184117104 
-29822.808185509562 
-29822.808187252675 
-29822.808188661584 
-29822.808189442963 
-29822.808192082946 
-29822.808192302975 
-29822.808193200024 
-29822.808195472116 
-29822.8081958187 
-29822.808196971127 
-29822.808198237974 
-29822.808198879353 
-29822.808200278676 
-29822.80820121331 
-29822.80820219577 
-29822.808202900353 
-29822.80820314666 
-29822.80820483197 
-29822.808204956764 
-29822.808205636233 
-29822.808206679187 
-29822.808207112357 
-29822.808207371894 
-29822.80820830871 
-29822.808208626433 
-29822.808209095114 
-29822.80820957933 
-29822.808209993367 
-29822.808210360756 
-29822.808210262305 
-29822.808211145402 
-29822.80821117164 
-29822.80821141452 
-29822.8082116326 
-29822.80821190828 
-29822.80821151749 
-29822.808211895728 
-29822.8082117274 
-29822.808211690444 
-29822.80821142808 
-29822.808211126816 
-29822.808211195137 
-29822.808210483887 
-29822.808210388775 
-29822.808210263473 
-29822.808209429095 
-29822.808209009974 
-29822.80820906446 
-29822.808207653972 
-29822.808207586415 
-29822.808206932055 
-29822.808206291393 
-29822.808205509315 
-29822.808204197616 
-29822.808203796212 
-29822.80820265899 
-29822.808201557844 
-29822.808201360986 
-29822.80819913125 
-29822.808198260725 
-29822.808198044844 
-29822.8081954593 
-29822.808194577032 
-29822.808193038345 
-29822.80819127548 
-29822.808189784428 
-29822.808187923893 
-29822.808186598333 
-29822.8081840947 
-29822.808182880155 
-29822.80818182157 
-29822.80817879573 
-29822.808176624483 
-29822.808175698945 
-29822.808172274454 
-29822.80816766318 
-29822.808164207865 
-29822.808160250454 
-29822.808153878403 
-29822.808147480457 
-29822.808143160295 
-29822.808138341206 
-29822.808134179457 
-29822.808132389146 
-29822.808131193753 
-29822.808131000515 
-29822.80813100047 
-29822.808131000464 
-29822.808131000515 
-29822.80813100052 
-29822.808131000493 
-29822.808131000485 
-29822.808131000464 
-29822.808131000456 
-29822.80813100048 
-29822.80813100047 
-29822.808131193666 
-29822.808132389124 
-29822.808134179428 
-29822.808138341243 
-29822.80814316015 
-29822.8081474801 
-29822.80815387692 
-29822.808160245757 
-29822.80816420191 
-29822.808167647872 
-29822.80817225325 
-29822.80817567102 
-29822.808176581075 
-29822.808178744293 
-29822.808181741704 
-29822.808182768607 
-29822.80818398277 
-29822.80818644191 
-29822.808187728846 
-29822.808189587224 
-29822.808191036173 
-29822.808192763212 
-29822.808194264187 
-29822.808195152575 
-29822.80819766149 
-29822.80819788493 
-29822.808198758223 
-29822.808200930758 
-29822.808201088308 
-29822.808202219676 
-29822.808203268924 
-29822.808203596254 
-29822.80820500008 
-29822.8082057169 
-29822.80820628062 
-29822.808206953465 
-29822.808206988415 
-29822.808208286227 
-29822.808208223312 
-29822.808208643746 
-29822.808209446957 
-29822.808209523962 
-29822.808209655483 
-29822.808210272324 
-29822.808210125804 
-29822.80821052252 
-29822.80821073622 
-29822.808210680494 
-29822.808210975574 
-29822.808210603987 
-29822.808211014406 
-29822.808210830677 
-29822.808210848285 
-29822.808210741383 
-29822.808210811058 
-29822.80821025077 
-29822.80821042176 
-29822.80821006088 
-29822.808209965493 
-29822.808209589242 
-29822.8082091941 
-29822.80820919533 
-29822.808208440718 
-29822.80820827597 
-29822.80820809589 
-29822.808207244514 
-29822.8082067891 
-29822.808206819922 
-29822.808205390746 
-29822.808205289068 
-29822.80820461087 
-29822.808203956876 
-29822.80820316085 
-29822.808201816577 
-29822.80820140684 
-29822.808200254593 
-29822.80819913531 
-29822.808198933042 
-29822.80819668569 
-29822.808195815465 
-29822.80819557934 
-29822.808192990375 
-29822.80819209065 
-29822.808190550157 
-29822.808188783358 
-29822.808187284503 
-29822.808185421014 
-29822.808184093654 
-29822.808181587672 
-29822.808180372936 
-29822.80817931212 
-29822.808176286915 
-29822.808174113714 
-29822.808173184556 
-29822.808169762855 
-29822.80816515223 
-29822.808161695957 
-29822.808157739095 
-29822.808151367095 
-29822.80814496913 
-29822.808140648936 
-29822.808135829935 
-29822.80813166833 
-29822.808129878133 
-29822.808128682715 
-29822.808128489458 
-29822.80812848944 
-29822.808128489505 
-29822.808128489505 
-29822.808128489538 
-29822.808128489516 
