-69.71089554305085 
-69.71089554305088 
-69.71089554305091 
-69.71089554305092 
-69.71089554305085 
-69.71089554305088 
-69.71089554305085 
-69.7108955430508 
-69.7108955430509 
-69.71089554305092 
-69.710895543051 
-69.71089554305121 
-69.71089554305094 
-69.71089554305094 
-69.71089554305095 
-69.71089554305088 
-69.71089554305101 
-69.71089554305097 
-69.71089554305107 
-69.71089554305102 
-69.71089554305102 
-69.7108955430511 
-69.71089554305105 
-69.7108955431442 
-69.7108955431442 
-69.71089554314432 
-69.71089554314494 
-69.7108955431443 
-69.71089554314426 
-69.7108955431443 
-69.71089554314429 
-69.71089554314432 
-69.7108955431443 
-69.7108955431442 
-69.7108955431442 
-69.71089554314432 
-69.71089554314419 
-69.71089554314416 
-69.71089554314416 
-69.71089554314413 
-69.71089554314413 
-69.71089554314459 
-69.71089554314428 
-69.71089554314412 
-69.71089554314415 
-69.71089554314459 
-69.71089554314406 
-69.71089554314418 
-69.71089554314413 
-69.71089554314425 
-69.71089554314412 
-69.71089554314423 
-69.71089554314425 
-69.71089554314419 
-69.71089554314416 
-69.7108955431441 
-69.71089554314408 
