2 -0.9478671052495858 
3 0.9463716388512525 
4 -0.9457317473489304 
5 0.9456875460386743 
6 -0.9457061630366101 
7 0.9457179340382527 
8 -0.9457216907011246 
9 0.945722238714428 
10 -0.9457221488641314 
11 0.9457220629321104 
12 -0.9457220340819654 
13 0.9457220294773864 
14 -0.9457220300761178 
15 0.9457220307362442 
16 -0.9457220309575077 
17 0.945722030988804 
18 -0.9457220309927291 
19 0.9457220309776446 
20 -0.9457220309299074 
21 0.9457220308037556 
22 -0.9457220308970469 
23 0.9457220309595733 
24 -0.94572203096455 
25 0.9457220309729506 
26 -0.9457220309768809 
27 0.9457220309746794 
28 -0.9457220309725902 
29 0.9457220309702812 
30 -0.9457220309703912 
31 0.9457220309712867 
32 -0.9457220309721884 
33 0.9457220309726988 
34 -0.945722030973008 
35 0.9457220309729594 
36 -0.9457220309700962 
37 0.9457220309301958 
38 -0.9457220309400578 
39 0.9457220309883017 
40 -0.9457220309835506 
41 0.9457220309737022 
42 -0.9457220309722939 
43 0.9457220309480371 
44 -0.9457220309958004 
45 0.9457220309728993 
46 -0.9457220309689318 
47 0.9457220309731296 
48 -0.9457220309710552 
49 0.9457220310359805 
50 -0.9457220309640518 
51 0.945722030318328 
52 -0.9457220312707911 
53 0.945722030636634 
54 -0.9457220310960579 
55 0.9457220307038374 
56 -0.9457220309383628 
57 0.9457220310330873 
58 -0.9457220306633554 
59 0.9457220319683028 
60 -0.9457220320512235 
61 0.9457220296323409 
62 -0.9457220304628222 
63 0.9457220316783287 
64 -0.9457220319315515 
65 0.9457220313763172 
66 -0.9457220311668715 
67 0.9457220311162724 
68 -0.945722030932252 
69 0.9457220309095544 
70 -0.9457220309792139 
71 0.9457220309897402 
72 -0.9457220310261001 
73 0.9457220308031473 
74 -0.9457220308053619 
75 0.9457220310445201 
76 -0.9457220309945347 
77 0.9457220309352536 
78 -0.945722031309924 
79 0.9457220310951513 
80 -0.9457220309590315 
81 0.9457220309372762 
82 -0.9457220309645264 
83 0.9457220309709099 
84 -0.9457220309711535 
85 0.9457220309712071 
86 -0.9457220309748529 
87 0.9457220309799476 
88 -0.9457220309798156 
89 0.9457220309107043 
90 -0.9457220307212838 
91 0.9457220303948609 
92 -0.9457220323819318 
93 0.9457220317088375 
94 -0.9457220290375693 
95 0.945722029089503 
96 -0.9457220311114758 
97 0.9457220309391748 
98 -0.945722030846784 
99 0.9457220309633372 
100 -0.9457220309687036 
101 0.9457220309527856 
102 -0.9457220310668853 
103 0.9457220308087969 
104 -0.9457220307203539 
105 0.9457220302360236 
106 -0.9457220294753659 
107 0.9457220339639528 
108 -0.9457220628029315 
109 0.9457221488089302 
110 -0.9457222385382258 
111 0.9457216904243511 
112 -0.945717934056244 
113 0.94570616302983 
114 -0.9456875460923596 
115 0.9457317473580923 
116 -0.9463716388582336 
117 0.9478671052443692 
