0.0 
-168.72263576871003 
-168.73103286021524 
-168.7310349415443 
-168.7394271156055 
-168.73942919830307 
-168.74782124494803 
-168.74782332792424 
-168.7562154093298 
-168.75621749270536 
-168.76460960916523 
-168.7646116929592 
-168.77300385151187 
-168.77300593575671 
-168.78139814451404 
-168.7814002292429 
-168.78979249766687 
-168.78979458292002 
-168.79818692250896 
-168.7981890083315 
-168.80658143259657 
-168.80658351903904 
-168.81497604450908 
-168.81497813162855 
-168.8233707782585 
-168.82337286612108 
-168.83176566591652 
-168.8317677545978 
-168.84016072244148 
-168.84016281202707 
-168.84855597932386 
-168.84855806991584 
-168.85695150681 
-168.85695359852866 
-168.86534735070262 
-168.86534944368492 
-168.87374356248387 
-168.87374565691823 
-168.88214025324012 
-168.88214234935046 
-168.89053771358098 
-168.8905398115208 
-168.89893573263143 
-168.89893783276432 
-168.9073348624868 
-168.9073369649767 
-168.91573474062182 
-168.915736846458 
-168.92413666356495 
-168.92413877382512 
-168.93254121398945 
-168.9325433283231 
-168.9409483852269 
-168.9409505071141 
-168.9493608677276 
-168.9493630036932 
-168.95763296707202 
-168.95763498758228 
-168.96502036258264 
-168.9650236958374 
-168.96502371566024 
-169.0145159944635 
-169.01467687409462 
-169.01486400281726 
-169.01486566364866 
-169.0148676568803 
-169.01487813510735 
-169.01487980478382 
-169.0148887481489 
-169.01489033616068 
-169.01489685923727 
-169.0148983686836 
-169.01490361529596 
-169.01490510615739 
-169.01490890473534 
-169.01491033481497 
-169.01491327273814 
-169.01491469138847 
-169.01491707532787 
-169.01491847485462 
-169.01492044832415 
-169.01492185437888 
-169.0149234252171 
-169.01492476708995 
-169.0149258598657 
-169.01492716606933 
-169.01492801365194 
-169.01492930148768 
-169.01493128794013 
-169.01493274978105 
-169.01493322172482 
-169.01493424178747 
-169.01493758378209 
-169.01493877093935 
-169.01493962773344 
-169.01494042527986 
-169.01494098553826 
-169.01494191133523 
-169.0149425581197 
-169.0149434814192 
-169.0149439860654 
-169.01494493617872 
-169.01494528572698 
-169.0149459009898 
-169.014947966864 
-169.0149518722032 
-169.01495576184746 
-169.01495963784615 
-169.01496062072582 
-169.01496076834115 
-169.01496124869425 
-169.01496131365252 
-169.0149616896928 
-169.01496179239612 
-169.01496179378776 
-169.01496179378776 
-169.01496179378782 
-169.01496179378768 
-169.01496179378773 
-169.01496179378879 
-169.01496179378822 
-169.01496179378788 
-169.01496179378813 
-169.01496179378864 
-169.01496179378896 
-169.0149617937886 
-169.01496179378873 
-169.0149617937888 
-169.01496179378887 
-169.01496179378898 
-169.01496179378853 
-169.01496179378867 
-169.0149617937889 
-169.01496179378867 
-169.01496179378944 
-169.01496179378853 
-169.01496179378867 
-169.01496179378884 
-169.01496179378944 
-169.01496179378984 
-169.01496179378864 
-169.01496179378844 
-169.0149617937885 
-169.01496179379313 
-169.0149617937891 
-169.01496179378879 
-169.01496179378935 
-169.01496179378904 
-169.01496179378915 
-169.01496179378873 
-169.01496179378967 
-169.01496179378904 
-169.01496179378933 
-169.01496179378944 
-169.01496179378913 
-169.01496179378918 
-169.01496179378876 
-169.01496179378879 
-169.01496179378887 
-169.01496179378924 
-169.0149617937893 
-169.01496179378913 
-169.0149617937892 
-169.01496179378907 
-169.01496179378876 
-169.01496179378972 
-169.01496179378913 
-169.01496179378915 
-169.01496179378853 
-169.01496179378904 
-169.01496179378955 
-169.0149617937889 
-169.01496179379 
-169.0149617937905 
-169.014961793791 
-169.01496179381516 
-169.01496179381633 
-169.01496179383867 
-169.01496179383923 
-169.01496179386072 
-169.01496179386132 
-169.01496179388323 
-169.01496179388454 
-169.01496179390614 
-169.01496179390793 
-169.0149617939282 
-169.01496179392964 
-169.01496179395164 
-169.01496179395278 
-169.01496179397455 
-169.0149617939759 
-169.01496179399004 
-169.01496179401929 
-169.01496179404035 
-169.01496179404145 
-169.01496179406232 
-169.0149617940639 
-169.01496179408582 
-169.01496179408633 
-169.01496179410947 
-169.0149617941107 
-169.0149617941335 
-169.01496179413363 
-169.01496179415489 
-169.01496179415682 
-169.0149617941791 
-169.01496179417944 
-169.0149617941992 
-169.0149617942008 
-169.01496179422216 
-169.01496179422358 
-169.01496179424464 
-169.01496179424564 
-169.01496179426724 
-169.01496179426877 
-169.01496179429017 
-169.01496179429165 
-169.01496179431328 
-169.01496179431368 
-169.0149617943467 
-169.01496179434736 
-169.0149617943692 
-169.01496179437024 
-169.0149617943894 
-169.01496179439516 
-169.01496179443004 
-169.0149617944408 
-169.01496179456268 
-169.0149617945859 
-169.01496179492065 
-169.0149617949221 
-169.0149617949218 
-169.01496179492102 
-169.01496179492204 
-169.0149617949226 
-169.01496179492148 
-169.014961794926 
-169.0149617949207 
-169.01496179492065 
-169.01496179492128 
-169.01496179492077 
-169.0149617949206 
-169.01496179492054 
-169.0149617949206 
-169.01496179492042 
-169.0149617949204 
-169.0149617949203 
-169.01496179492065 
-169.01496179492045 
-169.01496179492074 
-169.0149617949205 
-169.01496179492037 
-169.01496179492005 
-169.01496179491997 
-169.01496179492 
-169.01496179492017 
-169.01496179491994 
-169.01496179491986 
-169.01496179491988 
-169.01496179491986 
-169.01496179492017 
-169.01496179492014 
-169.01496179491997 
-169.01496179492057 
-169.0149617949207 
-169.01496179492025 
-169.01496179492005 
-169.01496179491986 
-169.01496179491986 
-169.01496179492017 
-169.01496179492003 
-169.01496179492057 
-169.01496179492042 
-169.0149617949201 
-169.01496179492037 
-169.01496179492054 
-169.01496179492085 
-169.01496179492042 
-169.0149617949202 
-169.01496179491977 
-169.0149617949198 
-169.0149617949197 
-169.01496179491954 
-169.0149617949197 
-169.01496179491951 
-169.01496179492014 
-169.0149617949208 
-169.01496179491957 
-169.0149617949195 
-169.0149617949192 
-169.01496179491906 
-169.01496179491937 
-169.01496179491915 
-169.01496179491946 
-169.01496179491932 
-169.01496179491951 
-169.01496179491932 
-169.01496179491946 
-169.01496179491943 
-169.01496179491937 
-169.01496179491923 
-169.01496179491937 
-169.0149617949195 
-169.01496179491937 
-169.01496179491932 
-169.01496179491946 
-169.01496179491974 
-169.01496179492005 
-169.0149617949197 
-169.01496179491986 
-169.0149617949201 
-169.01496179492042 
-169.0149617949197 
-169.0149617949208 
-169.0149617949209 
-169.01496179492082 
-169.01496179491997 
-169.01496179491966 
-169.01496179492062 
-169.01496179491983 
-169.01496179491997 
-169.0149617949199 
-169.01496179491988 
-169.0149617949197 
-169.01496179491994 
-169.01496179491983 
-169.01496179491969 
-169.01496179491963 
-169.0149617949197 
-169.01496179492057 
-169.01496179491997 
-169.01496179492014 
-169.01496179492017 
-169.01496179492028 
-169.0149617949205 
-169.0149617949206 
-169.01496179492008 
-169.0149617949202 
-169.0149617949202 
-169.01496179492023 
-169.01496179492008 
-169.01496179491986 
-169.0149617949197 
-169.0149617949196 
-169.0149617949197 
-169.0149617949196 
-169.0149617949196 
-169.0149617949195 
-169.0149617949195 
-169.01496179492008 
-169.01496179491977 
-169.0149617949198 
-169.01496179492128 
-169.01496179491983 
-169.01496179492023 
-169.0149617949198 
-169.01496179491969 
-169.01496179491988 
-169.01496179491974 
-169.01496179492017 
-169.01496179492 
-169.0149617949203 
-169.01496179491997 
-169.01496179491994 
-169.01496179491997 
-169.01496179491966 
-169.01496179492023 
-169.01496179492 
-169.0149617949197 
-169.0149617949197 
-169.01496179491966 
-169.01496179491963 
-169.01496179491951 
-169.01496179491954 
-169.0149617949197 
-169.01496179491966 
-169.0149617949197 
-169.01496179491974 
-169.01496179491997 
-169.0149617949201 
-169.01496179491974 
-169.01496179492008 
-169.0149617949207 
-169.0149617949204 
-169.01496179492003 
-169.01496179491986 
-169.01496179491986 
-169.0149617949197 
-169.01496179491966 
-169.01496179491954 
-169.01496179491943 
-169.01496179491946 
-169.01496179491943 
-169.0149617949195 
-169.0149617949195 
-169.01496179491943 
-169.0149617949195 
-169.01496179491946 
-169.01496179491943 
-169.01496179491946 
-169.0149617949194 
-169.0149617949194 
-169.0149617949193 
-169.01496179491932 
-169.01496179491934 
-169.0149617949193 
-169.01496179491923 
-169.01496179491926 
-169.01496179491934 
-169.01496179491934 
-169.01496179491923 
-169.01496179491932 
-169.01496179491926 
-169.01496179491917 
-169.0149617949192 
-169.0149617949192 
-169.01496179491923 
-169.01496179491932 
-169.01496179492054 
-169.01496179492034 
-169.0149617949196 
-169.01496179491943 
-169.01496179491951 
-169.0149617949196 
-169.01496179491951 
-169.01496179491969 
-169.01496179491957 
-169.01496179491954 
-169.0149617949196 
-169.01496179491983 
-169.01496179491983 
-169.0149617949198 
-169.01496179491977 
-169.01496179491966 
-169.01496179491974 
-169.01496179491977 
-169.01496179491974 
-169.01496179491969 
-169.0149617949197 
-169.0149617949197 
-169.01496179491974 
-169.0149617949199 
-169.01496179491983 
-169.01496179491988 
-169.01496179491983 
-169.01496179492005 
-169.01496179492185 
-169.01496179492062 
-169.01496179492156 
-169.01496179492128 
-169.01496179492037 
-169.01496179492028 
-169.0149617949204 
-169.01496179492077 
-169.01496179492048 
-169.0149617949203 
-169.01496179492068 
-169.01496179492048 
-169.0149617949207 
-169.0149617949206 
-169.01496179492258 
-169.01496179492068 
-169.0149617949206 
-169.01496179492133 
-169.01496179492074 
