-79.10166431143261 
-79.10446193130421 
-79.10664932505817 
-79.10701283245677 
-79.1070345064081 
-79.10713215655312 
-79.10713338543002 
-79.10713338542985 
-79.10713338542976 
-79.1071333854298 
-79.10713338543029 
-79.10713338543346 
-79.10713347242704 
-79.10713367981475 
-79.10713407515853 
-79.1071340751586 
-79.10717805769062 
-79.11415508294864 
-79.12675790137158 
-79.12835128320162 
-79.12839988825772 
-79.12876502894198 
-79.1289475434645 
-79.12894754346435 
-79.12894754346429 
-79.12894754346429 
-79.12894754346439 
-79.12894754407165 
-79.12894774074161 
-79.12894812495533 
-79.12894897085866 
-79.12895294476544 
-79.12895588469775 
-79.12895765424102 
-79.12895765928492 
-79.12895766027864 
-79.12895766027911 
-79.12895766027872 
-79.12895766027869 
-79.12895766027889 
-79.1289576602787 
-79.1289576602789 
-79.12895766027887 
-79.12895766027901 
-79.12895766027884 
-79.12895766027883 
-79.12895766027911 
-79.12895766027924 
-79.12895766246766 
-79.12895766584296 
-79.12895766752501 
-79.12895766832897 
-79.12895766832926 
-79.12895766832965 
-79.12895766832926 
-79.12895766832935 
-79.12895766832928 
-79.1289576683296 
-79.12895766832942 
-79.1289576683293 
-79.12895766832926 
-79.12895766832916 
-79.12895766832993 
-79.12895766833088 
-79.12895766833233 
-79.12895766833306 
-79.12895766833344 
-79.1289576683331 
-79.1289576683331 
-79.12895766833311 
-79.12895766833314 
-79.12895766833311 
-79.1289576683331 
-79.12895766833327 
-79.12895766833294 
-79.1289576683331 
-79.12895766833307 
-79.12895766833303 
-79.12895766833327 
-79.128957668333 
-79.12895766833309 
-79.1289576683331 
-79.12895766833326 
-79.12895766833299 
-79.12895766833314 
-79.12895766833336 
-79.1289576683331 
-79.12895766833299 
-79.12895766833307 
