2 -0.881231888869784 
3 0.8725369160534886 
4 -0.8685861541348945 
5 0.8666149017691814 
6 -0.8655719173542155 
7 0.8649973535582479 
8 -0.8646713564739893 
9 0.8644821718448985 
10 -0.8643704034665827 
11 0.8643034132609192 
12 -0.8642627805620777 
13 0.8642378866823843 
14 -0.8642225042431995 
15 0.8642129286147723 
16 -0.8642069289371206 
17 0.8642031498076364 
18 -0.8642007572346976 
19 0.8641992290888545 
20 -0.8641982551181645 
21 0.8641976326820097 
22 -0.8641972336698133 
23 0.8641969769974667 
24 -0.8641968111839698 
25 0.8641967035335499 
26 -0.8641966332796174 
27 0.8641965871979335 
28 -0.8641965568312087 
29 0.8641965367398398 
30 -0.8641965234026625 
31 0.8641965145252528 
32 -0.8641965086041539 
33 0.8641965046482657 
34 -0.8641965020021571 
35 0.8641965002305683 
36 -0.864196499043625 
37 0.864196498248009 
38 -0.8641964977144587 
39 0.8641964973565821 
40 -0.864196497116476 
41 0.8641964969553195 
42 -0.8641964968471874 
43 0.8641964967745925 
44 -0.8641964967259071 
45 0.8641964966932243 
46 -0.8641964966712503 
47 0.8641964966564948 
48 -0.8641964966465885 
49 0.8641964966399467 
50 -0.8641964966354738 
51 0.864196496632466 
52 -0.8641964966304485 
53 0.8641964966291036 
54 -0.8641964966281795 
55 0.8641964966275761 
56 -0.8641964966272019 
57 0.864196496626946 
58 -0.8641964966267769 
59 0.8641964966266851 
60 -0.8641964966266449 
61 0.8641964966266746 
62 -0.8641964966268101 
63 0.8641964966269837 
64 -0.8641964966273085 
65 0.8641964966277922 
66 -0.8641964966284921 
67 0.8641964966295224 
68 -0.8641964966310859 
69 0.864196496633453 
70 -0.8641964966369416 
71 0.8641964966421549 
72 -0.8641964966499669 
73 0.8641964966616621 
74 -0.8641964966791388 
75 0.8641964967048568 
76 -0.8641964967457322 
77 0.8641964968030226 
78 -0.8641964968930334 
79 0.8641964970282158 
80 -0.8641964972302185 
81 0.8641964975342191 
82 -0.8641964979931678 
83 0.8641964986868336 
84 -0.8641964997358411 
85 0.8641965013236821 
86 -0.8641965037297306 
87 0.8641965073803886 
88 -0.864196512926921 
89 0.8641965213661555 
90 -0.8641965342264918 
91 0.864196553856038 
92 -0.8641965838702771 
93 0.8641966298488899 
94 -0.8641967004249598 
95 0.8641968089924659 
96 -0.8641969763938121 
97 0.864197235167611 
98 -0.8641976362941013 
99 0.8641982599604785 
100 -0.864199232842054 
101 0.8642007560182765 
102 -0.8642031503938087 
103 0.8642069312012899 
104 -0.8642129313372678 
105 0.8642225077072746 
106 -0.864237890688053 
107 0.8642627844581234 
108 -0.8643034157332743 
109 0.8643704028326834 
110 -0.8644821681511676 
111 0.8646713557327995 
112 -0.8649973546842022 
113 0.8655719172779615 
114 -0.8666149017759971 
115 0.8685861541386887 
116 -0.8725369160553412 
117 0.8812318888705936 
