2 -0.26365005038776523 
3 -0.36617286459023135 
4 -0.3405999339960265 
5 -0.256995180203546 
6 -0.24928311490907656 
7 -0.3055624899545545 
8 -0.33762263349893884 
9 -0.31077109923983015 
10 -0.27191639299788845 
11 -0.272950063795065 
12 -0.3063831635739384 
13 -0.3243743226469572 
14 -0.30462293191499823 
15 -0.27749759366737764 
16 -0.28091501883668385 
17 -0.3075399872162523 
18 -0.3185607580357257 
19 -0.30025270819405747 
20 -0.28043982727097433 
21 -0.2863536260448859 
22 -0.3078592629254022 
23 -0.3144180281719457 
24 -0.2979262423350352 
25 -0.2824704396134822 
26 -0.28957475375912345 
27 -0.30825760166373467 
28 -0.31173969466144674 
29 -0.2958870991966227 
30 -0.2839066896757245 
31 -0.2923328413864097 
32 -0.3084152852543349 
33 -0.30941518721204997 
34 -0.29453077074575285 
35 -0.28512859096109977 
36 -0.29429140918342556 
37 -0.3086157648430417 
38 -0.30767450567285326 
39 -0.2932052194803789 
40 -0.2861027838144024 
41 -0.2961813529455374 
42 -0.3087014791587328 
43 -0.3059762358083432 
44 -0.2922242284091665 
45 -0.2870512584484525 
46 -0.2976536476660424 
47 -0.30880369612777264 
48 -0.30460050194238325 
49 -0.2911984303056379 
50 -0.28785545206473534 
51 -0.2991928723654903 
52 -0.3088424438414623 
53 -0.3031397772124361 
54 -0.2903814666463963 
55 -0.2887226730738243 
56 -0.30047087750865326 
57 -0.3088743305182091 
58 -0.30188995331116525 
59 -0.28948697659971373 
60 -0.28948697621264746 
61 -0.30188995257353357 
62 -0.3088743304631101 
63 -0.30047087824081364 
64 -0.2887226735081119 
65 -0.2903814660961078 
66 -0.30313977642231443 
67 -0.3088424438771034 
68 -0.2991928730646556 
69 -0.287855452378908 
70 -0.2911984297762863 
71 -0.3046005011025802 
72 -0.30880369600212765 
73 -0.29765364842078307 
74 -0.2870512588287576 
75 -0.2922242276614078 
76 -0.3059762348264681 
77 -0.3087014791250966 
78 -0.29618135367871024 
79 -0.2861027841215491 
80 -0.29320521873707583 
81 -0.3076745044787634 
82 -0.30861576451434825 
83 -0.2942914101425672 
84 -0.28512859150924125 
85 -0.29453076960953223 
86 -0.3094151856359669 
87 -0.3084152850754034 
88 -0.2923328424194314 
89 -0.28390669018426273 
90 -0.2958870980572238 
91 -0.31173969251107964 
92 -0.3082576007651767 
93 -0.2895747553619619 
94 -0.2824704408868866 
95 -0.2979262401545751 
96 -0.31441802467592056 
97 -0.3078592623083023 
98 -0.2863536281526647 
99 -0.2804398287633597 
100 -0.30025270626983414 
101 -0.31856075255153626 
102 -0.30753998347339984 
103 -0.2809150236849208 
104 -0.27749760059518047 
105 -0.3046229276397891 
106 -0.32437431027565894 
107 -0.30638316189036896 
108 -0.2729500753344215 
109 -0.27191640655089994 
110 -0.31077109601764863 
111 -0.3376226360715653 
112 -0.3055624932385583 
113 -0.24928310816163793 
114 -0.2569951843018027 
115 -0.3405999321670046 
116 -0.36617286293804346 
117 -0.2636500472453853 
