2 -0.9420878919769874 
3 0.914888103296038 
4 -0.8702791002729 
5 0.8067531501053107 
6 -0.7224669426216461 
7 0.6185035111611797 
8 -0.4976866584041041 
9 0.36409626544226625 
10 -0.22258997131998692 
11 0.07847568329317779 
12 0.0628758632175632 
13 -0.19638473292919936 
14 0.31751343764880935 
15 -0.4224016172002052 
16 0.5079383141094537 
17 -0.5718033818958885 
18 0.6124767621181929 
19 -0.6292207293721077 
20 0.622060004338381 
21 -0.591774587142912 
22 0.5398932160522583 
23 -0.4686672468453361 
24 0.3810159515467241 
25 -0.2804408260613358 
26 0.17090462291841035 
27 -0.056675559403007975 
28 -0.05785056354216954 
29 0.16833258515331453 
30 -0.2706584756308703 
31 0.3611043072846031 
32 -0.4364683033626619 
33 0.4941722811696272 
34 -0.5323314935392796 
35 0.5497998567070368 
36 -0.5461945885106673 
37 0.5218993534856353 
38 -0.4780452058583825 
39 0.41647030532435736 
40 -0.3396574721751542 
41 0.250646581537607 
42 -0.1529214870110336 
43 0.05027585891772142 
44 0.05333588754940219 
45 -0.15395612093473826 
46 0.24778140626652714 
47 -0.33130954600995366 
48 0.40146856508856776 
49 -0.4557245087931409 
50 0.4921665877737772 
51 -0.5095676094127776 
52 0.5074187736234249 
53 -0.4859403873080609 
54 0.4460701246073383 
55 -0.3894282638820222 
56 0.3182586940938834 
57 -0.23534624911213148 
58 0.14391240935718802 
59 -0.04749195741896438 
60 -0.05020513572360908 
61 0.14543964799829265 
62 -0.23458905205221597 
63 0.3142869713443558 
64 -0.3815505938437339 
65 0.43389042881925044 
66 -0.46939800262353426 
67 0.48680997161922823 
68 -0.4855489333858356 
69 0.4657407596790073 
70 -0.42820767865954545 
71 0.37443710403033525 
72 -0.3065270148400305 
73 0.22710862273505072 
74 -0.13924757772958313 
75 0.04632682337778467 
76 0.048084101381046046 
77 -0.1403679813374288 
78 0.2270011963229449 
79 -0.3046904429881935 
80 0.3704980355820092 
81 -0.42195085713234315 
82 0.45713004506991317 
83 -0.4747391409796503 
84 0.47414880351097205 
85 -0.45541729818941024 
86 0.4192870336220785 
87 -0.3671573831061333 
88 0.30103385332166305 
89 -0.22345445347266885 
90 0.13739519383140583 
91 -0.04615734939038585 
92 -0.04675980391568369 
93 0.13779526594691038 
94 -0.22346489827115978 
95 0.3004960240252139 
96 -0.36595267409833127 
97 0.417346464173701 
98 -0.4527286387700614 
99 0.47076041169726623 
100 -0.47076040925887197 
101 0.4527286319574501 
102 -0.41734645328463305 
103 0.3659526599716679 
104 -0.30049600628337864 
105 0.22346487844044224 
106 -0.1377952448544544 
107 0.04675978219907084 
108 0.04615736973560604 
109 -0.13739521136060268 
110 0.2234544680463613 
111 -0.3010338654758554 
112 0.3671573929331836 
113 -0.41928704122234417 
114 0.45541730381168943 
115 -0.47414880740858767 
116 0.4747391428215913 
117 -0.45713004495187404 
118 0.4219508548297984 
119 -0.37049803014283644 
120 0.3046904358360519 
121 -0.22700118768638697 
122 0.14036797141646645 
123 -0.04808409145046432 
124 -0.04632683308538978 
125 0.1392475866688797 
126 -0.2271086301328255 
127 0.30652702086547856 
128 -0.374437108086601 
129 0.42820768074059185 
130 -0.46574075960026606 
131 0.48554893070900096 
132 -0.48680996596851733 
133 0.4693979942280897 
134 -0.43389041782685883 
135 0.381550580813858 
136 -0.31428695599324086 
137 0.23458903520708818 
138 -0.1454396303841537 
139 0.05020511795637449 
140 0.047491974187687996 
141 -0.1439124244430086 
142 0.2353462619999839 
143 -0.3182587042112357 
144 0.38942827076616804 
145 -0.4460701278808802 
146 0.4859403867351046 
147 -0.5074187690018845 
148 0.509567600725228 
149 -0.49216657497936533 
150 0.4557244921033795 
151 -0.40146854505977525 
152 0.3313095232622765 
153 -0.24778138137669378 
154 0.15395609455775267 
155 -0.05333586060238146 
156 -0.05027588544683964 
157 0.15292151215349342 
158 -0.25064660448608783 
159 0.3396574919900387 
160 -0.41647032106935394 
161 0.4780452167514747 
162 -0.5218993589674745 
163 0.5461945881452727 
164 -0.5497998501864378 
165 0.5323314807773333 
166 -0.4941722623001046 
167 0.43646827863947224 
168 -0.36110427717545035 
169 0.2706584410766769 
170 -0.16833254753631477 
171 0.057850524188153535 
172 0.05667559944222088 
173 -0.1709046621989983 
174 0.28044086209746977 
175 -0.38101598158224176 
176 0.4686672692766235 
177 -0.5398932301735062 
178 0.591774591258421 
179 -0.6220599953481231 
180 0.6292207049960609 
181 -0.6124767223833157 
182 0.5718033271384172 
183 -0.5079382424514423 
184 0.4224015254692257 
185 -0.3175133247122024 
186 0.19638460043823064 
187 -0.06287571367441849 
188 -0.07847584418809171 
189 0.22259012904953013 
190 -0.3640964051040063 
191 0.4976867336311452 
192 -0.618503749235349 
193 0.7224670773812424 
194 -0.8067532186764291 
195 0.8702791313115341 
196 -0.9148881202609582 
197 0.9420878993243136 
