2 3 0.30681103555416095 
3 4 0.38641429737816246 
4 5 0.38212729514395644 
5 6 0.38109670643748184 
6 7 0.4173003727201743 
7 8 0.4661000846521228 
8 9 0.4898825313457732 
9 10 0.4854765054788772 
10 11 0.4879800187418128 
11 12 0.5115330409119372 
12 13 0.5402716256373052 
13 14 0.5524533447254135 
14 15 0.548134240998966 
15 16 0.5510999879964353 
16 17 0.5688079892415894 
17 18 0.5889405965061677 
18 19 0.5958282318795362 
19 20 0.5915725323124252 
20 21 0.594627443606208 
21 22 0.6089926653822157 
22 23 0.6242224776322668 
23 24 0.6278880025405018 
24 25 0.6236838510874614 
25 26 0.6267615209276826 
26 27 0.6389682664259755 
27 28 0.6509154436870542 
28 29 0.6522867933649901 
29 30 0.6481522059211622 
30 31 0.6512415094942577 
31 32 0.6619387361859645 
32 33 0.6714180418928397 
33 34 0.6710006841727318 
34 35 0.6669654256286258 
35 36 0.6700672391286709 
36 37 0.679641568052664 
37 38 0.6870888301239347 
38 39 0.6852042037125574 
39 40 0.6812959743846864 
40 41 0.684415893817414 
41 42 0.6931041399591727 
42 43 0.698755348143643 
43 44 0.6956351610701865 
44 45 0.6918714589963212 
45 46 0.6950201812524339 
46 47 0.7029609405381236 
47 48 0.7069406360985727 
48 49 0.7027664592224443 
49 50 0.6991511682155693 
50 51 0.7023455494652251 
51 52 0.7096050432181656 
52 53 0.7119750524650234 
53 54 0.7068934815748782 
54 55 0.703417214687096 
55 56 0.7066798549651419 
56 57 0.7132665060897726 
57 58 0.7140540140173987 
58 59 0.7081798392891958 
59 60 0.7048229955842038 
60 61 0.708179838370794 
61 62 0.7140540130179156 
62 63 0.7132665056354536 
63 64 0.706679854315549 
64 65 0.7034172131151761 
65 66 0.7068934790876505 
66 67 0.7119750500341941 
67 68 0.7096050413274787 
68 69 0.7023455472871981 
69 70 0.6991511650881729 
70 71 0.7027664551825437 
71 72 0.7069406322784204 
72 73 0.7029609372538781 
73 74 0.6950201775949894 
74 75 0.6918714543280685 
75 76 0.6956351554993897 
76 77 0.6987553430093053 
77 78 0.6931041353897327 
78 79 0.6844158887947135 
79 80 0.6812959682744555 
80 81 0.6852041967769338 
81 82 0.687088823963182 
82 83 0.6796415625827319 
83 84 0.6700672331140095 
84 85 0.6669654184508486 
85 86 0.6710006763565567 
86 87 0.6714180354606133 
87 88 0.6619387307799982 
88 89 0.6512415033896805 
89 90 0.648152198649692 
90 91 0.6522867859700291 
91 92 0.650915438883407 
92 93 0.6389682633887531 
93 94 0.6267615167564105 
94 95 0.6236838457852445 
95 96 0.6278879981606714 
96 97 0.6242224778872502 
97 98 0.608992668783568 
98 99 0.5946274447559745 
99 100 0.5915725315112565 
100 101 0.595828232505212 
101 102 0.5889406028477506 
102 103 0.5688080016447149 
103 104 0.5511000012223062 
104 105 0.5481342474823395 
105 106 0.5524533445665946 
106 107 0.540271624766206 
107 108 0.5115330433796985 
108 109 0.4879800181511284 
109 110 0.4854765010923315 
110 111 0.4898825288785481 
111 112 0.46610008413551485 
112 113 0.41730037386426566 
113 114 0.3810967067288504 
114 115 0.38212729413699925 
115 116 0.3864142967811095 
116 117 0.306811036445237 
117 118 0.15214710502317821 
