2 -0.3094737030391455 
3 -0.313923441353704 
4 -0.31616911531479874 
5 -0.3160855360228163 
6 -0.31589166356764764 
7 -0.3158115274034845 
8 -0.3157998643600013 
9 -0.31580636234279813 
10 -0.3158106882291162 
11 -0.3158115026138107 
12 -0.3158111815982582 
13 -0.3158109322262503 
14 -0.31581089059664014 
15 -0.31581091495335606 
16 -0.3158109306880305 
17 -0.3158109318339515 
18 -0.3158109294979498 
19 -0.3158109287542287 
20 -0.31581092918017095 
21 -0.31581093014417677 
22 -0.3158109223045379 
23 -0.315810901892779 
24 -0.31581091422081237 
25 -0.31581093266336924 
26 -0.3158109331015525 
27 -0.3158109274417707 
28 -0.31581092760933543 
29 -0.31581092936213817 
30 -0.31581092982806164 
31 -0.3158109285572064 
32 -0.3158109296714905 
33 -0.3158109277195813 
34 -0.3158109272320965 
35 -0.3158109294107525 
36 -0.31581092853661813 
37 -0.3158109277173624 
38 -0.3158109285303379 
39 -0.3158109287991919 
40 -0.31581092889488727 
41 -0.3158109287343167 
42 -0.3158109288559768 
43 -0.3158109287895535 
44 -0.31581093075525846 
45 -0.3158109300722393 
46 -0.3158109349082231 
47 -0.3158109257532066 
48 -0.315810923540538 
49 -0.3158109225206913 
50 -0.3158109276916633 
51 -0.31581093578375896 
52 -0.3158109322780437 
53 -0.31581093045340763 
54 -0.3158109294820533 
55 -0.315810929213978 
56 -0.3158109290884769 
57 -0.3158109381021793 
58 -0.31581094342098026 
59 -0.315810927270842 
60 -0.31581091903964364 
61 -0.3158109275858453 
62 -0.3158109284493432 
63 -0.3158109226187219 
64 -0.31581092507639114 
65 -0.31581092992564797 
66 -0.31581092961923857 
67 -0.3158109272853882 
68 -0.315810921704755 
69 -0.3158109298427176 
70 -0.31581093396300125 
71 -0.31581093273411043 
72 -0.315810921594937 
73 -0.31581092229560936 
74 -0.31581092660887455 
75 -0.31581092466687455 
76 -0.31581092763454066 
77 -0.31581093839510477 
78 -0.31581093201334925 
79 -0.31581091983376997 
80 -0.3158109221547999 
81 -0.3158109266916072 
82 -0.3158109285146693 
83 -0.3158109289619548 
84 -0.31581092901213603 
85 -0.31581092862167653 
86 -0.3158109271843626 
87 -0.31581092904316566 
88 -0.31581092951539175 
89 -0.3158109290931667 
90 -0.31581092923751136 
91 -0.3158109290929559 
92 -0.3158109290945396 
93 -0.3158109287420216 
94 -0.31581092974636554 
95 -0.3158109250314517 
96 -0.3158109274296961 
97 -0.31581092698702906 
98 -0.3158109294609361 
99 -0.3158109293667821 
100 -0.3158109289202155 
101 -0.3158109298196165 
102 -0.31581093209876016 
103 -0.3158109306128228 
104 -0.3158109146230581 
105 -0.3158108903281598 
106 -0.3158109330187436 
107 -0.31581118165267574 
108 -0.31581150159182614 
109 -0.31581068893346176 
110 -0.3158063618495154 
111 -0.31579986571345564 
112 -0.3158115280257465 
113 -0.3158916634790752 
114 -0.3160855359106106 
115 -0.3161691152547582 
116 -0.3139234413735056 
117 -0.3094737030220248 
