2 -0.0005642240280855004 
3 -0.051588370983608 
4 -0.0868031376550265 
5 -0.11525957824007761 
6 -0.1383438514466704 
7 -0.15153737479160512 
8 -0.15319033216101696 
9 -0.14568464287447158 
10 -0.13262619088976157 
11 -0.11794904886578444 
12 -0.1057406535831085 
13 -0.09892693519156306 
14 -0.09853224427128372 
15 -0.1039243311049522 
16 -0.11308920090901542 
17 -0.1231158119993708 
18 -0.13116623648542342 
19 -0.1352439151653933 
20 -0.1345355324176083 
21 -0.12959217328956005 
22 -0.1221337138753329 
23 -0.11441856496941064 
24 -0.1086041457001229 
25 -0.10622145498949867 
26 -0.10774239954750486 
27 -0.11249698044612426 
28 -0.11897337479271194 
29 -0.12525603566337362 
30 -0.12955328324615234 
31 -0.1307345600490138 
32 -0.1286108841716948 
33 -0.12391665027885171 
34 -0.11809435961739305 
35 -0.11286559458314224 
36 -0.10970299879945335 
37 -0.10943933537675016 
38 -0.11206735457050106 
39 -0.11674085554309122 
40 -0.12204712322437647 
41 -0.1264456033356335 
42 -0.12868971127684115 
43 -0.1281742518485585 
44 -0.1251150981146816 
45 -0.12045432496559176 
46 -0.11556675840281179 
47 -0.11187710148219965 
48 -0.11044121831447705 
49 -0.11163544185057842 
50 -0.11507639420049379 
51 -0.11974035660647996 
52 -0.12425039966729287 
53 -0.1272921344571783 
54 -0.12799729387989073 
55 -0.12617407739991957 
56 -0.1223676312664297 
57 -0.11770598876652566 
58 -0.1135534429405683 
59 -0.11111926117625863 
60 -0.11111926089109297 
61 -0.11355344259091055 
62 -0.11770598854073969 
63 -0.12236763068502421 
64 -0.12617407690617527 
65 -0.1279972939611349 
66 -0.12729213448201127 
67 -0.12425039969753052 
68 -0.11974035718575596 
69 -0.11507639467079778 
70 -0.11163544185478202 
71 -0.1104412184835558 
72 -0.11187710147103416 
73 -0.11556675772021674 
74 -0.12045432439265963 
75 -0.1251150977783793 
76 -0.12817425107489677 
77 -0.12868971083309638 
78 -0.12644560370167895 
79 -0.12204712329098885 
80 -0.11674085562897618 
81 -0.11206735545006721 
82 -0.1094393357589291 
83 -0.10970299846349518 
84 -0.11286559467149174 
85 -0.11809435926413421 
86 -0.12391664894543303 
87 -0.12861088341736074 
88 -0.13073455965869013 
89 -0.12955328209868988 
90 -0.12525603549784292 
91 -0.11897337594409392 
92 -0.11249698070992044 
93 -0.10774240014542248 
94 -0.10622145680728644 
95 -0.10860414609696002 
96 -0.11441856436471408 
97 -0.12213371352037154 
98 -0.12959217182193605 
99 -0.1345355304175746 
100 -0.13524391394312807 
101 -0.1311662362269214 
102 -0.12311581353892004 
103 -0.1130892036341298 
104 -0.1039243346847643 
105 -0.09853224702772895 
106 -0.09892693582292492 
107 -0.1057406500479117 
108 -0.1179490411397737 
109 -0.1326261794756486 
110 -0.14568463063386938 
111 -0.15319032182155923 
112 -0.1515373682989331 
113 -0.13834385015246015 
114 -0.1152595940836718 
115 -0.08680312842698322 
116 -0.05158837572956451 
117 -0.0005642287602218409 
