2 -0.23537892904869065 
3 -0.2363499430572294 
4 -0.23662809857713923 
5 -0.23663421048517766 
6 -0.2366323945259572 
7 -0.23663180424507643 
8 -0.23663169029373307 
9 -0.2366316795457448 
10 -0.23663167133211885 
11 -0.23663167342601946 
12 -0.23663167959229978 
13 -0.23663167945536676 
14 -0.23663167905652738 
15 -0.23663167913123034 
16 -0.23663167916357955 
17 -0.23663167916736483 
18 -0.23663167912142188 
19 -0.23663167962019213 
20 -0.23663166132303423 
21 -0.23663165890791082 
22 -0.2366316790061904 
23 -0.23663167896804774 
24 -0.2366316799776083 
25 -0.2366316794394735 
26 -0.2366316806208816 
27 -0.23663167947966623 
28 -0.23663167927717324 
29 -0.23663167921899148 
30 -0.23663167929708595 
31 -0.23663167914459893 
32 -0.2366316807692427 
33 -0.23663167927952708 
34 -0.23663168044304622 
35 -0.236631678936949 
36 -0.23663168472584317 
37 -0.2366316802370457 
38 -0.23663167922494965 
39 -0.23663167654750533 
40 -0.2366316790196478 
41 -0.2366316803098952 
42 -0.23663166877297967 
43 -0.2366316819063366 
44 -0.23663167973567287 
45 -0.23663167892688955 
46 -0.23663167949534356 
47 -0.23663167272853755 
48 -0.23663167875163135 
49 -0.2366316779442472 
50 -0.23663167943813945 
51 -0.23663168120208986 
52 -0.2366316790140372 
53 -0.23663167922647307 
54 -0.2366316698232851 
55 -0.23663167874653754 
56 -0.2366316791547168 
57 -0.23663167925770673 
58 -0.23663167880122568 
59 -0.23663167910201616 
60 -0.2366316796895224 
61 -0.23663167931202972 
62 -0.23663167806961466 
63 -0.23663167902122278 
64 -0.23663167830576462 
65 -0.2366316790340165 
66 -0.23663167940380248 
67 -0.2366316827507355 
68 -0.23663167540644625 
69 -0.23663167847485903 
70 -0.23663167949516406 
71 -0.236631679115854 
72 -0.23663167928452192 
73 -0.23663167880397898 
74 -0.23663167868368992 
75 -0.23663167860116854 
76 -0.23663168524736455 
77 -0.236631680364603 
78 -0.236631679271522 
79 -0.23663167937216645 
80 -0.23663167795937143 
81 -0.23663167882943528 
82 -0.23663167922176193 
83 -0.2366316771532609 
84 -0.23663167868005128 
85 -0.236631679093158 
86 -0.23663167919105954 
87 -0.2366316793802873 
88 -0.23663167685788322 
89 -0.23663167941875515 
90 -0.23663169264698306 
91 -0.23663168094952153 
92 -0.23663167876635832 
93 -0.23663167916451094 
94 -0.2366316792475461 
95 -0.2366316784795431 
96 -0.23663169197553585 
97 -0.23663167951023528 
98 -0.23663169733755748 
99 -0.2366316812968469 
100 -0.23663167908155733 
101 -0.23663167627829246 
102 -0.2366317874528948 
103 -0.23663168213867833 
104 -0.23663168600376086 
105 -0.23663167940303176 
106 -0.23663167988095488 
107 -0.23663167694636197 
108 -0.23663167825153342 
109 -0.2366316830057712 
110 -0.2366316797395524 
111 -0.23663167919500241 
112 -0.23663167928075257 
113 -0.2366316790052133 
114 -0.23663167815973393 
115 -0.23663168282797836 
116 -0.2366316825728036 
117 -0.2366316786599389 
118 -0.23663167925469836 
119 -0.23663167915377167 
120 -0.2366316791884191 
121 -0.23663167876015578 
122 -0.23663167916334804 
123 -0.2366316789949991 
124 -0.2366316792134236 
125 -0.23663167919143563 
126 -0.2366316790779864 
127 -0.23663167926756798 
128 -0.2366316790498259 
129 -0.23663167914881475 
130 -0.2366316793530061 
131 -0.2366316771394519 
132 -0.23663168028117434 
133 -0.2366316781099656 
134 -0.2366316785991549 
135 -0.2366316791397617 
136 -0.23663167915301558 
137 -0.23663167929346968 
138 -0.2366316792315697 
139 -0.23663168099030296 
140 -0.23663168398169337 
141 -0.2366316794490676 
142 -0.2366316791173542 
143 -0.2366316792353226 
144 -0.23663167812614744 
145 -0.2366316809603881 
146 -0.23663164254942717 
147 -0.23663168376361846 
148 -0.236631683350531 
149 -0.23663167620454925 
150 -0.23663168107467178 
151 -0.2366316863378209 
152 -0.23663167425474552 
153 -0.23663167874924032 
154 -0.23663167893037054 
155 -0.23663168009876545 
156 -0.23663167895085432 
157 -0.23663167768333127 
158 -0.23663169271976497 
159 -0.23663167948233482 
160 -0.2366316794301472 
161 -0.23663167846694816 
162 -0.23663167903072452 
163 -0.2366316789444844 
164 -0.23663168264316284 
165 -0.23663168034841836 
166 -0.2366316790308239 
167 -0.23663167952916692 
168 -0.23663167898356996 
169 -0.2366316790691197 
170 -0.23663167946737393 
171 -0.23663167769610538 
172 -0.2366316788653176 
173 -0.2366316791749821 
174 -0.23663167918074832 
175 -0.23663167918884928 
176 -0.23663167928653048 
177 -0.23663167838280832 
178 -0.2366316969140559 
179 -0.23663167974169502 
180 -0.23663168908397647 
181 -0.23663168013943306 
182 -0.23663168954309785 
183 -0.23663168091192419 
184 -0.23663167364982476 
185 -0.2366316788260122 
186 -0.23663167886512412 
187 -0.23663167914131264 
188 -0.23663167910514377 
189 -0.23663167886806755 
190 -0.23663167896309373 
191 -0.23663169038151505 
192 -0.2366318045192152 
193 -0.2366323954911611 
194 -0.2366342104670596 
195 -0.2366280982712898 
196 -0.23634994430903672 
197 -0.2353789292560665 
