2 0.01052204348513592 
3 -1.2268100213194576e-05 
4 -0.0004199954352393496 
5 1.0149553672341252e-05 
6 2.178393956143554e-05 
7 -2.0499595348295106e-06 
8 -1.0357588713779377e-06 
9 2.3863471800598527e-07 
10 3.200389541791836e-08 
11 -2.164585651526008e-08 
12 1.6346037086202815e-09 
13 1.4229388677790215e-09 
14 -4.4601285309783e-10 
15 -3.526036591183666e-11 
16 5.1374357066715426e-11 
17 -7.662121223112816e-12 
18 -3.341199294361511e-12 
19 1.3645211173370917e-12 
20 4.883347858580304e-13 
21 2.4574778165666637e-13 
22 1.5965002189245624e-13 
23 -1.3616886424176816e-13 
24 5.035080165113315e-13 
25 2.531308475650609e-14 
26 -1.6286971775132467e-13 
27 1.382227658205363e-14 
28 1.3988810108805766e-14 
29 -3.578649166082619e-14 
30 -6.827872244724135e-14 
31 7.431641732253619e-13 
32 2.2573097129920214e-13 
33 1.4647019293470408e-12 
34 -6.261656321663451e-15 
35 -1.0849731286689366e-15 
36 7.585644400452482e-15 
37 -7.084799382306845e-15 
38 2.2519519615896927e-15 
39 -1.241982374537322e-15 
40 1.314138144424028e-14 
41 -1.2419823745373184e-15 
42 -1.0042670621772054e-14 
43 -3.4607943280665114e-15 
44 1.558879619059526e-15 
45 -1.8985919814870107e-15 
46 -9.895185583729087e-15 
47 -7.370245250567397e-15 
48 -1.2515065823627078e-15 
49 2.78801505825148e-15 
50 -3.793861235454064e-15 
51 -3.950870481322433e-15 
52 -1.0680231813070973e-14 
53 -5.032520882471408e-15 
54 7.738333897176422e-16 
55 3.657145062300812e-15 
56 -4.8755116366030244e-15 
57 1.447857316597015e-15 
58 4.0631374408492605e-15 
59 -1.7132037388663224e-14 
60 -4.9153240437499836e-14 
61 -2.463855483764938e-14 
62 2.251951961589692e-15 
63 -1.5940976975756506e-15 
64 -7.666849422374488e-15 
65 -2.2371143170757838e-17 
66 -8.13787715997961e-15 
67 -6.4281897753571285e-15 
68 1.5398312034087394e-15 
69 -6.504081266386072e-16 
70 2.7880150582514807e-15 
71 4.101234272150871e-15 
72 2.6310058123831027e-15 
73 2.9450243041198583e-15 
74 1.918885054202148e-15 
75 -6.504081266442675e-16 
76 -6.504081266442686e-16 
77 -4.375911275521707e-15 
78 4.212256574613391e-15 
79 5.787273125476825e-16 
80 3.500135816432419e-15 
81 -3.146775836329753e-15 
82 3.3050297392624743e-15 
83 3.4351004573757825e-15 
84 -7.36235513846312e-15 
85 8.927458042844376e-16 
86 -2.509214645030848e-15 
87 -2.237114317076815e-17 
88 1.2743279177796081e-14 
89 -3.0138780731634604e-14 
90 1.715294572876828e-14 
91 -1.2601031339791346e-14 
92 -1.8052226381526498e-13 
93 -9.025002968673442e-13 
94 3.0998913288922446e-12 
95 -5.663184159364152e-13 
96 2.4591433215788552e-14 
97 1.68198664447921e-14 
98 -1.6475718249740713e-13 
99 7.051692370615202e-14 
100 1.5260028206210036e-12 
101 -3.626121935148202e-12 
102 -7.66046299848559e-12 
103 5.116076171099514e-11 
104 -3.5297481823742614e-11 
105 -4.4605915898630695e-10 
106 1.4229599043974592e-09 
107 1.63460539033076e-09 
108 -2.1645813149023473e-08 
109 3.200314858791537e-08 
110 2.386353738596374e-07 
111 -1.035760066119026e-06 
112 -2.0499661578532224e-06 
113 2.178388557723821e-05 
114 1.0150159275711165e-05 
115 -0.0004199924325453892 
116 -1.2267701240798786e-05 
117 0.010522042602742353 
