2 -0.4219719984670334 
3 -0.46859271820287374 
4 -0.4856680511343543 
5 -0.4803545871799585 
6 -0.46252830941018885 
7 -0.4464880205478805 
8 -0.4404372982250574 
9 -0.4451479212571872 
10 -0.45527420091612 
11 -0.4638836968702901 
12 -0.4663542223888788 
13 -0.46227757617173615 
14 -0.45496612881650833 
15 -0.4492125749301944 
16 -0.44845194329365423 
17 -0.45277868494159224 
18 -0.4590143017965044 
19 -0.46289435260797746 
20 -0.46197118298178314 
21 -0.4572021947491029 
22 -0.45210231858594674 
23 -0.45015625806629495 
24 -0.4524350788391822 
25 -0.4570717830279096 
26 -0.46077757070460446 
27 -0.46115521961277745 
28 -0.45819347561816437 
29 -0.4540748773412455 
30 -0.4515988551134024 
31 -0.45232893207195773 
32 -0.4556363407299062 
33 -0.4591983069469543 
34 -0.4605933433373528 
35 -0.458935942100599 
36 -0.4554503920636124 
37 -0.452587263065718 
38 -0.452302153883541 
39 -0.45471309832577617 
40 -0.45807278393691364 
41 -0.46003826613351156 
42 -0.4593052466814186 
43 -0.45646182263925833 
44 -0.45351684726549213 
45 -0.45248647611410836 
46 -0.4540285227436533 
47 -0.45703368700425373 
48 -0.45941586128655665 
49 -0.45954689655859043 
50 -0.4573637890335738 
51 -0.4543988488188729 
52 -0.45271214063837056 
53 -0.45346278223668013 
54 -0.4561107503403784 
55 -0.45880294315387005 
56 -0.45966930714533905 
57 -0.45811990580594075 
58 -0.4552428719813464 
59 -0.45304019611447216 
60 -0.45304019565494485 
61 -0.4552428712393804 
62 -0.458119905840404 
63 -0.459669308032856 
64 -0.4588029437265938 
65 -0.4561107496847243 
66 -0.4534627807975424 
67 -0.4527121398789452 
68 -0.45439884939501274 
69 -0.4573637899556867 
70 -0.45954689644901614 
71 -0.4594158599591897 
72 -0.4570336856369006 
73 -0.45402852290639795 
74 -0.4524864774069065 
75 -0.45351684785638513 
76 -0.45646182179241096 
77 -0.4593052459144542 
78 -0.4600382668560995 
79 -0.4580727861460244 
80 -0.45471309969817597 
81 -0.45230215371790494 
82 -0.45258726247255016 
83 -0.4554503931841035 
84 -0.4589359448516527 
85 -0.46059334628874726 
86 -0.459198308898328 
87 -0.4556363415002784 
88 -0.45232893257741646 
89 -0.45159885419583207 
90 -0.45407487546425157 
91 -0.458193473888039 
92 -0.4611552185081635 
93 -0.46077756958345933 
94 -0.4570717837253958 
95 -0.4524350787813702 
96 -0.45015625976229956 
97 -0.4521023197376326 
98 -0.45720219474704094 
99 -0.4619711837632776 
100 -0.4628943525014332 
101 -0.45901430112854236 
102 -0.4527786847876854 
103 -0.4484519438587008 
104 -0.44921257446095564 
105 -0.45496612938302883 
106 -0.4622775757796957 
107 -0.4663542222493131 
108 -0.4638836968580121 
109 -0.45527420223112397 
110 -0.44514792337779113 
111 -0.4404372995889972 
112 -0.44648801785721937 
113 -0.46252830488265073 
114 -0.4803545897256952 
115 -0.4856680542492481 
116 -0.4685927208355329 
117 -0.4219719983679343 
