-163.1833081906388 
-163.18330819063863 
-163.18330819063837 
-163.18330819063837 
-163.18330819063817 
-163.1833081906384 
-163.18330819063837 
-163.18330819063848 
-163.18330819063874 
-163.18330819063868 
-163.18330819063905 
-163.18330819063908 
-163.18330819063925 
-163.18330819063917 
-163.18330819063928 
-163.18330819063988 
-163.18330819063928 
-163.1833081906403 
-163.18330819063948 
-163.1833081906399 
-163.18330819064084 
-163.18330819064298 
-163.18330819064747 
-163.18330819065298 
-163.18330819065656 
-163.1833081906561 
-163.18330819065636 
-163.18330819065625 
-163.18330819065613 
-163.18330819065622 
-163.18330819065662 
-163.18330819065616 
-163.18330819065613 
-163.18330819065656 
-163.18330819065667 
-163.18330819065687 
-163.1833081906568 
-163.18330819065682 
-163.18330819065685 
-163.18330819065702 
-163.18330819065696 
-163.18330819065704 
-163.1833081906573 
-163.18330819065704 
-163.1833081906573 
-163.18330819065713 
-163.18330819065739 
-163.183308190657 
-163.18330819065756 
-163.18330819065716 
-163.1833081906571 
-163.18330819065716 
-163.18330819065685 
-163.1833081906568 
-163.18330819065687 
-163.1833081906572 
-163.18330819065773 
-163.18330819065784 
-163.18330819065767 
-163.18330819065807 
-163.1833081906576 
-163.18330819065775 
-163.18330819065744 
-163.18330819065739 
-163.1833081906574 
-163.18330819065778 
-163.18330819065721 
-163.1833081906572 
-163.18330819065736 
-163.1833081906571 
-163.18330819065704 
-163.18330819065704 
-163.18330819065713 
-163.18330819065707 
-163.18330819065727 
-163.18330819065767 
-163.1833081906583 
-163.18330819066043 
-163.18330819066483 
-163.18330819067054 
-163.1833081906744 
-163.18330819067398 
-163.18330819067478 
-163.18330819067452 
-163.1833081906734 
-163.1833081906735 
-163.18330819067356 
-163.1833081906736 
-163.18330819067407 
-163.18330819067384 
-163.18330819067376 
-163.18330819067367 
-163.18330819067373 
-163.18330819067384 
-163.18330819067344 
-163.18330819067347 
-163.18330819067356 
-163.1833081906733 
-163.1833081906731 
-163.1833081906731 
-163.18330819067302 
-163.1833081906729 
-163.18330819067307 
-163.1833081906729 
-163.183308190673 
-163.18330819067322 
-163.1833081906732 
-163.18330819067276 
-163.18330819067268 
-163.1833081906728 
-163.18330819067302 
-163.1833081906727 
-163.18330819067262 
-163.18330819067268 
-163.1833081906725 
-163.18330819067256 
-163.1833081906725 
-163.18330819067262 
-163.1833081906726 
-163.1833081906726 
-163.18330819067248 
-163.18330819067225 
-163.18330819067216 
-163.183308190672 
-163.1833081906721 
-163.18330819067188 
-163.18330819067177 
-163.18330819067117 
-163.1833081906712 
-163.18330819067137 
-163.18330819067117 
-163.1833081906715 
-163.18330819067123 
-163.18330819067089 
-163.18330819067108 
-163.18330819067094 
-163.1833081906707 
-163.18330819067077 
-163.18330819067123 
-163.18330819067106 
-163.1833081906709 
-163.1833081906714 
-163.18330819067097 
-163.18330819067123 
-163.1833081906712 
-163.18330819067126 
-163.18330819067174 
-163.1833081906716 
-163.18330819067117 
-163.1833081906717 
-163.18330819067114 
-163.18330819067117 
-163.18330819067128 
-163.18330819067143 
-163.1833081906718 
-163.1833081906719 
-163.18330819067197 
-163.18330819067185 
-163.18330819067214 
-163.18330819067222 
-163.18330819067228 
-163.183308190673 
-163.1833081906728 
-163.18330819067242 
-163.18330819067285 
-163.18330819067225 
-163.1833081906722 
-163.18330819067285 
-163.18330819067234 
-163.18330819067208 
-163.18330819067208 
-163.18330819067188 
-163.1833081906721 
-163.18330819067222 
-163.18330819067268 
-163.18330819067282 
-163.18330819067282 
-163.1833081906732 
-163.18330819067288 
-163.18330819067296 
-163.18330819067296 
-163.18330819067296 
-163.18330819067302 
-163.18330819067313 
-163.18330819067367 
-163.18330819067324 
-163.1833081906734 
-163.1833081906737 
-163.18330819067373 
-163.18330819067393 
-163.18330819067398 
-163.18330819067384 
-163.1833081906737 
-163.18330819067384 
-163.18330819067373 
-163.1833081906738 
-163.18330819067378 
