2 3 0.00022857054840854822 
3 4 0.00022944669674557097 
4 5 0.00023133257861781024 
5 6 0.0002297927337472373 
6 7 0.00022958716309082094 
7 8 0.0002296085069383708 
8 9 0.0002296160106577176 
9 10 0.00022961547869092012 
10 11 0.00022961517797011528 
11 12 0.00022961521251183657 
12 13 0.00022961522541372557 
13 14 0.00022961522666902536 
14 15 0.0002296152194419035 
15 16 0.00022961522185915536 
16 17 0.00022961522526464593 
17 18 0.00022961522266713057 
18 19 0.00022961522481747593 
19 20 0.00022961523211979497 
20 21 0.000229615250416259 
21 22 0.0002296152275596714 
22 23 0.00022961521969383438 
23 24 0.0002296152242548195 
24 25 0.00022961522807678333 
25 26 0.00022961522969137602 
26 27 0.0002296152292702531 
27 28 0.00022961511873293612 
28 29 0.000229615212643114 
29 30 0.00022961523019738545 
30 31 0.00022961523731290545 
31 32 0.00022961522152937372 
32 33 0.00022961521906522109 
33 34 0.00022961521037942123 
34 35 0.00022961524455327687 
35 36 0.0002296152283277803 
36 37 0.00022961522560987818 
37 38 0.00022961522607477385 
38 39 0.00022961522628425874 
39 40 0.0002296152254875171 
40 41 0.00022961522567739077 
41 42 0.00022961522552435328 
42 43 0.00022961522619948716 
43 44 0.00022961522530319327 
44 45 0.00022961522505316785 
45 46 0.00022961522530176576 
46 47 0.00022961522337338008 
47 48 0.0002296152250275882 
48 49 0.0002296152248898616 
49 50 0.00022961522656379864 
50 51 0.00022961523137311987 
51 52 0.00022961523191506654 
52 53 0.00022961522890917248 
53 54 0.00022961521119855302 
54 55 0.000229615267768307 
55 56 0.00022961523269476663 
56 57 0.00022961522170343167 
57 58 0.00022961528777247058 
58 59 0.00022961529054089304 
59 60 0.0002296152293075377 
60 61 0.00022961522653591155 
61 62 0.00022961524054466163 
62 63 0.00022961522801064768 
63 64 0.00022961522541747005 
64 65 0.0002296152253735431 
65 66 0.00022961522542366928 
66 67 0.00022961522655386073 
67 68 0.00022961523280572534 
68 69 0.00022961521378484496 
69 70 0.00022961521780214022 
70 71 0.00022961522865066664 
71 72 0.00022961522046700583 
72 73 0.00022961542469667037 
73 74 0.00022961521061547367 
74 75 0.00022961522404562888 
75 76 0.0002296152282148468 
76 77 0.0002296152248404452 
77 78 0.00022961522516153014 
78 79 0.00022961522513573733 
79 80 0.0002296152263746994 
80 81 0.0002296152308519856 
81 82 0.0002296152267315161 
82 83 0.00022961522624161023 
83 84 0.00022961519205311364 
84 85 0.00022961523728182664 
85 86 0.0002296152263695165 
86 87 0.000229615224991224 
87 88 0.00022961522486634241 
88 89 0.0002296152234100347 
89 90 0.00022961522404477916 
90 91 0.0002296152281539528 
91 92 0.00022961522619154167 
92 93 0.0002296152266933204 
93 94 0.0002296152218285913 
94 95 0.00022961518370094176 
95 96 0.00022961525811875054 
96 97 0.00022961522732831293 
97 98 0.00022961522477721078 
98 99 0.00022961522548801903 
99 100 0.00022961522451782918 
100 101 0.00022961521093896998 
101 102 0.00022961521819907826 
102 103 0.00022961522517908918 
103 104 0.00022961522387864185 
104 105 0.00022961517797138092 
105 106 0.0002296152388156095 
106 107 0.00022961522579086307 
107 108 0.0002296153751842445 
108 109 0.00022961530573172497 
109 110 0.00022961516890758032 
110 111 0.00022961522680883472 
111 112 0.00022961522503673682 
112 113 0.00022961521571107852 
113 114 0.0002296152590142268 
114 115 0.0002296152279106239 
115 116 0.00022961522604759773 
116 117 0.00022961522242004624 
117 118 0.00022961522125867261 
118 119 0.00022961527795515113 
119 120 0.00022961526238458085 
120 121 0.00022961481101783912 
121 122 0.00022961522131947654 
122 123 0.00022961444888138419 
123 124 0.00022961553569098028 
124 125 0.00022961523945990998 
125 126 0.0002296152260853194 
126 127 0.00022961522496978717 
127 128 0.00022961522674270034 
128 129 0.00022961522547170878 
129 130 0.0002296152247680388 
130 131 0.00022961522581200122 
131 132 0.0002296152263210418 
132 133 0.00022961522340569682 
133 134 0.00022961522035967613 
134 135 0.00022961520832331627 
135 136 0.0002296152392053595 
136 137 0.0002296153320553289 
137 138 0.00022961526338218663 
138 139 0.00022961522851868067 
139 140 0.0002296152267508541 
140 141 0.00022961519011679667 
141 142 0.00022961524383735907 
142 143 0.00022961518367570148 
143 144 0.00022961522162677982 
144 145 0.00022961522548282432 
145 146 0.00022961527846234676 
146 147 0.00022961523788814626 
147 148 0.0002296152088768165 
148 149 0.00022961520207437147 
149 150 0.00022961522455154895 
150 151 0.0002296152256634278 
151 152 0.0002296152248321629 
152 153 0.0002296152244737462 
153 154 0.00022961524831615913 
154 155 0.00022961523423220808 
155 156 0.00022961522586342268 
156 157 0.00022961522532677088 
157 158 0.00022961522898754186 
158 159 0.00022961524049936466 
159 160 0.00022961522577861026 
160 161 0.0002296152253068925 
161 162 0.00022961522470968049 
162 163 0.0002296152226733652 
163 164 0.00022961522535411936 
164 165 0.00022961522722892875 
165 166 0.0002296152279336661 
166 167 0.00022961521129902707 
167 168 0.0002296152722726166 
168 169 0.00022961522239408312 
169 170 0.00022961522914935397 
170 171 0.00022961498498502911 
171 172 0.00022961565479179356 
172 173 0.00022961524827634793 
173 174 0.00022961522556120984 
174 175 0.00022961523230645415 
175 176 0.0002296152402895328 
176 177 0.00022961522401250146 
177 178 0.00022961524304044225 
178 179 0.00022961522780740864 
179 180 0.00022961522212766993 
180 181 0.00022961522933868096 
181 182 0.0002296152274578137 
182 183 0.00022961529250910157 
183 184 0.00022961519172270365 
184 185 0.00022961545564460323 
185 186 0.00022961523748944604 
186 187 0.00022961523205298202 
187 188 0.00022961520954502208 
188 189 0.0002296152219320769 
189 190 0.00022961550897348076 
190 191 0.00022961596815502787 
191 192 0.00022960843110335661 
192 193 0.00022958718651389014 
193 194 0.0002297927332922334 
194 195 0.00023133244448938684 
195 196 0.0002294467494820525 
196 197 0.00022857048942606168 
197 198 0.00026387925717652184 
