2 -0.23063289655301622 
3 -0.23111419883976414 
4 -0.2311709133911191 
5 -0.23117862817435642 
6 -0.23117976310911542 
7 -0.23117994300782682 
8 -0.23117997243002075 
9 -0.2311799773629872 
10 -0.23117997820244934 
11 -0.2311799783540602 
12 -0.23117997838169244 
13 -0.231179978386877 
14 -0.23117997838754115 
15 -0.2311799783774964 
16 -0.23117997975807963 
17 -0.23117997939963283 
18 -0.23117997861066444 
19 -0.23117997865750498 
20 -0.23117997845214178 
21 -0.23117997839964957 
22 -0.23117997839117455 
23 -0.23117997838833812 
24 -0.23117997838814472 
25 -0.2311799783880666 
26 -0.23117997838805499 
27 -0.2311799783880456 
28 -0.23117997838956797 
29 -0.2311799783841317 
30 -0.2311799783875808 
31 -0.23117997838823814 
32 -0.23117997838816035 
33 -0.23117997838807341 
34 -0.23117997838799956 
35 -0.23117997838804952 
36 -0.23117997838804627 
37 -0.23117997838800325 
38 -0.23117997838802398 
39 -0.23117997838806803 
40 -0.231179978388011 
41 -0.2311799783880215 
42 -0.23117997838802234 
43 -0.231179978388039 
44 -0.23117997838802837 
45 -0.2311799783880595 
46 -0.2311799783880494 
47 -0.23117997838805296 
48 -0.2311799783879297 
49 -0.23117997838804585 
50 -0.23117997838803675 
51 -0.23117997838802792 
52 -0.23117997838803514 
53 -0.23117997838804685 
54 -0.23117997838808596 
55 -0.23117997838802137 
56 -0.23117997838804039 
57 -0.2311799783879997 
58 -0.23117997838858173 
59 -0.2311799783864901 
60 -0.23117997838942245 
61 -0.2311799783882326 
62 -0.2311799783880258 
63 -0.23117997838803148 
64 -0.23117997838803292 
65 -0.2311799783879977 
66 -0.23117997838805218 
67 -0.23117997838809579 
68 -0.23117997838797197 
69 -0.23117997838828114 
70 -0.23117997838809748 
71 -0.2311799783879916 
72 -0.23117997838803347 
73 -0.2311799783880348 
74 -0.23117997838800872 
75 -0.23117997838803478 
76 -0.2311799783880286 
77 -0.2311799783878844 
78 -0.23117997838705068 
79 -0.2311799783878451 
80 -0.23117997838792603 
81 -0.23117997838793133 
82 -0.23117997838802629 
83 -0.23117997838799662 
84 -0.23117997838801613 
85 -0.23117997838801793 
86 -0.23117997838803855 
87 -0.23117997838802143 
88 -0.23117997838804402 
89 -0.23117997838857818 
90 -0.23117997838808638 
91 -0.23117997838797885 
92 -0.23117997838800342 
93 -0.2311799783879911 
94 -0.2311799783882713 
95 -0.2311799783877851 
96 -0.2311799783879234 
97 -0.23117997838797436 
98 -0.23117997838800214 
99 -0.23117997838803117 
100 -0.23117997838801266 
101 -0.2311799783880186 
102 -0.2311799783880204 
103 -0.23117997838798085 
104 -0.23117997838800827 
105 -0.23117997838782806 
106 -0.23117997838705925 
107 -0.2311799783827552 
108 -0.23117997835740606 
109 -0.231179978215826 
110 -0.2311799773963436 
111 -0.2311799725924215 
112 -0.23117994379554652 
113 -0.23117976615647326 
114 -0.23117862736157357 
115 -0.2311709178475789 
116 -0.23111419784105305 
117 -0.23063289573144793 
