2 -0.3438155503911439 
3 -0.3495760028520237 
4 -0.3523719694432853 
5 -0.3523204835396448 
6 -0.3520483900349645 
7 -0.3519005735846815 
8 -0.35186075493658214 
9 -0.3518650246839684 
10 -0.35187408356400535 
11 -0.351878079701533 
12 -0.35187851606538934 
13 -0.3518780015219492 
14 -0.3518776610799076 
15 -0.35187759091640924 
16 -0.3518776229955368 
17 -0.35187765270490207 
18 -0.3518776610835818 
19 -0.3518776585545566 
20 -0.3518776556065155 
21 -0.3518776547292125 
22 -0.35187765486965267 
23 -0.35187765422290257 
24 -0.3518776533045413 
25 -0.3518776550234089 
26 -0.3518776553257332 
27 -0.3518776553889223 
28 -0.35187765540854493 
29 -0.3518776554172297 
30 -0.3518776554206841 
31 -0.3518776554215521 
32 -0.3518776554213281 
33 -0.3518776554211369 
34 -0.35187765542109495 
35 -0.3518776554211002 
36 -0.35187765542115657 
37 -0.35187765542111266 
38 -0.35187765542114174 
39 -0.3518776554211565 
40 -0.351877655421128 
41 -0.351877655421222 
42 -0.35187765542114846 
43 -0.35187765542109384 
44 -0.3518776554211781 
45 -0.3518776554210945 
46 -0.3518776554211857 
47 -0.35187765542111454 
48 -0.3518776554211475 
49 -0.3518776554211664 
50 -0.3518776554211709 
51 -0.3518776554211351 
52 -0.35187765542117244 
53 -0.35187765542125227 
54 -0.3518776554210492 
55 -0.3518776554210918 
56 -0.3518776554211411 
57 -0.3518776554211986 
58 -0.3518776554211644 
59 -0.3518776554211758 
60 -0.35187765542109234 
61 -0.35187765542110305 
62 -0.3518776554217207 
63 -0.351877655421198 
64 -0.3518776554211687 
65 -0.3518776554209042 
66 -0.35187765542095617 
67 -0.351877655420914 
68 -0.3518776554215535 
69 -0.3518776554213493 
70 -0.3518776554212163 
71 -0.3518776554211375 
72 -0.3518776554209778 
73 -0.35187765542108956 
74 -0.35187765542137733 
75 -0.3518776554215691 
76 -0.3518776554212047 
77 -0.35187765542053695 
78 -0.3518776554206187 
79 -0.35187765542202043 
80 -0.35187765542175037 
81 -0.3518776554211263 
82 -0.35187765542076854 
83 -0.35187765542132926 
84 -0.35187765542075744 
85 -0.3518776554210236 
86 -0.3518776554209419 
87 -0.3518776554209162 
88 -0.35187765542026117 
89 -0.35187765542119576 
90 -0.3518776554212339 
91 -0.35187765542121685 
92 -0.35187765542113403 
93 -0.3518776554211566 
94 -0.3518776554211772 
95 -0.3518776554211724 
96 -0.35187765542119076 
97 -0.35187765542108695 
98 -0.35187765542109706 
99 -0.35187765542125166 
100 -0.3518776554212553 
101 -0.35187765542124455 
102 -0.35187765542133825 
103 -0.35187765542109356 
104 -0.35187765542099525 
105 -0.3518776554211347 
106 -0.3518776554211124 
107 -0.35187765542089494 
108 -0.3518776554204287 
109 -0.35187765542059646 
110 -0.35187765542294297 
111 -0.35187765542617805 
112 -0.3518776554271295 
113 -0.35187765541789906 
114 -0.35187765540024524 
115 -0.3518776553838894 
116 -0.3518776553160345 
117 -0.3518776548192379 
118 -0.3518776563493756 
119 -0.3518776557581329 
120 -0.35187765553506145 
121 -0.3518776554551816 
122 -0.35187765543145966 
123 -0.35187765542451055 
124 -0.3518776554222631 
125 -0.3518776554215444 
126 -0.3518776554212581 
127 -0.3518776554211988 
128 -0.35187765542111976 
129 -0.35187765542109756 
130 -0.3518776554211406 
131 -0.3518776554212424 
132 -0.351877655421326 
133 -0.35187765542175686 
134 -0.3518776554217363 
135 -0.35187765542101174 
136 -0.3518776554209826 
137 -0.3518776554211678 
138 -0.3518776554211674 
139 -0.35187765542110544 
140 -0.3518776554211833 
141 -0.3518776554211248 
142 -0.351877655421124 
143 -0.35187765542115224 
144 -0.3518776554211235 
145 -0.35187765542117216 
146 -0.3518776554211569 
147 -0.35187765542116156 
148 -0.3518776554211036 
149 -0.35187765542117283 
150 -0.351877655421155 
151 -0.35187765542113014 
152 -0.35187765542118066 
153 -0.3518776554214083 
154 -0.3518776554213201 
155 -0.35187765542120103 
156 -0.35187765542138133 
157 -0.35187765542080107 
158 -0.3518776554244753 
159 -0.35187765542108623 
160 -0.35187765542088667 
161 -0.3518776554210367 
162 -0.3518776554211662 
163 -0.35187765542114985 
164 -0.3518776554211021 
165 -0.35187765542107924 
166 -0.3518776554211619 
167 -0.35187765542141397 
168 -0.3518776554217742 
169 -0.35187765542149424 
170 -0.3518776554194141 
171 -0.3518776554157961 
172 -0.35187765541597466 
173 -0.3518776554318127 
174 -0.35187765546766636 
175 -0.35187765548292405 
176 -0.35187765536663407 
177 -0.3518776550405451 
178 -0.3518776548045495 
179 -0.3518776556748811 
180 -0.3518776586202468 
181 -0.3518776612666335 
182 -0.3518776537160792 
183 -0.35187762395922967 
184 -0.3518775914259043 
185 -0.3518776614055522 
186 -0.35187800146245257 
187 -0.3518785152092375 
188 -0.35187807929915127 
189 -0.351874083511536 
190 -0.35186502222308647 
191 -0.35186075418279583 
192 -0.3519005727431035 
193 -0.3520483888781394 
194 -0.35232048291107576 
195 -0.3523719693638571 
196 -0.3495760028750649 
197 -0.3438155503661129 
