-193.2723488201299 
-193.27234882012996 
-193.27234882013659 
-193.27234882014307 
-193.27234882014972 
-193.27234882015622 
-193.2723488201632 
-193.27234882016984 
-193.27234882017635 
-193.27234882018305 
-193.2723488201898 
-193.27234882019653 
-193.27234882020338 
-193.27234882021014 
-193.2723488202174 
-193.27234882022364 
-193.27234882023006 
-193.27234882023672 
-193.27234882024308 
-193.2723488202497 
-193.27234882025633 
-193.27234882026266 
-193.2723488202695 
-193.27234882027614 
-193.27234882028245 
-193.27234882028952 
-193.2723488202955 
-193.2723488203019 
-193.27234882030862 
-193.27234882031493 
-193.27234882032124 
-193.2723488203276 
-193.27234882033392 
-193.27234882034034 
-193.27234882034656 
-193.2723488203524 
-193.27234882035845 
-193.2723488203643 
-193.27234882037007 
-193.2723488203755 
-193.27234882038115 
-193.27234882038638 
-193.27234882039122 
-193.27234882039616 
-193.2723488204008 
-193.27234882040528 
-193.27234882040938 
-193.27234882041313 
-193.27234882041654 
-193.27234882041944 
-193.27234882044772 
-193.27234882047097 
-193.27234882048685 
-193.27234882049467 
-193.2723488204963 
-193.2723488204964 
-193.27234882049646 
-193.27234882049632 
-193.27234882049635 
-193.27234882049655 
-193.27234882049774 
-193.2723488204962 
-193.27234882049623 
-193.27234882049663 
-193.27234882049652 
-193.27234882049643 
-193.27234882049643 
-193.27234882049618 
-193.27234882049572 
-193.27234882049586 
-193.27234882049592 
-193.2723488204957 
-193.2723488204955 
-193.27234882049567 
-193.2723488204957 
-193.2723488204959 
-193.2723488204954 
-193.2723488204952 
-193.27234882049535 
-193.27234882049527 
-193.27234882049524 
-193.27234882049513 
-193.2723488204951 
-193.27234882049493 
-193.27234882049467 
-193.27234882049444 
-193.27234882049467 
-193.2723488204947 
-193.2723488204949 
-193.27234882049487 
-193.2723488204947 
-193.27234882049478 
-193.27234882049453 
-193.27234882049464 
-193.27234882049453 
-193.27234882049444 
-193.27234882049441 
-193.27234882049441 
-193.27234882049427 
-193.27234882049453 
-193.27234882049441 
-193.27234882049456 
-193.27234882049478 
-193.272348820495 
-193.27234882049507 
-193.27234882049538 
-193.2723488204952 
-193.27234882049507 
-193.27234882049487 
-193.27234882049478 
-193.27234882049473 
-193.27234882049456 
-193.27234882049464 
-193.27234882049427 
-193.2723488204944 
-193.27234882049382 
-193.27234882050095 
-193.27234882050743 
-193.27234882051422 
-193.27234882052082 
-193.27234882052755 
-193.27234882053435 
-193.2723488205411 
-193.27234882054776 
-193.2723488205546 
-193.27234882056146 
-193.27234882056814 
-193.27234882057465 
-193.27234882058124 
-193.27234882058778 
-193.2723488205956 
-193.272348820602 
-193.27234882060864 
-193.27234882061535 
-193.27234882062186 
-193.27234882062842 
-193.27234882063505 
-193.27234882064178 
-193.2723488206487 
-193.2723488206552 
-193.27234882066202 
-193.2723488206685 
-193.27234882067498 
-193.2723488206815 
-193.27234882068805 
-193.27234882069433 
-193.2723488207007 
-193.27234882070704 
-193.272348820713 
-193.2723488207195 
-193.27234882072565 
-193.27234882073174 
-193.27234882073773 
-193.27234882074333 
-193.27234882074887 
-193.27234882075453 
-193.27234882076 
-193.2723488207652 
-193.27234882077013 
-193.27234882077502 
-193.27234882077985 
-193.27234882078412 
-193.27234882078832 
-193.27234882079188 
-193.27234882079526 
-193.27234882079821 
-193.2723488208262 
-193.27234882084934 
-193.27234882086512 
-193.2723488208729 
-193.27234882087467 
-193.27234882087475 
-193.27234882087512 
-193.27234882087498 
-193.2723488208752 
-193.27234882087478 
-193.2723488208761 
-193.27234882087498 
-193.2723488208752 
-193.27234882087487 
-193.27234882087473 
-193.27234882087492 
-193.27234882087492 
-193.27234882087478 
-193.27234882087475 
-193.27234882087487 
-193.27234882087498 
-193.27234882087492 
-193.272348820875 
-193.2723488208748 
-193.2723488208746 
-193.27234882087473 
-193.27234882087473 
-193.27234882087467 
-193.27234882087464 
-193.27234882087484 
-193.27234882087495 
-193.27234882087478 
-193.2723488208748 
-193.27234882087475 
-193.2723488208748 
-193.27234882087478 
-193.2723488208747 
-193.27234882087478 
-193.27234882087484 
-193.272348820875 
-193.2723488208752 
-193.27234882087527 
-193.27234882087532 
-193.2723488208752 
-193.2723488208752 
-193.2723488208753 
-193.27234882087535 
-193.27234882087504 
-193.27234882087527 
-193.27234882087532 
-193.27234882087552 
-193.27234882087538 
-193.27234882087546 
-193.27234882087538 
-193.27234882087555 
-193.27234882087544 
-193.27234882087527 
-193.27234882087524 
-193.27234882087524 
-193.27234882087546 
-193.27234882087538 
-193.27234882087504 
-193.27234882087487 
-193.27234882087507 
-193.27234882087504 
-193.27234882087518 
-193.27234882087507 
-193.27234882087515 
-193.2723488208756 
-193.27234882087555 
-193.27234882087558 
-193.27234882087566 
-193.27234882087606 
-193.27234882087575 
-193.27234882087598 
-193.2723488208762 
-193.27234882087615 
-193.27234882087606 
-193.2723488208758 
-193.2723488208759 
-193.27234882087595 
-193.27234882087598 
-193.27234882087618 
-193.27234882087637 
-193.27234882087606 
-193.2723488208762 
-193.2723488208764 
-193.27234882087637 
-193.2723488208766 
-193.27234882087674 
-193.27234882087683 
-193.2723488208768 
-193.27234882087689 
-193.27234882087697 
-193.27234882087694 
-193.27234882087706 
-193.27234882087697 
-193.27234882087697 
-193.27234882087708 
-193.27234882087717 
-193.27234882087708 
-193.27234882087686 
-193.2723488208769 
-193.27234882087706 
-193.27234882087706 
-193.27234882087708 
-193.27234882087708 
-193.2723488208771 
-193.2723488208771 
-193.2723488208769 
-193.27234882087697 
-193.27234882087689 
-193.27234882087703 
-193.27234882087717 
-193.27234882087745 
-193.2723488208777 
-193.2723488208775 
-193.27234882087782 
-193.27234882087785 
-193.27234882087805 
-193.27234882087862 
-193.27234882087942 
-193.27234882087785 
-193.27234882087805 
-193.27234882087762 
-193.27234882087765 
-193.2723488208796 
-193.27234882087777 
-193.27234882087768 
-193.2723488208776 
-193.27234882087777 
-193.27234882087785 
-193.27234882087757 
-193.27234882087785 
-193.27234882087788 
-193.27234882087777 
-193.2723488208775 
-193.27234882087782 
-193.27234882087785 
-193.27234882087782 
-193.27234882087788 
-193.27234882087794 
-193.2723488208778 
-193.27234882087777 
-193.27234882087785 
-193.2723488208775 
-193.27234882087748 
-193.27234882087743 
-193.272348820878 
-193.27234882087802 
-193.27234882087822 
-193.27234882087814 
-193.272348820878 
-193.2723488208781 
-193.27234882087797 
-193.27234882087802 
-193.27234882087797 
-193.27234882087828 
-193.27234882087836 
-193.27234882087797 
-193.27234882087785 
-193.27234882087788 
-193.27234882087788 
-193.272348820878 
-193.2723488208779 
-193.27234882087788 
-193.27234882087788 
-193.27234882087765 
-193.2723488208776 
-193.27234882087728 
-193.27234882087726 
-193.27234882087694 
-193.27234882087723 
-193.27234882087706 
-193.27234882087706 
-193.27234882087683 
-193.27234882087703 
-193.27234882087677 
-193.27234882087686 
-193.27234882087686 
-193.27234882087683 
-193.27234882087663 
-193.27234882087646 
-193.27234882087666 
-193.27234882087637 
-193.27234882087626 
-193.2723488208761 
-193.272348820876 
-193.272348820876 
-193.27234882087603 
-193.27234882087598 
-193.27234882087586 
-193.27234882087598 
-193.27234882087606 
-193.27234882087637 
-193.27234882087632 
-193.2723488208766 
-193.27234882087626 
-193.2723488208764 
-193.272348820876 
-193.27234882087595 
-193.27234882087586 
-193.27234882087555 
-193.27234882087538 
-193.27234882087546 
-193.27234882087524 
-193.27234882087524 
-193.27234882087512 
-193.27234882087484 
-193.2723488208749 
-193.2723488208746 
-193.2723488208746 
-193.27234882087447 
-193.27234882087453 
-193.27234882087436 
-193.27234882087419 
-193.27234882087424 
-193.27234882087402 
-193.2723488208741 
-193.27234882087416 
-193.27234882087427 
-193.27234882087424 
-193.27234882087365 
-193.27234882087384 
-193.27234882087348 
-193.27234882087376 
-193.27234882087365 
-193.27234882087336 
-193.27234882087325 
-193.27234882087305 
-193.27234882087305 
-193.27234882087285 
-193.27234882087268 
-193.27234882087288 
-193.27234882087268 
-193.2723488208729 
-193.27234882087288 
-193.27234882087296 
-193.27234882087402 
-193.2723488208726 
-193.27234882087282 
