2 0.005084231710369252 
3 -0.0015437416905371506 
4 0.00041108191804447485 
5 -2.4265428170679927e-05 
6 -4.321892429321885e-05 
7 1.4613210243448153e-05 
8 1.7274255386760324e-07 
9 -1.602967914910941e-06 
10 4.1556269863298813e-07 
11 8.467235808777783e-08 
12 -7.298247834098739e-08 
13 7.070477592211393e-09 
14 8.049431014078392e-09 
15 -2.761043034511341e-09 
16 -7.800681640882106e-10 
17 9.239793264327954e-10 
18 -4.223749680995966e-10 
19 2.579898167589181e-10 
20 -2.912993444364185e-10 
21 3.2544316365031695e-10 
22 -3.3196708988468136e-10 
23 3.2919006722698203e-10 
24 -3.228121555630573e-10 
25 3.2197945982421304e-10 
26 -3.3808538595228215e-10 
27 3.2808420478406966e-10 
28 -2.363507749782164e-10 
29 2.1239927216399776e-10 
30 1.3110913913207616e-10 
31 6.440059027461592e-10 
32 -7.71823264364362e-10 
33 3.4531420951233397e-10 
34 -4.070267982117032e-10 
35 5.760714893313729e-10 
36 3.0241188498665583e-10 
37 -1.4151889886933184e-10 
38 -3.0036374114616953e-10 
39 3.285947189636758e-10 
40 -3.134302789806226e-10 
41 3.009085334744937e-10 
42 -4.809675412446048e-10 
43 8.315044887247506e-10 
44 -2.965595684343752e-10 
45 3.352053183847418e-10 
46 -3.2005072662325967e-10 
47 3.6297758369914073e-10 
48 -5.177820833088686e-10 
49 1.2504412898072236e-10 
50 -2.9272691826742064e-10 
51 3.4469557936232617e-10 
52 -4.1463829411007865e-10 
53 2.6435392757918077e-10 
54 -3.246206378541065e-10 
55 3.21397680866203e-10 
56 -3.240966081945536e-10 
57 3.192712607909112e-10 
58 -3.269918812274008e-10 
59 3.377350713928472e-10 
60 -3.2576724069307733e-10 
61 3.263349712793592e-10 
62 -3.2649693608820175e-10 
63 3.243722670682891e-10 
64 -3.166407745370748e-10 
65 3.2365340054614544e-10 
66 -3.2445073563520685e-10 
67 3.303950708037784e-10 
68 -3.4023810587350375e-10 
69 3.296476984350027e-10 
70 -2.7663549821988483e-10 
71 1.9561209933950425e-10 
72 -4.1134772833014046e-10 
73 4.6427008192587704e-10 
74 -3.479469349104519e-10 
75 3.2135976169312847e-10 
76 -3.126356859349317e-10 
77 3.661143764492582e-10 
78 -3.4775458313306873e-10 
79 3.4707777467007086e-10 
80 -3.2997994703786397e-10 
81 2.7925665459696826e-10 
82 -1.607365879127819e-10 
83 4.83650892121613e-09 
84 8.759951703738047e-09 
85 1.2214804277982132e-11 
86 -7.181830383410548e-10 
87 9.91414942141709e-10 
88 -5.662121540473737e-10 
89 3.3148334550750424e-10 
90 -3.2915309161310446e-10 
91 3.198417767304749e-10 
92 -2.978411488592626e-10 
93 3.353943451993584e-10 
94 -3.085806397952866e-10 
95 2.8626236120607816e-10 
96 -2.4375911955878683e-10 
97 8.377826183828667e-10 
98 -1.254589862614186e-09 
99 2.472652582063014e-10 
100 -1.4347726440112152e-10 
101 6.998009607442819e-10 
102 -2.8031465636493785e-10 
103 3.2884210601087617e-10 
104 -3.2752059477943114e-10 
105 3.248829914065016e-10 
106 -3.394575738309385e-10 
107 3.662780145631614e-10 
108 -3.287691590359009e-10 
109 3.180166492894269e-10 
110 -3.3280682301168764e-10 
111 3.326988886914836e-10 
112 -3.3020147483802104e-10 
113 3.143593996042502e-10 
114 -3.2351971356184084e-10 
115 3.327052635903917e-10 
116 -3.2015570073780264e-10 
117 3.22595601531753e-10 
118 -3.1598488774294795e-10 
119 3.257772300608481e-10 
120 -3.2517046651137383e-10 
121 3.260947499919968e-10 
122 -3.3024901665214053e-10 
123 3.266379754008073e-10 
124 -3.222253127657298e-10 
125 3.263943400835636e-10 
126 -3.278379450450716e-10 
127 3.230562688097059e-10 
128 -3.2550800485860356e-10 
129 3.222749175113755e-10 
130 -3.22781241270891e-10 
131 3.2895169016760206e-10 
132 -3.3196388775597167e-10 
133 3.368302926132184e-10 
134 -3.217356110602432e-10 
135 3.1347602916389895e-10 
136 -3.0539110608180193e-10 
137 3.1551110786750373e-10 
138 -4.71451676009186e-10 
139 3.095499620251219e-10 
140 -3.208067891713252e-10 
141 3.3162754215604676e-10 
142 -4.0158164800012583e-10 
143 1.3980535394705687e-10 
144 -3.1345219723995365e-10 
145 3.168755264501816e-10 
146 -3.2406536243471386e-10 
147 3.310517139530531e-10 
148 -3.3030458779543965e-10 
149 3.2541728293231736e-10 
150 -3.2516807035302513e-10 
151 3.2464257746478334e-10 
152 -3.2198008085925315e-10 
153 3.2681229200413563e-10 
154 -3.507919819701847e-10 
155 3.272097384139195e-10 
156 -3.27013155786184e-10 
157 3.2664628786053294e-10 
158 -3.247761245045003e-10 
159 3.2688048464758435e-10 
160 -3.309296692673632e-10 
161 3.287911138762972e-10 
162 -3.2228288464771745e-10 
163 3.246282383634687e-10 
164 -2.0535330916059671e-10 
165 3.6353553756516626e-10 
166 -3.2758922291294485e-10 
167 3.2595607188918265e-10 
168 -3.25910238874393e-10 
169 3.3304969182606926e-10 
170 -3.2525581433537443e-10 
171 3.246491374295066e-10 
172 -3.2663964475343415e-10 
173 3.226214251622363e-10 
174 -3.60884347731896e-10 
175 4.537990341884427e-10 
176 -3.244696202101458e-10 
177 3.201454336570887e-10 
178 -3.260638212678294e-10 
179 3.6271988433322477e-10 
180 -3.9204373057283766e-10 
181 2.280558972451391e-10 
182 2.8599404517241384e-10 
183 -1.4202816254407648e-10 
184 -3.44239898645866e-09 
185 8.780058919259991e-09 
186 6.4054640715771634e-09 
187 -7.261452670649597e-08 
188 8.43392509354512e-08 
189 4.150879902592291e-07 
190 -1.6043038424091707e-06 
191 1.747009027151502e-07 
192 1.4632058091468022e-05 
193 -4.3221554006354814e-05 
194 -2.4264205720508252e-05 
195 0.0004110816241608124 
196 -0.001543741991411964 
197 0.005084231946443123 
