2 -0.26467270104185503 
3 -0.26826062993797894 
4 -0.2700923241475854 
5 -0.27002122158502506 
6 -0.2698965106592132 
7 -0.26986036226341303 
8 -0.26986046186310547 
9 -0.26986449257248296 
10 -0.26986562234283157 
11 -0.2698654675005058 
12 -0.26986529381872126 
13 -0.26986526920003867 
14 -0.269865285782764 
15 -0.269865293234965 
16 -0.269865292721335 
17 -0.269865291472179 
18 -0.2698652912182248 
19 -0.2698652913423442 
20 -0.26986529141552634 
21 -0.26986529141945065 
22 -0.2698652914096981 
23 -0.26986529140434273 
24 -0.26986529140414617 
25 -0.26986529141025445 
26 -0.2698652914076648 
27 -0.26986529138119963 
28 -0.26986529135612847 
29 -0.26986529176749063 
30 -0.2698652912900061 
31 -0.26986529105889945 
32 -0.26986529155179256 
33 -0.2698652902898705 
34 -0.2698652912352204 
35 -0.2698652906350381 
36 -0.26986529030179185 
37 -0.26986529181032365 
38 -0.2698652914700211 
39 -0.26986529141178184 
40 -0.26986529140977267 
41 -0.26986529142561155 
42 -0.2698652914165863 
43 -0.26986529110233154 
44 -0.26986529136269977 
45 -0.26986529151681043 
46 -0.2698652914567204 
47 -0.26986529134302895 
48 -0.2698652914300057 
49 -0.26986529129681525 
50 -0.26986529136267956 
51 -0.26986529143982246 
52 -0.2698652913260815 
53 -0.26986529119965574 
54 -0.2698652914118956 
55 -0.26986529141585575 
56 -0.26986529140537 
57 -0.2698652914120808 
58 -0.2698652914071779 
59 -0.2698652914243472 
60 -0.2698652913510542 
61 -0.26986529139481447 
62 -0.2698652914059155 
63 -0.2698652914083969 
64 -0.2698652914034479 
65 -0.26986529140788956 
66 -0.2698652914095991 
67 -0.2698652914104228 
68 -0.26986529140258575 
69 -0.2698652913866937 
70 -0.2698652913693135 
71 -0.2698652912553067 
72 -0.269865292143976 
73 -0.26986529143572313 
74 -0.26986529140600146 
75 -0.26986529140916066 
76 -0.2698652914359644 
77 -0.2698652914511011 
78 -0.2698652914007188 
79 -0.26986529138740467 
80 -0.2698652913541271 
81 -0.2698652914180627 
82 -0.2698652913322395 
83 -0.2698652902879434 
84 -0.26986528107320784 
85 -0.26986528940001153 
86 -0.2698652915119248 
87 -0.2698652903329238 
88 -0.269865291251061 
89 -0.269865291382382 
90 -0.26986529139456883 
91 -0.26986529140323146 
92 -0.2698652914673134 
93 -0.26986529140669147 
94 -0.269865291408442 
95 -0.26986529144075794 
96 -0.269865291477332 
97 -0.2698652916594596 
98 -0.26986529035877216 
99 -0.26986529089253486 
100 -0.2698652910959399 
101 -0.2698652915976983 
102 -0.26986529143802956 
103 -0.2698652914180153 
104 -0.269865291410516 
105 -0.2698652914062653 
106 -0.2698652914492501 
107 -0.2698652914045081 
108 -0.2698652914052967 
109 -0.2698652914037227 
110 -0.2698652914072048 
111 -0.2698652914018425 
112 -0.269865291399719 
113 -0.2698652914004743 
114 -0.26986529140664883 
115 -0.269865291407453 
116 -0.26986529139204035 
117 -0.2698652914017392 
118 -0.26986529140842064 
119 -0.26986529140727566 
120 -0.26986529140789084 
121 -0.26986529140860216 
122 -0.26986529140827736 
123 -0.2698652914040147 
124 -0.2698652914077977 
125 -0.2698652914051135 
126 -0.269865291406598 
127 -0.2698652914047105 
128 -0.2698652914057507 
129 -0.269865291405821 
130 -0.26986529140948146 
131 -0.26986529141191157 
132 -0.2698652914051937 
133 -0.26986529139984605 
134 -0.2698652913997729 
135 -0.2698652914061092 
136 -0.26986529142533194 
137 -0.2698652914866857 
138 -0.2698652913635541 
139 -0.2698652913479655 
140 -0.26986529140377175 
141 -0.2698652914129319 
142 -0.2698652914322587 
143 -0.26986529138906085 
144 -0.269865291415631 
145 -0.2698652914082836 
146 -0.2698652914087387 
147 -0.2698652914123995 
148 -0.2698652913995391 
149 -0.2698652913843245 
150 -0.2698652914068493 
151 -0.2698652914105372 
152 -0.2698652913968569 
153 -0.2698652914161592 
154 -0.26986529139722354 
155 -0.26986529139880583 
156 -0.26986529140530763 
157 -0.2698652914046395 
158 -0.2698652914075193 
159 -0.2698652914090344 
160 -0.26986529140831084 
161 -0.2698652914008035 
162 -0.2698652913945691 
163 -0.26986529138724885 
164 -0.2698652915728929 
165 -0.26986529142276927 
166 -0.26986529140928883 
167 -0.26986529140826904 
168 -0.2698652914075478 
169 -0.26986529140899307 
170 -0.26986529140527177 
171 -0.2698652914063973 
172 -0.2698652914073697 
173 -0.26986529140961707 
174 -0.26986529145728677 
175 -0.26986529141646703 
176 -0.26986529139687315 
177 -0.26986529140887267 
178 -0.2698652914213612 
179 -0.26986529141642607 
180 -0.26986529133693204 
181 -0.26986529121167036 
182 -0.2698652914812455 
183 -0.2698652927582393 
184 -0.26986529326751135 
185 -0.26986528564547463 
186 -0.26986526888729534 
187 -0.2698652935108223 
188 -0.2698654674266483 
189 -0.2698656213623902 
190 -0.2698644912230303 
191 -0.2698604582960496 
192 -0.2698603583017269 
193 -0.26989651176656787 
194 -0.27002122266049683 
195 -0.2700923251271329 
196 -0.2682606304629516 
197 -0.2646727011642519 
