2 -0.9655124146845866 
3 0.9649103890224175 
4 -0.9646761064936691 
5 0.9646656305981728 
6 -0.9646693785809387 
7 0.9646709635676575 
8 -0.9646713045751321 
9 0.9646713278078242 
10 -0.9646713192442656 
11 0.9646713156964316 
12 -0.9646713150460846 
13 0.9646713150171212 
14 -0.964671315044657 
15 0.9646713150680445 
16 -0.9646713151101918 
17 0.9646713151172024 
18 -0.9646713153568368 
19 0.9646713149259859 
20 -0.9646713150222523 
21 0.9646713150530071 
22 -0.9646713146379737 
23 0.964671315047715 
24 -0.9646713152752971 
25 0.9646713151182297 
26 -0.964671315063749 
27 0.9646713151756431 
28 -0.9646713151089463 
29 0.9646713146188083 
30 -0.9646713149443886 
31 0.9646713150229115 
32 -0.9646713150181287 
33 0.9646713149962928 
34 -0.9646713150057917 
35 0.964671315052501 
36 -0.9646713150113134 
37 0.9646713150034035 
38 -0.964671315007259 
39 0.9646713150022512 
40 -0.9646713154978583 
41 0.9646713152493538 
42 -0.9646713151738442 
43 0.9646713150758988 
44 -0.9646713150595116 
45 0.9646713150555037 
46 -0.9646713150550201 
47 0.9646713150753901 
48 -0.9646713150472177 
49 0.964671314993861 
50 -0.9646713148352956 
51 0.9646713153020221 
52 -0.964671315149688 
53 0.9646713150747915 
54 -0.9646713150589462 
55 0.9646713150545544 
56 -0.964671315051588 
57 0.9646713150553288 
58 -0.9646713150532273 
59 0.9646713150535122 
60 -0.9646713150532431 
61 0.9646713150932843 
62 -0.9646713150596724 
63 0.9646713150781573 
64 -0.9646713150518044 
65 0.9646713150475448 
66 -0.9646713150505337 
67 0.9646713153700464 
68 -0.964671315457007 
69 0.96467131510106 
70 -0.964671315100297 
71 0.9646713150623437 
72 -0.9646713151193906 
73 0.964671315070923 
74 -0.9646713150423055 
75 0.9646713149795811 
76 -0.9646713149576771 
77 0.9646713150256172 
78 -0.9646713150316123 
79 0.964671315018218 
80 -0.9646713150547346 
81 0.9646713150671844 
82 -0.9646713150526434 
83 0.9646713150667012 
84 -0.9646713150206745 
85 0.9646713150772663 
86 -0.9646713150364974 
87 0.9646713150671683 
88 -0.9646713150978568 
89 0.9646713150538848 
90 -0.9646713150602493 
91 0.9646713150965617 
92 -0.9646713151080627 
93 0.964671315017574 
94 -0.9646713148157621 
95 0.9646713148368643 
96 -0.9646713149167674 
97 0.9646713152427808 
98 -0.9646713148411454 
99 0.9646713151224212 
100 -0.964671314622014 
101 0.9646713148661726 
102 -0.9646713149593951 
103 0.9646713150172855 
104 -0.9646713148916551 
105 0.9646713149786199 
106 -0.9646713150699521 
107 0.9646713150608537 
108 -0.9646713138704134 
109 0.9646713146242059 
110 -0.9646713148658916 
111 0.9646713150092723 
112 -0.964671315048421 
113 0.9646713142891136 
114 -0.9646713149307454 
115 0.9646713150536813 
116 -0.9646713150648512 
117 0.9646713150829647 
118 -0.9646713152819665 
119 0.9646713156766599 
120 -0.964671315072309 
121 0.964671315299001 
122 -0.9646713150899097 
123 0.9646713150508539 
124 -0.9646713150665398 
125 0.9646713151032771 
126 -0.9646713154568732 
127 0.9646713148938983 
128 -0.9646713149740133 
129 0.964671315036069 
130 -0.9646713150783913 
131 0.9646713150665571 
132 -0.9646713150492843 
133 0.9646713150381163 
134 -0.9646713153866712 
135 0.9646713149450082 
136 -0.9646713150794336 
137 0.9646713150472238 
138 -0.9646713150634181 
139 0.964671314969698 
140 -0.9646713142776491 
141 0.9646713154171827 
142 -0.9646713151805106 
143 0.964671315067815 
144 -0.9646713149989502 
145 0.9646713155503966 
146 -0.9646713151054621 
147 0.9646713151764783 
148 -0.9646713150901973 
149 0.9646713150574321 
150 -0.9646713150364944 
151 0.9646713149411194 
152 -0.9646713168713615 
153 0.9646713155764973 
154 -0.9646713151765249 
155 0.9646713150760629 
156 -0.9646713150554428 
157 0.9646713150523463 
158 -0.964671315231088 
159 0.9646713151073741 
160 -0.964671315057217 
161 0.9646713150551833 
162 -0.9646713150636872 
163 0.9646713150514307 
164 -0.9646713150550302 
165 0.9646713150510058 
166 -0.9646713150483213 
167 0.9646713150473044 
168 -0.9646713150458479 
169 0.9646713150517773 
170 -0.9646713152072923 
171 0.9646713151109911 
172 -0.9646713150587679 
173 0.9646713150544011 
174 -0.9646713150544941 
175 0.9646713150535139 
176 -0.964671315056654 
177 0.9646713150572316 
178 -0.9646713150352019 
179 0.9646713153889774 
180 -0.9646713153684792 
181 0.9646713150338767 
182 -0.9646713155172043 
183 0.964671315489171 
184 -0.9646713153417796 
185 0.9646713150308116 
186 -0.9646713150093752 
187 0.9646713150422171 
188 -0.9646713156908541 
189 0.9646713192418866 
190 -0.964671327801375 
191 0.9646713045736544 
192 -0.9646709635838945 
193 0.9646693786323148 
194 -0.9646656307139734 
195 0.9646761066137074 
196 -0.9649103891066199 
197 0.9655124147007884 
