2 3 0.033562035526872425 
3 4 0.041984262934613846 
4 5 0.04738104467376611 
5 6 0.050893761847882635 
6 7 0.05324215569684737 
7 8 0.054845860911301766 
8 9 0.0559598151944566 
9 10 0.05674419834921412 
10 11 0.05730266465280633 
11 12 0.05770394111458566 
12 13 0.0579945008923373 
13 14 0.05820627918469471 
14 15 0.05836151550098163 
15 16 0.058475871473779084 
16 17 0.058560481642320465 
17 18 0.0586233273300893 
18 19 0.05867016915611887 
19 20 0.058705193324076935 
20 21 0.05873145537522431 
21 22 0.05875119871227144 
22 23 0.05876607650598724 
23 24 0.0587773122257445 
24 25 0.05878581483410812 
25 26 0.058792261062967546 
26 27 0.05879715664142159 
27 28 0.058800880558822925 
28 29 0.05880371749942317 
29 30 0.05880588178453886 
30 31 0.05880753510031508 
31 32 0.05880879966293861 
32 33 0.05880976802303335 
33 34 0.058810510386710195 
34 35 0.058811080096085856 
35 36 0.05881151774143106 
36 37 0.05881185425369697 
37 38 0.05881211323469367 
38 39 0.05881231271651486 
39 40 0.05881246649235755 
40 41 0.058812585124940676 
41 42 0.05881267671167632 
42 43 0.05881274746633505 
43 44 0.058812802161662785 
44 45 0.05881284446687205 
45 46 0.05881287720503301 
46 47 0.05881290254984673 
47 48 0.058812922175985854 
48 49 0.05881293737437334 
49 50 0.058812949140185845 
50 51 0.058812958240792544 
51 52 0.05881296526730949 
52 53 0.05881297067443623 
53 54 0.05881297481088337 
54 55 0.05881297794251574 
55 56 0.05881298027014933 
56 57 0.05881298194263378 
57 58 0.05881298306656551 
58 59 0.0588129837136556 
59 60 0.058812983924993366 
60 61 0.05881298371404937 
61 62 0.05881298306740173 
62 63 0.05881298194379362 
63 64 0.05881298027170618 
64 65 0.05881297794441246 
65 66 0.058812974813055356 
66 67 0.05881297067687867 
67 68 0.058812965269974114 
68 69 0.058812958243551886 
69 70 0.0588129491428459 
70 71 0.05881293737671925 
71 72 0.05881292217774097 
72 73 0.05881290255055169 
73 74 0.05881287720406953 
74 75 0.05881284446344031 
75 76 0.05881280215463673 
76 77 0.05881274745421358 
77 78 0.058812676692425556 
78 79 0.05881258509606097 
79 80 0.05881246645073881 
80 81 0.05881231265748441 
81 82 0.0588121131531062 
82 83 0.05881185414298896 
83 84 0.05881151759362816 
84 85 0.05881107990190289 
85 86 0.058810510135665975 
86 87 0.05880976770404224 
87 88 0.05880879926564011 
88 89 0.058807534617392195 
89 90 0.058805881215945 
90 91 0.058803716858684865 
91 92 0.05880087988168589 
92 93 0.058797155995026086 
93 94 0.05879226054790469 
94 95 0.05878581455743094 
95 96 0.05877731219480003 
96 97 0.05876607652096361 
97 98 0.058751198873667275 
98 99 0.05873145577123836 
99 100 0.0587051938401685 
100 101 0.05867016996697255 
101 102 0.058623327392344673 
102 103 0.05856048158239689 
103 104 0.0584758712736292 
104 105 0.058361515404566876 
105 106 0.058206279272149115 
106 107 0.05799450142389397 
107 108 0.057703941809023995 
108 109 0.05730266536037383 
109 110 0.05674419886455919 
110 111 0.05595981557147058 
111 112 0.05484586121757516 
112 113 0.053242155852058506 
113 114 0.05089376212694232 
114 115 0.047381044859405856 
115 116 0.04198426310976039 
116 117 0.03356203585429174 
117 118 0.02041242031718983 
