2 -0.8972670179516147 
3 0.7409318723925399 
4 -0.5073148503796694 
5 0.22084067718226952 
6 0.07592068119510781 
7 -0.3413556907631373 
8 0.5421215227388525 
9 -0.657073271779062 
10 0.6767527029180971 
11 -0.6029142833354585 
12 0.4481912573610014 
13 -0.23562625608168117 
14 -0.0037265320445554924 
15 0.2354603297325536 
16 -0.4273444796792438 
17 0.5540518268016419 
18 -0.6001390667561958 
19 0.5613226251621535 
20 -0.44462224531077793 
21 0.26751870050810644 
22 -0.05578499839127393 
23 -0.16012572629357538 
24 0.3496491702474909 
25 -0.4866496050643675 
26 0.5529571392602993 
27 -0.5404941236523708 
28 0.45206053775335125 
29 -0.30087808592609666 
30 0.10886061163692319 
31 0.09640874994183146 
32 -0.2857063884082523 
33 0.43247797943172506 
34 -0.5165838780441628 
35 0.5269206321985356 
36 -0.4627254362403028 
37 0.3335773411277234 
38 -0.15811639858195553 
39 -0.03851086745599222 
40 0.2282604394011568 
41 -0.3842916408406264 
42 0.4848205856262259 
43 -0.5160924260721926 
44 0.4741315461825315 
45 -0.36519184556292966 
46 0.20490905423265682 
47 -0.01617489708498779 
48 -0.1740974517046367 
49 0.3388779391515748 
50 -0.4549322390337945 
51 0.5060739956670743 
52 -0.48531629401537324 
53 0.3957513598958124 
54 -0.2501273174982745 
55 0.06913897737377102 
56 0.12145054306847089 
57 -0.2945158813131224 
58 0.425508457187562 
59 -0.4959486497044732 
60 0.49594864970885577 
61 -0.4255084571562272 
62 0.29451588147040114 
63 -0.12145054347260095 
64 -0.0691389773142688 
65 0.25012731719460607 
66 -0.39575135969596154 
67 0.4853162939212969 
68 -0.5060739959831867 
69 0.45493223991396076 
70 -0.3388779402787481 
71 0.17409745367724935 
72 0.01617489408465042 
73 -0.2049090507254346 
74 0.36519184218657164 
75 -0.4741315441786442 
76 0.5160924266303115 
77 -0.4848205896839425 
78 0.3842916483763347 
79 -0.22826044912001578 
80 0.038510877886228166 
81 0.1581163899476069 
82 -0.33357733556196956 
83 0.462725434691352 
84 -0.5269206340416124 
85 0.5165838808195194 
86 -0.43247798194980885 
87 0.2857063903829863 
88 -0.09640875252031926 
89 -0.10886060539618114 
90 0.3008780790723815 
91 -0.45206053227747156 
92 0.5404941203968597 
93 -0.5529571378572464 
94 0.48664960646143574 
95 -0.34964917317859995 
96 0.16012573090516505 
97 0.05578499293459812 
98 -0.267518694800239 
99 0.444622240094253 
100 -0.5613226214510773 
101 0.6001390648745596 
102 -0.554051827112188 
103 0.4273444824569961 
104 -0.23546033432684577 
105 0.003726538132054334 
106 0.23562624871055549 
107 -0.4481912496074102 
108 0.6029142757619336 
109 -0.6767526947458402 
110 0.6570732621060607 
111 -0.5421215074844599 
112 0.34135567192039845 
113 -0.07592064748981611 
114 -0.22084067714038202 
115 0.5073148537847746 
116 -0.7409318709612637 
117 0.897267017592807 
