2 -0.467866566823356 
3 -0.4741306605214427 
4 -0.4302347743282349 
5 -0.4178220876090748 
6 -0.4538527020337538 
7 -0.468778260887808 
8 -0.44491471604686134 
9 -0.42910194361174125 
10 -0.4458178480604207 
11 -0.4619305251495212 
12 -0.4505115879979852 
13 -0.43499691542353564 
14 -0.44256960484775065 
15 -0.457420632584694 
16 -0.4530391256818686 
17 -0.4391173057450742 
18 -0.4409673129688147 
19 -0.4539290147255595 
20 -0.4542475758700134 
21 -0.44239705494065373 
22 -0.4403006427398381 
23 -0.4510072480407776 
24 -0.45462232213739073 
25 -0.44515618528067624 
26 -0.44030801569731065 
27 -0.4485106560658929 
28 -0.4543757060625939 
29 -0.4474910273479436 
30 -0.44084594698849505 
31 -0.44640905206364095 
32 -0.4536409353074802 
33 -0.44941512569784275 
34 -0.4418046851969137 
35 -0.44471454198269894 
36 -0.4525279824595264 
37 -0.45091314471423605 
38 -0.44308212306035555 
39 -0.44345051031374094 
40 -0.4511418420652711 
41 -0.45196501886030616 
42 -0.44457560254727224 
43 -0.44263639585326875 
44 -0.4495879423435179 
45 -0.45255815080346906 
46 -0.4461805767145414 
47 -0.4422795568339539 
48 -0.44797229772590413 
49 -0.45269392578099277 
50 -0.44779230721313157 
51 -0.4423709255152075 
52 -0.44639926838607025 
53 -0.45239100196420023 
54 -0.4493089724604108 
55 -0.4428830665756879 
56 -0.4449682429691195 
57 -0.4516864565649809 
58 -0.45063533835379543 
59 -0.44376997703611043 
60 -0.44376997659599193 
61 -0.450635337888217 
62 -0.45168645695284376 
63 -0.4449682434395311 
64 -0.44288306616438955 
65 -0.4493089718705751 
66 -0.45239100226320034 
67 -0.44639926893376836 
68 -0.4423709251412917 
69 -0.4477923064706215 
70 -0.45269392598109437 
71 -0.44797229840999175 
72 -0.4422795565246055 
73 -0.446180575791834 
74 -0.45255815086191464 
75 -0.44958794314806694 
76 -0.44263639566210894 
77 -0.44457560143362285 
78 -0.45196501871559397 
79 -0.4511418429721905 
80 -0.44345051031052174 
81 -0.4430821218208663 
82 -0.45091314426464124 
83 -0.45252798335712496 
84 -0.44471454222540235 
85 -0.44180468393142147 
86 -0.449415124897215 
87 -0.4536409360556196 
88 -0.4464090525527393 
89 -0.4408459459863482 
90 -0.44749102642156896 
91 -0.45437570660463467 
92 -0.4485106568976709 
93 -0.4403080159035664 
94 -0.4451561853012078 
95 -0.4546223227096457 
96 -0.45100724871935993 
97 -0.44030064253412904 
98 -0.4423970562104942 
99 -0.4542475733404192 
100 -0.4539290158176895 
101 -0.4409673131665985 
102 -0.43911730546171085 
103 -0.45303912559058496 
104 -0.45742063274480227 
105 -0.4425696047384956 
106 -0.43499691489901754 
107 -0.4505115885304425 
108 -0.46193052509238075 
109 -0.44581784758284687 
110 -0.42910194388635253 
111 -0.444914715694528 
112 -0.46877826082171326 
113 -0.45385270204584127 
114 -0.4178220874910179 
115 -0.43023477400646926 
116 -0.4741306600426495 
117 -0.4678665671634785 
