2 3 6.237979739284968e-06 
3 4 6.213310419306283e-06 
4 5 6.217930564153232e-06 
5 6 6.217624800098283e-06 
6 7 6.217611318322176e-06 
7 8 6.217611418148329e-06 
8 9 6.217611436300782e-06 
9 10 6.217611437124328e-06 
10 11 6.217611436984929e-06 
11 12 6.217611437143702e-06 
12 13 6.217611436262461e-06 
13 14 6.2176114334174465e-06 
14 15 6.21761145189703e-06 
15 16 6.217611436837578e-06 
16 17 6.217611436658455e-06 
17 18 6.217611437100905e-06 
18 19 6.2176114346030275e-06 
19 20 6.217611437570109e-06 
20 21 6.2176114366166975e-06 
21 22 6.217611437333609e-06 
22 23 6.217611441029381e-06 
23 24 6.217611476840882e-06 
24 25 6.217611487546543e-06 
25 26 6.217611492844696e-06 
26 27 6.217611435667883e-06 
27 28 6.2176114363452235e-06 
28 29 6.217611437550973e-06 
29 30 6.217611437199401e-06 
30 31 6.2176114361826965e-06 
31 32 6.217611436703923e-06 
32 33 6.217611436575357e-06 
33 34 6.217611436899559e-06 
34 35 6.217611436691053e-06 
35 36 6.217611436628301e-06 
36 37 6.217611436168707e-06 
37 38 6.217611435547614e-06 
38 39 6.217611434661012e-06 
39 40 6.217611435288251e-06 
40 41 6.217611436653194e-06 
41 42 6.217611437194605e-06 
42 43 6.217611439046359e-06 
43 44 6.217611435877579e-06 
44 45 6.217611409451195e-06 
45 46 6.21761143557698e-06 
46 47 6.2176114362210756e-06 
47 48 6.2176114366868175e-06 
48 49 6.217611435888542e-06 
49 50 6.2176114382644265e-06 
50 51 6.2176114356251066e-06 
51 52 6.217611437439726e-06 
52 53 6.217611472141299e-06 
53 54 6.217611437245793e-06 
54 55 6.217611436614627e-06 
55 56 6.217611436602643e-06 
56 57 6.217611436647109e-06 
57 58 6.2176114367990815e-06 
58 59 6.217611436676365e-06 
59 60 6.21761143701759e-06 
60 61 6.21761143667732e-06 
61 62 6.2176114366572586e-06 
62 63 6.21761143631686e-06 
63 64 6.217611436740858e-06 
64 65 6.217611436911336e-06 
65 66 6.21761144068248e-06 
66 67 6.217611454453384e-06 
67 68 6.217611442943804e-06 
68 69 6.21761143650306e-06 
69 70 6.217611436415739e-06 
70 71 6.217611437237787e-06 
71 72 6.217611437535823e-06 
72 73 6.217611436618374e-06 
73 74 6.217611436836716e-06 
74 75 6.217611436520426e-06 
75 76 6.217611436126957e-06 
76 77 6.2176114367015e-06 
77 78 6.217611436237222e-06 
78 79 6.217611436837732e-06 
79 80 6.217611436683553e-06 
80 81 6.2176114368420295e-06 
81 82 6.2176114362338895e-06 
82 83 6.217611448684975e-06 
83 84 6.217611436107777e-06 
84 85 6.217611437333527e-06 
85 86 6.2176114371848085e-06 
86 87 6.217611436689772e-06 
87 88 6.217611436923776e-06 
88 89 6.217611436738742e-06 
89 90 6.217611437103032e-06 
90 91 6.2176114367419026e-06 
91 92 6.217611436242775e-06 
92 93 6.217611436793137e-06 
93 94 6.217611436624456e-06 
94 95 6.217611436574328e-06 
95 96 6.217611436704677e-06 
96 97 6.217611436884224e-06 
97 98 6.217611436980077e-06 
98 99 6.217611436422163e-06 
99 100 6.217611436822602e-06 
100 101 6.217611436381646e-06 
101 102 6.21761143680456e-06 
102 103 6.21761143675199e-06 
103 104 6.2176114368528105e-06 
104 105 6.217611436352271e-06 
105 106 6.217611436611799e-06 
106 107 6.2176114366904445e-06 
107 108 6.217611436928495e-06 
108 109 6.217611435722555e-06 
109 110 6.217611435982659e-06 
110 111 6.217611435630424e-06 
111 112 6.217611422257532e-06 
112 113 6.217611463571091e-06 
113 114 6.217611720530027e-06 
114 115 6.217611438053103e-06 
115 116 6.217611439955447e-06 
116 117 6.217611436023854e-06 
117 118 6.2176114366046705e-06 
118 119 6.217611436095255e-06 
119 120 6.217611437290404e-06 
120 121 6.217611436761323e-06 
121 122 6.217611436719523e-06 
122 123 6.217611436566066e-06 
123 124 6.2176114365572265e-06 
124 125 6.217611436632539e-06 
125 126 6.217611436842221e-06 
126 127 6.217611436925264e-06 
127 128 6.217611436689006e-06 
128 129 6.217611436628219e-06 
129 130 6.217611436707326e-06 
130 131 6.217611436538029e-06 
131 132 6.217611436802755e-06 
132 133 6.217611436694914e-06 
133 134 6.217611437072774e-06 
134 135 6.21761143648595e-06 
135 136 6.21761143700684e-06 
136 137 6.217611436807386e-06 
137 138 6.217611432360734e-06 
138 139 6.217611430944421e-06 
139 140 6.217611422415508e-06 
140 141 6.2176114366626304e-06 
141 142 6.217611436308524e-06 
142 143 6.217611436856526e-06 
143 144 6.217611436483819e-06 
144 145 6.217611436555039e-06 
145 146 6.217611436712386e-06 
146 147 6.2176114379797955e-06 
147 148 6.217611437247485e-06 
148 149 6.2176114366540195e-06 
149 150 6.217611436734165e-06 
150 151 6.217611436616721e-06 
151 152 6.217611436097085e-06 
152 153 6.217611433789513e-06 
153 154 6.217611434561659e-06 
154 155 6.217611440056225e-06 
155 156 6.217611442142798e-06 
156 157 6.217611436712498e-06 
157 158 6.217611436954807e-06 
158 159 6.217611436980721e-06 
159 160 6.217611436855961e-06 
160 161 6.217611436882077e-06 
161 162 6.217611437080542e-06 
162 163 6.217611436826107e-06 
163 164 6.21761142773827e-06 
164 165 6.217611436594879e-06 
165 166 6.21761143657097e-06 
166 167 6.217611436917286e-06 
167 168 6.217611436910243e-06 
168 169 6.217611436689553e-06 
169 170 6.2176114367160986e-06 
170 171 6.2176114367131526e-06 
171 172 6.217611436533085e-06 
172 173 6.217611443899347e-06 
173 174 6.2176114361365146e-06 
174 175 6.217611436490593e-06 
175 176 6.217611436614782e-06 
176 177 6.217611436249304e-06 
177 178 6.2176114362048794e-06 
178 179 6.217611439225172e-06 
179 180 6.217611426640734e-06 
180 181 6.217611443927962e-06 
181 182 6.2176114370213455e-06 
182 183 6.217611436565767e-06 
183 184 6.217611436965468e-06 
184 185 6.217611437664462e-06 
185 186 6.217611435351087e-06 
186 187 6.217611433234377e-06 
187 188 6.2176114281098466e-06 
188 189 6.217611436014966e-06 
189 190 6.217611437119188e-06 
190 191 6.217611433385393e-06 
191 192 6.217611418139361e-06 
192 193 6.217611445492984e-06 
193 194 6.21762379760444e-06 
194 195 6.2179182794842785e-06 
195 196 6.2133049726222974e-06 
196 197 6.237970616819617e-06 
197 198 6.735676544258177e-06 
