2 3 0.21054888331425883 
3 4 0.2988619653013019 
4 5 0.33435877577038914 
5 6 0.35379334360837833 
6 7 0.36547494758031196 
7 8 0.3726126393896828 
8 9 0.3767784607493916 
9 10 0.3788580451591108 
10 11 0.3793990681962346 
11 12 0.3787636439138624 
12 13 0.37720358971813794 
13 14 0.37490106696846187 
14 15 0.3719920853818693 
15 16 0.3685808592053899 
16 17 0.3647489742217479 
17 18 0.36056146104498654 
18 19 0.35607094545305923 
19 20 0.3513205602364354 
20 21 0.3463460345042323 
21 22 0.3411772217465444 
22 23 0.3358392356551233 
23 24 0.3303533053642413 
24 25 0.3247374272395929 
25 26 0.31900686156123037 
26 27 0.3131745220340074 
27 28 0.30725126305010264 
28 29 0.3012461072363859 
29 30 0.29516641240352004 
30 31 0.2890179895717233 
31 32 0.28280517912929076 
32 33 0.2765308906890228 
33 34 0.27019660658878175 
34 35 0.2638023492383142 
35 36 0.257346614836131 
36 37 0.250826263774254 
37 38 0.24423636607524468 
38 39 0.23756999284459268 
39 40 0.2308179415518935 
40 41 0.22396837847509146 
41 42 0.21700637518248034 
42 43 0.20991330656678642 
43 44 0.20266606437831672 
44 45 0.19523602010739882 
45 46 0.18758764058433025 
46 47 0.17967661229057308 
47 48 0.17144725482210174 
48 49 0.16282887997710843 
49 50 0.15373054304246567 
50 51 0.14403326483035342 
51 52 0.13357813238829974 
52 53 0.12214741222470249 
53 54 0.10943328495648862 
54 55 0.09498363806280266 
55 56 0.07810392176976622 
56 57 0.057678966303452796 
57 58 0.031948316708460225 
