0.0 
61.84444927131042 
59.47385359965752 
58.17713994757965 
56.039437263878476 
54.63186520655884 
52.60290142471214 
51.139069601832155 
49.16609620704822 
47.67322358657423 
45.729507145195996 
44.221392134092106 
42.29317721248125 
40.77697600731558 
38.857040331466 
37.336545340363294 
35.42102618253484 
33.89826704127858 
31.985083966637397 
30.461145009207275 
28.549181832682187 
27.024636867802045 
25.113301255700854 
23.58844978317676 
21.677431962589054 
20.15242788599954 
18.241568446043924 
16.71648958384721 
14.805707830054637 
13.280592898861434 
11.36984864499834 
9.844716600397605 
7.933990154076261 
6.408850128337015 
4.498131994303595 
2.972988315132047 
1.0622739898290923 
-0.4628713271431544 
-2.3735839431314316 
-3.8987299765966386 
-5.809441843817061 
-7.3345881814649845 
-9.245299730270895 
-10.770446192096072 
-12.68115761062257 
-14.206304120402654 
-16.117015488449976 
-17.642162015177806 
-19.552873365283546 
-21.078019897047444 
-22.988731241754348 
-24.513877774382664 
-26.424589118109672 
-27.949735650388018 
-29.86044699443918 
-31.385593526178997 
-33.29630487077093 
-34.82145140207573 
-36.732162747110884 
-38.25730927812419 
-40.16802062345817 
-41.693167154293555 
-43.60387849981061 
-45.12902503054351 
-47.03973637616628 
-48.56488290684238 
-50.47559425252381 
-52.00074078316939 
-53.911452128882395 
-55.43659865951201 
-57.34731000524155 
-58.872456535862966 
-60.783167881601074 
-62.308314412218365 
-64.21902575796072 
-65.744172288576 
-67.65488363432048 
-69.18003016493479 
-71.0907415106803 
-72.6158880412941 
-74.52659938704006 
-76.05174591765372 
-77.9624572633999 
-79.48760379401345 
-81.3983151397597 
-82.92346167037319 
-84.83417301611954 
-86.35931954673299 
-88.27003089247943 
-89.79517742309285 
-91.7058887688393 
-93.23103529945267 
-95.14174664519915 
-96.66689317581252 
-98.57760452155901 
-100.10275105217244 
-102.01346239791889 
-103.53860892853217 
-105.44932027427876 
-106.97446680489212 
-108.88517815063865 
-110.41032468125198 
-112.32103602699834 
-113.84618255761158 
-115.75689390335816 
-117.2820404339715 
-119.1927517797179 
-120.71789831033132 
-122.62860965607777 
-124.15375618669107 
-126.06446753243753 
-127.58961406305087 
-129.50032540879735 
-131.02547193941072 
-132.93618328515706 
-134.46132981577048 
-136.37204116151688 
-137.89718769213025 
-139.80789903787667 
-141.33304556849004 
-143.2437569142365 
-144.7689034448498 
-146.67961479059622 
-148.20476132120967 
-150.11547266695604 
-151.6406191975694 
-153.55133054331586 
-155.07647707392914 
-156.98718841967556 
-158.51233495028887 
-160.42304629603532 
-161.94819282664864 
-163.8589041723951 
-165.38405070300846 
-167.2947620487548 
-168.8199085793681 
-170.73061992511467 
-172.25576645572787 
-174.16647780147457 
-175.69162433208768 
-177.6023356778342 
-179.1274822084475 
-181.03819355419378 
-182.5633400848072 
-184.4740514305535 
-185.99919796116697 
-187.9099093069133 
-189.43505583752668 
-191.34576718327315 
-192.8709137138865 
-194.78162505963303 
-196.30677159024634 
-198.21748293599293 
-199.74262946660605 
-201.65334081235264 
-203.17848734296604 
-205.0891986887126 
-206.61434521932594 
-208.5250565650722 
-210.05020309568562 
-211.9609144414319 
-213.4860609720453 
-215.39677231779152 
-216.92191884840486 
-218.83263019415102 
-220.3577767247646 
-222.26848807051095 
-223.7936346011242 
-225.70434594687072 
-227.22949247748392 
-229.14020382323045 
-230.66535035384393 
-232.5760616995903 
-234.10120823020378 
-236.01191957595006 
-237.53706610656334 
-239.44777745230985 
-240.97292398292325 
-242.8836353286695 
-244.4087818592828 
-246.31949320502906 
-247.84463973564255 
-249.7553510813888 
-251.28049761200197 
-253.1912089577485 
-254.71635548836178 
-256.6270668341082 
-258.1522133647231 
-260.06292471047885 
-261.58807123813926 
-263.4987824572117 
-265.02393085922034 
-266.9349981705777 
-268.4723171000477 
-270.23003101274094 
-270.39897075829373 
-272.3819461815221 
-272.4651886114444 
-272.4927121672545 
-272.4931352513286 
-272.5142805813029 
-272.5151627629088 
-272.53137816685813 
-272.5326390647132 
-272.54550481990896 
-272.54705848524986 
-272.5575407257993 
-272.5593201006277 
-272.56803984677384 
-272.5699952093042 
-272.5773694311736 
-272.5794641984206 
-272.5857832229422 
-272.5879902911433 
-272.5934625310027 
-272.5957615671429 
-272.6005405904249 
-272.60291611851693 
-272.60711769217846 
-272.60955775451527 
-272.61327094849486 
-272.6157661648505 
-272.6190608061035 
-272.62160370540977 
-272.62453551585867 
-272.627120055077 
-272.6297342776027 
-272.632355490332 
-272.63468950158864 
-272.6373432380334 
-272.6394284644603 
-272.642111196549 
-272.6439745398829 
-272.64668321407515 
-272.6483481214971 
-272.6510800470858 
-272.65256731668006 
-272.6553200814065 
-272.6566484639679 
-272.65941987124 
-272.6606065110041 
-272.6633945346512 
-272.6644552788244 
-272.6672580324111 
-272.6682076328979 
-272.6710233511345 
-272.67187557822905 
-272.674702608234 
-272.67547029501105 
-272.6783070950665 
-272.67900213169025 
-272.68184727526426 
-272.68248057317595 
-272.6853327554835 
-272.6859142011396 
-272.6887722459764 
-272.6893106620444 
-272.6921735267793 
-272.69267665514656 
-272.6955434323061 
-272.6960179476651 
-272.6988878623036 
-272.69933941861467 
-272.70221182142427 
-272.70264512776515 
-272.70551948454124 
-272.7059384024037 
-272.7088142809694 
-272.7092219333027 
-272.7120989891667 
-272.7124978717101 
-272.71537583367916 
-272.71576792112677 
-272.71864657784056 
-272.71903341990907 
-272.72191260789947 
-272.7222954128306 
-272.72517500637514 
-272.72555471129016 
-272.728434614073 
-272.72881194284906 
-272.73169208127393 
-272.7320675912974 
-272.73494790921944 
-272.73532202862265 
-272.7382024832513 
-272.7385755402642 
-272.74145609900535 
-272.7418283449011 
-272.7447089829315 
-272.7450806098537 
-272.74796130827286 
-272.74833246302495 
-272.7512132074385 
-272.7515840021088 
-272.75446478155635 
-272.75483530168475 
-272.75771610781925 
-272.7580864186585 
-272.76096724512195 
-272.76133739643757 
-272.7642182383878 
-272.76458826812325 
-272.7674691218711 
-272.76783905895155 
-272.7707199216875 
-272.77108978816017 
-272.77397065774414 
-272.77434047041237 
-272.7772213452133 
-272.77759111688323 
-272.7804719956618 
-272.7808417360947 
-272.78372261789906 
-272.78409233453084 
-272.7869732186416 
-272.7873429171364 
-272.79022380300506 
-272.7905934876804 
-272.79347437488826 
-272.7938440490324 
-272.796724937261 
-272.79709460338137 
-272.79997549238846 
-272.80034515239595 
-272.8032260419963 
-272.8035956973467 
-272.8064765873998 
-272.8068462392021 
-272.8097271296013 
-272.81009677870094 
-272.81297766936626 
-272.8133473164067 
-272.8162282072783 
-272.81659785275207 
-272.81947874378665 
-272.8198483880655 
-272.8227292792306 
-272.82309892259997 
-272.82597981386743 
-272.8263494565427 
-272.8292303478725 
-272.82959999001315 
-272.8324808813128 
-272.8328505230267 
-272.83573141405407 
-272.83610105538816 
-272.83898194551676 
-272.8393515864191 
-272.8422324740945 
-272.84260211431916 
-272.84548299582804 
-272.84585263471666 
-272.8487335014673 
-272.8491031374636 
-272.8519839700844 
-272.852353599696 
-272.85523435547276 
-272.85560397108924 
-272.85848455766035 
-272.858854143039 
-272.86173436422536 
-272.8621038853243 
-272.8649833314403 
-272.8653527181046 
-272.868230547673 
-272.8685996577256 
-272.87147417125385 
-272.87184272147016 
-272.87471054677206 
-272.87507798320905 
-272.8779325570676 
-272.8782978180006 
-272.8811266440145 
-272.88148774100586 
-272.88426764022927 
-272.88462095082156 
-272.8873103207538 
-272.8876494740388 
-272.8901768777926 
-272.89049120910846 
-272.89274175590947 
-272.8930147938749 
-272.89482333954675 
-272.8950334584351 
-272.8962149901984 
-272.8963442740739 
-272.89682921121135 
-272.89688670247045 
-272.8969769876073 
-272.89697773776396 
-272.8969777377435 
-290.32907719633727 
-290.42412586239783 
-290.4549341050693 
-290.46498095383544 
-290.4723962315108 
-290.47672224043583 
-290.4814656214882 
-290.484246051717 
-290.48772374626805 
-290.4897674874284 
-290.4925055225844 
-290.4941366129595 
-290.49639346492864 
-290.4977575744983 
-290.49967658347504 
-290.5008501825422 
-290.5025170882206 
-290.5035456418165 
-290.5050153821027 
-290.5059285158862 
-290.50723857537463 
-290.5080569589746 
-290.509234345783 
-290.5099731812125 
-290.5110382470295 
-290.5117091802216 
-290.5126778046403 
-290.51329004055304 
-290.51417494557535 
-290.5147359332472 
-290.5155475160356 
-290.51606339320693 
-290.5168102778487 
-290.51728617162456 
-290.51797559842174 
-290.5184158384189 
-290.51905394365446 
-290.5194622190825 
-290.5200542455688 
-290.5204337236458 
-290.5209841808582 
-290.52133759819645 
-290.5218503905698 
-290.52218012582847 
-290.52265865211984 
-290.52296678356555 
-290.5234140176378 
-290.5237023701871 
-290.5241209264625 
-290.52439110983426 
-290.52478329652837 
-290.5250367360233 
-290.5254046008165 
-290.52564256448653 
-290.52598793024407 
-290.52621154901664 
-290.5265360435663 
-290.5267463316842 
-290.5270514155582 
-290.52724928404376 
-290.5275362709871 
-290.5277225419875 
-290.5279926187106 
-290.52816803607476 
-290.52842227700165 
-290.5285875159797 
-290.5288268980669 
-290.52898257379803 
-290.5292079877318 
-290.52935466258026 
-290.52956692325785 
-290.52970511319626 
-290.5299049699482 
-290.5300351491514 
-290.53022329133825 
-290.5303458988838 
-290.5305229645392 
-290.5306384072671 
-290.5308049899825 
-290.5309136472002 
-290.5310703008275 
-290.5311725282207 
-290.53131977009474 
-290.5314159006573 
-290.53155422446997 
-290.5316445754847 
-290.5317744445783 
-290.5318593177223 
-290.53198117596884 
-290.53206086056997 
-290.5321751351299 
-290.5322499109349 
-290.53235701565353 
-290.53242715527307 
-290.5325274944806 
-290.53259326598703 
-290.53268723837476 
-290.5327489079171 
-290.5328369100251 
-290.5328947445119 
-290.5329771751835 
-290.533031445232 
-290.5331087096798 
-290.5331596930375 
-290.5332322078568 
-290.53328019313716 
-290.53334839224107 
-290.53339368381927 
-290.5334580255532 
-290.5335009496594 
-290.5335619262116 
-290.5336028390877 
-290.5336609892053 
-290.53370028843636 
-290.533756215472 
-290.5337943564777 
-290.53384875379044 
-290.5338862739123 
-290.5339399637007 
-290.53397751910353 
-290.53403151102196 
-290.5340699339759 
-290.53412551706987 
-290.5341659075214 
-290.5342247972081 
-290.5342686728879 
-290.5343332529113 
-290.53438280314003 
-290.53445653561363 
-290.53451506587606 
-290.53460321387405 
-290.5346759573784 
-290.5347869236269 
-290.5348826079572 
-290.5350305447594 
-290.5351645931592 
-290.535374843184 
-290.5355763787322 
-290.5358975013556 
-290.53622542231926 
-290.53675607705736 
-290.5373346050083 
-290.53827232017846 
-290.5393384293117 
-290.54097248884267 
-290.54277186310657 
-290.54516082819515 
-290.54758057038333 
-290.55034011743527 
-290.55301255844023 
-290.5557571904898 
-290.5584214140816 
-290.5609637020135 
-290.56349453092406 
-290.5657698144807 
-290.56811379611514 
-290.57011236343084 
-290.5722496171913 
-290.5739846647272 
-290.5759113508777 
-290.5774048369912 
-290.57912491649455 
-290.5804011847902 
-290.58192247065045 
-290.5830053782068 
-290.5843375348598 
-290.58524923264514 
-290.5864027640417 
-290.5871633502781 
-290.58814917025023 
-290.58877662739457 
-290.58960590533246 
-290.590116324715 
-290.59080052048904 
-290.5912083580719 
-290.59175936060666 
-290.5920777292386 
-290.59250805564653 
-290.5927489872641 
-290.5930719635929 
-290.59324671027815 
-290.5934766215253 
-290.5935959311632 
-290.5937480511653 
-290.59382250690584 
-290.59391296863083 
-290.59395332996 
-290.5939987864037 
-290.59401614005947 
-290.5940331548067 
-290.5940381428614 
-290.59404173610136 
-290.5940423555942 
-290.59404255415353 
-290.5940425541601 
-290.5940425541996 
-290.59404255419594 
-290.59404255419963 
-290.5940425541964 
-290.5940425542056 
-290.59404255421526 
-290.5940425542481 
-290.5940425543299 
-290.594042554449 
-290.59404255458475 
-290.59404255484714 
-290.5940425553244 
-290.5940425560404 
-290.5940425573959 
-290.59404255897863 
-290.5940425620569 
-290.59404256503643 
-290.5940425711571 
-290.5940425762242 
-290.59404258731223 
-290.5940425958359 
-290.5940426128296 
-290.59404262464415 
-290.59404265222355 
-290.5940426700267 
-290.59404271404236 
-290.59404274074444 
-290.5940428107865 
-290.5940428511216 
-290.5940429632877 
-290.5940430252892 
-290.59404320728714 
-290.5940433047851 
-290.5940436046695 
-290.5940437617508 
-290.59404426317866 
-290.59404452209907 
-290.5940453695261 
-290.5940458038834 
-290.5940472444401 
-290.59404798331644 
-290.59405042831344 
-290.59405170140707 
-290.5940558199679 
-290.59405805625016 
-290.5940649132447 
-290.59406898593323 
-290.5940802853501 
-290.5940881499873 
-290.5941068342981 
-290.5941229720748 
-290.59415479363287 
-290.5941888259658 
-290.5942456961893 
-290.5943171325535 
-290.59442049326475 
-290.5945585270933 
-290.5947331494679 
-290.59496467032415 
-290.5952291732289 
-290.5955702785389 
-290.59593499465296 
-290.596389995704 
-290.59685794943954 
-290.59742135108473 
-290.59798838069327 
-290.5986468229764 
-290.59930312877594 
-290.6000380994894 
-290.60076885318455 
-290.60155920280937 
-290.6023462139902 
-290.60317045527603 
-290.60399436669843 
-290.60483267116393 
-290.6056744555275 
-290.6065097478858 
-290.6073524552317 
-290.6081710746179 
-290.6090006452559 
-290.609792347572 
-290.61059790011296 
-290.6113555716674 
-290.6121293079444 
-290.61284848330007 
-290.61358529200965 
-290.6142636118465 
-290.6149605871522 
-290.6155972947791 
-290.6162532076656 
-290.61684851964225 
-290.6174638007181 
-290.61801927454366 
-290.6185941265763 
-290.619111272884 
-290.61964751276497 
-290.6201283238982 
-290.62062779456556 
-290.6210744137231 
-290.621539116261 
-290.62195371030333 
-290.6223858200284 
-290.62277057823775 
-290.6231720189916 
-290.6235289913372 
-290.6239018351304 
-290.624232962569 
-290.624579158906 
-290.6248863886694 
-290.6252075032452 
-290.62549235529565 
-290.6257904834692 
-290.626054629356 
-290.62633114207216 
-290.62657603944376 
-290.6268323859327 
-290.6270593688162 
-290.62729687806774 
-290.6275071164578 
-290.62772714440604 
-290.627921898583 
-290.62812535925224 
-290.6283055960238 
-290.62849364255277 
-290.6286603120066 
-290.6288339106566 
-290.62898788828164 
-290.6291479318167 
-290.62929002445304 
-290.62943733296345 
-290.62956827442775 
-290.6297036455492 
-290.62982413723284 
-290.6299482522665 
-290.63005892464616 
-290.63017246799524 
-290.6302739153426 
-290.6303775144158 
-290.6304702897368 
-290.6305645356453 
-290.6306491557387 
-290.63073460842867 
-290.63081156042773 
-290.6308887508654 
-290.6309584945143 
-290.6310279260388 
-290.6310908901019 
-290.6311530480598 
-290.6312096466157 
-290.6312649965609 
-290.6313156215279 
-290.6313646128129 
-290.63140964020255 
-290.63145271169896 
-290.6314924980572 
-290.6315300675543 
-290.63156497092876 
-290.631597455934 
-290.63162781134776 
-290.6316556179259 
-290.631681756624 
-290.6317052838413 
-290.6317275310108 
-290.6317471718067 
-290.6317658484166 
-290.6317819901504 
-290.6317974148938 
-290.6318104393884 
-290.63182293031156 
-290.6318332133065 
-290.631843089254 
-290.63185099920173 
-290.6318585808016 
-290.63186447669915 
-290.631870086407 
-290.63187431459204 
-290.63187827533983 
-290.6318811649814 
-290.63188379640434 
-290.6318856535083 
-290.63188726468667 
-290.63188836383927 
-290.63188923608976 
-290.63188978386574 
-290.6318903906991 
-290.6318906483319 
-290.6318908976007 
-290.6318910019874 
-290.63189107662987 
-290.6318911125149 
-290.631891137017 
-290.6318911519096 
-290.6318911553905 
-290.6318911571008 
-290.63189115726306 
-290.6318911572548 
-290.63189115726954 
-290.63189115726567 
-290.63189115726965 
-290.63189115726635 
-290.631891157276 
-290.63189115727295 
-290.6318911572874 
-290.63189115727556 
-290.63189115727124 
-290.6318911572777 
-290.6318911572775 
-290.6318911572857 
-290.63189115728983 
-290.63189115729676 
-290.63189115730404 
-290.63189115731456 
-290.63189115732325 
-290.6318911573393 
-290.63189115735685 
-290.63189115738936 
-290.6318911574356 
-290.6318911574984 
-290.63189115756705 
-290.63189115766335 
-290.63189115776953 
-290.6318911579146 
-290.63189115807694 
-290.6318911582529 
-290.63189115848405 
-290.63189115875423 
-290.6318911589932 
-290.6318911593534 
-290.631891159655 
-290.6318911601066 
-290.6318911604621 
-290.63189116100574 
-290.63189116142297 
-290.63189116195025 
-290.63189116240693 
-290.63189116303175 
-290.63189116356506 
-290.63189116429186 
-290.63189116490383 
-290.63189116573693 
-290.63189116642883 
-290.63189116738005 
-290.6318911681629 
-290.63189116922837 
-290.6318911700933 
-290.63189117127564 
-290.6318911722239 
-290.6318911735271 
-290.631891174559 
-290.631891175987 
-290.6318911771073 
-290.6318911786954 
-290.63189117978715 
-290.6318911815068 
-290.6318911826749 
-290.6318911845298 
-290.6318911857764 
-290.63189118777274 
-290.6318911891007 
-290.6318911912479 
-290.6318911926647 
-290.6318911949982 
-290.6318911965337 
-290.63189119865 
-290.6318912002725 
-290.6318912025287 
-290.6318912042413 
-290.63189120664475 
-290.6318912084525 
-290.6318912110086 
-290.6318912129149 
-290.63189121563937 
-290.6318912176499 
-290.63189122055127 
-290.63189122267266 
-290.6318912257631 
-290.6318912280106 
-290.631891231309 
-290.6318912336822 
-290.63189123720355 
-290.6318912397182 
-290.6318912434836 
-290.63189124615354 
-290.63189125018704 
-290.63189125302773 
-290.6318912573582 
-290.63189126038804 
-290.6318912650467 
-290.6318912682893 
-290.6318912733141 
-290.63189127679465 
-290.63189128222933 
-290.6318912859789 
-290.63189129187316 
-290.63189129592735 
-290.63189130234065 
-290.63189130674454 
-290.6318913137447 
-290.63189131854887 
-290.6318913262135 
-290.63189133147915 
-290.6318913398979 
-290.6318913456977 
-290.63189135497197 
-290.6318913613938 
-290.63189137163755 
-290.6318913787757 
-290.63189139011644 
-290.63189139808986 
-290.6318914106618 
-290.6318914196025 
-290.63189143354583 
-290.6318914435994 
-290.63189145904914 
-290.6318914703681 
-290.63189148744203 
-290.63189150018076 
-290.6318915189657 
-290.6318915332593 
-290.6318915537953 
-290.6318915697606 
-290.6318915920868 
-290.63189160996495 
-290.6318916372636 
-290.6318916521087 
-290.6318916757246 
-290.6318916913486 
-290.6318917148297 
-290.6318917309281 
-290.6318917536244 
-290.63189176981183 
-290.6318917911619 
-290.6318918070206 
-290.63189182662256 
-290.631891841767 
-290.6318918594099 
-290.6318918735905 
-290.6318918892211 
-290.6318919023603 
-290.63189191591977 
-290.63189192803947 
-290.63189193917736 
-290.63189195003343 
-290.6318919583567 
-290.63189196738443 
-290.63189197336595 
-290.6318919803667 
-290.63189198475976 
-290.63189198997725 
-290.6318919932514 
-290.63189199706954 
-290.6318919995014 
-290.63189200225753 
-290.6318920040373 
-290.63189200599385 
-290.6318920072674 
-290.6318920086209 
-290.63189200947517 
-290.63189201047663 
-290.63189201111896 
-290.6318920117702 
-290.63189201218603 
-290.6318920126359 
-290.63189201291783 
-290.6318920131854 
-290.6318920133502 
-290.63189201360814 
-290.6318920137823 
-290.6318920139535 
-290.631892014058 
-290.6318920141742 
-290.6318920142464 
-290.6318920143129 
-290.63189201435875 
-290.6318920143993 
-290.63189201443925 
-290.6318920144643 
-290.63189201448046 
-290.63189201448535 
-290.6318920144876 
-290.63189201449785 
-290.63189201450365 
-290.6318920145006 
-290.63189201450876 
-290.6318920145243 
-290.63189201452366 
-290.6318920145165 
-290.6318920145205 
-290.63189201453184 
-290.63189201451695 
-290.63189201452036 
-290.6318920145109 
-290.63189201451416 
-290.63189201451047 
-290.6318920145142 
-290.63189201451104 
-290.6318920145206 
-290.6318920145174 
-290.6318920145322 
-290.6318920145205 
-290.6318920145161 
-290.63189201452354 
-290.63189201452377 
-290.63189201451934 
-290.6318920145227 
-290.63189201452695 
-290.6318920145231 
-290.63189201452604 
-290.63189201452934 
-290.63189201453446 
-290.63189201453764 
-290.6318920145414 
-290.6318920145349 
-290.6318920145371 
-290.63189201453923 
-290.63189201454196 
-290.6318920145454 
-290.6318920145474 
-290.6318920145509 
-290.6318920145416 
-290.6318920145448 
-290.631892014548 
-290.6318920145505 
-290.63189201455384 
-290.6318920145695 
-290.6318920145721 
-290.6318920145745 
-290.6318920145777 
-290.63189201458096 
-290.6318920145846 
-290.6318920145889 
-290.6318920145931 
-290.63189201459653 
-290.63189201460085 
-290.6318920146049 
-290.63189201461006 
-290.631892014615 
-290.6318920146209 
-290.63189201462734 
-290.63189201463405 
-290.63189201464064 
-290.6318920146487 
-290.6318920146573 
-290.63189201466724 
-290.6318920146776 
-290.6318920146893 
-290.6318920147024 
-290.6318920147157 
-290.6318920147308 
-290.6318920147453 
-290.6318920147616 
-290.63189201477786 
-290.6318920147956 
-290.63189201481254 
-290.63189201483175 
-290.63189201485073 
-290.63189201487904 
-290.631892014907 
-290.6318920149378 
-290.6318920149682 
-290.6318920150015 
-290.63189201503417 
-290.63189201507004 
-290.6318920151046 
-290.63189201514496 
-290.6318920151827 
-290.6318920152257 
-290.6318920152664 
-290.6318920153116 
-290.6318920153538 
-290.6318920154015 
-290.63189201544515 
-290.63189201549505 
-290.6318920155406 
-290.63189201559265 
-290.63189201563995 
-290.6318920156935 
-290.6318920157425 
-290.63189201579763 
-290.6318920158488 
-290.63189201590586 
-290.63189201595804 
-290.6318920160158 
-290.6318920160691 
-290.6318920161287 
-290.6318920161834 
-290.6318920162441 
-290.6318920162999 
-290.6318920163615 
-290.6318920164187 
-290.63189201648146 
-290.6318920165392 
-290.6318920166032 
-290.63189201666194 
-290.63189201672657 
-290.6318920167858 
-290.6318920168506 
-290.6318920169103 
-290.6318920169752 
-290.63189201703557 
-290.631892017101 
-290.63189201716153 
-290.6318920172269 
-290.63189201728756 
-290.6318920173527 
-290.6318920174129 
-290.63189201747747 
-290.6318920175377 
-290.63189201760184 
-290.63189201766113 
-290.6318920177245 
-290.63189201778283 
-290.63189201784485 
-290.6318920179027 
-290.6318920179637 
-290.63189201802066 
-290.63189201808046 
-290.63189201813594 
-290.6318920181944 
-290.63189201824906 
-290.63189201830556 
-290.6318920183582 
-290.63189201841243 
-290.631892018463 
-290.6318920185151 
-290.63189201856295 
-290.6318920186142 
-290.63189201866163 
-290.63189201871074 
-290.6318920187559 
-290.63189201880226 
-290.6318920188449 
-290.631892018889 
-290.6318920189288 
-290.63189201896154 
-290.6318920189911 
-290.63189201902117 
-290.6318920190492 
-290.63189201907704 
-290.6318920191023 
-290.6318920191269 
-290.6318920191495 
-290.63189201917135 
-290.63189201919096 
-290.63189201921006 
-290.6318920192272 
-290.631892019243 
-290.6318920192678 
-290.6318920192913 
-290.6318920193125 
-290.6318920193325 
-290.63189201935 
-290.6318920193664 
-290.6318920193804 
-290.63189201938445 
-290.6318920194081 
-290.6318920194314 
-290.63189201945073 
-290.63189201946983 
-290.63189201948495 
-290.63189201949893 
-290.6318920195177 
-290.6318920195355 
-290.6318920195644 
-290.6318920195892 
-290.6318920196005 
-290.6318920196098 
-290.63189201961694 
-290.63189201962354 
-290.6318920196209 
-290.6318920196191 
-290.6318920196255 
-290.63189201963206 
-290.63189201963706 
-290.6318920196404 
-290.63189201963615 
-290.631892019633 
-290.63189201963627 
-290.6318920196315 
-290.63189201962786 
-290.6318920196318 
-290.6318920196315 
-290.63189201962444 
-290.6318920196289 
-290.63189201964036 
-290.6318920196256 
-290.6318920196291 
-290.6318920196168 
-290.63189201961967 
-290.63189201961563 
-290.6318920196196 
-290.631892019617 
-290.63189201962933 
-290.6318920196258 
-290.63189201964036 
-290.63189201962865 
-290.6318920196242 
-290.63189201963104 
-290.63189201963127 
-290.631892019627 
-290.6318920196303 
-290.6318920196347 
-290.63189201963144 
-290.631892019635 
-290.6318920196388 
-290.6318920196349 
-290.6318920196377 
-290.6318920196417 
-290.631892019635 
-290.6318920196374 
-290.63189201964104 
-290.63189201964263 
-290.63189201964434 
-290.6318920196463 
-290.6318920196482 
-290.6318920196383 
-290.6318920196405 
-290.631892019643 
-290.63189201964707 
-290.6318920196482 
-290.63189201964934 
-290.63189201965025 
-290.63189201965145 
-290.63189201965264 
-290.6318920196541 
-290.63189201965537 
-290.6318920196481 
-290.63189201964866 
-290.6318920196492 
-290.6318920196499 
-290.63189201965037 
-290.63189201965105 
-290.631892019652 
-290.6318920196528 
-290.631892019653 
-290.6318920196539 
-290.6318920196547 
-290.6318920196556 
-290.6318920196564 
-290.63189201965696 
-290.63189201965787 
-290.6318920196582 
-290.63189201965884 
-290.6318920196596 
-290.6318920196606 
-290.6318920196621 
-290.6318920196634 
-290.63189201966395 
-290.6318920196654 
-290.63189201966605 
-290.63189201966736 
-290.63189201966827 
-290.63189201966924 
-290.63189201967054 
-290.6318920196716 
-290.6318920196732 
-290.6318920196746 
-290.63189201967594 
-290.6318920196768 
-290.63189201967845 
-290.6318920196796 
-290.631892019681 
-290.63189201968265 
-290.6318920196839 
-290.6318920196856 
-290.63189201968726 
-290.631892019689 
-290.6318920196908 
-290.6318920196931 
-290.6318920196948 
-290.63189201969675 
-290.63189201969874 
-290.6318920197005 
-290.6318920197028 
-290.6318920197048 
-290.63189201970744 
-290.6318920197095 
-290.63189201971176 
-290.63189201971346 
-290.63189201971585 
-290.6318920197181 
-290.6318920197205 
-290.6318920197228 
-290.6318920197254 
-290.6318920197275 
-290.6318920197298 
-290.6318920197318 
-290.63189201973404 
-290.6318920197364 
-290.6318920197388 
-290.63189201974086 
-290.63189201974325 
-290.63189201974564 
-290.6318920197484 
-290.6318920197503 
-290.63189201975223 
-290.63189201975416 
-290.6318920197568 
-290.63189201975905 
-290.63189201976104 
-290.63189201976303 
-290.6318920197653 
-290.631892019767 
-290.63189201976917 
-290.6318920197711 
-290.6318920197726 
-290.63189201977457 
-290.63189201977667 
-290.6318920197788 
-290.63189201978054 
-290.6318920197819 
-290.6318920197834 
-290.6318920197845 
-290.63189201978577 
-290.63189201978736 
-290.6318920197887 
-290.63189201978975 
-290.6318920197909 
-290.6318920197912 
-290.63189201979225 
-290.6318920197928 
-290.6318920197932 
-290.63189201979384 
-290.63189201979407 
-290.63189201980293 
-290.6318920198117 
-290.6318920198207 
-290.6318920198292 
-290.631892019837 
-290.63189201984494 
-290.63189201985307 
-290.6318920198602 
-290.6318920198674 
-290.6318920198744 
-290.63189201988115 
-290.6318920198806 
-290.6318920198801 
-290.6318920198793 
-290.63189201987876 
-290.63189201987853 
-290.6318920198783 
-290.63189201987797 
-290.63189201987757 
-290.63189201987683 
-290.6318920198766 
-290.63189201987603 
-290.63189201987524 
-290.6318920198747 
-290.63189201987365 
-290.6318920198801 
-290.63189201987865 
-290.6318920198774 
-290.631892019876 
-290.63189201987524 
-290.63189201987444 
-290.6318920198729 
-290.6318920198815 
-290.631892019889 
-290.63189201988445 
-290.63189201988183 
-290.63189201989206 
-290.6318920198897 
-290.63189201988786 
-290.6318920198934 
-290.6318920198981 
-290.631892019902 
-290.63189201989786 
-290.6318920199044 
-290.63189201990906 
-290.63189201990525 
-290.63189201990843 
-290.6318920199041 
-290.63189201990093 
-290.63189201990457 
-290.6318920199005 
-290.6318920198971 
-290.6318920199015 
-290.6318920199015 
-290.6318920198941 
-290.6318920198983 
-290.6318920199099 
-290.63189201989525 
-290.6318920198982 
-290.63189201988877 
-290.631892019892 
-290.6318920198883 
-290.631892019892 
-290.6318920198889 
-290.6318920198981 
-290.6318920198949 
-290.6318920199097 
-290.6318920198981 
-290.63189201989366 
-290.6318920199008 
-290.6318920199007 
-290.6318920198964 
-290.6318920198996 
-290.63189201990383 
-290.6318920199007 
-290.63189201990417 
-290.6318920199085 
-290.6318920199049 
-290.63189201990855 
-290.6318920199033 
-290.63189201990616 
-290.63189201990974 
-290.631892019905 
-290.63189201990673 
-290.63189201990866 
-290.63189201991014 
-290.6318920199125 
-290.6318920199024 
-290.6318920199049 
-290.6318920199088 
-290.63189201991014 
-290.63189201991077 
-290.6318920199118 
-290.6318920199131 
-290.6318920199139 
-290.63189201991514 
-290.6318920199165 
-290.6318920199182 
-290.6318920199121 
-290.6318920199129 
-290.63189201991355 
-290.6318920199139 
-290.6318920199147 
-290.63189201991514 
-290.6318920199154 
-290.63189201991565 
-290.63189201991617 
-290.63189201991673 
-290.6318920199172 
-290.63189201991753 
-290.6318920199182 
-290.6318920199188 
-290.6318920199197 
-290.63189201991287 
-290.6318920199132 
-290.6318920199132 
-290.6318920199134 
-290.6318920199136 
-290.6318920199136 
-290.63189201991383 
-290.6318920199141 
-290.631892019914 
-290.6318920199145 
-290.6318920199146 
-290.6318920199149 
-290.6318920199148 
-290.63189201991537 
-290.63189201991594 
-290.631892019916 
-290.6318920199163 
-290.6318920199165 
-290.6318920199165 
-290.6318920199166 
-290.6318920199164 
-290.6318920199166 
-290.6318920199166 
-290.63189201991685 
-290.6318920199171 
-290.6318920199169 
-290.6318920199169 
-290.63189201991713 
-290.63189201991736 
-290.63189201991787 
-290.63189201991787 
-290.631892019918 
-290.6318920199266 
-290.63189201993475 
-290.63189201994317 
-290.6318920199515 
-290.63189201996016 
-290.6318920199689 
-290.6318920199778 
-290.63189201998665 
-290.63189201999575 
-290.6318920200041 
-290.63189202001325 
-290.63189202002235 
-290.6318920200309 
-290.6318920200399 
-290.63189202004924 
-290.63189202005793 
-290.631892020067 
-290.63189202007624 
-290.631892020085 
-290.6318920200942 
-290.63189202010284 
-290.6318920201117 
-290.6318920201206 
-290.6318920201292 
-290.63189202013854 
-290.63189202014723 
-290.63189202015536 
-290.6318920201639 
-290.63189202017196 
-290.6318920201804 
-290.63189202018884 
-290.6318920201971 
-290.6318920202054 
-290.6318920202138 
-290.63189202022187 
-290.63189202023005 
-290.63189202023824 
-290.63189202024626 
-290.6318920202538 
-290.6318920202619 
-290.6318920202692 
-290.6318920202769 
-290.6318920202842 
-290.6318920202914 
-290.6318920202987 
-290.63189202030554 
-290.63189202031225 
-290.6318920203189 
-290.63189202031816 
-290.6318920203178 
-290.63189202031754 
-290.6318920203169 
-290.6318920203165 
-290.63189202031634 
-290.63189202031555 
-290.6318920203151 
-290.6318920203143 
-290.63189202032135 
-290.6318920203284 
-290.63189202033504 
-290.6318920203416 
-290.6318920203483 
-290.63189202034704 
-290.63189202034636 
-290.63189202034545 
-290.63189202034454 
-290.63189202034374 
-290.6318920203427 
-290.6318920203424 
-290.63189202034147 
-290.63189202034044 
-290.6318920203402 
-290.63189202034 
-290.63189202033914 
-290.63189202033885 
-290.63189202033817 
-290.63189202034533 
-290.63189202034386 
-290.63189202034283 
-290.6318920203418 
-290.6318920203408 
-290.63189202034005 
-290.63189202033897 
-290.63189202033817 
-290.6318920203459 
-290.6318920203411 
-290.6318920203384 
-290.6318920203485 
-290.6318920203464 
-290.63189202034465 
-290.6318920203425 
-290.6318920203402 
-290.63189202034397 
-290.63189202033976 
-290.63189202034636 
-290.6318920203517 
-290.63189202034835 
-290.631892020352 
-290.6318920203484 
-290.63189202034476 
-290.63189202034806 
-290.63189202034386 
-290.6318920203408 
-290.6318920203451 
-290.631892020345 
-290.6318920203382 
-290.6318920203427 
-290.63189202035454 
-290.6318920203402 
-290.6318920203432 
-290.6318920203336 
-290.6318920203363 
-290.6318920203326 
-290.63189202033624 
-290.63189202033317 
-290.6318920203427 
-290.63189202033965 
-290.6318920203542 
-290.6318920203424 
-290.63189202033783 
-290.63189202034454 
-290.63189202034454 
-290.6318920203401 
-290.6318920203435 
-290.63189202034806 
-290.6318920203447 
-290.6318920203482 
-290.6318920203525 
-290.6318920203491 
-290.63189202035267 
-290.631892020347 
-290.6318920203493 
-290.63189202035295 
-290.6318920203483 
-290.63189202035034 
-290.6318920203524 
-290.63189202035375 
-290.6318920203559 
-290.6318920203459 
-290.6318920203483 
-290.6318920203526 
-290.631892020354 
-290.63189202035477 
-290.63189202035556 
-290.6318920203565 
-290.63189202035716 
-290.63189202035807 
-290.6318920203591 
-290.63189202036114 
-290.6318920203542 
-290.6318920203549 
-290.6318920203555 
-290.6318920203558 
-290.63189202035613 
-290.63189202035636 
-290.63189202035704 
-290.6318920203576 
-290.6318920203583 
-290.6318920203589 
-290.63189202035966 
-290.63189202036034 
-290.6318920203609 
-290.6318920203618 
-290.6318920203628 
-290.6318920203558 
-290.6318920203565 
-290.631892020357 
-290.63189202035693 
-290.6318920203572 
-290.63189202035727 
-290.6318920203575 
-290.63189202035795 
-290.6318920203584 
-290.6318920203581 
-290.63189202035886 
-290.6318920203593 
-290.63189202035977 
-290.6318920203609 
-290.63189202036114 
-290.6318920203617 
-290.6318920203618 
-290.63189202036153 
-290.6318920203616 
-290.63189202036193 
-290.63189202036205 
-290.6318920203618 
-290.6318920203616 
-290.63189202036193 
-290.6318920203617 
-290.63189202036165 
-290.6318920203618 
-290.6318920203615 
-290.6318920203616 
-290.6318920203617 
-290.63189202036205 
-290.63189202036205 
-290.63189202036205 
-290.6318920203621 
-290.6318920203623 
-290.6318920203625 
-290.6318920203618 
-290.6318920203617 
-290.6318920203616 
-290.63189202036114 
-290.63189202036114 
-290.63189202036125 
-290.631892020361 
-290.631892020361 
-290.63189202036097 
-290.6318920203607 
-290.63189202036114 
-290.6318920203607 
-290.6318920203607 
-290.6318920203606 
-290.63189202036045 
-290.6318920203601 
-290.6318920203602 
-290.6318920203603 
-290.63189202036 
-290.6318920203599 
-290.63189202035977 
-290.6318920203599 
-290.63189202035966 
-290.63189202035943 
-290.63189202035954 
-290.6318920203592 
-290.6318920203673 
-290.6318920203755 
-290.63189202038353 
-290.6318920203915 
-290.63189202039933 
-290.63189202040695 
-290.6318920204148 
-290.63189202042264 
-290.63189202043026 
-290.63189202043856 
-290.63189202044606 
-290.6318920204536 
-290.63189202046067 
-290.63189202046783 
-290.6318920204746 
-290.63189202048164 
-290.63189202048835 
-290.6318920204946 
-290.6318920205009 
-290.63189202049966 
-290.63189202049927 
-290.6318920204987 
-290.6318920204976 
-290.63189202049676 
-290.631892020496 
-290.6318920204954 
-290.6318920204952 
-290.6318920204947 
-290.6318920204946 
-290.6318920204942 
-290.6318920204936 
-290.6318920205002 
-290.6318920205064 
-290.6318920205051 
-290.63189202050404 
-290.63189202050347 
-290.6318920205031 
-290.63189202050233 
-290.63189202050177 
-290.6318920205012 
-290.63189202050097 
-290.63189202050006 
-290.63189202049927 
-290.6318920204988 
-290.6318920204981 
-290.63189202049733 
-290.6318920205039 
-290.631892020502 
-290.63189202050086 
-290.63189202049983 
-290.6318920204988 
-290.6318920204979 
-290.631892020497 
-290.63189202049597 
-290.63189202049426 
-290.6318920205013 
-290.631892020497 
-290.631892020507 
-290.63189202050495 
-290.6318920205029 
-290.6318920205012 
-290.63189202049927 
-290.6318920205039 
-290.6318920205003 
-290.63189202049733 
-290.6318920205024 
-290.6318920204986 
-290.6318920205021 
-290.6318920204981 
-290.63189202049466 
-290.6318920204978 
-290.6318920204936 
-290.63189202049017 
-290.6318920204947 
-290.6318920204946 
-290.6318920204878 
-290.6318920204922 
-290.6318920205042 
-290.6318920204895 
-290.6318920204926 
-290.6318920204837 
-290.63189202048653 
-290.6318920204828 
-290.63189202048653 
-290.6318920204831 
-290.63189202049267 
-290.63189202048954 
-290.63189202050427 
-290.63189202049233 
-290.6318920204878 
-290.6318920204947 
-290.6318920204947 
-290.63189202048994 
-290.63189202049335 
-290.63189202049784 
-290.6318920204946 
-290.6318920204979 
-290.63189202050177 
-290.6318920204981 
-290.6318920205021 
-290.631892020497 
-290.63189202049983 
-290.63189202050336 
-290.63189202049836 
-290.6318920205004 
-290.6318920205021 
-290.63189202050415 
-290.63189202050586 
-290.6318920204953 
-290.63189202049927 
-290.6318920204903 
-290.63189202049153 
-290.63189202049244 
-290.63189202049335 
-290.63189202049415 
-290.6318920204954 
-290.6318920204962 
-290.63189202049745 
-290.63189202049915 
-290.6318920204921 
-290.63189202049284 
-290.6318920204935 
-290.6318920204939 
-290.6318920204946 
-290.63189202049534 
-290.63189202049534 
-290.63189202049625 
-290.63189202049665 
-290.631892020497 
-290.63189202049733 
-290.6318920204979 
-290.6318920204988 
-290.63189202050006 
-290.6318920204936 
-290.63189202049426 
-290.63189202049483 
-290.6318920204952 
-290.63189202049534 
-290.63189202049585 
-290.63189202049614 
-290.6318920204967 
-290.63189202049745 
-290.6318920204982 
-290.63189202049904 
-290.63189202049983 
-290.6318920205 
-290.6318920205012 
-290.6318920205018 
-290.63189202050205 
-290.6318920205024 
-290.63189202050245 
-290.63189202050296 
-290.6318920205032 
-290.6318920205036 
-290.6318920205037 
-290.6318920205039 
-290.63189202050347 
-290.63189202050347 
-290.6318920205037 
-290.6318920205038 
-290.63189202050404 
-290.6318920205039 
-290.6318920205038 
-290.63189202050404 
-290.6318920205044 
-290.6318920205046 
-290.6318920205047 
-290.6318920205047 
-290.63189202050495 
-290.6318920205052 
-290.63189202050506 
-290.6318920205048 
-290.63189202050484 
-290.63189202050484 
-290.6318920205046 
-290.6318920205045 
-290.6318920205044 
-290.6318920205044 
-290.63189202050427 
-290.63189202050427 
-290.63189202050404 
-290.6318920205039 
-290.63189202050404 
-290.6318920205037 
-290.6318920205036 
-290.63189202050324 
-290.631892020503 
-290.6318920205031 
-290.631892020503 
-290.6318920205028 
-290.63189202050256 
-290.63189202050256 
-290.6318920205021 
-290.63189202050177 
-290.6318920205019 
-290.63189202050137 
-290.6318920205011 
-290.63189202050074 
-290.6318920205005 
-290.6318920205002 
-290.63189202049995 
-290.63189202049955 
-290.6318920204997 
-290.63189202049955 
-290.63189202049927 
-290.6318920204991 
-290.6318920204988 
-290.6318920204985 
-290.63189202049796 
-290.63189202049745 
-290.6318920204977 
-290.6318920204976 
-290.63189202049705 
-290.63189202049637 
-290.6318920205026 
-290.6318920205086 
-290.6318920205072 
-290.6318920205063 
-290.6318920205062 
-290.6318920205055 
-290.631892020505 
-290.6318920205047 
-290.6318920205043 
-290.6318920205039 
-290.6318920205037 
-290.63189202050313 
-290.6318920205022 
-290.63189202050893 
-290.6318920205153 
-290.6318920205142 
-290.6318920205138 
-290.63189202051336 
-290.63189202051285 
-290.6318920205119 
-290.63189202051154 
-290.6318920205109 
-290.6318920205103 
-290.6318920205098 
-290.63189202050927 
-290.63189202050893 
-290.631892020508 
-290.63189202050734 
-290.6318920205143 
-290.63189202051234 
-290.6318920205113 
-290.6318920205104 
-290.63189202050984 
-290.63189202050904 
-290.6318920205085 
-290.6318920205077 
-290.6318920205063 
-290.63189202051313 
-290.63189202050904 
-290.63189202051916 
-290.631892020517 
-290.63189202051535 
-290.63189202051325 
-290.6318920205113 
-290.63189202051575 
-290.6318920205121 
-290.6318920205096 
-290.63189202051495 
-290.6318920205118 
-290.6318920205153 
-290.6318920205107 
-290.6318920205074 
-290.63189202051035 
-290.63189202050563 
-290.6318920205022 
-290.63189202050665 
-290.63189202050677 
-290.63189202050006 
-290.6318920205045 
-290.63189202051586 
-290.6318920205012 
-290.6318920205044 
-290.6318920204952 
-290.6318920204981 
-290.6318920204947 
-290.6318920204984 
-290.6318920204954 
-290.63189202050484 
-290.63189202050165 
-290.6318920205163 
-290.63189202050523 
-290.63189202050097 
-290.6318920205077 
-290.6318920205075 
-290.63189202050313 
-290.6318920205063 
-290.63189202051063 
-290.63189202050756 
-290.63189202051075 
-290.63189202051484 
-290.63189202051126 
-290.6318920205143 
-290.6318920205094 
-290.6318920205122 
-290.63189202051586 
-290.63189202051177 
-290.63189202051404 
-290.631892020516 
-290.6318920205175 
-290.6318920205195 
-290.63189202050893 
-290.63189202051336 
-290.63189202050484 
-290.6318920205064 
-290.63189202050717 
-290.6318920205077 
-290.63189202050836 
-290.63189202050904 
-290.63189202050984 
-290.63189202051075 
-290.6318920205121 
-290.63189202050506 
-290.631892020506 
-290.63189202050665 
-290.6318920205072 
-290.6318920205078 
-290.6318920205082 
-290.63189202050904 
-290.63189202050955 
-290.6318920205097 
-290.6318920205104 
-290.6318920205112 
-290.63189202051177 
-290.63189202051285 
-290.6318920205136 
-290.6318920205072 
-290.63189202050825 
-290.6318920205088 
-290.6318920205096 
-290.6318920205101 
-290.6318920205105 
-290.6318920205109 
-290.6318920205112 
-290.63189202051143 
-290.631892020512 
-290.63189202051257 
-290.63189202051325 
-290.6318920205138 
-290.63189202050734 
-290.63189202050813 
-290.6318920205088 
-290.63189202050893 
-290.63189202050904 
-290.63189202050927 
-290.63189202050944 
-290.63189202050916 
-290.6318920205094 
-290.63189202050995 
-290.63189202050995 
-290.6318920205097 
-290.63189202050984 
-290.63189202050984 
-290.63189202050995 
-290.6318920205102 
-290.63189202051035 
-290.6318920205102 
-290.63189202051007 
-290.6318920205101 
-290.63189202051007 
-290.6318920205107 
-290.63189202051075 
-290.631892020511 
-290.6318920205111 
-290.63189202051086 
-290.63189202051086 
-290.6318920205107 
-290.6318920205101 
-290.6318920205105 
-290.63189202051075 
-290.63189202051063 
-290.63189202051075 
-290.6318920205105 
-290.63189202051024 
-290.63189202051007 
-290.6318920205102 
-290.6318920205104 
-290.6318920205102 
-290.6318920205102 
-290.6318920205099 
-290.63189202050984 
-290.6318920205097 
-290.6318920205098 
-290.63189202051007 
-290.6318920205099 
-290.63189202050984 
-290.6318920205097 
-290.6318920205095 
-290.6318920205088 
-290.6318920205086 
-290.6318920205086 
-290.63189202050836 
-290.6318920205086 
-290.63189202050836 
-290.63189202050836 
-290.63189202050796 
-290.6318920205076 
-290.63189202050756 
-290.63189202050734 
-290.631892020507 
-290.63189202050654 
-290.631892020506 
-290.6318920205058 
-290.6318920205053 
-290.63189202050467 
-290.63189202050444 
-290.63189202050404 
-290.63189202050347 
-290.6318920205098 
-290.6318920205085 
-290.63189202050756 
-290.6318920205068 
-290.63189202050626 
-290.63189202050563 
-290.63189202050495 
-290.6318920205045 
-290.6318920205037 
-290.6318920205038 
-290.63189202050347 
-290.6318920205029 
-290.6318920205022 
-290.63189202050916 
-290.6318920205079 
-290.6318920205072 
-290.6318920205066 
-290.6318920205061 
-290.6318920205059 
-290.6318920205054 
-290.6318920205044 
-290.6318920205044 
-290.6318920205038 
-290.63189202050296 
-290.63189202050245 
-290.6318920205019 
-290.6318920205013 
-290.63189202050825 
-290.631892020507 
-290.63189202050586 
-290.63189202050506 
-290.6318920205046 
-290.6318920205033 
-290.63189202050245 
-290.6318920205019 
-290.63189202050086 
-290.6318920205094 
-290.63189202050495 
-290.6318920205151 
-290.63189202051313 
-290.6318920205112 
-290.63189202050927 
-290.63189202050756 
-290.63189202051245 
-290.6318920205091 
-290.6318920205062 
-290.6318920205111 
-290.63189202050734 
-290.631892020511 
-290.63189202050694 
-290.6318920205036 
-290.6318920205071 
-290.63189202050256 
-290.6318920204995 
-290.6318920205044 
-290.6318920205045 
-290.63189202049745 
-290.6318920205022 
-290.63189202051393 
-290.63189202049915 
-290.6318920205022 
-290.6318920204926 
-290.63189202049585 
-290.6318920204921 
-290.63189202049574 
-290.63189202049267 
-290.63189202050256 
-290.63189202049927 
-290.6318920205135 
-290.6318920205021 
-290.63189202049756 
-290.6318920205047 
-290.6318920205046 
-290.63189202049966 
-290.6318920205028 
-290.6318920205071 
-290.6318920205034 
-290.6318920205064 
-290.63189202051063 
-290.631892020507 
-290.63189202051063 
-290.63189202050614 
-290.63189202050904 
-290.6318920205128 
-290.6318920205081 
-290.6318920205097 
-290.6318920205115 
-290.6318920205133 
-290.6318920205155 
-290.6318920205057 
-290.63189202051007 
-290.63189202050165 
-290.6318920205027 
-290.6318920205037 
-290.6318920205046 
-290.63189202050586 
-290.6318920205063 
-290.6318920205071 
-290.6318920205083 
-290.63189202050984 
-290.6318920205029 
-290.6318920205037 
-290.6318920205045 
-290.63189202050495 
-290.63189202050575 
-290.6318920205066 
-290.6318920205071 
-290.63189202050785 
-290.6318920205085 
-290.63189202050904 
-290.6318920205096 
-290.6318920205102 
-290.6318920205108 
-290.6318920205121 
-290.6318920205052 
-290.63189202050575 
-290.6318920205063 
-290.6318920205066 
-290.63189202050654 
-290.6318920205071 
-290.6318920205075 
-290.63189202050813 
-290.6318920205086 
-290.63189202050893 
-290.6318920205096 
-290.63189202051 
-290.6318920205112 
-290.63189202051194 
-290.6318920205122 
-290.63189202051245 
-290.6318920205128 
-290.631892020513 
-290.631892020513 
-290.631892020513 
-290.63189202051365 
-290.6318920205138 
-290.6318920205136 
-290.6318920205136 
-290.63189202051365 
-290.6318920205138 
-290.6318920205139 
-290.63189202051393 
-290.6318920205141 
-290.63189202051416 
-290.6318920205141 
-290.63189202051393 
-290.6318920205139 
-290.6318920205143 
-290.63189202051404 
-290.6318920205142 
-290.6318920205143 
-290.6318920205144 
-290.63189202051416 
-290.63189202051393 
-290.6318920205137 
-290.63189202051376 
-290.6318920205139 
-290.6318920205137 
-290.6318920205139 
-290.6318920205137 
-290.63189202051365 
-290.631892020514 
-290.63189202051376 
-290.63189202051393 
-290.6318920205141 
-290.63189202051416 
-290.63189202051404 
-290.63189202051365 
-290.63189202051416 
-290.6318920205144 
-290.6318920205145 
-290.6318920205146 
-290.63189202051484 
-290.6318920205145 
-290.63189202051416 
-290.6318920205136 
-290.63189202051393 
-290.6318920205137 
-290.6318920205134 
-290.6318920205134 
-290.63189202051296 
-290.63189202051296 
-290.63189202051285 
-290.63189202051245 
-290.6318920205123 
-290.63189202051257 
-290.63189202051257 
-290.6318920205121 
-290.63189202051177 
-290.63189202051194 
-290.63189202051177 
-290.63189202051154 
-290.63189202051154 
-290.6318920205114 
-290.63189202051103 
-290.6318920205104 
-290.63189202051706 
-290.631892020524 
-290.63189202052234 
-290.63189202052166 
-290.63189202052075 
-290.6318920205202 
-290.63189202051973 
-290.6318920205194 
-290.6318920205189 
-290.6318920205186 
-290.631892020518 
-290.6318920205177 
-290.6318920205168 
-290.63189202052314 
-290.631892020522 
-290.63189202052087 
-290.6318920205202 
-290.6318920205193 
-290.63189202051893 
-290.63189202051825 
-290.6318920205177 
-290.6318920205169 
-290.63189202051655 
-290.63189202051603 
-290.6318920205155 
-290.6318920205152 
-290.6318920205144 
-290.6318920205213 
-290.63189202051973 
-290.6318920205187 
-290.63189202051757 
-290.6318920205169 
-290.6318920205162 
-290.6318920205154 
-290.63189202051467 
-290.63189202051313 
-290.63189202052195 
-290.6318920205172 
-290.63189202052735 
-290.6318920205255 
-290.63189202052405 
-290.63189202052223 
-290.63189202051973 
-290.63189202052405 
-290.6318920205203 
-290.6318920205172 
-290.6318920205222 
-290.6318920205186 
-290.63189202052206 
-290.63189202051814 
-290.6318920205147 
-290.6318920205178 
-290.63189202051353 
-290.6318920205104 
-290.6318920205147 
-290.6318920205147 
-290.6318920205079 
-290.6318920205121 
-290.6318920205236 
-290.63189202050893 
-290.63189202051234 
-290.63189202050285 
-290.63189202050586 
-290.631892020502 
-290.6318920205055 
-290.63189202050256 
-290.63189202051234 
-290.63189202050904 
-290.63189202052337 
-290.63189202051177 
-290.6318920205078 
-290.63189202051467 
-290.6318920205146 
-290.63189202050995 
-290.63189202051313 
-290.63189202051745 
-290.63189202051484 
-290.6318920205184 
-290.63189202052257 
-290.63189202051916 
-290.6318920205229 
-290.631892020518 
-290.6318920205212 
-290.6318920205251 
-290.6318920205205 
-290.6318920205226 
-290.6318920205244 
-290.6318920205262 
-290.631892020528 
-290.6318920205179 
-290.6318920205227 
-290.6318920205136 
-290.63189202051484 
-290.63189202051524 
-290.6318920205163 
-290.63189202051745 
-290.63189202051836 
-290.6318920205195 
-290.63189202052064 
-290.63189202052223 
-290.63189202051535 
-290.6318920205159 
-290.63189202051655 
-290.6318920205169 
-290.63189202051734 
-290.631892020518 
-290.6318920205186 
-290.6318920205194 
-290.63189202052035 
-290.6318920205209 
-290.63189202052166 
-290.63189202052206 
-290.6318920205229 
-290.6318920205243 
-290.63189202051825 
-290.63189202051853 
-290.631892020519 
-290.6318920205194 
-290.6318920205196 
-290.63189202052 
-290.63189202052064 
-290.6318920205212 
-290.63189202052166 
-290.63189202052234 
-290.6318920205228 
-290.6318920205242 
-290.63189202051745 
-290.63189202051814 
-290.6318920205186 
-290.63189202051836 
-290.63189202051876 
-290.6318920205184 
-290.6318920205186 
-290.631892020519 
-290.6318920205195 
-290.6318920205196 
-290.6318920205196 
-290.6318920205196 
-290.6318920205195 
-290.63189202051984 
-290.63189202052007 
-290.6318920205202 
-290.63189202052035 
-290.6318920205204 
-290.6318920205206 
-290.6318920205204 
-290.6318920205204 
-290.6318920205202 
-290.63189202052047 
-290.6318920205203 
-290.6318920205205 
-290.6318920205203 
-290.63189202052047 
-290.63189202052047 
-290.6318920205205 
-290.63189202051984 
-290.63189202051984 
-290.6318920205202 
-290.6318920205203 
-290.63189202051984 
-290.63189202051996 
-290.6318920205202 
-290.63189202051996 
-290.63189202051973 
-290.63189202051973 
-290.6318920205193 
-290.6318920205196 
-290.6318920205195 
-290.6318920205195 
-290.63189202051973 
-290.63189202051956 
-290.6318920205196 
-290.6318920205195 
-290.63189202051933 
-290.63189202051893 
-290.6318920205193 
-290.6318920205193 
-290.6318920205195 
-290.63189202051916 
-290.6318920205192 
-290.63189202051905 
-290.63189202051916 
-290.6318920205188 
-290.6318920205187 
-290.6318920205185 
-290.63189202051836 
-290.63189202051836 
-290.6318920205184 
-290.63189202051865 
-290.6318920205183 
-290.63189202051814 
-290.6318920205182 
-290.63189202051836 
-290.63189202051836 
-290.6318920205182 
-290.63189202051757 
-290.6318920205168 
-290.63189202052337 
-290.6318920205227 
-290.6318920205219 
-290.6318920205218 
-290.63189202052115 
-290.6318920205204 
-290.63189202051996 
-290.63189202051973 
-290.6318920205193 
-290.6318920205188 
-290.63189202051814 
-290.6318920205175 
-290.63189202052394 
-290.6318920205227 
-290.63189202052257 
-290.63189202052223 
-290.6318920205215 
-290.63189202052075 
-290.6318920205201 
-290.6318920205196 
-290.6318920205193 
-290.63189202051825 
-290.63189202051745 
-290.631892020517 
-290.6318920205161 
-290.6318920205149 
-290.63189202052166 
-290.6318920205203 
-290.63189202051905 
-290.63189202051836 
-290.6318920205174 
-290.631892020516 
-290.63189202051507 
-290.6318920205137 
-290.63189202051245 
-290.6318920205213 
-290.63189202051655 
-290.63189202052666 
-290.6318920205244 
-290.6318920205226 
-290.63189202052075 
-290.6318920205193 
-290.6318920205237 
-290.63189202051956 
-290.6318920205169 
-290.63189202052155 
-290.6318920205177 
-290.6318920205211 
-290.63189202051706 
-290.6318920205144 
-290.63189202051774 
-290.6318920205135 
-290.63189202051024 
-290.631892020515 
-290.63189202051495 
-290.6318920205078 
-290.631892020512 
-290.63189202052325 
-290.63189202050893 
-290.6318920205122 
-290.6318920205025 
-290.6318920205054 
-290.6318920205019 
-290.63189202050563 
-290.63189202050256 
-290.6318920205121 
-290.6318920205087 
-290.63189202052314 
-290.631892020512 
-290.6318920205077 
-290.6318920205152 
-290.6318920205153 
-290.63189202051086 
-290.6318920205138 
-290.63189202051814 
-290.63189202051495 
-290.63189202051797 
-290.631892020522 
-290.6318920205187 
-290.631892020523 
-290.63189202051825 
-290.6318920205212 
-290.6318920205252 
-290.63189202052064 
-290.6318920205225 
-290.6318920205246 
-290.6318920205262 
-290.63189202052826 
-290.6318920205184 
-290.631892020523 
-290.63189202051416 
-290.63189202051547 
-290.63189202051666 
-290.63189202051745 
-290.6318920205187 
-290.6318920205198 
-290.63189202052075 
-290.63189202052155 
-290.63189202052314 
-290.63189202051655 
-290.63189202051745 
-290.631892020518 
-290.6318920205187 
-290.6318920205196 
-290.63189202052064 
-290.6318920205208 
-290.6318920205213 
-290.6318920205218 
-290.63189202052257 
-290.63189202052337 
-290.6318920205237 
-290.6318920205238 
-290.6318920205251 
-290.6318920205186 
-290.6318920205194 
-290.63189202052007 
-290.63189202052064 
-290.63189202052075 
-290.63189202052115 
-290.63189202052166 
-290.63189202052206 
-290.6318920205227 
-290.63189202052314 
-290.6318920205238 
-290.6318920205246 
-290.63189202051785 
-290.6318920205187 
-290.63189202051916 
-290.63189202051973 
-290.6318920205193 
-290.6318920205194 
-290.63189202051973 
-290.63189202051956 
-290.63189202052007 
-290.63189202051996 
-290.6318920205204 
-290.6318920205204 
-290.6318920205204 
-290.6318920205209 
-290.6318920205215 
-290.6318920205218 
-290.63189202052166 
-290.63189202052155 
-290.63189202052143 
-290.6318920205215 
-290.6318920205212 
-290.6318920205214 
-290.63189202052104 
-290.631892020521 
-290.63189202052143 
-290.63189202052143 
-290.63189202052143 
-290.63189202052155 
-290.63189202052155 
-290.63189202052143 
-290.63189202052166 
-290.6318920205213 
-290.63189202052143 
-290.6318920205213 
-290.63189202052143 
-290.63189202052143 
-290.63189202052155 
-290.63189202052126 
-290.6318920205216 
-290.63189202052155 
-290.631892020521 
-290.6318920205208 
-290.63189202052143 
-290.6318920205213 
-290.6318920205211 
-290.6318920205211 
-290.63189202052143 
-290.63189202052166 
-290.63189202052155 
-290.631892020521 
-290.6318920205208 
-290.631892020521 
-290.63189202052115 
-290.6318920205208 
-290.63189202052087 
-290.63189202052075 
-290.63189202052087 
-290.63189202052064 
-290.63189202052035 
-290.6318920205204 
-290.6318920205205 
-290.6318920205206 
-290.6318920205203 
-290.63189202051996 
-290.6318920205195 
-290.63189202051916 
-290.6318920205195 
-290.6318920205194 
-290.63189202051916 
-290.63189202051853 
-290.6318920205177 
-290.63189202052496 
-290.63189202052325 
-290.631892020523 
-290.6318920205225 
-290.6318920205221 
-290.6318920205213 
-290.63189202052087 
-290.6318920205204 
-290.6318920205202 
-290.6318920205198 
-290.6318920205194 
-290.63189202051933 
-290.6318920205251 
-290.63189202052394 
-290.63189202052314 
-290.63189202052246 
-290.631892020522 
-290.6318920205211 
-290.6318920205203 
-290.6318920205195 
-290.6318920205187 
-290.6318920205177 
-290.6318920205172 
-290.63189202051706 
-290.6318920205162 
-290.6318920205153 
-290.63189202052206 
-290.6318920205205 
-290.6318920205194 
-290.63189202051836 
-290.6318920205172 
-290.6318920205162 
-290.6318920205152 
-290.63189202051495 
-290.6318920205136 
-290.63189202052246 
-290.63189202051774 
-290.63189202052814 
-290.631892020526 
-290.6318920205243 
-290.63189202052234 
-290.6318920205203 
-290.6318920205245 
-290.63189202052064 
-290.6318920205177 
-290.6318920205227 
-290.63189202051893 
-290.63189202052257 
-290.6318920205185 
-290.63189202051484 
-290.6318920205176 
-290.631892020513 
-290.63189202050984 
-290.63189202051467 
-290.6318920205147 
-290.631892020508 
-290.6318920205121 
-290.6318920205238 
-290.63189202050904 
-290.6318920205122 
-290.6318920205025 
-290.6318920205055 
-290.631892020502 
