2 3 0.05710593731979412 
3 4 0.07670111437569756 
4 5 0.09248706331463423 
5 6 0.10557638264459265 
6 7 0.11666240991847553 
7 8 0.12619712691369014 
8 9 0.1344888861653064 
9 10 0.14175636033670075 
10 11 0.14815965105939605 
11 12 0.15381907518391072 
12 13 0.15882699319561355 
13 14 0.16325553103034035 
14 15 0.16716178454003977 
15 16 0.1705914172859697 
16 17 0.1735812066064113 
17 18 0.17616088007242722 
18 19 0.1783544590655103 
19 20 0.1801812527965302 
20 21 0.18165659779387916 
21 22 0.1827924073532653 
22 23 0.18359757514010847 
23 24 0.18407826324660528 
24 25 0.18423809513381734 
25 26 0.184078266544715 
26 27 0.1835975816820039 
27 28 0.18279241699807308 
28 29 0.18165661025709895 
29 30 0.18018126757567657 
30 31 0.178354475368372 
31 32 0.17616089680325892 
32 33 0.17358122246565114 
33 34 0.1705914310275211 
34 35 0.1671617953237933 
35 36 0.16325553860404599 
36 37 0.15882699830839647 
37 38 0.1538190792724719 
38 39 0.1481596546501055 
39 40 0.14175636370987543 
40 41 0.13448888918453042 
41 42 0.12619712930244265 
42 43 0.11666241172369063 
43 44 0.10557638393935549 
44 45 0.09248706417772634 
45 46 0.07670111489036097 
46 47 0.05710593757278984 
47 48 0.03193862468727013 
