2 -0.2528113387409959 
3 -0.25684055548055923 
4 -0.2590087823973908 
5 -0.25890383799301764 
6 -0.25872747044898436 
7 -0.25868282483963956 
8 -0.2586896761773407 
9 -0.25869734131184935 
10 -0.2586982245871708 
11 -0.258697290450245 
12 -0.25869698024055426 
13 -0.25869706040213974 
14 -0.2586971192611107 
15 -0.25869712228024794 
16 -0.2586971122651641 
17 -0.2586971096845533 
18 -0.25869711203684 
19 -0.2586971132869156 
20 -0.25869711298080933 
21 -0.2586971126100296 
22 -0.2586971125969748 
23 -0.2586971126854817 
24 -0.2586971126982623 
25 -0.25869711268426326 
26 -0.2586971126816048 
27 -0.258697112561937 
28 -0.25869711226948494 
29 -0.258697112901704 
30 -0.2586971122517033 
31 -0.25869711278342233 
32 -0.25869711295699105 
33 -0.2586971126054376 
34 -0.2586971127498659 
35 -0.2586971132693518 
36 -0.2586971135063918 
37 -0.258697111562119 
38 -0.2586971119002167 
39 -0.258697112643909 
40 -0.25869711265960055 
41 -0.2586971126000054 
42 -0.2586971128135913 
43 -0.2586971127301228 
44 -0.2586971127397767 
45 -0.25869711292047287 
46 -0.2586971123396601 
47 -0.2586971129810338 
48 -0.2586971118423945 
49 -0.2586971137315383 
50 -0.25869711294725173 
51 -0.2586971122571981 
52 -0.25869711279297647 
53 -0.2586971132955908 
54 -0.25869711277106133 
55 -0.25869711342998003 
56 -0.2586971120575919 
57 -0.2586971127370161 
58 -0.25869711267384027 
59 -0.25869711269353335 
60 -0.25869711311717286 
61 -0.25869711159725123 
62 -0.25869711348656 
63 -0.25869711246711935 
64 -0.2586971126579229 
65 -0.2586971121241383 
66 -0.2586971123685507 
67 -0.2586971127758651 
68 -0.2586971127637832 
69 -0.2586971127013451 
70 -0.25869711266438505 
71 -0.2586971125722656 
72 -0.2586971131984966 
73 -0.2586971157063372 
74 -0.2586971129359027 
75 -0.25869710828564796 
76 -0.25869711514386107 
77 -0.2586971133558138 
78 -0.25869711424264824 
79 -0.2586971142339013 
80 -0.2586971118245951 
81 -0.2586971115349547 
82 -0.2586971124621725 
83 -0.2586971127366676 
84 -0.2586971124338837 
85 -0.2586971128197826 
86 -0.25869711269551215 
87 -0.2586971129953936 
88 -0.25869711164236775 
89 -0.25869711235956455 
90 -0.2586971133505691 
91 -0.25869711300229187 
92 -0.25869711267331214 
93 -0.2586971126350018 
94 -0.25869711270916906 
95 -0.25869711282586844 
96 -0.25869711296244524 
97 -0.2586971126514343 
98 -0.2586971124761017 
99 -0.2586971129297788 
100 -0.2586971133073493 
101 -0.25869711198472184 
102 -0.25869710917802435 
103 -0.25869711248766386 
104 -0.2586971288076523 
105 -0.2586971300739388 
106 -0.2586970506140982 
107 -0.2586969591588361 
108 -0.2586972928914385 
109 -0.2586982248996378 
110 -0.25869734167485503 
111 -0.2586896761610111 
112 -0.25868282485985006 
113 -0.25872747047803774 
114 -0.25890383810263506 
115 -0.25900878245540265 
116 -0.25684055546374274 
117 -0.252811338724172 
