2 3 0.7148342656576078 
3 4 0.5664838474656713 
4 5 0.6999544144659441 
5 6 0.7880969594971929 
6 7 0.7541222590483239 
7 8 0.7721347672472623 
8 9 0.8470869813180112 
9 10 0.8504846897230107 
10 11 0.8544322086077855 
11 12 0.9065506267032214 
12 13 0.9243766317431442 
13 14 0.9251869504657712 
14 15 0.9620144692726812 
15 16 0.9897646142987209 
16 17 0.9888105365533241 
17 18 1.0121638222724805 
18 19 1.0458771100867152 
19 20 1.0477047431453723 
20 21 1.0586147036808902 
21 22 1.091800466969562 
22 23 1.100796573519405 
23 24 1.1023168875854683 
24 25 1.1287925064970672 
25 26 1.1456774135254402 
26 27 1.1428932118329636 
27 28 1.1589592218821199 
28 29 1.1806362111962783 
29 30 1.178909641892587 
30 31 1.1841943736939506 
31 32 1.2055828806190172 
32 33 1.2084144029780963 
33 34 1.2057486354414269 
34 35 1.2218865345718846 
35 36 1.2298905614074858 
36 37 1.2238422907782018 
37 38 1.2317874750675728 
38 39 1.243046935988694 
39 40 1.237761091986989 
40 41 1.2377428897762968 
41 42 1.2489015110223596 
42 43 1.2466985047671002 
43 44 1.2416143704675695 
44 45 1.2494079108037806 
45 46 1.2506577780609904 
46 47 1.2441163604507308 
47 48 1.2470132263772709 
48 49 1.2506658436014364 
49 50 1.2451512535089955 
50 51 1.2440358710140167 
51 52 1.2483522379662564 
52 53 1.244729013673371 
53 54 1.2419107636720563 
54 55 1.2454342263066742 
55 56 1.2435431503150562 
56 57 1.2409144736724864 
57 58 1.243326339269556 
58 59 1.2427585658259865 
59 60 1.2406698977359134 
60 61 1.2427656800387568 
61 62 1.2433362005199498 
62 63 1.240930727142779 
63 64 1.2435662883090015 
64 65 1.245460827984038 
65 66 1.2419416592032315 
66 67 1.2447664368146283 
67 68 1.2483935895830067 
68 69 1.2440789068126243 
69 70 1.2452002873358585 
70 71 1.2507185609913316 
71 72 1.247065767593854 
72 73 1.2441733256254721 
73 74 1.2507178577310485 
74 75 1.2494670661894574 
75 76 1.2416750609858191 
76 77 1.2467619451324106 
77 78 1.2489637771140738 
78 79 1.2378034669961648 
79 80 1.2378240466263095 
80 81 1.2431084784351853 
81 82 1.2318450850542895 
82 83 1.2239010290104941 
83 84 1.2299479712661845 
84 85 1.2219390912426806 
85 86 1.2057999500915622 
86 87 1.2084650439144666 
87 88 1.205628599692276 
88 89 1.18423635323141 
89 90 1.1789516353391658 
90 91 1.1806738007897761 
91 92 1.1589915426122468 
92 93 1.1429253057602151 
93 94 1.1457064155568322 
94 95 1.1288159102726092 
95 96 1.1023387743027986 
96 97 1.1008172924600446 
97 98 1.091816181603787 
98 99 1.0586275679380583 
99 100 1.047717964683333 
100 101 1.0458867208760572 
101 102 1.0121700412465398 
102 103 0.9888173660807719 
103 104 0.9897699184429903 
104 105 0.9620166928149364 
105 106 0.9251891322893817 
106 107 0.9243792372678382 
107 108 0.9065510738945046 
108 109 0.8544320683848072 
109 110 0.8504856873315627 
110 111 0.8470871647102796 
111 112 0.7721342810691054 
112 113 0.7541224321348067 
113 114 0.7880974051577405 
114 115 0.699954403256648 
115 116 0.5664839423674879 
116 117 0.7148346428358793 
117 118 0.6338079914495216 
