0.0 
51.30627884997686 
48.9328013669083 
48.251174646041996 
45.86829637401867 
45.41104636453715 
42.80372711711404 
42.34735116710915 
39.73915810450223 
39.28272255441165 
36.67458909760433 
36.2181527579939 
33.61002009072832 
33.15358375462477 
30.545451083851464 
30.089014747879357 
27.480882076974613 
27.024445741002438 
24.416313070097733 
23.959876734125846 
21.351744063220874 
20.895307727250714 
18.287175056344033 
17.830738720372146 
15.22260604946719 
14.766169713495332 
12.158037042590347 
11.701600706618548 
9.093468035713501 
8.637031699741518 
6.028899028836657 
5.572462692864816 
2.9643300219598174 
2.507893685987968 
-0.10023898491702005 
-0.5566753208888673 
-3.164807991793854 
-3.6212443277657016 
-6.229376998670684 
-6.685813334642537 
-9.293946005547513 
-9.750382341519362 
-12.358515012424347 
-12.814951348396185 
-15.42308401930117 
-15.879520355273 
-18.487653026177977 
-18.944089362149814 
-21.552222033054793 
-22.008658369026644 
-24.61679103993161 
-25.073227375903453 
-27.68136004680843 
-28.137796382780298 
-30.745929053685266 
-31.20236538965711 
-33.810498060562075 
-34.26693439653389 
-36.87506706743886 
-37.33150340341074 
-39.9396360743157 
-40.396072410288134 
-43.00420508119249 
-43.46064141716435 
-46.068774088069326 
-46.525210424041255 
-49.133343094946134 
-49.58977943091737 
-52.19791210182293 
-52.654348437794766 
-55.26248110869965 
-55.71891744467148 
-58.327050115576405 
-58.78348645154828 
-61.39161912245323 
-61.8480554584251 
-64.45618812933002 
-64.91262446530239 
-67.52075713620677 
-67.9771934721786 
-70.58532614308358 
-71.04176247905541 
-73.6498951499603 
-74.10633148593216 
-76.71446415683705 
-77.17090049280891 
-79.77903316371383 
-80.235469499686 
-82.8436021705907 
-83.30003850656259 
-85.90817117746755 
-86.36460751343957 
-88.97274018434426 
-89.42917652031609 
-92.03730919122104 
-92.49374552719237 
-95.1018781980979 
-95.55831453405484 
-98.16644720497466 
-98.6228835409469 
-101.23101621185131 
-101.68745254782493 
-104.29558521872809 
-104.75202155466737 
-107.36015422560487 
-107.81659056158219 
-110.42472323248154 
-110.88115956845323 
-113.48929223935825 
-113.94572857532978 
-116.55386124623527 
-117.01029758220685 
-119.61843025311198 
-120.07486658908374 
-122.6829992599887 
-123.13943559596429 
-125.7475682668656 
-126.20400460283717 
-128.8121372737423 
-129.2685736097143 
-131.87670628061917 
-132.33314261659106 
-134.94127528749598 
-135.39771162346767 
-138.00584429437257 
-138.4622806303444 
-141.07041330124932 
-141.52684963722118 
-144.13498230812607 
-144.59141864409798 
-147.19955131500282 
-147.65598765097494 
-150.26412032187957 
-150.7205566578511 
-153.32868932875633 
-153.78512566472867 
-156.39325833563308 
-156.8496946716049 
-159.45782734250983 
-159.91426367848211 
-162.52239634938658 
-162.97883268535824 
-165.58696535626316 
-166.04340169223437 
-168.65153436314014 
-169.1079706991101 
-171.71610337001687 
-172.1725397059807 
-174.7806723768936 
-175.23710871286553 
-177.84524138377057 
-178.3016777197424 
-180.90981039064732 
-181.36624672661875 
-183.9743793975239 
-184.4308157334946 
-187.03894840440068 
-187.49538474037806 
-190.1035174112774 
-190.55995374724975 
-193.1680864181543 
-193.6245227541616 
-196.23265542503106 
-196.68909176101457 
-199.29722443190778 
-199.7536607678792 
-202.36179343878442 
-202.81822977475616 
-205.42636244566117 
-205.88279878163289 
-208.49093145253772 
-208.94736778851066 
-211.55550045941442 
-212.01193679538676 
-214.6200694662913 
-215.07650580226314 
-217.6846384731682 
-218.14107480908294 
-220.74920748004502 
-221.20564381600747 
-223.81377648692194 
-224.2702128228908 
-226.87834549379875 
-227.33478182977774 
-229.94291450067547 
-230.39935083664741 
-233.0074835075596 
-233.46391984363223 
-236.07205251850655 
-236.5284889048929 
-239.13662332300004 
-239.59307579486264 
-242.20148134296068 
-242.65225175985657 
-244.64867101735163 
-245.3628500144794 
-245.9866322133804 
-246.0195732733751 
-246.05635479186085 
-246.05638072968804 
-246.07832457818807 
-246.07832658108188 
-246.09193637882376 
-246.09193667014333 
-246.10092851623776 
-246.10092946899175 
-246.10713760242442 
-246.1071391141238 
-246.11155906411872 
-246.11156082083764 
-246.11477632151946 
-246.11477811245715 
-246.1171532683337 
-246.11715498422132 
-246.11892826900439 
-246.11892986457968 
-246.12026358863022 
-246.1202650537369 
-246.12127308241736 
-246.12127442429724 
-246.12203856615287 
-246.12203979948333 
-246.12261994877787 
-246.12262109037354 
-246.12306174223997 
-246.12306280839778 
-246.12339738486372 
-246.12339839017795 
-246.1236521978345 
-246.12365315478633 
-246.123845455209 
-246.12384637415624 
-246.12399187160082 
-246.1239927609552 
-246.12410269013776 
-246.12410355662095 
-246.12418649750933 
-246.12418734640679 
-246.12424961481372 
-246.12425044998463 
-246.1242969260219 
-246.12429775075935 
-246.12433231864492 
-246.12433313547504 
-246.12435874468363 
-246.12435955554935 
-246.12437845495342 
-246.1243792613492 
-246.12439316457824 
-246.12439396764705 
-246.12440417125165 
-246.12440497185867 
-246.12441244723635 
-246.1244132460283 
-246.12441871498865 
-246.12441951244617 
-246.12442350841388 
-246.12442430489233 
-246.12442722077375 
-246.12442801650855 
-246.1244301403352 
-246.12443093554242 
-246.12443247884 
-246.12443327366046 
-246.12443439198938 
-246.1244351865269 
-246.12443599389718 
-246.1244367882274 
-246.1244373681735 
-246.1244381623522 
-246.12443857608093 
-246.12443937014865 
-246.124439662521 
-246.12444045650744 
-246.12444066043403 
-246.12444145436152 
-246.124441594028 
-246.1244423879123 
-246.1244424811506 
-246.12444327500376 
-246.12444333503532 
-246.1244441288667 
-246.12444416395465 
-246.12444495777342 
-246.12444497520653 
-246.12444576902266 
-246.12444577645834 
-246.12444657027635 
-246.12444657338546 
-246.12444736720744 
-246.12444736903024 
-246.12444816285213 
-246.12444816446208 
-246.12444895827952 
-246.12444895988065 
-246.12444975369758 
-246.12444975529823 
-246.1244505491148 
-246.12445055071547 
-246.12445134453222 
-246.12445134613304 
-246.12445213995008 
-246.12445214155113 
-246.1244529353677 
-246.12445293696848 
-246.1244537307852 
-246.1244537323856 
-246.12445452620258 
-246.12445452780307 
-246.12445532162005 
-246.12445532322064 
-246.1244561170375 
-246.12445611863822 
-246.12445691245503 
-246.12445691405557 
-246.1244577078724 
-246.12445770947298 
-246.12445850328993 
-246.1244585048905 
-246.1244592987072 
-246.12445930030773 
-246.12446009412457 
-246.1244600957252 
-246.12446088954212 
-246.12446089114277 
-246.12446168495975 
-246.12446168656047 
-246.1244624803773 
-246.12446248197787 
-246.12446327579474 
-246.12446327739534 
-246.12446407121226 
-246.12446407281286 
-246.1244648666297 
-246.1244648682303 
-246.12446566204719 
-246.12446566364798 
-246.12446645746473 
-246.12446645906547 
-246.1244672528824 
-246.12446725448282 
-246.12446804829955 
-246.12446804990026 
-246.1244688437169 
-246.12446884531747 
-246.12446963913405 
-246.12446964073493 
-246.1244704345519 
-246.12447043615256 
-246.12447122996932 
-246.12447123157003 
-246.12447202538692 
-246.12447202698752 
-246.12447282080453 
-246.12447282240495 
-246.1244736162219 
-246.1244736178226 
-246.12447441163957 
-246.12447441324 
-246.12447520705675 
-246.1244752086573 
-246.1244760024742 
-246.1244760040748 
-246.12447679789184 
-246.12447679949256 
-246.12447759330948 
-246.12447759491013 
-246.12447838872666 
-246.12447839032754 
-246.12447918414435 
-246.12447918574478 
-246.12447997956153 
-246.12447998116224 
-246.12448077497908 
-246.12448077657965 
-246.12448157039663 
-246.1244815719974 
-246.12448236581426 
-246.12448236741474 
-246.1244831612316 
-246.12448316283238 
-246.1244839566494 
-246.12448395825 
-246.12448475204965 
-246.12448475365036 
-246.12448554490237 
-246.12448554648702 
-246.12448637656587 
-246.1244863787561 
-246.12455499504435 
-246.12455499504614 
-246.12455499504387 
-247.40882346414094 
-247.4391712451441 
-247.48391824574045 
-247.49458396321103 
-247.50131716813388 
-247.50865426760433 
-247.51373711755107 
-247.51861155026413 
-247.52208308907672 
-247.5254655096957 
-247.5279176728101 
-247.5303456741011 
-247.53212866968917 
-247.53391442382258 
-247.53523829449898 
-247.53657541164773 
-247.5375735122914 
-247.53858799392407 
-247.53934924307828 
-247.5401266384234 
-247.5407122377977 
-247.54131250724996 
-247.5417660349028 
-247.54223213364835 
-247.5425851275302 
-247.54294866779668 
-247.54322447722907 
-247.54350898382944 
-247.5437251217237 
-247.54394834649446 
-247.54411809599137 
-247.54429358867182 
-247.54442713896336 
-247.54456528573095 
-247.5446704752989 
-247.5447793434289 
-247.54486226821848 
-247.54494810539322 
-247.5450135019476 
-247.5450812072564 
-247.54513278942738 
-247.54518618973808 
-247.54522686792032 
-247.54526897151183 
-247.54530103486445 
-247.54533420878855 
-247.54535945963931 
-247.5453854336261 
-247.545405022407 
-247.54542507546154 
-247.54544018842137 
-247.54545566551795 
-247.5454673303719 
-247.54547927759594 
-247.545488282015 
-247.54549750454237 
-247.54550445522145 
-247.54551157457692 
-247.54551693996012 
-247.54552243505285 
-247.54552657621966 
-247.5455308170712 
-247.54553401272813 
-247.54553728482082 
-247.54553974992646 
-247.5455422571835 
-247.54554412296096 
-247.54554600946864 
-247.54554741289724 
-247.54554883232976 
-247.54554988820115 
-247.54555095576558 
-247.54555174996761 
-247.5455525529393 
-247.54555315032388 
-247.54555375425062 
-247.54555420351664 
-247.5455546576861 
-247.54555499551927 
-247.54555533701156 
-247.5455555910079 
-247.54555584773098 
-247.54555603865438 
-247.54555623160184 
-247.54555637507283 
-247.54555652004007 
-247.54555662781246 
-247.5455567366853 
-247.54555681759965 
-247.5455568993155 
-247.54555696002822 
-247.545557021316 
-247.54555706682987 
-247.54555711275012 
-247.54555714683295 
-247.54555718119502 
-247.54555720668964 
-247.54555723242458 
-247.54555725180367 
-247.54555727400034 
-247.54555735206296 
-248.8508434253019 
-249.20998597532326 
-249.40154593849616 
-249.46628460971363 
-249.51804828483807 
-249.54517030366873 
-249.57230588476244 
-249.58399990836796 
-249.5999987704747 
-249.60550339382416 
-249.61511175289743 
-249.6184044237813 
-249.61967830394565 
-249.62176475036753 
-249.62259421292868 
-249.62397082953532 
-249.6245306350373 
-249.6254654961156 
-249.6258531061809 
-249.62650121284787 
-249.62677475016935 
-249.62723078758927 
-249.62742672165027 
-249.62775108860487 
-249.6278932031771 
-249.62812574449458 
-249.6282300120173 
-249.62839770019565 
-249.6284750895034 
-249.62859654497169 
-249.62865471944008 
-249.6287429892213 
-249.6287873775547 
-249.62885189288556 
-249.62888991020915 
-249.62892053593674 
-249.62894995080637 
-249.62897490937078 
-249.62899842814494 
-249.62901832025346 
-249.62903787675438 
-249.62905336458837 
-249.62907030357567 
-249.62908212459132 
-249.62909728269528 
-249.62910617681206 
-249.62911986618073 
-249.62912650834062 
-249.6291385932248 
-249.62914354930624 
-249.6291537769037 
-249.62915748652264 
-249.62916580862344 
-249.62916859759923 
-249.6291751956391 
-249.62917741615195 
-249.629180311624 
-249.62918183178064 
-249.6291842386353 
-249.62918541475153 
-249.62918741544087 
-249.62918832065185 
-249.62918997852535 
-249.62919067225428 
-249.6291920373923 
-249.6291925662535 
-249.62919368006823 
-249.62919408173923 
-249.62919498064645 
-249.6291952843822 
-249.6291960007893 
-249.62919622925244 
-249.62919679226343 
-249.62919696293054 
-249.629197398432 
-249.62919752472345 
-249.62919785540504 
-249.629197947615 
-249.62919819317995 
-249.62919825920258 
-249.6291984362671 
-249.62919848224902 
-249.6291986048675 
-249.62919863552946 
-249.62919871549352 
-249.62919873458713 
-249.62919878190036 
-249.62919879243287 
-249.6291988158552 
-249.62919882041814 
-249.62919882822888 
-249.6291988292943 
-249.62919883007768 
-249.62919883023207 
-249.62919883029053 
-249.62919883029028 
-249.62919883026052 
-249.629198830264 
-249.62919883026515 
-249.6291988302657 
-249.62919883026586 
-249.6291988302659 
-249.6291988302657 
-249.6291988302658 
-249.62919883026584 
-249.62919883026584 
-249.62919883026586 
-249.62919883026586 
-249.62919883026564 
-249.62919883026578 
-249.62919883026564 
-249.62919883026586 
-249.62919883026603 
-249.62919883026635 
-249.6291988302666 
-249.6291988302669 
-249.62919883026697 
-249.62919883026723 
-249.62919883026746 
-249.62919883026788 
-249.62919883026825 
-249.62919883026888 
-249.62919883026905 
-249.6291988302694 
-249.62919883026973 
-249.62919883027013 
-249.62919883027064 
-249.6291988302709 
-249.6291988302713 
-249.62919883027192 
-249.62919883027226 
-249.62919883027294 
-249.62919883027328 
-249.62919883027422 
-249.62919883027467 
-249.6291988302757 
-249.62919883027757 
-249.62919883028007 
-249.62919883028192 
-249.62919883028496 
-249.62919883028707 
-249.62919883029107 
-249.62919883029346 
-249.62919883029866 
-249.62919883030108 
-249.62919883030798 
-249.62919883031088 
-249.62919883031927 
-249.6291988303223 
-249.6291988303321 
-249.62919883033533 
-249.62919883034562 
-249.62919883035002 
-249.6291988303608 
-249.6291988303654 
-249.62919883037546 
-249.62919883037873 
-249.62919883101583 
-249.62919883165856 
-249.62919883229776 
-249.6291988329411 
-249.6291988335809 
-249.62919883422526 
-249.62919883486583 
-249.62919883551157 
-249.62919883615254 
-249.62919883680038 
-249.6291988374418 
-249.62919883809232 
-249.62919883873474 
-249.62919883939028 
-249.62919884003378 
-249.62919884069734 
-249.62919884134206 
-249.62919884201938 
-249.6291988426676 
-249.62919884344964 
-249.6291988435176 
-249.62919884359457 
-249.62919884367184 
-249.62919884375597 
-249.62919884385292 
-249.6291988439463 
-249.6291988440904 
-249.62919884420293 
-249.6291988500783 
-249.62919885025897 
-249.62919885684997 
-249.62919886366043 
-249.6291988643052 
-249.6291988643025 
-249.62920327040345 
-249.6292454324353 
-249.6292936659557 
-249.62933316752535 
-249.62937021201589 
-249.6293999399968 
-249.62942776559026 
-249.62945012113724 
-249.6294710726997 
-249.62948793486458 
-249.629503757929 
-249.62951651856062 
-249.62952850818073 
-249.62953820028872 
-249.62954731977737 
-249.62955471354076 
-249.62956168163336 
-249.62956735169755 
-249.6295727056979 
-249.6295770821195 
-249.62958122429683 
-249.62958462921227 
-249.62958786106427 
-249.62959053602063 
-249.62959308375923 
-249.6295952100293 
-249.62959724340448 
-249.6295989570607 
-249.6296006035525 
-249.62960200668218 
-249.62960336200524 
-249.62960453141355 
-249.62960566759153 
-249.62960666086678 
-249.62960763163122 
-249.6296084926534 
-249.62960935671262 
-249.62960976542922 
-249.62961016278192 
-249.6296104942951 
-249.62961081816138 
-249.629611090443 
-249.62961135792654 
-249.62961158472245 
-249.62961180888948 
-249.6296120007043 
-249.62961219152976 
-249.62961235640228 
-249.62961252154537 
-249.62961266564182 
-249.62961281097247 
-249.6296129390297 
-249.62961306907948 
-249.62961318490275 
-249.62961330467775 
-249.62961334073623 
-249.62961337592077 
-249.62961340560412 
-249.62961343459278 
-249.62961345917427 
-249.62961348321625 
-249.6296135037254 
-249.62961352381973 
-249.62961354108256 
-249.62961355803037 
-249.62961357270456 
-249.62961358714364 
-249.62961359975225 
-249.62961361218595 
-249.62961362313575 
-249.62961363396394 
-249.62961364359194 
-249.62961365312648 
-249.62961366167963 
-249.62961367016362 
-249.6296136778401 
-249.62961368546038 
-249.62961369240458 
-249.62961369930227 
-249.62961370562311 
-249.62961371189368 
-249.629613717664 
-249.62961372337276 
-249.62961372863367 
-249.62961373381168 
-249.62961373857325 
-249.62961374321765 
-249.62961374745672 
-249.6296137515286 
-249.62961375518498 
-249.62961375860382 
-249.62961376157446 
-249.6296137642137 
-249.62961376634604 
-249.62961376802957 
-249.6296137691608 
-249.62961377008168 
-249.62961377031826 
-249.62961377045124 
-249.62961377051 
-249.62961377051002 
-249.62961377048015 
-249.62961377048333 
-249.629613770484 
-249.62961377048447 
-249.62961377048464 
-249.62961377048458 
-249.62961377048615 
-249.62961377048615 
-249.62961377048617 
-249.62961377048612 
-249.62961377048615 
-249.62961377048646 
-249.62961377048654 
-249.62961377048646 
-249.6296137704865 
-249.62961377048657 
-249.62961377048686 
-249.6296137704869 
-249.62961377048725 
-249.62961377048728 
-249.6296137704875 
-249.6296137704877 
-249.629613770488 
-249.62961377048805 
-249.62961377048845 
-249.62961377048882 
-249.6296137704892 
-249.62961377048958 
-249.6296137704899 
-249.62961377049038 
-249.62961377049064 
-249.62961377049123 
-249.6296137704914 
-249.62961377049143 
-249.62961377049203 
-249.62961377049226 
-249.62961377049265 
-249.6296137704931 
-249.62961377049356 
-249.62961377049396 
-249.62961377049422 
-249.6296137704945 
-249.62961377049487 
-249.62961377049558 
-249.62961377049584 
-249.62961377049618 
-249.62961377049808 
-249.62961377050036 
-249.6296137705025 
-249.62961377050453 
-249.62961377050672 
-249.62961377050883 
-249.62961377051067 
-249.62961377051298 
-249.62961377051522 
-249.6296137705172 
-249.62961377051943 
-249.62961377052147 
-249.62961377052358 
-249.629613770526 
-249.62961377052787 
-249.62961377053023 
-249.62961377053213 
-249.6296137705331 
-249.6296137711735 
-249.62961377181543 
-249.62961377245725 
-249.62961377309918 
-249.62961377374165 
-249.62961377438384 
-249.62961377502617 
-249.62961377566845 
-249.629613776311 
-249.62961377695333 
-249.62961377759572 
-249.62961377823828 
-249.62961377888098 
-249.62961377952345 
-249.62961378016647 
-249.62961378080925 
-249.62961378145235 
-249.62961378209567 
-249.62961378273926 
-249.62961378338312 
-249.62961378402704 
-249.62961378467114 
-249.62961378531568 
-249.6296137859603 
-249.62961378660557 
-249.62961378725103 
-249.62961378789745 
-249.62961378854428 
-249.62961378919212 
-249.62961378984053 
-249.62961379049048 
-249.62961379114105 
-249.62961379179396 
-249.62961379244783 
-249.62961379310465 
-249.62961379376216 
-249.62961379448467 
-249.62961379448512 
-249.6296137944852 
-249.6296137944854 
-249.62961379448566 
-249.62961379448564 
-249.6296137944861 
-249.62961379448606 
-249.62961379448632 
-249.62961379448652 
-249.6296137944865 
-249.62961379448643 
-249.62961379448637 
-249.62961379448643 
-249.62961379448643 
-249.62961379448672 
-249.62961379448717 
-249.62961379448754 
-249.6296137944878 
-249.62961379448805 
-249.62961379448845 
-249.62961379448888 
-249.62961379448913 
-249.62961379448956 
-249.62961379449018 
-249.6296137944904 
-249.62961379449064 
-249.6296137944911 
-249.62961379449135 
-249.62961379449195 
-249.6296137944923 
-249.6296137944929 
-249.62961379449317 
-249.62961379449382 
-249.62961379449422 
-249.6296137944944 
-249.62961379449467 
-249.62961379449465 
-249.62961379449473 
-249.6296137944946 
-249.62961379449462 
-249.6296137944948 
-249.62961379449467 
-249.6296137944947 
-249.6296137944948 
-249.62961379449462 
-249.62961379449482 
-249.62961379449487 
-249.62961379449501 
-249.62961379449513 
-249.6296137944953 
-249.62961379449555 
-249.62961379449516 
-249.6296137944951 
-249.6296137944953 
-249.62961379449536 
-249.62961379449527 
-249.62961379449519 
-249.62961379449519 
-249.62961379449519 
-249.6296137944954 
-249.62961379449533 
-249.62961379449547 
-249.6296137944955 
-249.62961379449578 
-249.62961379449575 
-249.62961379449587 
-249.62961379449558 
-249.62961379449575 
-249.62961379449592 
-249.62961379449584 
-249.6296137944958 
-249.62961379449584 
-249.62961379449578 
-249.62961379449578 
-249.62961379449592 
-249.62961379449598 
-249.6296137944959 
-249.62961379449624 
-249.6296137944962 
-249.62961379449615 
-249.62961379449655 
-249.62961379449695 
-249.62961379449686 
-249.62961379449678 
-249.62961379449698 
-249.62961379449683 
-249.6296137944968 
-249.62961379449675 
-249.629613794497 
-249.62961379449703 
-249.6296137944966 
-249.62961379449615 
-249.62961379449513 
-249.62961379449183 
-249.62961379452142 
-249.6296137944916 
-249.62961379449493 
-249.62961379449595 
-249.6296137944964 
-249.6296137944965 
-249.62961379449663 
-249.62961379449646 
-249.62961379449663 
-249.6296137944966 
-249.62961379449666 
-249.6296137944966 
-249.62961379449663 
-249.6296137944966 
-249.62961379449627 
-249.62961379449604 
-249.62961379449604 
-249.62961379449598 
-249.62961379449564 
-249.6296137944956 
-249.62961379449564 
-249.62961379449547 
-249.6296137944953 
-249.62961379449527 
-249.62961379449501 
-249.62961379449496 
-249.62961379449496 
-249.6296137944948 
-249.6296137944945 
-249.62961379449462 
-249.62961379449467 
-249.62961379449453 
-249.6296137944944 
-249.62961379449428 
-249.62961379449405 
-249.6296137944942 
-249.629613794494 
-249.62961379449396 
-249.6296137944938 
-249.62961379449388 
-249.629613794494 
-249.62961379449376 
-249.6296137944938 
-249.62961379449374 
-249.62961379449408 
-249.62961379449396 
-249.62961379449374 
-249.62961379449365 
-249.62961379449354 
-249.62961379449354 
-249.62961379449337 
-249.62961379449337 
-249.62961379449348 
-249.62961379449334 
-249.62961379449348 
-249.62961379449334 
-249.62961379449337 
-249.6296137944934 
-249.62961379449328 
-249.6296137944933 
-249.6296137944931 
-249.62961379449303 
-249.62961379449308 
-249.629613794493 
-249.62961379449283 
-249.6296137944927 
-249.62961379449266 
-249.62961379449257 
-249.6296137944925 
-249.62961379449237 
-249.62961379449234 
-249.62961379449231 
-249.62961379449217 
-249.62961379449212 
-249.6296137944922 
-249.62961379449206 
-249.629613794492 
-249.62961379449206 
-249.62961379449195 
-249.62961379449197 
-249.62961379449192 
-249.6296137944919 
-249.6296137944917 
-249.62961379449155 
-249.62961379449155 
-249.62961379449166 
-249.62961379449163 
-249.62961379449132 
-249.629613794491 
-249.62961379449112 
-249.62961379449075 
-249.62961379449084 
-249.62961379449092 
-249.62961379449106 
-249.62961379449115 
-249.629613794491 
-249.6296137944914 
-249.62961379449163 
-249.62961379449177 
-249.62961379449206 
-249.62961379449249 
-249.62961379449303 
-249.62961379449317 
-249.6296137944936 
-249.62961379449385 
-249.62961379449413 
-249.62961379449425 
-249.6296137944947 
-249.62961379449493 
-249.62961379449504 
-249.62961379449547 
-249.62961379449587 
-249.62961379449604 
-249.6296137944962 
-249.62961379449638 
-249.62961379449655 
-249.629613794497 
-249.62961379449717 
-249.62961379449735 
-249.62961379449789 
-249.6296137944982 
-249.62961379449837 
-249.62961379449885 
-249.62961379449925 
-249.62961379449942 
-249.6296137944998 
-249.62961379450013 
-249.62961379450033 
-249.62961379450036 
-249.62961379450064 
-249.62961379450104 
-249.62961379450127 
-249.6296137945014 
-249.62961379450124 
-249.629613794501 
-249.62961379450104 
-249.62961379450118 
-249.62961379450087 
-249.62961379450084 
-249.62961379450076 
-249.62961379450056 
-249.62961379450036 
-249.62961379450036 
-249.62961379450027 
-249.62961379450047 
-249.62961379450041 
-249.62961379450044 
-249.62961379450036 
-249.62961379450013 
-249.62961379449996 
-249.6296137944998 
-249.62961379449985 
-249.62961379449965 
-249.6296137944995 
-249.62961379449953 
-249.6296137944996 
-249.62961379449968 
-249.62961379449996 
-249.62961379449996 
-249.62961379449985 
-249.62961379449962 
-249.62961379449982 
-249.62961379449982 
-249.6296137944999 
-249.62961379450007 
-249.62961379449962 
-249.6296137944998 
-249.6296137944994 
-249.62961379449945 
-249.62961379449928 
-249.62961379449905 
-249.62961379449905 
-249.62961379449888 
-249.62961379449894 
-249.62961379449885 
-249.62961379449922 
-249.6296137944992 
-249.62961379449922 
-249.62961379449908 
-249.62961379449914 
-249.62961379449902 
-249.62961379449908 
-249.62961379449905 
-249.6296137944991 
-249.62961379449922 
-249.62961379449888 
-249.62961379449894 
-249.62961379449865 
-249.62961379449874 
-249.62961379449868 
-249.62961379449868 
-249.6296137944989 
-249.6296137944986 
-249.629613794498 
-249.62961379449737 
-249.62961379449416 
-249.6296137945238 
-249.62961379449433 
-249.62961379449757 
-249.62961379449843 
-249.629613794499 
-249.62961379449914 
-249.6296137944989 
-249.62961379449877 
-249.62961379449894 
-249.62961379449877 
-249.6296137944987 
-249.6296137944986 
-249.62961379449857 
-249.6296137944986 
-249.6296137944985 
-249.6296137944986 
-249.6296137944986 
-249.62961379449854 
-249.62961379449865 
-249.62961379449888 
-249.62961379449897 
-249.62961379449897 
-249.62961379449905 
-249.629613794499 
-249.62961379449897 
-249.62961379449885 
-249.62961379449854 
-249.62961379449877 
-249.62961379449882 
-249.62961379449865 
-249.6296137944986 
-249.62961379449865 
-249.62961379449848 
-249.62961379449848 
-249.62961379449854 
-249.62961379449843 
-249.62961379449845 
-249.6296137944985 
-249.62961379449877 
-249.62961379449865 
-249.6296137944986 
-249.6296137944987 
-249.6296137944987 
-249.6296137944986 
-249.62961379449845 
-249.6296137944984 
-249.62961379449868 
-249.62961379449868 
-249.62961379449862 
-249.62961379449874 
-249.6296137944985 
-249.6296137944982 
-249.62961379449837 
-249.6296137944983 
-249.62961379449828 
-249.62961379449848 
-249.6296137944986 
-249.62961379449862 
-249.62961379449865 
-249.62961379449882 
-249.629613794499 
-249.62961379449908 
-249.62961379449902 
-249.62961379449916 
-249.62961379449922 
-249.62961379449908 
-249.62961379449888 
-249.629613794499 
-249.62961379449922 
-249.62961379449916 
-249.62961379449942 
-249.6296137944996 
-249.6296137944994 
-249.62961379449945 
-249.62961379449956 
-249.62961379449948 
-249.62961379449973 
-249.62961379449982 
-249.62961379449985 
-249.62961379449985 
-249.6296137945001 
-249.62961379450036 
-249.62961379450047 
-249.62961379450073 
-249.62961379450059 
-249.6296137945007 
-249.62961379450044 
-249.62961379450064 
-249.62961379450076 
-249.62961379450067 
-249.62961379450059 
-249.6296137945007 
-249.62961379450098 
-249.62961379450087 
-249.6296137945008 
-249.62961379450093 
-249.62961379450073 
-249.62961379450053 
-249.62961379450053 
-249.62961379450064 
-249.62961379450076 
-249.62961379450073 
-249.6296137945008 
-249.62961379450093 
-249.62961379450087 
-249.6296137945008 
-249.6296137945008 
-249.62961379450113 
-249.62961379450127 
-249.62961379450144 
-249.62961379450178 
-249.6296137945018 
-249.62961379450195 
-249.62961379450206 
-249.6296137945022 
-249.62961379450252 
-249.62961379450275 
-249.62961379450263 
-249.62961379450266 
-249.62961379450275 
-249.6296137945026 
-249.62961379450277 
-249.629613794503 
-249.6296137945033 
-249.62961379450311 
-249.62961379450317 
-249.62961379450334 
-249.62961379450365 
-249.62961379450377 
-249.62961379450383 
-249.6296137945039 
-249.6296137945041 
-249.6296137945041 
-249.6296137945042 
-249.62961379450405 
-249.6296137945041 
-249.62961379450422 
-249.6296137945044 
-249.62961379450445 
-249.62961379450448 
-249.62961379450456 
-249.6296137945048 
-249.6296137945049 
-249.62961379450473 
-249.6296137945047 
-249.62961379450496 
-249.62961379450493 
-249.629613794505 
-249.62961379450502 
-249.62961379450508 
-249.62961379450513 
-249.62961379450496 
-249.62961379450485 
-249.62961379450468 
-249.62961379450473 
-249.62961379450476 
-249.62961379450473 
-249.62961379450482 
-249.62961379450485 
-249.62961379450502 
-249.62961379450522 
-249.6296137945054 
-249.62961379450547 
-249.6296137945056 
-249.62961379450562 
-249.6296137945057 
-249.62961379450581 
-249.62961379450584 
-249.62961379450581 
-249.62961379450613 
-249.62961379450616 
-249.6296137945061 
-249.62961379450627 
-249.62961379450633 
-249.6296137945065 
-249.62961379450644 
-249.6296137945064 
-249.62961379450653 
-249.62961379450653 
-249.62961379450667 
-249.6296137945066 
-249.62961379450653 
-249.62961379450667 
-249.62961379450653 
-249.62961379450675 
-249.62961379450667 
-249.62961379450672 
-249.62961379450678 
-249.62961379450675 
-249.62961379450647 
-249.62961379450672 
-249.62961379450664 
-249.6296137945066 
-249.62961379450638 
-249.62961379450513 
-249.62961379450206 
-249.62961379453176 
-249.62961379450218 
-249.62961379450527 
-249.62961379450655 
-249.62961379450672 
-249.62961379450672 
-249.6296137945068 
-249.62961379450667 
-249.62961379450678 
-249.6296137945068 
-249.62961379450672 
-249.6296137945069 
-249.6296137945069 
-249.62961379450678 
-249.62961379450684 
-249.62961379450684 
-249.6296137945071 
-249.62961379450695 
-249.62961379450678 
-249.62961379450672 
-249.62961379450658 
-249.62961379450664 
-249.62961379450664 
-249.6296137945064 
-249.6296137945064 
-249.6296137945062 
-249.62961379450616 
-249.6296137945061 
-249.6296137945059 
-249.62961379450604 
-249.62961379450581 
-249.62961379450587 
-249.62961379450556 
-249.62961379450562 
-249.62961379450564 
-249.62961379450553 
-249.62961379450542 
-249.62961379450527 
-249.62961379450516 
-249.62961379450516 
-249.62961379450513 
-249.6296137945053 
-249.6296137945052 
-249.6296137945052 
-249.62961379450527 
-249.62961379450536 
-249.62961379450542 
-249.62961379450527 
-249.62961379450522 
-249.6296137945051 
-249.62961379450502 
-249.62961379450496 
-249.6296137945047 
-249.62961379450468 
-249.62961379450473 
-249.62961379450462 
-249.62961379450434 
-249.62961379450434 
-249.62961379450434 
-249.62961379450428 
-249.6296137945041 
-249.6296137945039 
-249.62961379450365 
-249.62961379450377 
-249.6296137945036 
-249.62961379450363 
-249.6296137945034 
-249.6296137945032 
-249.62961379450314 
-249.62961379450297 
-249.62961379450277 
-249.62961379450272 
-249.6296137945026 
-249.62961379450263 
-249.62961379450235 
-249.6296137945021 
-249.6296137945019 
-249.62961379450186 
-249.62961379450178 
-249.62961379450164 
-249.62961379450164 
-249.62961379450155 
-249.6296137945014 
-249.62961379450118 
-249.62961379450113 
-249.62961379450098 
-249.6296137945009 
-249.6296137945007 
-249.62961379450056 
-249.62961379450041 
-249.62961379450022 
-249.6296137945001 
-249.62961379450005 
-249.62961379450013 
-249.6296137944999 
-249.62961379449965 
-249.62961379449965 
-249.62961379449953 
-249.6296137944996 
-249.62961379449948 
-249.62961379449928 
-249.62961379449933 
-249.62961379449928 
-249.62961379449928 
-249.62961379449928 
-249.62961379449908 
-249.62961379449902 
-249.62961379449894 
-249.62961379449914 
-249.62961379449908 
-249.62961379449882 
-249.62961379449882 
-249.6296137944987 
-249.6296137944988 
-249.62961379449865 
-249.62961379449865 
-249.62961379449828 
-249.62961379449825 
-249.62961379449808 
-249.62961379449803 
-249.62961379449797 
-249.6296137944978 
-249.62961379449757 
-249.6296137944974 
-249.62961379449746 
-249.6296137944975 
-249.62961379449715 
-249.62961379449683 
-249.62961379449683 
-249.62961379449666 
-249.62961379449655 
-249.6296137944966 
-249.62961379449675 
-249.62961379449666 
-249.62961379449652 
-249.62961379449658 
-249.6296137944964 
-249.62961379449638 
-249.6296137944962 
-249.62961379449612 
-249.62961379449612 
-249.62961379449584 
-249.6296137944956 
-249.62961379449564 
-249.6296137944957 
-249.62961379449558 
-249.6296137944957 
-249.62961379449595 
-249.62961379449584 
-249.62961379449592 
-249.6296137944959 
-249.62961379449564 
-249.6296137944958 
-249.6296137944959 
-249.6296137944959 
-249.62961379449587 
-249.62961379449587 
-249.62961379449575 
-249.6296137944956 
-249.62961379449536 
-249.6296137944954 
-249.62961379449533 
-249.62961379449524 
-249.62961379449519 
-249.62961379449519 
-249.62961379449513 
-249.62961379449519 
-249.62961379449527 
-249.62961379449553 
-249.6296137944954 
-249.6296137944953 
-249.6296137944954 
-249.6296137944955 
-249.62961379449553 
-249.6296137944954 
-249.6296137944953 
-249.62961379449516 
-249.62961379449504 
-249.62961379449496 
-249.62961379449476 
-249.6296137944947 
-249.62961379449456 
-249.62961379449453 
-249.62961379449456 
-249.62961379449467 
-249.62961379449482 
-249.6296137944948 
-249.62961379449473 
-249.6296137944949 
-249.6296137944949 
-249.6296137944949 
-249.6296137944951 
-249.62961379449428 
-249.62961379449382 
-249.62961379449283 
-249.62961379448956 
-249.6296137945193 
-249.62961379448953 
-249.6296137944927 
-249.62961379449374 
-249.6296137944942 
-249.629613794495 
-249.6296137944953 
-249.62961379449547 
-249.62961379449544 
-249.6296137944955 
-249.62961379449553 
-249.62961379449567 
-249.6296137944957 
-249.6296137944957 
-249.62961379449587 
-249.62961379449592 
-249.62961379449604 
-249.62961379449612 
-249.62961379449627 
-249.62961379449644 
-249.62961379449672 
-249.62961379449712 
-249.62961379449726 
-249.62961379449743 
-249.6296137944975 
-249.62961379449754 
-249.62961379449777 
-249.62961379449786 
-249.62961379449794 
-249.62961379449789 
-249.629613794498 
-249.6296137944979 
-249.62961379449808 
-249.62961379449817 
-249.62961379449806 
-249.6296137944982 
-249.62961379449825 
-249.62961379449817 
-249.6296137944983 
-249.62961379449845 
-249.62961379449865 
-249.62961379449882 
-249.6296137944991 
-249.6296137944991 
-249.62961379449928 
-249.62961379449922 
-249.62961379449914 
-249.62961379449922 
-249.62961379449942 
-249.6296137944993 
-249.62961379449942 
-249.62961379449945 
-249.62961379449925 
-249.62961379449922 
-249.62961379449933 
-249.6296137944994 
-249.62961379449953 
-249.6296137944997 
-249.62961379449968 
-249.62961379449982 
-249.6296137944999 
-249.62961379450013 
-249.6296137945002 
-249.62961379450022 
-249.62961379450033 
-249.62961379450022 
-249.62961379450013 
-249.62961379450036 
-249.62961379450059 
-249.6296137945006 
-249.62961379450087 
-249.629613794501 
-249.62961379450107 
-249.62961379450093 
-249.629613794501 
-249.62961379450095 
-249.62961379450107 
-249.62961379450115 
-249.6296137945012 
-249.62961379450147 
-249.6296137945012 
-249.62961379450132 
-249.62961379450138 
-249.62961379450124 
-249.62961379450127 
-249.6296137945014 
-249.62961379450144 
-249.62961379450152 
-249.62961379450132 
-249.62961379450135 
-249.62961379450138 
-249.62961379450144 
-249.62961379450155 
-249.6296137945014 
-249.62961379450158 
-249.62961379450192 
-249.62961379450184 
-249.62961379450198 
-249.62961379450203 
-249.62961379450198 
-249.62961379450195 
-249.62961379450206 
-249.6296137945022 
-249.6296137945022 
-249.6296137945023 
-249.6296137945024 
-249.6296137945026 
-249.6296137945024 
-249.62961379450235 
-249.62961379450243 
-249.6296137945024 
-249.62961379450255 
-249.62961379450263 
-249.6296137945027 
-249.62961379450275 
-249.6296137945027 
-249.6296137945028 
-249.62961379450275 
-249.62961379450272 
-249.6296137945027 
-249.62961379450286 
-249.62961379450292 
-249.6296137945029 
-249.62961379450297 
-249.62961379450306 
-249.62961379450317 
-249.6296137945032 
-249.62961379450323 
-249.6296137945033 
-249.6296137945036 
-249.62961379450365 
-249.6296137945038 
-249.62961379450365 
-249.62961379450377 
-249.62961379450383 
-249.62961379450388 
-249.62961379450408 
-249.6296137945041 
-249.62961379450417 
-249.629613794504 
-249.62961379450422 
-249.62961379450428 
-249.62961379450414 
-249.62961379450405 
-249.62961379450417 
-249.62961379450422 
-249.6296137945044 
-249.6296137945046 
-249.62961379450482 
-249.62961379450473 
-249.62961379450465 
-249.62961379450502 
-249.6296137945051 
-249.62961379450485 
-249.62961379450488 
-249.62961379450493 
-249.62961379450485 
-249.6296137945049 
-249.62961379450505 
-249.6296137945052 
-249.62961379450508 
-249.62961379450496 
-249.6296137945052 
-249.62961379450508 
-249.62961379450516 
-249.6296137945053 
-249.6296137945055 
-249.62961379450542 
-249.6296137945055 
-249.62961379450581 
-249.62961379450564 
-249.62961379450573 
-249.62961379450564 
-249.6296137945057 
-249.62961379450604 
-249.62961379450616 
-249.62961379450633 
-249.62961379450627 
-249.6296137945066 
-249.62961379450664 
-249.62961379450667 
-249.6296137945066 
-249.62961379450667 
-249.62961379450672 
-249.629613794507 
-249.62961379450695 
-249.62961379450672 
-249.6296137945067 
-249.62961379450672 
-249.62961379450692 
-249.62961379450712 
-249.62961379450698 
-249.629613794507 
-249.62961379450684 
-249.62961379450581 
-249.62961379450272 
-249.62961379453216 
-249.6296137945026 
-249.6296137945059 
-249.62961379450667 
-249.62961379450704 
-249.62961379450712 
-249.62961379450695 
-249.62961379450695 
-249.62961379450678 
-249.6296137945066 
-249.6296137945067 
-249.62961379450667 
-249.62961379450664 
-249.6296137945065 
-249.62961379450644 
-249.62961379450635 
-249.62961379450655 
-249.62961379450633 
-249.62961379450624 
-249.62961379450593 
-249.62961379450599 
-249.6296137945059 
-249.6296137945058 
-249.62961379450564 
-249.62961379450564 
-249.6296137945057 
-249.62961379450567 
-249.62961379450564 
-249.62961379450536 
-249.6296137945051 
-249.629613794505 
-249.62961379450488 
-249.62961379450465 
-249.6296137945046 
-249.62961379450445 
-249.6296137945042 
-249.62961379450405 
-249.62961379450405 
-249.62961379450388 
-249.6296137945035 
-249.62961379450337 
-249.6296137945034 
-249.62961379450343 
-249.62961379450343 
-249.62961379450363 
-249.62961379450357 
-249.6296137945033 
-249.62961379450337 
-249.62961379450346 
-249.6296137945032 
-249.6296137945032 
-249.62961379450306 
-249.62961379450297 
-249.62961379450292 
-249.6296137945029 
-249.62961379450306 
-249.62961379450317 
-249.6296137945028 
-249.62961379450286 
-249.62961379450266 
-249.6296137945027 
-249.62961379450252 
-249.6296137945026 
-249.6296137945025 
-249.62961379450235 
-249.6296137945024 
-249.62961379450232 
-249.6296137945021 
-249.6296137945019 
-249.62961379450172 
-249.62961379450178 
-249.62961379450172 
-249.62961379450167 
-249.6296137945017 
-249.62961379450155 
-249.62961379450155 
-249.62961379450138 
-249.62961379450132 
-249.62961379450118 
-249.62961379450124 
-249.62961379450127 
-249.62961379450118 
-249.6296137945013 
-249.6296137945012 
-249.62961379450118 
-249.6296137945011 
-249.62961379450093 
-249.629613794501 
-249.62961379450093 
-249.62961379450087 
-249.629613794501 
-249.6296137945009 
-249.62961379450064 
-249.62961379450059 
-249.62961379450076 
-249.62961379450067 
-249.62961379450056 
-249.62961379450053 
-249.62961379450041 
-249.62961379450041 
-249.62961379450044 
-249.62961379450047 
-249.62961379450013 
-249.6296137944999 
-249.62961379450002 
-249.6296137944999 
-249.62961379449982 
-249.62961379449973 
-249.62961379449962 
-249.62961379449973 
-249.62961379449965 
-249.62961379449965 
-249.6296137944995 
-249.62961379449962 
-249.62961379449953 
-249.62961379449948 
-249.62961379449945 
-249.62961379449948 
-249.62961379449933 
-249.62961379449916 
-249.62961379449933 
-249.6296137944991 
-249.6296137944992 
-249.62961379449902 
-249.62961379449902 
-249.62961379449902 
-249.62961379449897 
-249.62961379449874 
-249.62961379449865 
-249.62961379449848 
-249.62961379449814 
-249.6296137944984 
-249.62961379449865 
-249.62961379449862 
-249.62961379449865 
-249.6296137944985 
-249.62961379449828 
-249.6296137944982 
-249.62961379449797 
-249.62961379449808 
-249.6296137944979 
-249.62961379449771 
-249.62961379449771 
-249.62961379449746 
-249.62961379449754 
-249.62961379449757 
-249.62961379449757 
-249.62961379449746 
-249.6296137944976 
-249.6296137944975 
-249.62961379449737 
-249.62961379449763 
-249.62961379449754 
-249.62961379449752 
-249.62961379449746 
-249.62961379449726 
-249.629613794497 
-249.62961379449686 
-249.62961379449678 
-249.62961379449666 
-249.6296137944966 
-249.62961379449646 
-249.62961379449627 
-249.62961379449638 
-249.62961379449644 
-249.62961379449627 
-249.62961379449624 
-249.62961379449607 
-249.6296137944961 
-249.62961379449592 
-249.6296137944958 
-249.6296137944957 
-249.6296137944957 
-249.62961379449547 
-249.62961379449538 
-249.62961379449519 
-249.62961379449467 
-249.62961379449445 
-249.62961379449422 
-249.62961379449408 
-249.629613794494 
-249.62961379449376 
-249.6296137944936 
-249.62961379449342 
-249.62961379449328 
-249.62961379449314 
-249.62961379449285 
-249.62961379449303 
-249.629613794493 
-249.6296137944932 
-249.62961379449297 
-249.6296137944928 
-249.6296137944924 
-249.62961379449195 
-249.62961379449095 
-249.62961379448757 
-249.62961379451733 
-249.6296137944878 
-249.6296137944911 
-249.6296137944919 
-249.62961379449231 
-249.62961379449254 
-249.62961379449257 
-249.62961379449263 
-249.62961379449263 
-249.62961379449257 
-249.62961379449263 
-249.62961379449274 
-249.62961379449288 
-249.62961379449285 
-249.62961379449303 
-249.6296137944932 
-249.6296137944934 
-249.62961379449342 
-249.6296137944936 
-249.62961379449368 
-249.62961379449362 
-249.62961379449388 
-249.62961379449405 
-249.629613794494 
-249.62961379449413 
-249.62961379449422 
-249.6296137944942 
-249.62961379449416 
-249.62961379449422 
-249.62961379449405 
-249.6296137944941 
-249.62961379449405 
-249.6296137944944 
-249.6296137944944 
-249.6296137944944 
-249.62961379449456 
-249.62961379449496 
-249.62961379449504 
-249.62961379449524 
-249.62961379449533 
-249.6296137944955 
-249.6296137944956 
-249.62961379449575 
-249.6296137944955 
-249.62961379449553 
-249.62961379449564 
-249.62961379449558 
-249.6296137944956 
-249.62961379449575 
-249.62961379449595 
-249.629613794496 
-249.62961379449627 
-249.6296137944964 
-249.6296137944964 
-249.6296137944964 
-249.62961379449632 
-249.6296137944966 
-249.6296137944967 
-249.6296137944969 
-249.62961379449712 
-249.62961379449735 
-249.62961379449717 
-249.6296137944974 
-249.6296137944973 
-249.62961379449735 
-249.62961379449712 
-249.62961379449715 
-249.62961379449735 
-249.6296137944973 
-249.62961379449737 
-249.6296137944973 
-249.62961379449743 
-249.62961379449735 
-249.62961379449732 
-249.6296137944974 
-249.62961379449746 
-249.62961379449763 
-249.6296137944976 
-249.62961379449797 
-249.62961379449808 
-249.6296137944984 
-249.62961379449854 
-249.62961379449854 
-249.629613794499 
-249.62961379449908 
-249.62961379449888 
-249.62961379449897 
-249.629613794499 
-249.62961379449928 
-249.6296137944993 
-249.62961379449922 
-249.62961379449942 
-249.62961379449953 
-249.62961379449962 
-249.62961379449968 
-249.62961379449976 
-249.62961379449985 
-249.62961379449987 
-249.62961379450005 
-249.62961379450024 
-249.62961379450027 
-249.62961379450033 
-249.62961379450053 
-249.62961379450059 
-249.6296137945007 
-249.6296137945008 
-249.629613794501 
-249.629613794501 
-249.6296137945008 
-249.62961379450087 
-249.62961379450093 
-249.62961379450104 
-249.62961379450115 
-249.62961379450127 
-249.62961379450124 
-249.62961379450127 
-249.62961379450132 
-249.62961379450155 
-249.62961379450152 
-249.62961379450184 
-249.62961379450192 
-249.62961379450215 
-249.62961379450215 
-249.6296137945022 
-249.62961379450198 
-249.62961379450226 
-249.6296137945022 
-249.62961379450218 
-249.62961379450223 
-249.62961379450243 
-249.62961379450246 
-249.62961379450272 
-249.6296137945028 
-249.62961379450286 
-249.62961379450297 
-249.62961379450303 
-249.6296137945031 
-249.62961379450306 
-249.62961379450343 
-249.62961379450354 
-249.62961379450388 
-249.62961379450377 
-249.62961379450397 
-249.62961379450425 
-249.62961379450417 
-249.62961379450434 
-249.62961379450437 
-249.62961379450442 
-249.62961379450442 
-249.62961379450445 
-249.62961379450456 
-249.62961379450468 
-249.6296137945048 
-249.6296137945049 
-249.6296137945051 
-249.62961379450513 
-249.62961379450502 
-249.629613794505 
-249.62961379450508 
-249.62961379450513 
-249.6296137945051 
-249.62961379450533 
-249.62961379450536 
-249.62961379450553 
-249.62961379450547 
-249.6296137945058 
-249.6296137945058 
-249.62961379450607 
-249.6296137945061 
-249.6296137945061 
-249.629613794506 
-249.62961379450599 
-249.62961379450599 
-249.62961379450599 
-249.6296137945061 
-249.6296137945063 
-249.62961379450638 
-249.62961379450658 
-249.62961379450667 
-249.62961379450658 
-249.6296137945065 
-249.6296137945065 
-249.62961379450658 
-249.62961379450664 
-249.6296137945067 
-249.62961379450675 
-249.62961379450695 
-249.62961379450724 
-249.62961379450735 
-249.62961379450738 
-249.62961379450738 
-249.62961379450752 
-249.6296137945074 
-249.62961379450692 
-249.62961379450584 
-249.6296137945024 
-249.62961379453222 
-249.6296137945023 
-249.62961379450576 
-249.62961379450692 
-249.62961379450735 
-249.6296137945074 
-249.6296137945073 
-249.62961379450724 
-249.6296137945073 
-249.6296137945072 
-249.62961379450695 
-249.62961379450698 
-249.629613794507 
-249.62961379450698 
-249.62961379450687 
-249.6296137945069 
-249.62961379450698 
-249.62961379450698 
-249.62961379450704 
-249.6296137945069 
-249.62961379450667 
-249.62961379450644 
-249.62961379450624 
-249.629613794506 
-249.62961379450587 
-249.62961379450613 
-249.62961379450599 
-249.62961379450613 
-249.62961379450627 
-249.62961379450635 
-249.62961379450618 
-249.62961379450616 
-249.6296137945061 
-249.62961379450613 
-249.62961379450599 
-249.62961379450581 
-249.6296137945057 
-249.62961379450593 
-249.62961379450599 
-249.62961379450596 
-249.6296137945059 
-249.62961379450607 
-249.629613794506 
-249.6296137945057 
-249.62961379450553 
-249.62961379450527 
-249.6296137945051 
-249.62961379450508 
-249.6296137945049 
-249.62961379450505 
-249.62961379450488 
-249.62961379450482 
-249.6296137945047 
-249.6296137945047 
-249.62961379450448 
-249.62961379450428 
-249.62961379450434 
-249.62961379450414 
-249.62961379450385 
-249.62961379450377 
-249.62961379450368 
-249.62961379450357 
-249.6296137945035 
-249.6296137945033 
-249.62961379450329 
-249.62961379450306 
-249.62961379450311 
-249.62961379450294 
-249.62961379450275 
-249.62961379450272 
-249.62961379450277 
-249.62961379450263 
-249.6296137945025 
-249.6296137945027 
-249.62961379450252 
-249.62961379450252 
-249.6296137945024 
-249.62961379450235 
-249.62961379450215 
-249.62961379450206 
-249.6296137945017 
-249.62961379450172 
-249.62961379450164 
-249.62961379450167 
-249.6296137945015 
-249.62961379450135 
-249.62961379450127 
-249.62961379450118 
-249.62961379450113 
-249.62961379450138 
-249.62961379450127 
-249.62961379450104 
-249.62961379450084 
-249.62961379450076 
-249.62961379450059 
-249.62961379450047 
-249.62961379450041 
-249.6296137945004 
-249.6296137945002 
-249.62961379450007 
-249.62961379450007 
-249.6296137945 
-249.6296137945 
-249.62961379449976 
-249.6296137944998 
-249.62961379449973 
-249.62961379449976 
-249.6296137944997 
-249.6296137944998 
-249.6296137944996 
-249.62961379449962 
-249.62961379449953 
-249.62961379449968 
-249.62961379449956 
-249.62961379449933 
-249.62961379449922 
-249.62961379449922 
-249.6296137944991 
-249.62961379449885 
-249.62961379449848 
-249.62961379449843 
-249.6296137944985 
-249.62961379449848 
-249.62961379449848 
-249.62961379449845 
-249.6296137944986 
-249.62961379449857 
-249.62961379449857 
-249.62961379449848 
-249.62961379449857 
-249.62961379449828 
-249.62961379449814 
-249.62961379449825 
-249.62961379449797 
-249.62961379449808 
-249.6296137944978 
-249.62961379449789 
-249.62961379449777 
-249.62961379449757 
-249.62961379449763 
-249.62961379449746 
-249.62961379449746 
-249.62961379449732 
-249.62961379449717 
-249.62961379449717 
-249.62961379449712 
-249.62961379449678 
-249.6296137944966 
-249.62961379449644 
-249.62961379449612 
-249.62961379449612 
-249.6296137944961 
-249.62961379449612 
-249.629613794496 
-249.62961379449612 
-249.62961379449607 
-249.62961379449598 
-249.6296137944958 
-249.62961379449575 
-249.62961379449575 
-249.6296137944957 
-249.62961379449538 
-249.62961379449538 
-249.6296137944954 
-249.62961379449538 
-249.62961379449519 
-249.62961379449524 
-249.6296137944953 
-249.62961379449524 
-249.62961379449536 
-249.62961379449527 
-249.62961379449524 
-249.62961379449507 
-249.62961379449482 
-249.6296137944949 
-249.62961379449487 
-249.62961379449473 
-249.62961379449462 
-249.62961379449467 
-249.6296137944945 
-249.62961379449453 
-249.6296137944945 
-249.62961379449433 
-249.6296137944944 
-249.6296137944944 
-249.62961379449422 
-249.62961379449413 
-249.62961379449416 
-249.6296137944941 
-249.6296137944941 
-249.62961379449422 
-249.62961379449405 
-249.62961379449385 
-249.62961379449342 
-249.62961379449263 
-249.62961379448947 
-249.62961379451906 
-249.62961379448944 
-249.62961379449254 
-249.6296137944934 
-249.62961379449402 
-249.62961379449416 
-249.62961379449413 
-249.62961379449405 
-249.62961379449416 
-249.62961379449388 
-249.62961379449408 
-249.62961379449413 
-249.62961379449416 
-249.6296137944942 
-249.62961379449442 
-249.62961379449453 
-249.6296137944945 
-249.62961379449456 
-249.62961379449453 
-249.62961379449476 
-249.6296137944948 
-249.62961379449462 
-249.62961379449467 
-249.62961379449473 
-249.629613794495 
-249.6296137944951 
-249.6296137944951 
-249.6296137944953 
-249.62961379449519 
-249.62961379449524 
-249.6296137944953 
-249.62961379449544 
-249.6296137944954 
-249.62961379449547 
-249.6296137944956 
-249.62961379449575 
-249.6296137944956 
-249.62961379449558 
-249.62961379449547 
-249.62961379449544 
-249.62961379449536 
-249.62961379449538 
-249.6296137944956 
-249.62961379449564 
-249.62961379449564 
-249.6296137944957 
-249.62961379449578 
-249.62961379449587 
-249.62961379449592 
-249.62961379449598 
-249.62961379449627 
-249.62961379449644 
-249.62961379449675 
-249.62961379449672 
-249.62961379449706 
-249.62961379449712 
-249.6296137944973 
-249.6296137944975 
-249.62961379449752 
-249.6296137944974 
-249.62961379449746 
-249.6296137944977 
-249.62961379449774 
-249.62961379449786 
-249.6296137944979 
-249.62961379449794 
-249.62961379449794 
-249.62961379449803 
-249.6296137944981 
-249.62961379449817 
-249.62961379449814 
-249.62961379449817 
-249.62961379449814 
-249.62961379449828 
-249.62961379449845 
-249.62961379449837 
-249.62961379449825 
-249.6296137944985 
-249.62961379449843 
-249.62961379449837 
-249.6296137944986 
-249.6296137944988 
-249.6296137944987 
-249.62961379449865 
-249.62961379449874 
-249.62961379449862 
-249.62961379449865 
-249.62961379449857 
-249.6296137944986 
-249.62961379449843 
-249.62961379449843 
-249.6296137944984 
-249.62961379449848 
-249.62961379449843 
-249.62961379449848 
-249.62961379449854 
-249.62961379449865 
-249.6296137944987 
-249.6296137944987 
-249.62961379449865 
-249.62961379449882 
-249.62961379449897 
-249.62961379449902 
-249.62961379449914 
-249.62961379449916 
-249.62961379449936 
-249.62961379449945 
-249.62961379449965 
-249.62961379449956 
-249.6296137944995 
-249.62961379449942 
-249.62961379449933 
-249.6296137944995 
-249.6296137944993 
-249.62961379449945 
-249.6296137944996 
-249.62961379449945 
-249.62961379449968 
-249.62961379449996 
-249.62961379449985 
-249.6296137944998 
-249.62961379449985 
-249.6296137944999 
-249.62961379450002 
-249.62961379450002 
-249.62961379450013 
-249.62961379450024 
-249.62961379450033 
-249.6296137945004 
-249.6296137945003 
-249.62961379450047 
-249.6296137945005 
-249.62961379450059 
-249.62961379450067 
-249.62961379450084 
-249.62961379450093 
-249.62961379450107 
-249.62961379450104 
-249.62961379450107 
-249.62961379450104 
-249.62961379450115 
-249.62961379450138 
-249.62961379450138 
-249.62961379450124 
-249.62961379450138 
-249.62961379450152 
-249.62961379450132 
-249.62961379450135 
-249.62961379450127 
-249.62961379450138 
-249.6296137945013 
-249.6296137945015 
-249.62961379450155 
-249.6296137945015 
-249.62961379450167 
-249.62961379450172 
-249.62961379450172 
-249.62961379450195 
-249.62961379450203 
-249.62961379450206 
-249.62961379450223 
-249.6296137945023 
-249.62961379450294 
-249.6296137945028 
-249.62961379450294 
-249.62961379450306 
-249.62961379450329 
-249.6296137945032 
-249.62961379450314 
-249.62961379450314 
-249.629613794503 
-249.62961379450314 
-249.62961379450306 
-249.62961379450326 
-249.62961379450337 
-249.62961379450357 
-249.6296137945037 
-249.62961379450363 
-249.6296137945037 
-249.62961379450388 
-249.6296137945041 
-249.62961379450422 
-249.62961379450422 
-249.6296137945043 
-249.62961379450448 
-249.6296137945045 
-249.62961379450422 
-249.62961379450442 
-249.62961379450434 
-249.62961379450428 
-249.6296137945041 
-249.62961379450448 
-249.62961379450442 
-249.62961379450422 
-249.62961379450311 
-249.62961379449993 
-249.62961379452958 
-249.62961379450005 
-249.62961379450314 
-249.62961379450425 
-249.62961379450445 
-249.6296137945046 
-249.62961379450434 
-249.62961379450445 
-249.62961379450462 
-249.62961379450462 
-249.6296137945044 
-249.6296137945045 
-249.62961379450434 
-249.62961379450428 
-249.62961379450417 
-249.6296137945041 
-249.629613794504 
-249.62961379450385 
-249.62961379450377 
-249.62961379450405 
-249.62961379450383 
-249.62961379450383 
-249.62961379450383 
-249.62961379450388 
-249.6296137945036 
-249.62961379450348 
-249.62961379450337 
-249.62961379450357 
-249.6296137945035 
-249.62961379450346 
-249.6296137945035 
-249.62961379450337 
-249.62961379450303 
-249.629613794503 
-249.62961379450303 
-249.62961379450255 
-249.62961379450238 
-249.62961379450215 
-249.62961379450212 
-249.62961379450198 
-249.62961379450186 
-249.6296137945018 
-249.6296137945019 
-249.62961379450178 
-249.6296137945019 
-249.62961379450203 
-249.62961379450192 
-249.6296137945018 
-249.6296137945019 
-249.6296137945019 
-249.62961379450203 
-249.62961379450206 
-249.629613794502 
-249.62961379450186 
-249.62961379450195 
-249.6296137945019 
-249.62961379450192 
-249.62961379450184 
-249.62961379450203 
-249.62961379450212 
-249.62961379450215 
-249.62961379450198 
-249.6296137945019 
-249.62961379450178 
-249.6296137945017 
-249.62961379450158 
-249.62961379450167 
-249.6296137945015 
-249.6296137945014 
-249.62961379450144 
-249.6296137945014 
-249.62961379450144 
-249.629613794501 
-249.6296137945011 
-249.6296137945011 
-249.6296137945012 
-249.6296137945012 
-249.6296137945012 
-249.6296137945011 
-249.62961379450098 
-249.6296137945009 
-249.62961379450078 
-249.62961379450078 
-249.6296137945007 
-249.62961379450076 
-249.62961379450073 
-249.6296137945007 
-249.62961379450084 
-249.62961379450073 
-249.62961379450076 
-249.62961379450064 
-249.62961379450053 
-249.6296137945005 
-249.62961379450056 
-249.6296137945004 
-249.62961379450041 
-249.6296137945002 
-249.62961379450005 
-249.62961379450016 
-249.62961379450016 
-249.62961379450007 
-249.62961379450002 
-249.62961379449996 
-249.62961379450002 
-249.62961379449987 
-249.62961379449973 
-249.62961379449968 
-249.6296137944996 
-249.62961379449965 
-249.62961379449973 
-249.62961379449985 
-249.62961379449996 
-249.62961379450005 
-249.62961379450013 
-249.62961379450002 
-249.6296137945 
-249.62961379449985 
-249.62961379449962 
-249.62961379449956 
-249.62961379449965 
-249.62961379449928 
-249.62961379449868 
-249.6296137944988 
-249.62961379449854 
-249.62961379449865 
-249.62961379449834 
-249.62961379449834 
-249.62961379449823 
-249.6296137944982 
-249.62961379449806 
-249.62961379449797 
-249.629613794498 
-249.62961379449794 
-249.62961379449808 
-249.62961379449806 
-249.62961379449797 
-249.6296137944979 
-249.62961379449777 
-249.62961379449786 
-249.62961379449777 
-249.62961379449763 
-249.62961379449757 
-249.62961379449624 
-249.62961379449604 
-249.62961379449598 
-249.62961379449578 
-249.6296137944956 
-249.6296137944954 
-249.62961379449519 
-249.62961379449516 
-249.62961379449516 
-249.62961379449519 
-249.62961379449519 
-249.62961379449513 
-249.62961379449501 
-249.62961379449482 
-249.62961379449473 
-249.62961379449473 
-249.62961379449473 
-249.62961379449473 
-249.62961379449476 
-249.62961379449487 
-249.62961379449467 
-249.62961379449456 
-249.6296137944944 
-249.6296137944943 
-249.62961379449422 
-249.62961379449393 
-249.62961379449402 
-249.6296137944942 
-249.6296137944939 
-249.62961379449396 
-249.62961379449388 
-249.62961379449374 
-249.6296137944937 
-249.6296137944937 
-249.62961379449388 
-249.62961379449382 
-249.62961379449357 
-249.62961379449342 
-249.62961379449325 
-249.6296137944932 
-249.62961379449325 
-249.62961379449285 
-249.62961379449285 
-249.62961379449268 
-249.62961379449266 
-249.62961379449243 
-249.62961379449263 
-249.6296137944925 
-249.62961379449263 
-249.6296137944928 
-249.62961379449249 
-249.62961379449197 
-249.62961379449106 
-249.62961379448797 
-249.62961379451738 
