2 -0.23585688984670727 
3 -0.23650075433396134 
4 -0.23661867755660626 
5 -0.236627484373382 
6 -0.23662841361331408 
7 -0.23662851745466673 
8 -0.23662852921126493 
9 -0.2366285308346646 
10 -0.23662853134691753 
11 -0.23662852914315438 
12 -0.23662853090224803 
13 -0.23662853114440227 
14 -0.23662853118497648 
15 -0.23662853121877053 
16 -0.2366285311989335 
17 -0.2366285312271667 
18 -0.2366285318114639 
19 -0.2366285310914745 
20 -0.23662853120444963 
21 -0.2366285311971798 
22 -0.23662853119374547 
23 -0.23662853119306773 
24 -0.23662853119288116 
25 -0.23662853119283592 
26 -0.23662853119286648 
27 -0.2366285311925008 
28 -0.236628531198015 
29 -0.23662853120636143 
30 -0.2366285311941021 
31 -0.23662853117729796 
32 -0.23662853227617797 
33 -0.23662851654717793 
34 -0.23662861536619284 
35 -0.23662854744113673 
36 -0.2366285337940492 
37 -0.2366285315801748 
38 -0.23662853141657778 
39 -0.2366285312222568 
40 -0.23662853119786614 
41 -0.23662853119358743 
42 -0.23662853119198604 
43 -0.23662853121074873 
44 -0.23662853114555477 
45 -0.23662853118148777 
46 -0.23662853119297836 
47 -0.2366285312009393 
48 -0.23662853105053025 
49 -0.23662853325241076 
50 -0.23662851747539876 
51 -0.2366285289582303 
52 -0.23662853082531876 
53 -0.23662853113245869 
54 -0.23662853118412097 
55 -0.23662853124433383 
56 -0.23662853123540606 
57 -0.23662853230178046 
58 -0.2366285124388898 
59 -0.2366286607429325 
60 -0.23662854948530798 
61 -0.23662853417996815 
62 -0.23662853171433207 
63 -0.23662853129621622 
64 -0.23662853111792753 
65 -0.23662853118387986 
66 -0.23662853119613508 
67 -0.23662853120390842 
68 -0.2366285311923717 
69 -0.2366285312062009 
70 -0.2366285311194119 
71 -0.2366285311817582 
72 -0.23662853119050278 
73 -0.23662853119089475 
74 -0.23662853120176464 
75 -0.236628531209934 
76 -0.23662853149225518 
77 -0.23662853109243548 
78 -0.2366285296290531 
79 -0.23662853125984065 
80 -0.23662853969770342 
81 -0.23662853227559938 
82 -0.23662853136370654 
83 -0.2366285312230882 
84 -0.2366285311896162 
85 -0.23662853118728538 
86 -0.2366285312361159 
87 -0.23662853120047161 
88 -0.23662853119166372 
89 -0.23662853118187674 
90 -0.2366285312638401 
91 -0.23662853120311517 
92 -0.2366285311946132 
93 -0.23662853119317645 
94 -0.23662853119307617 
95 -0.23662853119294236 
96 -0.23662853117106528 
97 -0.23662853127976988 
98 -0.23662853038895634 
99 -0.23662853113041463 
100 -0.23662853118580768 
101 -0.2366285311885067 
102 -0.23662853121540053 
103 -0.2366285311961791 
104 -0.23662853119336166 
105 -0.23662853119291002 
106 -0.23662853119305297 
107 -0.23662853119135263 
108 -0.236628531193161 
109 -0.2366285311929834 
110 -0.23662853119410923 
111 -0.23662853119242125 
112 -0.23662853119376112 
113 -0.23662853118688928 
114 -0.23662853119549224 
115 -0.23662853118504026 
116 -0.2366285311880507 
117 -0.23662853119178573 
118 -0.23662853119282412 
119 -0.23662853119287297 
120 -0.2366285311924868 
121 -0.23662853119453528 
122 -0.23662853119372454 
123 -0.2366285311886015 
124 -0.2366285311916391 
125 -0.2366285311935798 
126 -0.23662853118915683 
127 -0.236628531224068 
128 -0.23662853124147587 
129 -0.236628530876034 
130 -0.23662853114637164 
131 -0.23662853118667201 
132 -0.2366285311874908 
133 -0.23662853125204333 
134 -0.23662853072046236 
135 -0.236628531129719 
136 -0.23662853152880559 
137 -0.23662853123234745 
138 -0.23662853119863114 
139 -0.23662853119405658 
140 -0.23662853119304705 
141 -0.2366285311995362 
142 -0.23662853121884472 
143 -0.23662853119499327 
144 -0.2366285305092373 
145 -0.23662853067072198 
146 -0.2366285356269952 
147 -0.23662853128632855 
148 -0.2366285311980782 
149 -0.23662853121517982 
150 -0.23662853116381188 
151 -0.23662853198767342 
152 -0.23662852319863656 
153 -0.2366285301983386 
154 -0.23662853104299114 
155 -0.23662853116783927 
156 -0.23662853122488386 
157 -0.23662853133467837 
158 -0.23662853034859957 
159 -0.2366285310678189 
160 -0.2366285311717582 
161 -0.23662853119415989 
162 -0.23662853115589944 
163 -0.2366285311113763 
164 -0.23662853116319293 
165 -0.23662853118930435 
166 -0.23662853119348418 
167 -0.23662853118373584 
168 -0.23662853116670887 
169 -0.23662853139029985 
170 -0.23662853121601557 
171 -0.23662853119457009 
172 -0.23662853119292088 
173 -0.23662853119266206 
174 -0.23662853119163446 
175 -0.23662853119695054 
176 -0.23662853119147464 
177 -0.2366285312061179 
178 -0.23662853103847412 
179 -0.23662853134113523 
180 -0.23662853087812621 
181 -0.23662853378561752 
182 -0.2366285314642972 
183 -0.2366285312433304 
184 -0.23662853120313684 
185 -0.23662853119080313 
186 -0.23662853119895527 
187 -0.23662853122414576 
188 -0.23662853076221457 
189 -0.2366285342840681 
190 -0.23662853120333432 
191 -0.23662852925760583 
192 -0.23662851742115767 
193 -0.23662841363627418 
194 -0.23662748434042433 
195 -0.23661867780911883 
196 -0.23650075447148697 
197 -0.23585688977337613 
