2 -0.42244672725735244 
3 -0.3767551229851137 
4 -0.37612574777379143 
5 -0.38167335265098246 
6 -0.41039023590997503 
7 -0.40130869123738144 
8 -0.3810711224721096 
9 -0.39322497362996145 
10 -0.4055162547905296 
11 -0.3943584825962837 
12 -0.38777730349395273 
13 -0.39816698626833336 
14 -0.4010126308229768 
15 -0.3919641501769194 
16 -0.392066926309802 
17 -0.3997388292054439 
18 -0.39763541352539467 
19 -0.3916332569318417 
20 -0.3951751277653619 
21 -0.39952291295869036 
22 -0.39520513749092995 
23 -0.3925298060216058 
24 -0.39720091237744126 
25 -0.3983509852562392 
26 -0.3937841798151191 
27 -0.39401161214948 
28 -0.3981809030867556 
29 -0.39682374567875234 
30 -0.3933288126089938 
31 -0.3955788745368034 
32 -0.39824321792999445 
33 -0.39539383794432803 
34 -0.3936722105166822 
35 -0.39685843186073383 
36 -0.39761719497458264 
37 -0.39437517465261107 
38 -0.3945513177239176 
39 -0.3976155205556589 
40 -0.39660129530824434 
41 -0.3939340967692523 
42 -0.39565431556972747 
43 -0.39776240154984865 
44 -0.3955134552985581 
45 -0.39408907802762105 
46 -0.3966755818667939 
47 -0.39735133522902166 
48 -0.3946376303730361 
49 -0.3947279094407858 
50 -0.39736767758942976 
51 -0.39654876128533917 
52 -0.39417711416423856 
53 -0.39564279923538703 
54 -0.39758152630326526 
55 -0.395593190964596 
56 -0.3942229854575592 
57 -0.39657882559008606 
58 -0.3972881974184596 
59 -0.394743068656196 
60 -0.39474306873552995 
61 -0.39728819740659127 
62 -0.39657882550658924 
63 -0.39422298568736924 
64 -0.3955931911801837 
65 -0.3975815260807898 
66 -0.3956427993447014 
67 -0.3941771145084034 
68 -0.396548761410145 
69 -0.397367677376157 
70 -0.39472790963893745 
71 -0.39463763098226695 
72 -0.39735133516335036 
73 -0.396675581409206 
74 -0.3940890785043246 
75 -0.3955134560857414 
76 -0.3977624008912077 
77 -0.39565431497770687 
78 -0.393934097631944 
79 -0.3966012957602121 
80 -0.39761551916799664 
81 -0.39455131695432194 
82 -0.3943751754718838 
83 -0.3976171947648263 
84 -0.39685843035239676 
85 -0.3936722104068307 
86 -0.3953938372769912 
87 -0.3982432171195002 
88 -0.39557887397504715 
89 -0.3933288114903937 
90 -0.3968237448573304 
91 -0.3981809043192194 
92 -0.39401161339592355 
93 -0.3937841811395425 
94 -0.39835098362289767 
95 -0.39720091142083064 
96 -0.3925298066282412 
97 -0.39520513727437667 
98 -0.39952291251241256 
99 -0.3951751284884133 
100 -0.3916332570731738 
101 -0.39763541313473627 
102 -0.3997388261407563 
103 -0.3920669272480247 
104 -0.39196414974544275 
105 -0.40101263008639115 
106 -0.3981669856396325 
107 -0.38777730341178207 
108 -0.39435848301184107 
109 -0.4055162542471471 
110 -0.39322497415778224 
111 -0.38107112074185184 
112 -0.4013086885956778 
113 -0.4103902348530984 
114 -0.3816733453180566 
115 -0.37612573739241273 
116 -0.37675511428641684 
117 -0.4224467288486228 
