2 3 0.5550389999317183 
3 4 0.5701893079840279 
4 5 0.5516795189571571 
5 6 0.5771395257789139 
6 7 0.614188220277506 
7 8 0.6139752083911829 
8 9 0.6068596729272143 
9 10 0.62846438108788 
10 11 0.643316301754561 
11 12 0.6407331192436814 
12 13 0.6408846711721334 
13 14 0.6561638594052671 
14 15 0.6621126911922341 
15 16 0.6587357409370589 
16 17 0.6612700429448566 
17 18 0.6724625938418526 
18 19 0.6733846525600576 
19 20 0.6694301023839179 
20 21 0.6728379178042058 
21 22 0.6809030651298551 
22 23 0.678369830168469 
23 24 0.6738982764737429 
24 25 0.6775156832977405 
25 26 0.6829597459596058 
26 27 0.6776328117375006 
27 28 0.6726179655831328 
28 29 0.6761198744378163 
29 30 0.6791810858143575 
30 31 0.6712539830331885 
31 32 0.6656172805534063 
32 33 0.668826525047084 
33 34 0.669531774613784 
34 35 0.6588702136501418 
35 36 0.6524832286375003 
36 37 0.6552888809510972 
37 38 0.6534333331025061 
38 39 0.6395698325489643 
39 40 0.6322378131553404 
40 41 0.6345452141201119 
41 42 0.6295782106048663 
42 43 0.6115663118311401 
43 44 0.6029919161790376 
44 45 0.6046574988959386 
45 46 0.5953493869159739 
46 47 0.5713531119156746 
47 48 0.5610855217568808 
48 49 0.5617444277297471 
49 50 0.5450977166999023 
50 51 0.5111090156173297 
51 52 0.49896325506587286 
52 53 0.49734953535759796 
53 54 0.4622346906992397 
54 55 0.40930033918178854 
55 56 0.3982676681232836 
56 57 0.3917653340138783 
57 58 0.2745192593750424 
