2 -0.20396424234142874 
3 -0.20423394128337857 
4 -0.2042591273468156 
5 -0.20426183776198267 
6 -0.2042621545632869 
7 -0.20426219362653514 
8 -0.20426219865846418 
9 -0.20426219933346795 
10 -0.20426219942586846 
11 -0.20426219943868246 
12 -0.20426219944047042 
13 -0.2042621994407371 
14 -0.20426219944064464 
15 -0.2042621994376465 
16 -0.20426219944568524 
17 -0.20426219943953733 
18 -0.20426219944038987 
19 -0.2042621994406894 
20 -0.20426219944078894 
21 -0.20426219944076504 
22 -0.20426219944079557 
23 -0.20426219944071897 
24 -0.20426219943966387 
25 -0.20426219944113494 
26 -0.20426219944474525 
27 -0.20426219942989832 
28 -0.2042621994429882 
29 -0.20426219944264123 
30 -0.2042621994412764 
31 -0.2042621994408792 
32 -0.2042621994407122 
33 -0.20426219944073604 
34 -0.20426219944077414 
35 -0.20426219944078106 
36 -0.20426219944079202 
37 -0.20426219944078297 
38 -0.20426219944078589 
39 -0.20426219944076746 
40 -0.20426219944076313 
41 -0.20426219944076762 
42 -0.2042621994407732 
43 -0.20426219944080068 
44 -0.20426219944078178 
45 -0.20426219944079094 
46 -0.20426219944071577 
47 -0.20426219944051943 
48 -0.20426219943748666 
49 -0.20426219942634893 
50 -0.20426219933750767 
51 -0.20426219867056913 
52 -0.20426219365041776 
53 -0.2042621545036499 
54 -0.20426183777203133 
55 -0.20425912735038318 
56 -0.20423394128383388 
57 -0.203964242341217 
