2 3 0.002139272247144626 
3 4 0.0024668841578173797 
4 5 0.0025342381476430864 
5 6 0.0025133896786341046 
6 7 0.0025007142564262065 
7 8 0.002499042246572672 
8 9 0.0024999391182033938 
9 10 0.002500327572291579 
10 11 0.002500313899873059 
11 12 0.002500266024010585 
12 13 0.002500257485275572 
13 14 0.0025002615348287457 
14 15 0.002500263441118199 
15 16 0.0025002633272083086 
16 17 0.002500263053687864 
17 18 0.002500263008839119 
18 19 0.0025002630358741578 
19 20 0.0025002630480002565 
20 21 0.002500263045928063 
21 22 0.0025002630414155576 
22 23 0.002500263036165115 
23 24 0.0025002630363390376 
24 25 0.0025002630535820307 
25 26 0.002500263072792139 
26 27 0.002500263085077626 
27 28 0.002500263180751211 
28 29 0.0025002628540709637 
29 30 0.002500263130011488 
30 31 0.0025002630457436757 
31 32 0.0025002630410597172 
32 33 0.002500263042128008 
33 34 0.0025002630429443945 
34 35 0.002500263046055264 
35 36 0.0025002630519551533 
36 37 0.0025002630595789242 
37 38 0.002500263177800893 
38 39 0.0025002630167324283 
39 40 0.002500263004997271 
40 41 0.002500262828033289 
41 42 0.002500263280604415 
42 43 0.0025002635719150674 
43 44 0.0025002630987566773 
44 45 0.0025002628726838033 
45 46 0.0025002643086988415 
46 47 0.002500262947141499 
47 48 0.0025002631061038813 
48 49 0.002500263293640471 
49 50 0.0025002632251363115 
50 51 0.002500263845127069 
51 52 0.0025002608763061685 
52 53 0.002500259944775637 
53 54 0.0025002622889267957 
54 55 0.0025002629092515695 
55 56 0.002500263016294738 
56 57 0.0025002630557029834 
57 58 0.002500263028866838 
58 59 0.0025002631372289053 
59 60 0.0025002631848736077 
60 61 0.0025002630205868625 
61 62 0.0025002623823639366 
62 63 0.002500261757515144 
63 64 0.002500253724101547 
64 65 0.0025002598630682244 
65 66 0.0025002624168614126 
66 67 0.0025002629636348105 
67 68 0.002500263033595171 
68 69 0.0025002630414373253 
69 70 0.002500263051237762 
70 71 0.002500262951562445 
71 72 0.0025002630050693464 
72 73 0.0025002630082265023 
73 74 0.002500263011647292 
74 75 0.002500263068220745 
75 76 0.0025002632318947057 
76 77 0.0025002630383063828 
77 78 0.0025002629857203986 
78 79 0.0025002630527197513 
79 80 0.002500263235789988 
80 81 0.002500262320100377 
81 82 0.0025002630661006223 
82 83 0.002500262771152709 
83 84 0.0025002631017001895 
84 85 0.002500263058018215 
85 86 0.002500263030741083 
86 87 0.0025002629617697667 
87 88 0.002500262751473974 
88 89 0.0025002631580016295 
89 90 0.0025002633704344426 
90 91 0.0025002631986424263 
91 92 0.0025002661414473782 
92 93 0.00250026338061418 
93 94 0.002500262989273003 
94 95 0.00250026302935305 
95 96 0.0025002630538227136 
96 97 0.0025002630163429925 
97 98 0.002500263070847683 
98 99 0.002500263292428579 
99 100 0.0025002630013173195 
100 101 0.002500263045569649 
101 102 0.0025002630990581132 
102 103 0.0025002631728174296 
103 104 0.002500262958994377 
104 105 0.0025002627872967947 
105 106 0.0025002624778406464 
106 107 0.0025002631688315594 
107 108 0.002500263136698804 
108 109 0.0025002630636657293 
109 110 0.0025002630393081283 
110 111 0.0025002630312902906 
111 112 0.002500263008941873 
112 113 0.0025002630192031087 
113 114 0.0025002631029350146 
114 115 0.0025002632563874503 
115 116 0.002500263163012082 
116 117 0.0025002630995799298 
117 118 0.002500263068503335 
118 119 0.0025002630270434547 
119 120 0.002500262962391196 
120 121 0.0025002609077339967 
121 122 0.002500261984826119 
122 123 0.0025002627353323116 
123 124 0.0025002629800673923 
124 125 0.0025002629018930703 
125 126 0.0025002630423047 
126 127 0.0025002632354654236 
127 128 0.002500263014230679 
128 129 0.0025002630099545506 
129 130 0.0025002628739953002 
130 131 0.0025002629253013777 
131 132 0.002500263016647301 
132 133 0.0025002630514967834 
133 134 0.0025002630349070126 
134 135 0.0025002630386775923 
135 136 0.002500263043156707 
136 137 0.0025002630466887323 
137 138 0.002500263045488115 
138 139 0.002500263041665286 
139 140 0.002500263045738799 
140 141 0.0025002630518846866 
141 142 0.0025002630437518424 
142 143 0.0025002630294444963 
143 144 0.002500263007209145 
144 145 0.0025002627620023987 
145 146 0.002500263008975108 
146 147 0.002500262944374301 
147 148 0.0025002628425583946 
148 149 0.002500262950067076 
149 150 0.002500262675363899 
150 151 0.002500266961346729 
151 152 0.002500265997306367 
152 153 0.0025002650035227825 
153 154 0.0025002667055715033 
154 155 0.0025002632959163656 
155 156 0.002500262907288697 
156 157 0.0025002630027667404 
157 158 0.0025002630144195966 
158 159 0.0025002630042319372 
159 160 0.002500262970274369 
160 161 0.002500263075993064 
161 162 0.0025002631364037494 
162 163 0.0025002630762695666 
163 164 0.0025002630816821324 
164 165 0.002500263682468968 
165 166 0.0025002647851282583 
166 167 0.0025002635672593267 
167 168 0.0025002631119970028 
168 169 0.0025002630418924695 
169 170 0.002500263042100344 
170 171 0.0025002630216503425 
171 172 0.002500263032446171 
172 173 0.0025002630724681916 
173 174 0.002500263039798983 
174 175 0.0025002633236421794 
175 176 0.0025002631774844516 
176 177 0.0025002620023090593 
177 178 0.0025002627897401423 
178 179 0.0025002630116118334 
179 180 0.002500262890623456 
180 181 0.0025002630905074843 
181 182 0.002500262998846835 
182 183 0.0025002630428266285 
183 184 0.0025002636573598167 
184 185 0.0025002634062900454 
185 186 0.002500261471256388 
186 187 0.0025002574729290914 
187 188 0.0025002661554178927 
188 189 0.002500314451639788 
189 190 0.002500328269210781 
190 191 0.002499940748247505 
191 192 0.0024990421679496394 
192 193 0.0025007100991392595 
193 194 0.0025133834196382357 
194 195 0.002534238136863835 
195 196 0.0024668844444836616 
196 197 0.002139272399788954 
197 198 0.0019359005522632884 
