2 -0.15777764700880248 
3 -0.3014966190846063 
4 -0.3123399656397066 
5 -0.22183287830090115 
6 -0.17159584733784333 
7 -0.2020348392870201 
8 -0.25937040252306964 
9 -0.2781743742599657 
10 -0.2441553499556034 
11 -0.2023825025579249 
12 -0.20252476752157417 
13 -0.2398017171828667 
14 -0.266103734263778 
15 -0.25206471337720726 
16 -0.21846601068728816 
17 -0.2062971872931389 
18 -0.2281157147550213 
19 -0.255662490882686 
20 -0.25565159847226004 
21 -0.22999683944056187 
22 -0.21118708209384368 
23 -0.22118976748704577 
24 -0.2462602853641794 
25 -0.25561545230867666 
26 -0.2388343759424724 
27 -0.21736357563506492 
28 -0.2173685536250814 
29 -0.23786814781981158 
30 -0.2531688906553964 
31 -0.24503887666196633 
32 -0.22425338788947558 
33 -0.21641327015708686 
34 -0.23059617440676175 
35 -0.24888075004481036 
36 -0.2488889065322209 
37 -0.23117221208037764 
38 -0.21782105886374536 
39 -0.22494995691894873 
40 -0.24335338713016835 
41 -0.25034157501386256 
42 -0.237625960107749 
43 -0.22114952693822804 
44 -0.22114489539417742 
45 -0.23730528931932485 
46 -0.24956649487645005 
47 -0.24299069115470556 
48 -0.22591278815251675 
49 -0.219404256290491 
50 -0.23132964368247877 
51 -0.24684755335858988 
52 -0.24685119055880841 
53 -0.23147908905695347 
54 -0.21975993278307313 
55 -0.22608099238092255 
56 -0.2425624081790594 
57 -0.24886419273005933 
58 -0.2372487093420494 
59 -0.2220768620958441 
60 -0.22207686345017616 
61 -0.2372487116683446 
62 -0.24886419317722325 
63 -0.242562406276192 
64 -0.22608099054154684 
65 -0.21975993340871308 
66 -0.23147909148940132 
67 -0.24685119186382232 
68 -0.24684755205853598 
69 -0.23132964156534902 
70 -0.21940425598984087 
71 -0.22591279018757326 
72 -0.24299069308030494 
73 -0.2495664941535392 
74 -0.23730528673235807 
75 -0.22114489407186583 
76 -0.22114952811240784 
77 -0.23762596181297907 
78 -0.25034157463808693 
79 -0.2433533842406356 
80 -0.22494995405265186 
81 -0.2178210583386737 
82 -0.2311722126895841 
83 -0.24888890553180654 
84 -0.24888074669109625 
85 -0.23059617026483145 
86 -0.2164132671340635 
87 -0.22425338602176312 
88 -0.2450388742371724 
89 -0.2531688871717739 
90 -0.23786814426789096 
91 -0.2173685506046037 
92 -0.2173635747727758 
93 -0.23883437779925842 
94 -0.25561545467781466 
95 -0.24626028770073474 
96 -0.22118976785249905 
97 -0.2111870806022996 
98 -0.2299968382870165 
99 -0.25565159786078073 
100 -0.25566248937529207 
101 -0.22811571321315594 
102 -0.2062971872986252 
103 -0.2184660107991629 
104 -0.25206471205778325 
105 -0.2661037317214249 
106 -0.23980171546567886 
107 -0.2025247689355455 
108 -0.20238250600902455 
109 -0.24415534700628264 
110 -0.2781743638090759 
111 -0.259370394404176 
112 -0.20203484728755228 
113 -0.17159584572028808 
114 -0.22183287694003972 
115 -0.3123399648406683 
116 -0.30149661832311025 
117 -0.15777764602975783 
