2 3 0.0002966299979761824 
3 4 0.0003006949319701537 
4 5 0.0003010806196916793 
5 6 0.00030109178333377563 
6 7 0.00030109134043181595 
7 8 0.00030109123377816227 
8 9 0.0003010912285415548 
9 10 0.0003010912428271511 
10 11 0.00030109122671902183 
11 12 0.00030109122471224964 
12 13 0.0003010911982753433 
13 14 0.00030109125523257094 
14 15 0.00030109154010147973 
15 16 0.00030109126845777844 
16 17 0.00030109122839424137 
17 18 0.0003010912312184977 
18 19 0.00030109126422069266 
19 20 0.0003010912298529613 
20 21 0.00030109122513337973 
21 22 0.00030109121988069316 
22 23 0.0003010912246636839 
23 24 0.0003010912098844479 
24 25 0.0003010912116763652 
25 26 0.0003010912141627031 
26 27 0.0003010912237546783 
27 28 0.00030109122260202505 
28 29 0.0003010912251160266 
29 30 0.00030109122467724883 
30 31 0.0003010912179665351 
31 32 0.00030109122457129474 
32 33 0.00030109122850928617 
33 34 0.00030109122343064114 
34 35 0.0003010912278237913 
35 36 0.0003010912387145057 
36 37 0.00030109117647132965 
37 38 0.0003010912694287294 
38 39 0.0003010912407083554 
39 40 0.00030109122797970165 
40 41 0.0003010912191448447 
41 42 0.0003010912266585734 
42 43 0.0003010912246113261 
43 44 0.0003010912224477848 
44 45 0.00030109122132833594 
45 46 0.00030109123541649773 
46 47 0.0003010911915372882 
47 48 0.0003010911796288496 
48 49 0.00030109122682180317 
49 50 0.0003010911503813355 
50 51 0.0003010912162934132 
51 52 0.0003010912260936577 
52 53 0.0003010912272435075 
53 54 0.000301091220490475 
54 55 0.000301091223865118 
55 56 0.0003010912247577392 
56 57 0.00030109122589327497 
57 58 0.0003010912260857808 
58 59 0.0003010912726015541 
59 60 0.00030109126040235893 
60 61 0.0003010912249907405 
61 62 0.00030109121853561107 
62 63 0.0003010912252292204 
63 64 0.0003010912258581195 
64 65 0.0003010912246314609 
65 66 0.00030109122586229634 
66 67 0.00030109122080070614 
67 68 0.00030109122749787885 
68 69 0.0003010912276483068 
69 70 0.0003010912253970423 
70 71 0.0003010912233403795 
71 72 0.00030109122336331327 
72 73 0.00030109122264919744 
73 74 0.0003010912231641185 
74 75 0.00030109122051061706 
75 76 0.0003010912230342331 
76 77 0.0003010912524017747 
77 78 0.0003010912285792689 
78 79 0.00030109121099617915 
79 80 0.00030109122221905145 
80 81 0.0003010912271841104 
81 82 0.0003010912245963924 
82 83 0.000301091222348748 
83 84 0.00030109123996554317 
84 85 0.0003010911680452087 
85 86 0.0003010912502098023 
86 87 0.00030109119945908165 
87 88 0.00030109121708107563 
88 89 0.00030109122489613597 
89 90 0.00030109122173233835 
90 91 0.0003010912239284666 
91 92 0.0003010912237383436 
92 93 0.00030109122437358484 
93 94 0.0003010912263272165 
94 95 0.00030109122170070355 
95 96 0.00030109117710544676 
96 97 0.0003010912158817609 
97 98 0.0003010912253987499 
98 99 0.0003010912048062953 
99 100 0.0003010912244259283 
100 101 0.00030109122497838024 
101 102 0.00030109124037194204 
102 103 0.00030109122574280213 
103 104 0.00030109121554734144 
104 105 0.00030109121992227654 
105 106 0.0003010912252559632 
106 107 0.00030109122764110114 
107 108 0.00030109123684396417 
108 109 0.000301091223808534 
109 110 0.0003010912272399881 
110 111 0.0003010910443691702 
111 112 0.0003010899230947085 
112 113 0.0003010894861884369 
113 114 0.0003011017592265122 
114 115 0.0003010907223634438 
115 116 0.0003010910443206246 
116 117 0.00030109121220731137 
117 118 0.00030109122308338344 
118 119 0.0003010912251191998 
119 120 0.000301091223320694 
120 121 0.00030109122174290303 
121 122 0.00030109124732858537 
122 123 0.00030109122676092473 
123 124 0.0003010912219718979 
124 125 0.00030109121943573973 
125 126 0.0003010912495079773 
126 127 0.0003010912181383998 
127 128 0.000301091204936069 
128 129 0.00030109122633018915 
129 130 0.0003010912229020518 
130 131 0.0003010912244717422 
131 132 0.0003010911980114259 
132 133 0.0003010912230092616 
133 134 0.00030109122498253024 
134 135 0.000301091227064831 
135 136 0.0003010912253116663 
136 137 0.00030109122855691864 
137 138 0.00030109122973775055 
138 139 0.0003010912234103363 
139 140 0.0003010912250571571 
140 141 0.0003010912336212612 
141 142 0.0003010912267445544 
142 143 0.00030109118459367934 
143 144 0.00030109121975976417 
144 145 0.00030109122492146223 
145 146 0.0003010912251220864 
146 147 0.0003010912251236885 
147 148 0.0003010912246661329 
148 149 0.00030109122883728795 
149 150 0.0003010912255673317 
150 151 0.00030109122835044876 
151 152 0.0003010912286274499 
152 153 0.0003010912084254415 
153 154 0.00030109127585448164 
154 155 0.00030109122574528013 
155 156 0.0003010912250162398 
156 157 0.00030109122544426197 
157 158 0.00030109122597230334 
158 159 0.0003010912246394103 
159 160 0.00030109122717670065 
160 161 0.00030109122643664685 
161 162 0.00030109122834853856 
162 163 0.000301091224190456 
163 164 0.00030109122442180023 
164 165 0.00030109122590995266 
165 166 0.0003010912227323601 
166 167 0.0003010912245497286 
167 168 0.00030109122743220775 
168 169 0.00030109122754727456 
169 170 0.00030109122444951683 
170 171 0.00030109122608262736 
171 172 0.00030109124168300046 
172 173 0.0003010912267814099 
173 174 0.000301091227530419 
174 175 0.0003010912258963745 
175 176 0.0003010912436471653 
176 177 0.00030109122918399776 
177 178 0.00030109122626170135 
178 179 0.0003010912233245264 
179 180 0.0003010912101183446 
180 181 0.0003010912042896928 
181 182 0.0003010912448542263 
182 183 0.0003010912369761834 
183 184 0.0003010912240383155 
184 185 0.00030109122044965676 
185 186 0.00030109122618313653 
186 187 0.00030109122344266316 
187 188 0.00030109121456676265 
188 189 0.00030109122454943614 
189 190 0.0003010912268917603 
190 191 0.00030109122604651546 
191 192 0.0003010912382886326 
192 193 0.00030109140430050027 
193 194 0.0003010917893085386 
194 195 0.0003010806465932089 
195 196 0.0003006949417587161 
196 197 0.00029663004198435104 
197 198 0.0002818713620465836 
