2 3 0.3925664350799113 
3 4 0.39940418155265545 
4 5 0.411580610146118 
5 6 0.4649709103017945 
6 7 0.4997073144480365 
7 8 0.5022244382655107 
8 9 0.5159597322239237 
9 10 0.5503729986061349 
10 11 0.5668223695255269 
11 12 0.5677803954149317 
12 13 0.5799478550881065 
13 14 0.6043161270284892 
14 15 0.6137601026613712 
15 16 0.6145083511238049 
16 17 0.6251507425877321 
17 18 0.6434812315096867 
18 19 0.6491145788597618 
19 20 0.6500342201207364 
20 21 0.6594665625763507 
21 22 0.6736302021309591 
22 23 0.6769311035585229 
23 24 0.6781178446499592 
24 25 0.686516288979467 
25 26 0.6975487741610705 
26 27 0.6993705977689878 
27 28 0.7008012769640006 
28 29 0.708259685423576 
29 30 0.7168007197520656 
30 31 0.71770750394649 
31 32 0.7192954015309445 
32 33 0.7258652731077748 
33 34 0.7323537907848691 
34 35 0.732743827075446 
35 36 0.7343649989274442 
36 37 0.7400769324482629 
37 38 0.7448482781812079 
38 39 0.7450038243108141 
39 40 0.7465155981388358 
40 41 0.7513898143157194 
41 42 0.7547277116353572 
42 43 0.7548354927536972 
43 44 0.7560916592391325 
44 45 0.7601433431918404 
45 46 0.7623076271975457 
46 47 0.7624681428770245 
47 48 0.7633312436272494 
48 49 0.7665741077257341 
49 50 0.7678134334869497 
50 51 0.7680473485823404 
51 52 0.7683975181622422 
52 53 0.770847457531506 
53 54 0.7714016250751927 
54 55 0.7716571502482192 
55 56 0.7713970889533109 
56 57 0.7730766994401304 
57 58 0.7731715434134688 
58 59 0.7733342798351401 
59 60 0.7723904098918352 
60 61 0.773334280910582 
61 62 0.7731715440932726 
62 63 0.7730767000186766 
63 64 0.7713970906566616 
64 65 0.7716571529054612 
65 66 0.7714016270164772 
66 67 0.7708474596484937 
67 68 0.7683975213646822 
68 69 0.7680473524759276 
69 70 0.7678134363040499 
70 71 0.7665741108161571 
71 72 0.763331247627779 
72 73 0.7624681470928831 
73 74 0.7623076299395218 
74 75 0.7601433460516779 
75 76 0.7560916626533444 
76 77 0.754835495686396 
77 78 0.754727712652765 
78 79 0.7513898150441115 
79 80 0.7465155989678667 
80 81 0.7450038239048947 
81 82 0.7448482755264071 
82 83 0.7400769291266431 
83 84 0.7343649955409643 
84 85 0.732743822385243 
85 86 0.7323537844955077 
86 87 0.725865266476539 
87 88 0.7192953961864416 
88 89 0.7177074991468159 
89 90 0.7168007161286342 
90 91 0.7082596819138244 
91 92 0.7008012771124106 
92 93 0.6993705995953078 
93 94 0.6975487757710154 
94 95 0.6865162905538889 
95 96 0.678117844539984 
96 97 0.6769311033189706 
97 98 0.6736302031258775 
98 99 0.659466561832392 
99 100 0.6500342205030489 
100 101 0.6491145789572123 
101 102 0.6434812312593217 
102 103 0.6251507422950043 
103 104 0.6145083515023314 
104 105 0.6137601028830231 
105 106 0.6043161265720813 
106 107 0.579947854394191 
107 108 0.5677803961974811 
108 109 0.5668223703124186 
109 110 0.5503729983952924 
110 111 0.515959730903601 
111 112 0.5022244399116197 
112 113 0.499707315805852 
113 114 0.4649709087338516 
114 115 0.41158060940634966 
115 116 0.399404184243509 
116 117 0.39256643606570574 
117 118 0.2756944088949593 
