-176.5138418846975 
-176.51384188469825 
-176.51384188470377 
-176.51384188470982 
-176.51384188471556 
-176.51384188472213 
-176.51384188472738 
-176.5138418847333 
-176.5138418847393 
-176.51384188474526 
-176.51384188475114 
-176.51384188475666 
-176.51384188476254 
-176.5138418847683 
-176.51384188477442 
-176.51384188478025 
-176.51384188478647 
-176.5138418847919 
-176.51384188479764 
-176.51384188480344 
-176.51384188480935 
-176.51384188481566 
-176.5138418848211 
-176.51384188482731 
-176.51384188483271 
-176.5138418848388 
-176.51384188484434 
-176.51384188485054 
-176.51384188485636 
-176.51384188486256 
-176.51384188486807 
-176.51384188487438 
-176.5138418848801 
-176.51384188488657 
-176.5138418848925 
-176.51384188489826 
-176.51384188490414 
-176.51384188491036 
-176.51384188491582 
-176.51384188492182 
-176.51384188492733 
-176.51384188493347 
-176.51384188493887 
-176.51384188494472 
-176.5138418849509 
-176.51384188495672 
-176.51384188496246 
-176.51384188496831 
-176.51384188497417 
-176.51384188498025 
-176.51384188498596 
-176.5138418849938 
-176.5138418850043 
-176.5138418850233 
-176.51384188508692 
-176.5138418851048 
-176.51384188510664 
-176.5138418851066 
-176.51384188510661 
-176.5138418851068 
-176.5138418851071 
-176.51384188510903 
-176.51384188510852 
-176.51384188510724 
-176.513841885107 
-176.51384188510704 
-176.5138418851072 
-176.5138418851074 
-176.51384188510738 
-176.5138418851077 
-176.5138418851077 
-176.51384188510758 
-176.5138418851078 
-176.5138418851074 
-176.51384188510755 
-176.51384188510767 
-176.51384188510755 
-176.51384188510787 
-176.5138418851078 
-176.51384188510818 
-176.51384188510852 
-176.51384188510872 
-176.5138418851086 
-176.5138418851084 
-176.51384188510866 
-176.51384188510832 
-176.5138418851082 
-176.5138418851085 
-176.51384188510855 
-176.5138418851086 
-176.51384188510838 
-176.51384188510838 
-176.51384188510852 
-176.51384188510875 
-176.51384188510895 
-176.51384188510906 
-176.513841885109 
-176.51384188510895 
-176.51384188510923 
-176.51384188510895 
-176.51384188510906 
-176.51384188510903 
-176.5138418851088 
-176.51384188510895 
-176.513841885109 
-176.51384188510903 
-176.51384188510906 
-176.51384188510934 
-176.51384188510974 
-176.51384188510949 
-176.51384188510926 
-176.51384188510917 
-176.5138418851094 
-176.51384188510931 
-176.5138418851094 
-176.51384188510934 
-176.51384188511508 
-176.51384188512083 
-176.51384188512696 
-176.51384188513296 
-176.51384188513902 
-176.51384188514473 
-176.5138418851503 
-176.51384188515598 
-176.51384188516172 
-176.51384188516747 
-176.513841885174 
-176.51384188517918 
-176.51384188518526 
-176.51384188519097 
-176.513841885197 
-176.51384188520282 
-176.51384188520854 
-176.51384188521467 
-176.5138418852205 
-176.5138418852262 
-176.51384188523275 
-176.5138418852384 
-176.51384188524455 
-176.51384188525043 
-176.5138418852564 
-176.5138418852618 
-176.51384188526768 
-176.5138418852739 
-176.51384188528004 
-176.51384188528579 
-176.51384188529158 
-176.51384188529784 
-176.51384188530358 
-176.51384188530935 
-176.51384188531617 
-176.5138418853222 
-176.51384188532722 
-176.5138418853333 
-176.51384188533905 
-176.51384188534485 
-176.51384188535079 
-176.51384188535656 
-176.51384188536247 
-176.51384188536815 
-176.5138418853745 
-176.51384188538037 
-176.51384188538592 
-176.51384188539166 
-176.5138418853974 
-176.51384188540356 
-176.51384188540848 
-176.51384188541675 
-176.5138418854277 
-176.51384188544654 
-176.51384188550998 
-176.51384188552808 
-176.51384188552964 
-176.51384188552933 
-176.5138418855293 
-176.51384188552979 
-176.5138418855292 
-176.51384188553237 
-176.5138418855291 
-176.51384188552936 
-176.5138418855295 
-176.51384188552936 
-176.51384188552905 
-176.5138418855292 
-176.513841885529 
-176.51384188552916 
-176.51384188552893 
-176.51384188552922 
-176.51384188552908 
-176.51384188552908 
-176.51384188552893 
-176.51384188552888 
-176.5138418855291 
-176.5138418855289 
-176.51384188552925 
-176.5138418855293 
-176.51384188552942 
-176.5138418855295 
-176.51384188552962 
-176.51384188552925 
-176.51384188552896 
-176.51384188552888 
-176.51384188552862 
-176.51384188552882 
-176.5138418855285 
-176.51384188552862 
-176.5138418855286 
-176.51384188552893 
-176.51384188552888 
-176.51384188552885 
-176.5138418855287 
-176.51384188552856 
-176.51384188552893 
-176.51384188552908 
-176.51384188552888 
-176.51384188552865 
-176.51384188552882 
-176.51384188552845 
-176.51384188552856 
-176.5138418855285 
-176.51384188552834 
-176.51384188552842 
-176.51384188552842 
-176.5138418855283 
-176.5138418855285 
-176.51384188552856 
-176.51384188552868 
-176.51384188552856 
-176.51384188552854 
-176.51384188552876 
-176.51384188552902 
-176.5138418855291 
-176.51384188552916 
-176.51384188552933 
-176.51384188552942 
-176.51384188552925 
-176.51384188552936 
-176.5138418855295 
-176.51384188552944 
-176.51384188552927 
-176.51384188552927 
-176.5138418855291 
-176.5138418855289 
-176.51384188552885 
-176.51384188552876 
-176.51384188552848 
-176.5138418855286 
-176.51384188552873 
-176.51384188552873 
-176.51384188552868 
-176.5138418855287 
-176.51384188552865 
-176.5138418855287 
-176.51384188552862 
-176.51384188552854 
-176.51384188552845 
-176.51384188552868 
-176.5138418855285 
-176.51384188552834 
-176.5138418855285 
-176.5138418855285 
-176.51384188552834 
-176.51384188552814 
-176.51384188552842 
-176.513841885528 
-176.51384188552808 
-176.51384188552777 
-176.5138418855282 
-176.513841885528 
-176.51384188552808 
-176.51384188552788 
-176.51384188552785 
-176.51384188552854 
-176.5138418855278 
-176.51384188552825 
-176.5138418855278 
-176.51384188552788 
-176.513841885528 
-176.51384188552808 
-176.51384188552825 
-176.51384188552797 
-176.51384188552774 
-176.5138418855275 
-176.5138418855275 
-176.5138418855276 
-176.5138418855278 
-176.51384188552765 
-176.51384188552777 
-176.51384188552808 
-176.51384188552726 
-176.51384188552706 
-176.51384188552836 
-176.5138418855276 
-176.51384188552723 
-176.5138418855279 
-176.51384188552714 
-176.51384188552743 
-176.51384188552706 
-176.51384188552677 
-176.513841885527 
-176.51384188552723 
-176.5138418855276 
-176.5138418855276 
-176.51384188552748 
-176.51384188552754 
-176.51384188552743 
-176.51384188552763 
-176.51384188552728 
-176.5138418855273 
-176.5138418855273 
-176.51384188552734 
-176.51384188552714 
-176.51384188552728 
-176.5138418855272 
-176.51384188552728 
-176.5138418855271 
-176.51384188552748 
-176.5138418855273 
-176.51384188552734 
-176.51384188552743 
-176.51384188552746 
-176.5138418855275 
-176.51384188552774 
-176.5138418855275 
-176.51384188552785 
-176.51384188552765 
-176.51384188552785 
-176.51384188552777 
-176.5138418855278 
-176.51384188552777 
-176.51384188552817 
-176.51384188552817 
-176.51384188552842 
-176.51384188552865 
-176.5138418855284 
-176.51384188552848 
-176.5138418855286 
-176.5138418855286 
-176.5138418855288 
-176.51384188552876 
-176.51384188552902 
-176.51384188552956 
-176.5138418855294 
-176.51384188552942 
-176.5138418855295 
-176.51384188552953 
-176.51384188552944 
-176.5138418855297 
-176.51384188552996 
-176.5138418855299 
-176.51384188552973 
-176.51384188552964 
-176.5138418855296 
-176.51384188552967 
-176.5138418855294 
-176.51384188552953 
-176.51384188552933 
-176.51384188552927 
-176.51384188552908 
-176.51384188552964 
-176.51384188552979 
-176.51384188552947 
-176.51384188552953 
-176.5138418855296 
-176.51384188553004 
-176.5138418855298 
-176.51384188553033 
-176.51384188553058 
-176.5138418855307 
-176.51384188553024 
-176.51384188553018 
-176.51384188553024 
-176.51384188553035 
-176.51384188553035 
-176.51384188553052 
-176.51384188553038 
-176.51384188553033 
-176.51384188553007 
-176.51384188552944 
-176.51384188552964 
-176.5138418855298 
-176.51384188552998 
-176.5138418855303 
-176.51384188553035 
-176.51384188552998 
-176.51384188553018 
-176.51384188552996 
-176.51384188552996 
-176.51384188552973 
-176.51384188552996 
-176.5138418855301 
-176.51384188553004 
-176.51384188553 
-176.5138418855301 
-176.51384188553024 
-176.51384188553035 
-176.51384188553018 
-176.51384188553038 
-176.5138418855305 
-176.51384188553058 
-176.51384188553067 
-176.5138418855315 
-176.5138418855306 
-176.5138418855319 
-176.51384188553135 
-176.51384188553115 
-176.5138418855309 
