-257.6626518646737 
-257.6628416619359 
-257.6647494447993 
-257.68627963971966 
-257.6947993631401 
-257.69487977029775 
-257.6955188503629 
-257.70399650014093 
-257.7260038005882 
-257.7262475515844 
-257.72644270417595 
-257.7289676391482 
-257.75495710562257 
-257.75575576698014 
-257.75590450021224 
-257.7565802334242 
-257.7654965278372 
-257.7758579000606 
-257.77626279642305 
-257.77647373066026 
-257.7793719436538 
-257.7992191742173 
-257.80014811879846 
-257.8003223262112 
-257.8009126727003 
-257.8092314197012 
-257.8134264530884 
-257.81382187872435 
-257.81396724875174 
-257.816364270245 
-257.8462573350361 
-257.8476585613735 
-257.8477767689587 
-257.8482944996553 
-257.86579166870587 
-257.8689079047034 
-257.8693349512093 
-257.8695505415309 
-257.8737083975926 
-257.8878227418582 
-257.88906904087537 
-257.8892550024725 
-257.89070570337066 
-257.89937657136016 
-257.9025544508578 
-257.9029937366843 
-257.9034083766413 
-257.9088380023712 
-257.90992351406607 
-257.91079808041343 
-257.9109343366587 
-257.9120869240999 
-257.91404751618944 
-257.9143149621452 
-257.91437483662236 
-257.9144018120351 
-257.91440235553347 
-257.9144023555318 
-257.91440235553125 
-257.91440235553256 
-257.91440235553307 
-257.91440235553677 
-257.91440239108044 
-257.9144025081638 
-257.91440299581086 
-257.91440429435494 
-257.9144082371015 
-257.91441492279563 
-257.9144197156465 
-257.91442864330077 
-257.91444436108 
-257.9144635769656 
-257.91448134924195 
-257.91450150040697 
-257.9145420524337 
-257.91457891502546 
-257.9146147000105 
-257.91464613732916 
-257.9147420698644 
-257.9148426282145 
-257.91491689249983 
-257.91496972470384 
-257.91503550496657 
-257.915341461439 
-257.9155564135016 
-257.9156830263012 
-257.9157843963816 
-257.91611942522354 
-257.9164925678987 
-257.91671235044265 
-257.916878014752 
-257.917171567471 
-257.91769493590147 
-257.9180205060637 
-257.91822411992564 
-257.91836028665733 
-257.9188166529842 
-257.9193483965202 
-257.9196354824944 
-257.9198354902321 
-257.92033454328856 
-257.921078158556 
-257.9215265881299 
-257.9217867434804 
-257.92209822312134 
-257.9229458615406 
-257.92374914294754 
-257.92414318816657 
-257.9244014760142 
-257.9250771508498 
-257.9263291359289 
-257.9269509906675 
-257.92730559140307 
-257.9277541846822 
-257.928660389421 
-257.9286603894206 
-257.930839023711 
-257.93120564043693 
-257.9317399416409 
-257.9399698997498 
-257.94387468703025 
-257.94473642365085 
-257.9449535045021 
-257.94811804158417 
-257.9594026441078 
-257.96127851323473 
-257.96153981987356 
-257.96246375233807 
-257.97521488532453 
-257.977957849358 
-257.9787234985028 
-257.9789816996683 
-257.98312857024064 
-257.98927159133086 
-257.9908590357653 
-257.99108495543624 
-257.99237721665946 
-258.00387754317944 
-258.00648314185634 
-258.0070695950494 
-258.0073444192695 
-258.0119715899769 
-258.01473622011105 
-258.0158046652038 
-258.0159539945271 
-258.01728130160194 
-258.0377349301264 
-258.04081082777265 
-258.0410931049634 
-258.0413882902457 
-258.0527169468179 
-258.0582642976866 
-258.05923537396717 
-258.05938340204165 
-258.0619720808477 
-258.0723787470224 
-258.0746879292059 
-258.07492162374854 
-258.0758234270212 
-258.0820849700946 
-258.0871226692537 
-258.0879270726249 
-258.0881998621694 
-258.092017419384 
-258.0928930261779 
-258.0942529412767 
-258.0944270507457 
-258.0952532497797 
-258.09682752966245 
-258.09717391250314 
-258.09725565121147 
-258.0972791310136 
-258.0972796299089 
-258.0972796299075 
-258.0972796299068 
-258.09727962990775 
-258.09727962990775 
-258.0972796299122 
-258.09727966707146 
-258.0972797993142 
-258.09728036733355 
-258.09728166835635 
-258.0972852184887 
-258.0972914390762 
-258.097296876596 
-258.0973058270391 
-258.09731891284355 
-258.09733587917503 
-258.0973520435823 
-258.0973817476859 
-258.0974177171876 
-258.0974485892583 
-258.0974844468855 
-258.09752379283253 
-258.0975931512929 
-258.0976614353048 
-258.09771571605677 
-258.0977602218726 
-258.0978431417636 
-258.098015842023 
-258.09814393357897 
-258.09822724289614 
-258.0983245626808 
-258.0985198153551 
-258.0987395277675 
-258.09887848968765 
-258.09898913595373 
-258.0991637028007 
-258.09944184412024 
-258.09962639374623 
-258.09975313154916 
-258.09983963620476 
-258.1000991315783 
-258.1004063117254 
-258.10059130846656 
-258.1007344236967 
-258.1009870027479 
-258.1013714734298 
-258.101637763309 
-258.101818124099 
-258.10197475200545 
-258.10240515651594 
-258.1028820570358 
-258.1031606450764 
-258.10338716355596 
-258.10379927186386 
-258.1044549304806 
-258.10488839071064 
-258.1052024949101 
-258.1058915392778 
-258.1071646862224 
-258.10838636604217 
-258.10929760310256 
-258.1108895467792 
-258.1111059478779 
-258.1113495618252 
-258.1115795677223 
-258.1117229440088 
-258.1118222009697 
-258.1119148305048 
-258.1119987850858 
-258.1120572905736 
-258.1121183860416 
-258.1121757718234 
-258.1122283256405 
-258.11226869064814 
-258.112303544136 
-258.11234077566377 
-258.1123783046244 
-258.11240833940633 
-258.11243139430036 
-258.1124535442489 
-258.11248069200815 
-258.1125047571761 
-258.1125231884058 
-258.11253718971807 
-258.1125511911793 
-258.11257140707534 
-258.112587494887 
-258.1126002149106 
-258.11260915536275 
-258.1126194350175 
-258.11263400712113 
-258.1126430957755 
-258.1126508457651 
-258.11265626090375 
-258.1126619853455 
-258.1126669487915 
-258.112671148113 
-258.1126743256335 
-258.1126765270415 
-258.11267988222806 
-258.11268166641935 
-258.112683729879 
-258.11268492470055 
-258.11268582747715 
-258.1126864331423 
-258.1126868748541 
-258.112687316764 
-258.1126875609363 
-258.11268768102 
-258.1126877267546 
-258.11268774639973 
-258.1126877587049 
-258.1126877615615 
-258.1126877621988 
-258.1126877621988 
-258.1126877621993 
-258.11268776219936 
-258.1126877622006 
-258.11268776219873 
-258.1126877622 
-258.1126877622005 
-258.11268776219885 
-258.1126877621985 
-258.1126877621983 
-258.1126877621997 
-258.11268776220277 
-258.11268776221317 
-258.1126877622444 
-258.11268776233436 
-258.11268776253064 
-258.1126877629038 
-258.11268776364597 
-258.1126877648275 
-258.1126877666787 
-258.1126877700816 
-258.1126877734985 
-258.1126877783036 
-258.11268778507605 
-258.11268779672514 
-258.1126878097769 
-258.1126878251267 
-258.1126878418447 
-258.1126878685422 
-258.11268790562247 
-258.11268794741454 
-258.11268799622485 
-258.11268805651616 
-258.1126881996583 
-258.1126883767338 
-258.1126885463177 
-258.11268870837335 
-258.11268898465215 
-258.11268954782946 
-258.1126901655687 
-258.1126906824776 
-258.1126911840196 
-258.1126921607875 
-258.11269361067815 
-258.1126950445957 
-258.112696203443 
-258.11269769154546 
-258.11270069059736 
-258.1127038600661 
-258.1127069320325 
-258.11270958783984 
-258.1127137615456 
-258.1127202140046 
-258.11272531052754 
-258.1127295220295 
-258.1127347757693 
-258.1127423791125 
-258.1127483479969 
-258.11275202557914 
-258.1127549340757 
-258.1127577647516 
-258.1127577647518 
-258.11277972164334 
-258.1128129030112 
-258.1128562441561 
-258.1128951668952 
-258.112964831873 
-258.11302179481436 
-258.11310224581564 
-258.1131802553373 
-258.1132378015613 
-258.1132868802761 
-258.1133447359038 
-258.11344171918665 
-258.1135290070031 
-258.1135869475671 
-258.11363368500105 
-258.1137124025338 
-258.11384090481357 
-258.11392266775493 
-258.1139837716181 
-258.1140398556475 
-258.1141251592786 
-258.1142415046967 
-258.11432231234386 
-258.11439832888556 
-258.1144491624418 
-258.11452819147667 
-258.11461964715045 
-258.1146877268121 
-258.11474530037276 
-258.11477783943303 
-258.11483606430784 
-258.114881853972 
-258.114933074826 
-258.11496570869673 
-258.1149868960984 
-258.1150086959775 
-258.1150246081658 
-258.1150432586103 
-258.1150529170488 
-258.1150627411963 
-258.11506846795817 
-258.1150746467219 
-258.1150801010314 
-258.11508298862105 
-258.1150846449688 
-258.11508554236207 
-258.11508666458354 
-258.1150873230575 
-258.11508756521664 
-258.1150876652654 
-258.1150877063858 
-258.11508773837863 
-258.11508774600884 
-258.11508774720284 
-258.1150877472034 
-258.1150877472035 
-258.11508774720454 
-258.11508774720534 
-258.1150877472021 
-258.1150877472051 
-258.115087747204 
-258.1150877472031 
-258.1150877472028 
-258.11508774720244 
-258.1150877472035 
-258.1150877472091 
-258.11508774722495 
-258.1150877472767 
-258.1150877474147 
-258.11508774770215 
-258.11508774836534 
-258.11508774965847 
-258.1150877514917 
-258.1150877543303 
-258.11508775895555 
-258.1150877672848 
-258.1150877785188 
-258.1150877938329 
-258.115087815269 
-258.115087843813 
-258.1150878878106 
-258.1150879444059 
-258.11508803001635 
-258.1150881461099 
-258.1150883079588 
-258.1150885654648 
-258.1150889337525 
-258.1150897326919 
-258.1150906180004 
-258.1150915045063 
-258.11509271934295 
-258.1150947776236 
-258.1150988366346 
-258.11510332712527 
-258.1151073732158 
-258.1151127401596 
-258.1151230274716 
-258.11514419982416 
-258.11516113297296 
-258.1151781413543 
-258.11520134062147 
-258.11525759902446 
-258.1153354112907 
-258.11539818463893 
-258.1154651539597 
-258.1155875950215 
-258.11586216341306 
-258.1161178799247 
-258.1163526473328 
-258.1167239650075 
-258.1173808444984 
-258.1181302049697 
-258.1188601313332 
-258.1197847295433 
-258.1213446403211 
-258.12311324500934 
-258.1248317612309 
-258.12774587015093 
-258.12832166969946 
-258.12857722055924 
-258.12883401569735 
-258.1290502283141 
-258.12933244229237 
-258.1295542165635 
-258.12965350265824 
-258.12974635624215 
-258.1298369422083 
-258.1299729329798 
-258.1300669544157 
-258.1301130550792 
-258.13015706539693 
-258.13020106675583 
-258.13025914437384 
-258.1302922200425 
-258.1303145068491 
-258.13033500423677 
-258.13035313512523 
-258.1303722050957 
-258.13038276307367 
-258.1303912123574 
-258.1303992106652 
-258.1304047571074 
-258.13040903395125 
-258.130411967459 
-258.1304148248705 
-258.13041712761594 
-258.1304180700695 
-258.1304187587965 
-258.1304193249534 
-258.1304199430669 
-258.1304202518914 
-258.130420346218 
-258.13042041490337 
-258.13042047528313 
-258.1304205411379 
-258.1304205654155 
-258.13042057289186 
-258.13042057707077 
-258.13042057899224 
-258.13042057998075 
-258.1304205802254 
-258.1304205803467 
-258.1304205803917 
-258.1304205804167 
-258.13042058042475 
-258.13042058042623 
-258.13042058042663 
-258.1304205804263 
-258.1304205804264 
-258.1304205804258 
-258.1304205804259 
-258.13042058042623 
-258.13042058042663 
-258.1304205804271 
-258.1304205804261 
-258.1304205804276 
-258.1304205804275 
-258.1304205804275 
-258.13042058042623 
-258.1304205804271 
-258.13042058042674 
-258.13042058042635 
-258.1304205804259 
-258.13042058042686 
-258.13042058042714 
-258.13042058042697 
-258.1304205804272 
-258.130420580427 
-258.13042058042714 
-258.1304205804273 
-258.130420580427 
-258.1304205804272 
-258.13042058042686 
-258.1304205804273 
-258.1304205804276 
-258.13042058042873 
-258.13042058043055 
-258.13042058043203 
-258.13042058043425 
-258.1304205804392 
-258.13042058044726 
-258.13042058046364 
-258.13042058048273 
-258.1304205805085 
-258.13042058056163 
-258.1304205806138 
-258.1304205807143 
-258.1304205808406 
-258.13042058098654 
-258.1304205812022 
-258.1304205813629 
-258.1304205816769 
-258.13042058204786 
-258.1304205824465 
-258.1304205829579 
-258.13042058338743 
-258.1304205842415 
-258.13042058523223 
-258.1304205863827 
-258.13042058755633 
-258.13042058872014 
-258.1304205909103 
-258.1304205943441 
-258.13042059912755 
-258.1304206039243 
-258.1304206083747 
-258.13042061608445 
-258.13042062907743 
-258.13042064816534 
-258.13042066492875 
-258.1304206810556 
-258.1304206916361 
-258.1304214516123 
-258.1304230068664 
-258.1304257279715 
-258.1304306921581 
-258.1304352279646 
-258.1304385393968 
-258.1304432758633 
-258.130449146693 
-258.1304577215682 
-258.13046209256913 
-258.1304666125829 
-258.13047134866974 
-258.13047785503045 
-258.13048346525534 
-258.13048630769026 
-258.1304895801987 
-258.13049256044786 
-258.1304966095551 
-258.1304984561355 
-258.130499806953 
-258.1305012080094 
-258.13050238989 
-258.13050363696084 
-258.1305042148992 
-258.13050467336853 
-258.13050506970563 
-258.13050538745307 
-258.13050566097223 
-258.1305057992581 
-258.13050593439226 
-258.1305060219017 
-258.13050607781184 
-258.1305061302064 
-258.13050617014045 
-258.1305062013963 
-258.1305062215459 
-258.130506229202 
-258.13050623595456 
-258.1305062422663 
-258.130506247291 
-258.1305062494265 
-258.1305062503811 
-258.1305062508207 
-258.1305062510537 
-258.1305062511086 
-258.13050625112567 
-258.1305062511315 
-258.13050625113414 
-258.13050625113453 
-258.13050625113505 
-258.13050625113516 
-258.1305062511345 
-258.1305062511342 
-258.130506251134 
-258.1305062511339 
-258.1305062511343 
-258.13050625113476 
-258.13050625113544 
-258.1305062511348 
-258.1305062511346 
-258.1305062511347 
-258.13050625113414 
-258.1305062511337 
-258.13050625113385 
-258.1305062511337 
-258.1305062511339 
-258.1305062511341 
-258.13050625113436 
-258.13050625113453 
-258.13050625113425 
-258.13050625113397 
-258.13050625113465 
-258.13050625113436 
-258.1305062511343 
-258.13050625113436 
-258.1305062511346 
-258.1305062511344 
-258.13050625113493 
-258.1305062511353 
-258.130506251136 
-258.13050625113704 
-258.13050625113783 
-258.1305062511392 
-258.1305062511421 
-258.13050625114505 
-258.1305062511502 
-258.1305062511557 
-258.1305062511648 
-258.13050625117586 
-258.1305062511894 
-258.1305062512129 
-258.13050625124004 
-258.130506251282 
-258.1305062513253 
-258.130506251375 
-258.13050625147343 
-258.1305062515807 
-258.1305062517261 
-258.1305062518285 
-258.1305062520184 
-258.13050625228516 
-258.1305062526029 
-258.1305062528273 
-258.13050625309086 
-258.1305062535753 
-258.13050625435636 
-258.13050625505286 
-258.13050625566166 
-258.13050625651266 
-258.1305062577451 
-258.13050626029235 
-258.13050626242574 
-258.1305062644463 
-258.13050626679575 
-258.1305062706782 
-258.13050627693605 
-258.1305062831549 
-258.1305062886692 
-258.1305062919155 
-258.1305062947621 
-258.13050629657454 
-258.13050629753843 
-258.1305062983573 
-258.13050629942074 
-258.13050630030165 
-258.1305063007552 
-258.1305063010229 
-258.13050630124314 
-258.1305063015329 
-258.1305063017774 
-258.13050630189286 
-258.1305063019685 
-258.13050630203225 
-258.13050630211166 
-258.1305063021658 
-258.13050630219635 
-258.1305063022183 
-258.13050630223404 
-258.1305063022519 
-258.13050630226434 
-258.13050630227264 
-258.13050630227815 
-258.1305063022808 
-258.13050630228344 
-258.1305063022852 
-258.1305063022867 
-258.13050630228685 
-258.13050630228696 
-258.13050630228696 
-258.13050630228696 
-258.13050630228724 
-258.1305063022871 
-258.1305063022867 
-258.1305063022862 
-258.13050630228565 
-258.13050630228526 
-258.13050630228565 
-258.1305063022859 
-258.130506302286 
-258.1305063022861 
-258.1305063022857 
-258.13050630228537 
-258.1305063022852 
-258.13050630228526 
-258.13050630228514 
-258.13050630228565 
-258.1305063022854 
-258.1305063022861 
-258.1305063022857 
-258.130506302286 
-258.13050630228605 
-258.1305063022864 
-258.130506302288 
-258.13050630228685 
-258.13050630228645 
-258.13050630228713 
-258.13050630228656 
-258.1305063022867 
-258.1305063022865 
-258.13050630228616 
-258.13050630228634 
-258.13050630228645 
-258.1305063022865 
-258.1305063022861 
-258.13050630228554 
-258.1305063022851 
-258.13050630228537 
-258.13050630228594 
-258.13050630228616 
-258.1305063022867 
-258.1305063022866 
-258.13050630228645 
-258.1305063022867 
-258.13050630228616 
-258.1305063022867 
-258.13050630228685 
-258.13050630228753 
-258.130506302288 
-258.1305063022882 
-258.1305063022884 
-258.13050630228923 
-258.13050630228946 
-258.1305063022902 
-258.13050630229077 
-258.13050630229117 
-258.13050630229174 
-258.13050630229236 
-258.13050630229276 
-258.1305063022937 
-258.1305063022942 
-258.13050630229475 
-258.1305063022958 
-258.1305063022967 
-258.1305063022975 
-258.13050630229833 
-258.13050630229924 
-258.1305063023 
-258.13050630230094 
-258.1305063023025 
-258.1305063023029 
-258.1305063023036 
-258.1305063023047 
-258.1305063023056 
-258.13050630230595 
-258.1305063023064 
-258.13050630230777 
-258.1305063023083 
-258.1305063023087 
-258.13050630230896 
-258.1305063023097 
-258.13050630231044 
-258.13050630231055 
-258.1305063023114 
-258.13050630231226 
-258.13050630231425 
-258.1305063023158 
-258.13050630231726 
-258.1305063023193 
-258.1305063023205 
-258.13050630232226 
-258.1305063023237 
-258.13050630232567 
-258.1305063023268 
-258.13050630232743 
-258.13050630232794 
-258.1305063023291 
-258.1305063023301 
-258.13050630233 
-258.1305063023299 
-258.13050630233 
-258.13050630233073 
-258.1305063023302 
-258.13050630232937 
-258.1305063023292 
-258.1305063023293 
-258.1305063023287 
-258.13050630232834 
-258.13050630232726 
-258.1305063023273 
-258.1305063023269 
-258.130506302326 
-258.1305063023257 
-258.1305063023252 
-258.13050630232453 
-258.1305063023244 
-258.1305063023241 
-258.1305063023236 
-258.13050630232385 
-258.13050630232414 
-258.1305063023238 
-258.1305063023232 
-258.13050630232317 
-258.1305063023233 
-258.13050630232385 
-258.13050630232385 
-258.1305063023239 
-258.130506302323 
-258.1305063023235 
-258.130506302323 
-258.1305063023242 
-258.1305063023239 
-258.13050630232425 
-258.13050630232453 
-258.13050630232385 
-258.13050630232397 
-258.13050630232465 
-258.13050630232436 
-258.13050630232425 
-258.13050630232533 
-258.13050630232726 
-258.1305063023247 
