2 -0.583082668123504 
3 -0.5846361954921356 
4 -0.5256379764349368 
5 -0.5187422795951587 
6 -0.550568479786342 
7 -0.5670608031963604 
8 -0.5504627415348355 
9 -0.5340990495188872 
10 -0.5412951054221006 
11 -0.5547821962431677 
12 -0.553065833628736 
13 -0.5432700146796949 
14 -0.5424947995269506 
15 -0.5490285758687563 
16 -0.5504227966924512 
17 -0.5462374031193045 
18 -0.5453116151390276 
19 -0.548274997877868 
20 -0.5484378499588443 
21 -0.5457493837210979 
22 -0.5461643458641062 
23 -0.5492604367893452 
24 -0.5488118446529997 
25 -0.5450906568306263 
26 -0.5449876215070403 
27 -0.5492039475872802 
28 -0.5503494655406713 
29 -0.5460995917666565 
30 -0.5437240077799766 
31 -0.5474333711866767 
32 -0.550912227869398 
33 -0.5482578533288269 
34 -0.5441022703882038 
35 -0.5454043030504919 
36 -0.5496393991122042 
37 -0.549657373868357 
38 -0.5458965016964368 
39 -0.5448795228672172 
40 -0.5477796398160373 
41 -0.5492686162776966 
42 -0.5472862275238282 
43 -0.5458408234891374 
44 -0.547141377444542 
45 -0.5481859216026054 
46 -0.547131524572262 
47 -0.5465422866538598 
48 -0.5478088746725716 
49 -0.5481962928338365 
50 -0.5464442900343351 
51 -0.5458325036370564 
52 -0.5480640796464251 
53 -0.5493643206984731 
54 -0.5469829823729662 
55 -0.5447451079091659 
56 -0.5467823595787047 
57 -0.5499244749581365 
58 -0.5487527390571881 
59 -0.5450649479159129 
60 -0.5450649495634815 
61 -0.5487527415491175 
62 -0.5499244755676813 
63 -0.546782356772067 
64 -0.5447451050528613 
65 -0.5469829831173871 
66 -0.5493643245008276 
67 -0.5480640814842379 
68 -0.5458325006354513 
69 -0.5464442866787329 
70 -0.5481962931413716 
71 -0.5478088797357931 
72 -0.5465422893385923 
73 -0.5471315226991096 
74 -0.5481859178580535 
75 -0.547141377311335 
76 -0.5458408274320955 
77 -0.5472862316307799 
78 -0.549268615466837 
79 -0.5477796356428797 
80 -0.5448795210917732 
81 -0.5458965054004946 
82 -0.5496573784826513 
83 -0.5496393988486177 
84 -0.545404297625284 
85 -0.5441022655684431 
86 -0.5482578551541682 
87 -0.5509122335029786 
88 -0.5474333713923916 
89 -0.5437239996126122 
90 -0.5460995838066285 
91 -0.5503494659206901 
92 -0.5492039525840665 
93 -0.5449876199071735 
94 -0.5450906452335472 
95 -0.5488118323992379 
96 -0.5492604311156979 
97 -0.5461643425848233 
98 -0.5457493748238071 
99 -0.548437834939475 
100 -0.548274984342875 
101 -0.5453116065463428 
102 -0.5462373930092522 
103 -0.5504227821342287 
104 -0.5490285583160572 
105 -0.5424947859242711 
106 -0.54327000969728 
107 -0.5530658322406061 
108 -0.5547822014340001 
109 -0.5412951153466814 
110 -0.534099057211963 
111 -0.5504627421837629 
112 -0.5670608055689226 
113 -0.5505684805944642 
114 -0.5187422786034607 
115 -0.5256379736080818 
116 -0.5846361941588033 
117 -0.5830826692143656 
