2 0.00021291821514496568 
3 -0.0001844769233491299 
4 1.8081182512519944e-05 
5 9.491843414961778e-07 
6 -3.0014999183991344e-07 
7 3.4774531546287215e-09 
8 3.727411314265409e-09 
9 -1.5979846604811856e-10 
10 -5.311222068157961e-11 
11 1.07360912451648e-11 
12 -6.8316745893431845e-12 
13 7.301413044441005e-12 
14 -7.434367127405639e-12 
15 7.414249733109498e-12 
16 -7.369027018086858e-12 
17 7.437776100977296e-12 
18 -7.455941049095364e-12 
19 7.15998298166229e-12 
20 -7.362597920183543e-12 
21 7.403765238915693e-12 
22 -7.136460315460631e-12 
23 7.386702458345442e-12 
24 -7.427177763926413e-12 
25 7.429733201121513e-12 
26 -7.281636381896512e-12 
27 7.2843848316153e-12 
28 -1.0762539575458255e-12 
29 7.409788293096535e-12 
30 -7.832166820049792e-12 
31 7.356806441065292e-12 
32 -7.437228234542148e-12 
33 7.407069873466699e-12 
34 -7.412525279446428e-12 
35 7.404755398550743e-12 
36 -7.457993605141895e-12 
37 7.415960081616266e-12 
38 -7.448579432493879e-12 
39 7.420415412714704e-12 
40 -7.459495820686453e-12 
41 7.415107870633116e-12 
42 -7.35361310541675e-12 
43 7.80830184164616e-12 
44 -7.342996858420481e-12 
45 7.344915701845537e-12 
46 -7.467415530620608e-12 
47 7.472796635094734e-12 
48 -8.425524090113361e-12 
49 7.277211386568675e-12 
50 -7.407440949259594e-12 
51 7.311839534443323e-12 
52 -7.995330685647629e-12 
53 7.685810112627143e-12 
54 -7.398485329121801e-12 
55 7.700867153917755e-12 
56 -7.381535982475464e-12 
57 7.264345568971051e-12 
58 -7.932561484576341e-12 
59 7.404986102950472e-12 
60 -7.414826372093557e-12 
61 7.413233142861853e-12 
62 -7.379776873272174e-12 
63 7.65973880250452e-12 
64 -7.456820835615036e-12 
65 7.510399321015045e-12 
66 -7.393286632090036e-12 
67 9.001344864515586e-12 
68 -7.514837479730404e-12 
69 7.411347123097441e-12 
70 -7.368249032807316e-12 
71 5.648210489225654e-12 
72 -7.389553163039469e-12 
73 7.726422384009933e-12 
74 -7.410010757201058e-12 
75 7.644838097255775e-12 
76 -7.420042217253191e-12 
77 7.419793728683736e-12 
78 -7.146430502684597e-12 
79 7.532608730210407e-12 
80 -7.41034043410147e-12 
81 7.330836963169055e-12 
82 -7.505553512161636e-12 
83 7.407149551867124e-12 
84 -7.474358418011338e-12 
85 7.413970371169096e-12 
86 -7.404612757324106e-12 
87 7.421930198466917e-12 
88 -7.418331196456508e-12 
89 7.414518236521185e-12 
90 -7.428623593666856e-12 
91 7.467529331459797e-12 
92 -4.791814222434154e-12 
93 7.433107301527316e-12 
94 -7.428138559230098e-12 
95 7.421678838316358e-12 
96 -7.412079017045598e-12 
97 7.413211729145493e-12 
98 -7.392554045900397e-12 
99 7.406018090028343e-12 
100 -7.367049556181376e-12 
101 7.406613446523308e-12 
102 -7.433221566918865e-12 
103 7.671473889349997e-12 
104 -3.0704915694122018e-12 
105 8.454514393986953e-12 
106 -7.370714201386295e-12 
107 7.44193251367197e-12 
108 -7.563847707055753e-12 
109 7.139550784249751e-12 
110 -4.8696860535657524e-12 
111 -1.4924156124360437e-11 
112 -2.160415762117212e-10 
113 3.688089558619019e-11 
114 -5.543234625462266e-12 
115 6.8702572040038775e-12 
116 -7.422874788019617e-12 
117 7.358642346734988e-12 
118 -7.731430206136651e-12 
119 7.407629310652618e-12 
120 -7.421719750951466e-12 
121 7.425708128506345e-12 
122 -7.412887398819663e-12 
123 7.404228504986031e-12 
124 -7.42264180552194e-12 
125 7.425200507291415e-12 
126 -7.408555404236457e-12 
127 7.400819266972927e-12 
128 -7.445463436538769e-12 
129 7.424438378049128e-12 
130 -7.40967480077698e-12 
131 7.390735787573217e-12 
132 -7.370636696714715e-12 
133 7.53808699297833e-12 
134 -7.501194916130658e-12 
135 7.297211470760121e-12 
136 -7.399199964078393e-12 
137 7.30604963557228e-12 
138 -7.417442361202509e-12 
139 7.175997754843379e-12 
140 -8.30192587373547e-12 
141 7.708463325001773e-12 
142 -7.36668804598945e-12 
143 6.793580729973969e-12 
144 -8.340701267195527e-12 
145 8.947928060668604e-12 
146 2.0312230614611374e-11 
147 2.829623215518431e-10 
148 6.552106528382119e-11 
149 1.495011171240468e-12 
150 -7.288608057751943e-12 
151 7.86645204747213e-12 
152 -7.50923089940562e-12 
153 7.329708561950955e-12 
154 -7.493744447042947e-12 
155 7.41487880656646e-12 
156 -7.413758299519146e-12 
157 7.418151559361385e-12 
158 -7.411633273069149e-12 
159 7.418230451607616e-12 
160 -7.410006832527571e-12 
161 7.419310653821553e-12 
162 -7.421474475164968e-12 
163 6.638461145855536e-12 
164 -7.302760607207004e-12 
165 7.404108999583796e-12 
166 -7.412855612065454e-12 
167 7.438567009439878e-12 
168 -7.508506722497142e-12 
169 7.41698631602355e-12 
170 -7.414973866311007e-12 
171 7.411456211645938e-12 
172 -7.408723814574213e-12 
173 7.425466775455736e-12 
174 -7.409703876922296e-12 
175 7.400295957877641e-12 
176 -7.439035443538247e-12 
177 7.1552848870834695e-12 
178 -6.213525292797081e-12 
179 6.777917844666553e-12 
180 -7.493765196844594e-12 
181 7.415735377865568e-12 
182 -7.418426426710279e-12 
183 7.423410681549444e-12 
184 -7.413196845519053e-12 
185 7.026986715301796e-12 
186 -1.0035935361401266e-11 
187 8.184235975462358e-12 
188 -3.906974425782448e-12 
189 -3.81078901522833e-11 
190 -1.7628467203849695e-10 
191 3.7410935446932015e-09 
192 3.449372779726721e-09 
193 -3.001671505017112e-07 
194 9.492003849670993e-07 
195 1.808100578060631e-05 
196 -0.00018447682844693948 
197 0.00021291826251182097 
