2 0.5706907387053999 
3 -0.6735648348034423 
4 0.5280849207145876 
5 -0.5725134052042542 
6 0.6338262802498255 
7 -0.7214929420333357 
8 0.7423701520372494 
9 -0.7413234012806653 
10 0.7448997909790579 
11 -0.749538398076867 
12 0.761404625022091 
13 -0.7632859325985986 
14 0.7635253910558645 
15 -0.7654133806593951 
16 0.7658210824903547 
17 -0.766952818918887 
18 0.7673059528284876 
19 -0.7675059799746985 
20 0.7677765277093065 
21 -0.7678125677467169 
22 0.7679852036918445 
23 -0.7680313605818293 
24 0.7680589624136755 
25 -0.7681085219438375 
26 0.7681133514499469 
27 -0.7681358365817257 
28 0.7681437625470207 
29 -0.7681485085202515 
30 0.7681557946211999 
31 -0.7681564627901079 
32 0.7681599354841389 
33 -0.76816112690164 
34 0.7681617755372223 
35 -0.7681629412407641 
36 0.7681630438019449 
37 -0.7681635417633952 
38 0.7681637363570463 
39 -0.7681638330384649 
40 0.7681640081414368 
41 -0.7681640239798854 
42 0.7681640988071832 
43 -0.7681641290631204 
44 0.7681641424416173 
45 -0.7681641692690399 
46 0.7681641717821379 
47 -0.7681641825564942 
48 0.7681641872389062 
49 -0.7681641890441033 
50 0.7681641929706317 
51 -0.7681641933689356 
52 0.7681641948046701 
53 -0.7681641954186513 
54 0.7681641954628313 
55 -0.7681641966448959 
56 0.7681641962869046 
57 -0.7681641968821108 
58 0.7681642005898309 
59 -0.7681641946559231 
60 0.7681641966835835 
61 -0.7681641965967325 
62 0.7681641963612221 
63 -0.7681641959231696 
64 0.7681641958997435 
65 -0.7681641956322495 
66 0.7681641953553655 
67 -0.7681641947995322 
68 0.7681641932689712 
69 -0.7681641928165478 
70 0.7681641887266417 
71 -0.7681641872853554 
72 0.7681641826953894 
73 -0.7681641718353497 
74 0.7681641693173329 
75 -0.7681641425724469 
76 0.7681641288181082 
77 -0.768164098568198 
78 0.7681640241425265 
79 -0.7681640082938049 
80 0.7681638330348814 
81 -0.7681637362694309 
82 0.7681635417241137 
83 -0.7681630438238946 
84 0.7681629413250672 
85 -0.7681617757487507 
86 0.76816112685567 
87 -0.7681599354295204 
88 0.7681564628360545 
89 -0.7681557946981472 
90 0.7681485085934229 
91 -0.7681437626787698 
92 0.7681358367566383 
93 -0.7681133516903034 
94 0.7681085221563286 
95 -0.7680589625075099 
96 0.7680313608332953 
97 -0.7679852039342697 
98 0.7678125680564212 
99 -0.7677765279191043 
100 0.767505980114796 
101 -0.7673059531392713 
102 0.7669528193264602 
103 -0.7658210828258148 
104 0.7654133809655187 
105 -0.7635253915041604 
106 0.7632859331081371 
107 -0.7614046252801796 
108 0.7495383980069096 
109 -0.7448997907180627 
110 0.7413234012777175 
111 -0.7423701522721958 
112 0.7214929422041488 
113 -0.6338262804638283 
114 0.5725134053758788 
115 -0.5280849207706337 
116 0.6735648350313529 
117 -0.5706907389260429 
