0.0 
56.19591253871485 
53.825832928734265 
52.52615863785445 
50.438700228695865 
49.01209693341467 
47.05103247146052 
45.57344754125766 
43.66363672781933 
42.1785174605942 
40.27652570427698 
38.79892465818503 
36.889428859872545 
35.41681345694676 
33.50226618571462 
32.029757817581206 
30.115074347393872 
28.64148391644556 
26.727885784069546 
25.253856820361552 
23.340705024019694 
21.86674916828922 
19.953526524210165 
18.479697715331728 
16.56634713354182 
15.092550748090476 
13.179166890779463 
11.705354362833424 
9.791986520508507 
8.318160481699541 
6.404806292991578 
4.930978688284705 
3.0176261491277443 
1.5438009839258673 
-0.36955399468565786 
-1.8433778683461144 
-3.7567341573162656 
-5.230558083205875 
-7.143914327200648 
-8.617738564010809 
-10.5310944956398 
-12.004918840356773 
-13.918274661889345 
-15.39209897812713 
-17.305454827621617 
-18.77927910860066 
-20.692634993647786 
-22.16645926746915 
-24.079815159903603 
-25.553639438909375 
-27.466995326181625 
-28.940819608794484 
-30.85417549241645 
-32.32799977525025 
-34.24135565862969 
-35.715179940736306 
-37.62853582484432 
-39.1023601066213 
-41.01571599106432 
-42.489540272878195 
-44.40289615728612 
-45.87672043918838 
-47.79007632350742 
-49.2639006054354 
-51.17725648972809 
-52.65108077164612 
-54.56443665594864 
-56.03826093785702 
-57.95161682216929 
-59.42544110407623 
-61.33879698839 
-62.81262127029857 
-64.7259771546107 
-66.19980143652016 
-68.11315732083143 
-69.58698160274085 
-71.50033748705208 
-72.97416176896137 
-74.88751765327281 
-76.36134193518195 
-78.27469781949355 
-79.74852210140271 
-81.66187798571428 
-83.1357022676235 
-85.04905815193493 
-86.52288243384426 
-88.43623831815569 
-89.91006260006492 
-91.82341848437635 
-93.2972427662856 
-95.21059865059716 
-96.6844229325063 
-98.59777881681788 
-100.07160309872705 
-101.98495898303857 
-103.4587832649479 
-105.37213914925937 
-106.84596343116864 
-108.75931931548007 
-110.23314359738902 
-112.14649948170073 
-113.62032376360992 
-115.53367964792139 
-117.00750392983073 
-118.92085981414229 
-120.39468409605166 
-122.30803998036305 
-123.78186426227226 
-125.69522014658362 
-127.1690444284929 
-129.08240031280437 
-130.5562245947136 
-132.4695804790251 
-133.94340476093421 
-135.85676064524586 
-137.33058492715492 
-139.24394081146656 
-140.71776509337602 
-142.6311209776873 
-144.10494525959652 
-146.01830114390793 
-147.49212542581697 
-149.40548131012864 
-150.87930559203758 
-152.79266147634914 
-154.26648575825814 
-156.1798416425698 
-157.65366592447887 
-159.56702180879049 
-161.04084609069963 
-162.95420197501107 
-164.42802625692022 
-166.34138214123146 
-167.81520642314067 
-169.72856230745182 
-171.2023865893608 
-173.1157424736722 
-174.5895667555814 
-176.502922639893 
-177.97674692180212 
-179.8901028061134 
-181.36392708802242 
-183.27728297233384 
-184.75110725424307 
-186.66446313855454 
-188.13828742046368 
-190.05164330477518 
-191.5254675866843 
-193.43882347099589 
-194.912647752905 
-196.82600363721627 
-198.29982791912533 
-200.21318380343666 
-201.6870080853459 
-203.60036396965734 
-205.07418825156634 
-206.98754413587784 
-208.46136841778684 
-210.37472430209812 
-211.84854858400712 
-213.76190446831797 
-215.2357287502262 
-217.14908463453474 
-218.62290891643585 
-220.53626480072234 
-222.01008908255807 
-223.92344496664322 
-225.39726924788275 
-227.31062513012483 
-228.78444940591788 
-230.69780527132718 
-232.171629497388 
-234.08498520914299 
-235.5588089813396 
-237.47216329122443 
-238.94598292370017 
-240.85932445085695 
-242.33310634685876 
-244.2463313876679 
-245.7197695149569 
-247.63193382285715 
-249.10224365364775 
-251.0047651256566 
-252.44673939032236 
-254.26251115266354 
-255.4591218361395 
-256.59373249247705 
-257.9297459238769 
-259.1812142666768 
-261.2370022540088 
-262.6033474537274 
-264.6154568357606 
-265.9966221979009 
-268.0403316973639 
-269.4963872270462 
-271.9005946767841 
-273.7964082608143 
-273.9056931867013 
-273.9078499109723 
-273.9705256292388 
-273.9749844482698 
-274.010985028487 
-274.01585405751104 
-274.0317076298757 
-274.0328024053169 
-274.0551649552295 
-274.0597526413037 
-274.0614567206177 
-274.06772781552974 
-274.0698355909249 
-274.07422298213515 
-274.0762449804311 
-274.0794537904149 
-274.0813466028721 
-274.083715076014 
-274.085495572557 
-274.0872480308389 
-274.08893716169706 
-274.09023212567513 
-274.0918484680771 
-274.0928016152016 
-274.09436077917536 
-274.0950584923842 
-274.09657331926877 
-274.0970811207873 
-274.09856203442786 
-274.09893000017104 
-274.10038535943 
-274.1006517686323 
-274.10208818499535 
-274.10228214903685 
-274.10370477507564 
-274.10384824931344 
-274.1052610421961 
-274.1053704150892 
-274.1067763715763 
-274.1068637230774 
-274.1082650804122 
-274.1083391571521 
-274.10973755877296 
-274.10980450240675 
-274.11120113251184 
-274.1112649975294 
-274.1126606838257 
-274.1127237840295 
-274.1141190400901 
-274.1141822273436 
-274.1155773507774 
-274.11564063097484 
-274.117035790767 
-274.11709905988454 
-274.1184942532165 
-274.11855749569713 
-274.1199526865949 
-274.1200159222306 
-274.1214111050528 
-274.12147434367955 
-274.12286952480025 
-274.122932765721 
-274.1243279479824 
-274.12439118909026 
-274.12578637203336 
-274.1258496127798 
-274.1272447957161 
-274.12730803631285 
-274.1287032191196 
-274.12876645973387 
-274.1301616425008 
-274.1302248831475 
-274.13162006592563 
-274.1316833065795 
-274.1330784893687 
-274.13314173001896 
-274.1345369128092 
-274.13460015345714 
-274.13599533624614 
-274.1360585768943 
-274.1374537596825 
-274.1375170003309 
-274.138912183119 
-274.1389754237675 
-274.1403706065561 
-274.1404338472044 
-274.1418290299927 
-274.1418922706411 
-274.1432874534299 
-274.14335069407815 
-274.1447458768666 
-274.1448091175147 
-274.146204300303 
-274.14626754095104 
-274.1476627237394 
-274.1477259643879 
-274.14912114717623 
-274.14918438782473 
-274.15057957061293 
-274.1506428112613 
-274.15203799404964 
-274.15210123469814 
-274.1534964174867 
-274.15355965813507 
-274.1549548409234 
-274.1550180815718 
-274.15641326435986 
-274.1564765050082 
-274.15787168779667 
-274.1579349284454 
-274.1593301112336 
-274.1593933518821 
-274.16078853467053 
-274.16085177531914 
-274.1622469581076 
-274.162310198756 
-274.1637053815444 
-274.1637686221925 
-274.16516380498064 
-274.165227045629 
-274.1666222284175 
-274.16668546906595 
-274.1680806518543 
-274.1681438925024 
-274.16953907529097 
-274.16960231593947 
-274.1709974987278 
-274.17106073937606 
-274.17245592216426 
-274.17251916281276 
-274.17391434560136 
-274.17397758624986 
-274.17537276903846 
-274.17543600968685 
-274.1768311924748 
-274.1768944331231 
-274.17828961590993 
-274.1783528565583 
-274.1797480393462 
-274.17981127999457 
-274.1812064627889 
-274.18126970343764 
-274.18266488623937 
-274.1827281268882 
-274.1841233096729 
-274.18418655032116 
-274.1855817330426 
-274.1856449736894 
-274.18704015638184 
-274.18710339702716 
-274.1884985799474 
-274.1885618205983 
-274.1899570040379 
-274.1900202447036 
-274.1914154280212 
-274.19147866868815 
-274.19287384948694 
-274.19293709008986 
-274.19433226712914 
-274.1943955076176 
-274.1957906894148 
-274.1958539299896 
-274.19724913661594 
-274.19731237784976 
-274.19870760578664 
-274.19877084776203 
-274.2001660018573 
-274.20022924217415 
-274.2016241754206 
-274.2016874096084 
-274.2030822933054 
-274.2031455243803 
-274.2045413044155 
-274.2046045573837 
-274.2060020898976 
-274.20606539413865 
-274.2074619432821 
-274.2075252375946 
-274.20891234206607 
-274.2089753917764 
-274.21035072537364 
-274.2104134001676 
-274.21181081488174 
-274.21187390559254 
-274.2133626990862 
-274.21342822364653 
-274.21497662814926 
-274.2150441822078 
-274.21632653309854 
-274.21638488722687 
-274.2170260503658 
-274.2170642911239 
-274.21735470569934 
-274.21735472076824 
-274.2173547207562 
-277.39771105092694 
-277.56916546542817 
-277.6091281697226 
-277.6229607940091 
-277.63549325171226 
-277.6405843348161 
-277.64908101348175 
-277.65208485336626 
-277.6583146945355 
-277.66073840316875 
-277.66563264951145 
-277.66747365435896 
-277.6711793006186 
-277.67252185613967 
-277.6753126567323 
-277.67634153743967 
-277.6785001435965 
-277.6793139129656 
-277.68101852523563 
-277.68166979903486 
-277.6830313235782 
-277.68355499928583 
-277.6846496566939 
-277.6850726272617 
-277.68595731403656 
-277.6863006225854 
-277.68701891390714 
-277.6872987198977 
-277.68788411344286 
-277.68811285226394 
-277.6885913050457 
-277.68877870324997 
-277.6891705870824 
-277.68932436679796 
-277.6896458590274 
-277.6897722074604 
-277.6900362649761 
-277.69014016859757 
-277.6903572337962 
-277.6904427308237 
-277.6906212619279 
-277.6906916367912 
-277.6908385138565 
-277.6908964476224 
-277.6910172867916 
-277.6910649743881 
-277.6911643731162 
-277.69120361562904 
-277.69128534615203 
-277.6913176242494 
-277.691384787446 
-277.6914113202144 
-277.69146646891073 
-277.6914882612785 
-277.69153349962477 
-277.69155138076775 
-277.6915884447172 
-277.6916030992921 
-277.69163342204405 
-277.6916454156761 
-277.691670181082 
-277.6916799812261 
-277.69170016750644 
-277.69170816056914 
-277.6917245761902 
-277.6917310816098 
-277.69174439479735 
-277.6917496766518 
-277.69176043971703 
-277.6917647163013 
-277.69177338571916 
-277.69177683746267 
-277.69178379046815 
-277.69178656648575 
-277.6917921147996 
-277.69179433547043 
-277.69179872234855 
-277.69180048617983 
-277.6918039288042 
-277.6918053232907 
-277.69180800344856 
-277.6918091000028 
-277.69181116634337 
-277.69181202347846 
-277.69181359799546 
-277.69181426380015 
-277.69181544683266 
-277.6918159608853 
-277.69181683388524 
-277.6918172279433 
-277.69181785898303 
-277.6918181604938 
-277.6918186068705 
-277.69181883839263 
-277.69181914721827 
-277.6918193272973 
-277.6918195373034 
-277.69181968115123 
-277.69181982399397 
-277.6918199439538 
-277.69182004499663 
-277.69182015078496 
-277.69182022937144 
-277.6918203281213 
-277.6918203974744 
-277.6918204937111 
-277.69182056093706 
-277.6918206567497 
-277.69182072416066 
-277.69182082010406 
-277.69182088775784 
-277.6918209837747 
-277.69182105143074 
-277.6918211474339 
-277.6918212150451 
-277.6918213110286 
-277.69182137862794 
-277.6918214746088 
-277.69182154221346 
-277.6918216381982 
-277.6918217058066 
-277.69182180179286 
-277.69182186940105 
-277.6918219653869 
-277.69182203299437 
-277.6918221289798 
-277.6918221965869 
-277.691822292573 
-277.69182236018037 
-277.6918224561686 
-277.6918225237783 
-277.69182261976533 
-277.69182268737705 
-277.69182278334944 
-277.6918228509524 
-277.6918229469056 
-277.69182301448 
-277.69182311048866 
-277.69182317807 
-277.69182327430354 
-277.69182334209 
-277.6918234383871 
-277.69182350651107 
-277.69182360138547 
-277.6918236685304 
-277.69182375943234 
-277.69182382065765 
-277.6918239164893 
-277.6918239740881 
-277.6918241257545 
-277.6918242937193 
-277.69182455690606 
-277.69182519793077 
-277.6918259334703 
-277.6918277841582 
-277.6918300587425 
-277.69183448960024 
-277.6918407782636 
-277.69185025328653 
-277.691865876549 
-277.6918848229821 
-277.6919205881182 
-277.69195702141695 
-277.69203377507466 
-277.69210223381634 
-277.69225759758456 
-277.69238315928027 
-277.69267592545435 
-277.6928944069746 
-277.6933865242754 
-277.6937253456683 
-277.6944189502421 
-277.69485921854465 
-277.6956558170854 
-277.6961340539321 
-277.6969045084731 
-277.69735943972057 
-277.69802095507674 
-277.69841656791726 
-277.69893886765493 
-277.699259536244 
-277.6996437890245 
-277.6998858828494 
-277.7001482058673 
-277.70031517024046 
-277.70048054166375 
-277.7005771028285 
-277.7006958372306 
-277.7009144813473 
-277.7010021831547 
-277.7010407107295 
-277.7010590178706 
-277.70106848944687 
-277.7010711509558 
-277.7010711589897 
-277.701071159019 
-277.701071159018 
-277.7010711590189 
-277.701071159041 
-277.7010711590279 
-277.7010711590898 
-277.7010711596021 
-277.7010711605488 
-277.70107116371355 
-277.7010711774171 
-277.7010711922996 
-277.7010712365474 
-277.7010713114159 
-277.70107154873057 
-277.70107193923235 
-277.7010729043133 
-277.70107418635 
-277.7010770696291 
-277.70107992982946 
-277.70108627580015 
-277.7010909325056 
-277.7011014257751 
-277.7011072052115 
-277.7011200092657 
-277.70112543747723 
-277.7011361334942 
-277.70113966424805 
-277.7011446845905 
-277.7011458429539 
-277.7011465329586 
-277.70114666837645 
-277.7011478108502 
-277.7011497228954 
-277.70115531077164 
-277.7011619254107 
-277.7011732712012 
-277.70118649004485 
-277.70120174780976 
-277.70122079409913 
-277.7012360955484 
-277.7012570948244 
-277.70127162494254 
-277.7012909588563 
-277.7013039153523 
-277.7013190632901 
-277.7013287456368 
-277.70134668074303 
-277.70135844098894 
-277.7013932644756 
-277.70162792315165 
-277.70173703612227 
-277.7018265071401 
-277.7019108324165 
-277.70197962550736 
-277.7020521583824 
-277.70211180910957 
-277.7021738575374 
-277.7022249242444 
-277.7022769590922 
-277.70231970528806 
-277.70236314064556 
-277.7023988129246 
-277.7024351567342 
-277.70246501261744 
-277.7024954631715 
-277.7025204789423 
-277.7025459912058 
-277.7025669495469 
-277.7025883190466 
-277.7026058728242 
-277.7026237689685 
-277.70263846814345 
-277.70265345265847 
-277.7026657585226 
-277.7026783008569 
-277.70268859755987 
-277.7026990883117 
-277.70270768584754 
-277.70271641825633 
-277.7027235585546 
-277.70273080786325 
-277.70273674353183 
-277.70274277379764 
-277.7027477236489 
-277.70275274907766 
-277.7027568480307 
-277.702760980163 
-277.70276423514264 
-277.70276745599693 
-277.70276987473306 
-277.70277222431054 
-277.70277421395434 
-277.70277640520015 
-277.70277838051794 
-277.7027801786173 
-277.7027825636261 
-277.7027857061733 
-277.708123487425 
-277.7239787016238 
-277.7355998076843 
-277.74458733058344 
-277.7509460529869 
-277.75628711761937 
-277.76007145846035 
-277.76345859403636 
-277.7658753217658 
-277.76814352496064 
-277.769773270376 
-277.7713582396777 
-277.77250315224575 
-277.7736421795808 
-277.77447431320326 
-277.77529963002604 
-277.7759212757387 
-277.7765447325327 
-277.7770190423093 
-277.777497219031 
-277.77786552787 
-277.7782367315031 
-277.77852695866676 
-277.77881788669043 
-277.77904933450293 
-277.77927921374175 
-277.77946586747925 
-277.77965347980575 
-277.7797957077908 
-277.7799470467888 
-277.7800628553377 
-277.7801855921786 
-277.78028048933623 
-277.7803805130641 
-277.78045873850846 
-277.7805406177527 
-277.7806054707077 
-277.7806727809853 
-277.7807268523948 
-277.78078241291774 
-277.7808277525874 
-277.7808738003418 
-277.7809120396801 
-277.78095035916664 
-277.7809828028074 
-277.7810148239774 
-277.7810425191921 
-277.7810693921484 
-277.78109318217565 
-277.78111583476954 
-277.78113640020086 
-277.78115558285987 
-277.78117347401957 
-277.78118979488835 
-277.78120545718286 
-277.78121940986995 
-277.78123320373055 
-277.7812451894095 
-277.78125740607203 
-277.78126775114634 
-277.78127862514197 
-277.7812875953261 
-277.781297314351 
-277.7813051259022 
-277.7813138387481 
-277.78132066759065 
-277.78132849083903 
-277.781334480093 
-277.78134150389684 
-277.78134676963737 
-277.78135306272264 
-277.7813576979158 
-277.7813633104944 
-277.7813673875551 
-277.78137235477215 
-277.7813759291542 
-277.78138027621486 
-277.7813833918577 
-277.781387140358 
-277.78138983298896 
-277.7813930026127 
-277.7813952949222 
-277.7813978983723 
-277.78139979220515 
-277.78140183470776 
-277.7814033196349 
-277.7814048149454 
-277.7814058938305 
-277.7814068795438 
-277.78140757475313 
-277.7814081102466 
-277.78140845623585 
-277.7814086460753 
-277.78140874354295 
-277.7814087901825 
-277.7814087994314 
-277.78140881826886 
-277.7814088194101 
-277.78140881957273 
-277.7814088195782 
-277.78140881955653 
-277.78140881957796 
-277.7814088195669 
-277.7814088195708 
-277.7814088195672 
-277.7814088195651 
-277.78140881956864 
-277.78140881957137 
-277.7814088195749 
-277.781408819569 
-277.78140881957614 
-277.781408819594 
-277.78140881963407 
-277.7814088196866 
-277.781408819732 
-277.7814088198108 
-277.78140881989344 
-277.7814088200077 
-277.78140882014014 
-277.7814088202895 
-277.78140882047313 
-277.7814088206534 
-277.78140882088 
-277.7814088210867 
-277.78140882135 
-277.7814088215808 
-277.7814088218784 
-277.78140882213296 
-277.7814088224637 
-277.7814088227429 
-277.7814088231066 
-277.78140882341216 
-277.7814088238078 
-277.78140882414 
-277.781408824568 
-277.78140882492943 
-277.78140882538895 
-277.78140882578356 
-277.78140882627457 
-277.7814088267085 
-277.78140882723056 
-277.7814088277117 
-277.78140882826364 
-277.78140882880336 
-277.7814088293863 
-277.7814088299993 
-277.7814088306151 
-277.7814088313193 
-277.7814088319744 
-277.7814088327909 
-277.78140883349846 
-277.78140883445025 
-277.78140883523844 
-277.781408836351 
-277.78140883727536 
-277.78140883858333 
-277.78140883971224 
-277.7814088412627 
-277.78140884259216 
-277.7814088444092 
-277.7814088458785 
-277.78140884794465 
-277.78140884952455 
-277.7814088518042 
-277.78140885349654 
-277.781408855953 
-277.7814088577699 
-277.78140886038244 
-277.7814088623256 
-277.7814088651102 
-277.78140886715136 
-277.7814088701053 
-277.78140887228 
-277.7814088752867 
-277.78140887754256 
-277.7814088845365 
-277.7814088874598 
-277.78140889480545 
-277.7814088980396 
-277.7814089041918 
-277.7814089076357 
-277.7814089142585 
-277.78140891676645 
-277.78140892337495 
-277.7814089259385 
-277.7814089325548 
-277.78140893525637 
-277.7814089397676 
-277.7814089446162 
-277.78140894945733 
-277.7814089546085 
-277.7814089593882 
-277.7814089649847 
-277.781408969389 
-277.78140897278223 
-277.78140897658005 
-277.7814089788263 
-277.7814089827502 
-277.78140898671444 
-277.78140899250207 
-277.78140899843487 
-277.781419461392 
-277.7814322199751 
-277.78144466992893 
-277.7814516989094 
-277.78145764267816 
-277.7814647771493 
-277.78147213667575 
-277.7814787314683 
-277.7814854420713 
-277.7814904993325 
-277.78149630991476 
-277.7815009322522 
-277.78150551338996 
-277.78150962621436 
-277.7815137282627 
-277.7815173878353 
-277.78152105864143 
-277.7815243025171 
-277.7815275583433 
-277.78153042833884 
-277.7815334349571 
-277.7815355817983 
-277.7815377383851 
-277.7815397283429 
-277.78154172037586 
-277.7815435467803 
-277.78154536374205 
-277.7815470279639 
-277.78154867438633 
-277.7815501861936 
-277.78155167339366 
-277.78155304434716 
-277.7815543855949 
-277.78155563461274 
-277.78155691413684 
-277.7815578934979 
-277.78155883007156 
-277.7815597436069 
-277.78156061497225 
-277.78156146721847 
-277.78156227535914 
-277.78156306268306 
-277.7815638079423 
-277.78156453968114 
-277.78156525175274 
-277.7815660091065 
-277.78156682421087 
-277.7815677643219 
-277.78156906745056 
-277.78156967650574 
-277.781569895166 
-277.7815700533855 
-277.78157015346534 
-277.7815702523522 
-277.781570329573 
-277.7815704036945 
-277.7815704512487 
-277.7815704932338 
-277.7815705206577 
-277.7815705438348 
-277.78157056548554 
-277.7815705746692 
-277.7815705856843 
-277.7815705909737 
-277.78157059747815 
-277.7815706004862 
-277.78157060345296 
-277.7815706051811 
-277.7815706067477 
-277.78157060773174 
-277.7815706086581 
-277.7815706092758 
-277.7815706099139 
-277.7815706103623 
-277.78157061083084 
-277.78157061116906 
-277.7815706114995 
-277.7815706117279 
-277.7815706119521 
-277.78157061209555 
-277.7815706122289 
-277.78157061230394 
-277.7815706123508 
-277.7815706123809 
-277.7815706124102 
-277.78157061242194 
-277.7815706124367 
-277.7815706124439 
-277.7815706124461 
-277.78157061244286 
-277.7815706124392 
-277.78157061243684 
-277.78157061243104 
-277.7815706124329 
-277.7815706124216 
-277.7815706124001 
-277.7815706124216 
-277.7815706124114 
-277.7815706124147 
-277.78157061241114 
-277.78157061240876 
-277.7815706124125 
-277.7815706124156 
-277.7815706124191 
-277.7815706124133 
-277.78157061240864 
-277.78157061241103 
-277.7815706124132 
-277.7815706124141 
-277.7815706124149 
-277.7815706124156 
-277.7815706124158 
-277.78157061241546 
-277.7815706124148 
-277.78157061241535 
-277.78157061240887 
-277.7815706124042 
-277.78157061239943 
-277.7815706124025 
-277.781570612404 
-277.78157061240523 
-277.78157061240654 
-277.78157061240773 
-277.7815706124094 
-277.78157061241114 
-277.78157061241336 
-277.78157061241546 
-277.781570612419 
-277.7815706124224 
-277.7815706124266 
-277.78157061243127 
-277.7815706124382 
-277.7815706124467 
-277.78157061245616 
-277.7815706124673 
-277.78157061247776 
-277.7815706124945 
-277.78157061250846 
-277.78157061252926 
-277.78157061254745 
-277.7815706125757 
-277.7815706126029 
-277.7815706126509 
-277.781570612718 
-277.7815706127746 
-277.78157061282496 
-277.7815706128751 
-277.7815706129268 
-277.7815706129814 
-277.78157061303494 
-277.7815706130909 
-277.7815706131466 
-277.7815706132058 
-277.7815706132655 
-277.7815706133292 
-277.7815706133936 
-277.78157061346354 
-277.7815706135355 
-277.781570613611 
-277.7815706136891 
-277.78157061377095 
-277.78157061385497 
-277.78157061394194 
-277.78157061403095 
-277.7815706141229 
-277.7815706142173 
-277.78157061431506 
-277.7815706144161 
-277.78157061452157 
-277.78157061462997 
-277.78157061474707 
-277.7815706149667 
-277.7815706152381 
-277.7815706155274 
-277.78157061583516 
-277.7815706161427 
-277.78157061647227 
-277.78157061679593 
-277.78157061715496 
-277.7815706174983 
-277.7815706178672 
-277.78157061866494 
-277.78157061924395 
-277.7815706200303 
-277.7815706208566 
-277.78157062168015 
-277.7815706225859 
-277.78157062345105 
-277.78157062448224 
-277.7815706251807 
-277.78157062564054 
-277.7815706260048 
-277.7815706260886 
-277.7815706261228 
-277.7815706261703 
-277.78157062620295 
-277.7815706262231 
-277.78157062622176 
-277.78157062621693 
-277.781570626213 
-277.7815706262091 
-277.7815706262044 
-277.78157062620807 
-277.7815706262107 
-277.7815706262125 
-277.7815706262141 
-277.7815706262151 
-277.78157062621733 
-277.7815706262185 
-277.7815706262207 
-277.78157062622205 
-277.781570626225 
-277.78157062622716 
-277.78157062622967 
-277.7815706262317 
-277.78157062623546 
-277.7815706262376 
-277.78157062624115 
-277.7815706262433 
-277.78157062624547 
-277.7815706262472 
-277.78157062624933 
-277.7815706262514 
-277.78157062625365 
-277.7815706262556 
-277.7815706262581 
-277.7815706262598 
-277.78157062626207 
-277.7815706262639 
-277.78157062626616 
-277.7815706262682 
-277.7815706262699 
-277.78157062627196 
-277.7815706262737 
-277.78157062627525 
-277.7815706262765 
-277.78157062627815 
-277.781570626279 
-277.78157062628026 
-277.78157062628156 
-277.78157062628264 
-277.78157062628395 
-277.7815706262854 
-277.7815706262863 
-277.7815706262874 
-277.7815706262882 
-277.78157062628924 
-277.78157062629003 
-277.7815706262906 
-277.78157062629145 
-277.7815706262924 
-277.7815706262932 
-277.78157062629356 
-277.7815706262941 
-277.7815706262949 
-277.78157062629555 
-277.7815706262966 
-277.7815706262974 
-277.7815706262979 
-277.78157062629856 
-277.7815706262996 
-277.78157062630015 
-277.7815706263006 
-277.7815706263015 
-277.78157062630237 
-277.78157062630277 
-277.7815706263032 
-277.78157062630333 
-277.78157062630356 
-277.7815706263037 
-277.7815706262975 
-277.7815706262922 
-277.78157062628776 
-277.7815706262824 
-277.7815706262854 
-277.7815706262868 
-277.78157062628674 
-277.78157062628696 
-277.78157062628605 
-277.78157062628526 
-277.7815706262832 
-277.7815706262904 
-277.78157062629515 
-277.78157062630186 
-277.7815706262987 
-277.78157062629606 
-277.78157062629265 
-277.78157062629504 
-277.78157062629856 
-277.78157062629464 
-277.7815706263056 
-277.781570626284 
-277.78157062630555 
-277.78157062629464 
-277.7815706262986 
-277.78157062629526 
-277.78157062629265 
-277.78157062629595 
-277.7815706262989 
-277.7815706263021 
-277.7815706262957 
-277.7815706262907 
-277.78157062629276 
-277.7815706262941 
-277.7815706262949 
-277.78157062629526 
-277.78157062629515 
-277.78157062629515 
-277.78157062629464 
-277.7815706262932 
-277.7815706263014 
-277.78157062630106 
-277.7815706263014 
-277.78157062630254 
-277.78157062629697 
-277.7815706262915 
-277.78157062628605 
-277.78157062628037 
-277.7815706262748 
-277.7815706262691 
-277.78157062626354 
-277.78157062625786 
-277.78157062625206 
-277.78157062624615 
-277.78157062624047 
-277.7815706262351 
-277.78157062622967 
-277.7815706262238 
-277.7815706262184 
-277.78157062621307 
-277.78157062620716 
-277.78157062620187 
-277.78157062619607 
-277.78157062619056 
-277.7815706261849 
-277.78157062617964 
-277.7815706261741 
-277.7815706261684 
-277.7815706261627 
-277.78157062615713 
-277.7815706261515 
-277.78157062614576 
-277.78157062613985 
-277.7815706261338 
-277.78157062612826 
-277.7815706261227 
-277.78157062611734 
-277.7815706261119 
-277.781570626106 
-277.7815706261004 
-277.78157062609495 
-277.7815706260895 
-277.78157062608403 
-277.7815706260788 
-277.7815706260731 
-277.78157062606766 
-277.781570626062 
-277.78157062605663 
-277.78157062605084 
-277.78157062604504 
-277.7815706260399 
-277.7815706260346 
-277.781570626029 
-277.7815706260233 
-277.7815706260174 
-277.7815706260122 
-277.7815706260067 
-277.78157062600104 
-277.78157062599536 
-277.7815706259898 
-277.7815706259841 
-277.7815706259784 
-277.78157062597296 
-277.7815706259674 
-277.78157062596193 
-277.78157062595636 
-277.7815706259507 
-277.781570625945 
-277.7815706259393 
-277.78157062593385 
-277.78157062592805 
-277.78157062592135 
-277.78157062592146 
-277.7815706259216 
-277.7815706259215 
-277.78157062592135 
-277.78157062592123 
-277.78157062592135 
-277.78157062592135 
-277.78157062592237 
-277.78157062591663 
-277.7815706259111 
-277.7815706259052 
-277.7815706259 
-277.78157062589463 
-277.7815706258895 
-277.78157062588394 
-277.7815706258795 
-277.7815706258753 
-277.7815706258712 
-277.7815706258669 
-277.7815706258619 
-277.78157062585757 
-277.7815706258529 
-277.7815706258479 
-277.78157062584324 
-277.7815706258381 
-277.7815706258332 
-277.78157062582824 
-277.78157062582346 
-277.78157062581835 
-277.78157062581346 
-277.7815706258086 
-277.78157062580334 
-277.7815706257982 
-277.7815706257929 
-277.78157062578765 
-277.7815706257823 
-277.7815706257773 
-277.7815706257721 
-277.78157062576673 
-277.78157062576173 
-277.7815706257566 
-277.7815706257514 
-277.7815706257459 
-277.7815706257409 
-277.7815706257356 
-277.78157062573024 
-277.781570625725 
-277.78157062571944 
-277.7815706257143 
-277.781570625709 
-277.78157062570375 
-277.7815706256984 
-277.78157062569284 
-277.7815706256875 
-277.78157062568204 
-277.7815706256767 
-277.78157062567146 
-277.78157062566623 
-277.7815706256611 
-277.7815706256559 
-277.7815706256503 
-277.78157062564486 
-277.7815706256392 
-277.7815706256337 
-277.7815706256284 
-277.7815706256226 
-277.7815706256169 
-277.78157062561166 
-277.78157062560575 
-277.7815706256002 
-277.7815706255946 
-277.78157062558915 
-277.7815706255838 
-277.78157062557824 
-277.78157062557256 
-277.7815706255673 
-277.78157062556204 
-277.78157062555664 
-277.7815706255512 
-277.7815706255455 
-277.7815706255396 
-277.78157062553356 
-277.78157062552765 
-277.78157062552094 
-277.7815706255215 
-277.7815706255216 
-277.7815706255223 
-277.7815706255147 
-277.7815706255165 
-277.78157062551736 
-277.78157062551776 
-277.78157062551725 
-277.7815706255164 
-277.7815706255156 
-277.7815706255139 
-277.78157062551196 
-277.7815706255168 
-277.781570625523 
-277.78157062551935 
-277.78157062551674 
-277.78157062551344 
-277.781570625516 
-277.7815706255196 
-277.7815706255164 
-277.78157062552674 
-277.78157062550525 
-277.7815706255266 
-277.78157062551594 
-277.7815706255197 
-277.7815706255158 
-277.7815706255131 
-277.7815706255163 
-277.78157062551895 
-277.7815706255224 
-277.78157062551617 
-277.78157062551173 
-277.781570625514 
-277.7815706255158 
-277.78157062551674 
-277.78157062551765 
-277.7815706255179 
-277.7815706255179 
-277.7815706255173 
-277.7815706255157 
-277.78157062552367 
-277.78157062552333 
-277.78157062552333 
-277.78157062552367 
-277.78157062552367 
-277.7815706255239 
-277.78157062552447 
-277.7815706255248 
-277.7815706255254 
-277.7815706255255 
-277.7815706255257 
-277.78157062552583 
-277.7815706255262 
-277.7815706255264 
-277.78157062552674 
-277.78157062552674 
-277.7815706255271 
-277.7815706255274 
-277.7815706255279 
-277.7815706255282 
-277.7815706255282 
-277.781570625529 
-277.7815706255298 
-277.78157062553015 
-277.7815706255304 
-277.7815706255306 
-277.78157062553106 
-277.7815706255314 
-277.78157062553163 
-277.78157062553186 
-277.7815706255322 
-277.7815706255324 
-277.78157062553265 
-277.7815706255332 
-277.78157062553345 
-277.7815706255339 
-277.78157062553436 
-277.78157062553447 
-277.7815706255347 
-277.7815706255349 
-277.7815706255354 
-277.7815706255356 
-277.78157062553584 
-277.7815706255363 
-277.7815706255365 
-277.7815706255372 
-277.7815706255374 
-277.78157062553765 
-277.78157062553777 
-277.7815706255381 
-277.7815706255382 
-277.7815706255386 
-277.781570625539 
-277.7815706255395 
-277.7815706255397 
-277.78157062554004 
-277.7815706255405 
-277.7815706255406 
-277.78157062554084 
-277.7815706255414 
-277.7815706255415 
-277.781570625542 
-277.7815706255423 
-277.78157062554254 
-277.7815706255427 
-277.781570625543 
-277.78157062554305 
-277.78157062554357 
-277.78157062554436 
-277.7815706255447 
-277.78157062554493 
-277.78157062554493 
-277.78157062554544 
-277.7815706255457 
-277.78157062554595 
-277.78157062554607 
-277.7815706255463 
-277.7815706255471 
-277.7815706255472 
-277.7815706255473 
-277.7815706255472 
-277.78157062554754 
-277.78157062554766 
-277.78157062554794 
-277.78157062554845 
-277.7815706255488 
-277.78157062554885 
-277.78157062554897 
-277.78157062554914 
-277.78157062554936 
-277.7815706255496 
-277.78157062554976 
-277.7815706255503 
-277.7815706255505 
-277.7815706255507 
-277.7815706255512 
-277.78157062555164 
-277.78157062555175 
-277.7815706255521 
-277.7815706255523 
-277.78157062555255 
-277.7815706255528 
-277.7815706255533 
-277.7815706255537 
-277.7815706255538 
-277.7815706255545 
-277.78157062555493 
-277.78157062555516 
-277.7815706255554 
-277.7815706255554 
-277.78157062555573 
-277.7815706255564 
-277.7815706255568 
-277.7815706255571 
-277.78157062555755 
-277.7815706255578 
-277.7815706255578 
-277.781570625558 
-277.78157062555835 
-277.7815706255588 
-277.7815706255592 
-277.7815706255595 
-277.7815706255598 
-277.7815706255598 
-277.78157062556016 
-277.7815706255605 
-277.7815706255611 
-277.7815706255615 
-277.7815706255618 
-277.7815706255621 
-277.7815706255621 
-277.78157062556244 
-277.7815706255629 
-277.7815706255628 
-277.7815706255629 
-277.78157062556335 
-277.78157062556346 
-277.7815706255639 
-277.78157062556414 
-277.7815706255647 
-277.78157062556494 
-277.7815706255648 
-277.78157062556505 
-277.78157062556505 
-277.78157062556505 
-277.78157062556505 
-277.78157062556505 
-277.78157062556517 
-277.7815706255655 
-277.7815706255655 
-277.7815706255655 
-277.7815706255656 
-277.78157062556573 
-277.78157062556585 
-277.7815706255658 
-277.78157062556613 
-277.7815706255661 
-277.7815706255661 
-277.78157062556653 
-277.78157062555874 
-277.7815706255606 
-277.78157062556164 
-277.78157062556187 
-277.7815706255621 
-277.78157062556176 
-277.7815706255607 
-277.78157062555925 
-277.781570625557 
-277.7815706255617 
-277.78157062556824 
-277.78157062556477 
-277.78157062556176 
-277.78157062555846 
-277.78157062556073 
-277.78157062556403 
-277.78157062556016 
-277.78157062557096 
-277.7815706255495 
-277.7815706255711 
-277.7815706255605 
-277.78157062556403 
-277.78157062556073 
-277.78157062555823 
-277.78157062556164 
-277.7815706255647 
-277.781570625568 
-277.7815706255612 
-277.7815706255562 
-277.78157062555835 
-277.78157062556005 
-277.7815706255611 
-277.7815706255613 
-277.78157062556113 
-277.78157062556085 
-277.78157062555977 
-277.781570625558 
-277.7815706255661 
-277.7815706255653 
-277.7815706255655 
-277.78157062556556 
-277.7815706255653 
-277.7815706255654 
-277.7815706255656 
-277.7815706255653 
-277.78157062556517 
-277.7815706255652 
-277.78157062556517 
-277.78157062556517 
-277.78157062556517 
-277.7815706255654 
-277.7815706255655 
-277.7815706255655 
-277.7815706255656 
-277.78157062556573 
-277.78157062556573 
-277.7815706255654 
-277.78157062556505 
-277.78157062556494 
-277.78157062556517 
-277.78157062556494 
-277.78157062556494 
-277.78157062556494 
-277.78157062556494 
-277.7815706255648 
-277.78157062556426 
-277.7815706255641 
-277.7815706255639 
-277.7815706255639 
-277.7815706255636 
-277.7815706255637 
-277.78157062556346 
-277.78157062556335 
-277.7815706255634 
-277.781570625563 
-277.781570625563 
-277.7815706255629 
-277.78157062556255 
-277.78157062556267 
-277.7815706255628 
-277.78157062556255 
-277.7815706255623 
-277.7815706255618 
-277.781570625562 
-277.7815706255617 
-277.7815706255612 
-277.7815706255613 
-277.78157062556096 
-277.78157062556085 
-277.78157062556096 
-277.7815706255606 
-277.7815706255604 
-277.7815706255603 
-277.7815706255603 
-277.78157062556033 
-277.7815706255604 
-277.78157062556033 
-277.78157062556056 
-277.78157062556016 
-277.78157062555994 
-277.7815706255598 
-277.7815706255597 
-277.78157062555977 
-277.7815706255597 
-277.7815706255596 
-277.7815706255596 
-277.7815706255597 
-277.78157062555925 
-277.781570625559 
-277.7815706255589 
-277.7815706255589 
-277.781570625559 
-277.7815706255589 
-277.7815706255589 
-277.781570625559 
-277.7815706255586 
-277.7815706255585 
-277.78157062555846 
-277.7815706255587 
-277.78157062555835 
-277.7815706255581 
-277.78157062555823 
-277.7815706255579 
-277.781570625558 
-277.7815706255579 
-277.7815706255579 
-277.78157062555766 
-277.78157062555766 
-277.78157062555755 
-277.7815706255572 
-277.7815706255575 
-277.7815706255572 
-277.7815706255572 
-277.7815706255571 
-277.7815706255569 
-277.7815706255567 
-277.78157062555687 
-277.78157062555675 
-277.78157062555664 
-277.7815706255565 
-277.78157062555664 
-277.7815706255566 
-277.7815706255564 
-277.78157062555607 
-277.78157062555607 
-277.78157062555596 
-277.78157062555607 
-277.78157062555584 
-277.78157062555596 
-277.78157062555573 
-277.78157062555584 
-277.7815706255556 
-277.7815706255555 
-277.78157062555545 
-277.78157062555573 
-277.78157062555573 
-277.78157062555573 
-277.78157062555584 
-277.7815706255558 
-277.78157062555584 
-277.78157062555596 
-277.7815706255561 
-277.78157062555596 
-277.78157062555584 
-277.78157062555596 
-277.7815706255556 
-277.7815706255553 
-277.78157062555505 
-277.78157062555493 
-277.7815706255548 
-277.78157062555476 
-277.7815706255548 
-277.7815706255547 
-277.78157062555465 
-277.78157062555425 
-277.78157062555414 
-277.7815706255537 
-277.7815706255537 
-277.78157062555334 
-277.78157062555357 
-277.7815706255531 
-277.781570625553 
-277.78157062555323 
-277.78157062555306 
-277.7815706255531 
-277.781570625553 
-277.78157062555346 
-277.78157062555334 
-277.78157062555306 
-277.78157062555334 
-277.7815706255531 
-277.78157062555334 
-277.7815706255533 
-277.78157062555334 
-277.7815706255537 
-277.78157062555414 
-277.78157062554584 
-277.7815706255478 
-277.7815706255488 
-277.78157062554897 
-277.7815706255487 
-277.7815706255479 
-277.78157062554703 
-277.78157062554516 
-277.7815706255429 
-277.7815706255473 
-277.781570625554 
-277.7815706255506 
-277.7815706255479 
-277.7815706255446 
-277.781570625547 
-277.7815706255506 
-277.78157062554686 
-277.7815706255576 
-277.78157062553595 
-277.78157062555755 
-277.78157062554686 
-277.7815706255504 
-277.78157062554675 
-277.7815706255444 
-277.7815706255479 
-277.78157062555044 
-277.7815706255539 
-277.78157062554743 
-277.78157062554266 
-277.7815706255447 
-277.7815706255464 
-277.78157062554743 
-277.7815706255482 
-277.78157062554874 
-277.78157062554834 
-277.7815706255473 
-277.7815706255455 
-277.7815706255537 
-277.78157062555334 
-277.7815706255533 
-277.7815706255531 
-277.7815706255531 
-277.781570625553 
-277.78157062555323 
-277.78157062555334 
-277.7815706255537 
-277.7815706255538 
-277.78157062555346 
-277.78157062555334 
-277.78157062555346 
-277.78157062555346 
-277.7815706255535 
-277.7815706255537 
-277.78157062555397 
-277.7815706255537 
-277.78157062555414 
-277.78157062555414 
-277.7815706255546 
-277.7815706255548 
-277.78157062555505 
-277.7815706255553 
-277.7815706255555 
-277.7815706255556 
-277.78157062555573 
-277.7815706255562 
-277.7815706255564 
-277.7815706255565 
-277.78157062555675 
-277.781570625557 
-277.781570625557 
-277.7815706255573 
-277.7815706255573 
-277.78157062555744 
-277.7815706255571 
-277.78157062555704 
-277.78157062555744 
-277.7815706255571 
-277.7815706255572 
-277.78157062555755 
-277.78157062555744 
-277.78157062555755 
-277.78157062555766 
-277.7815706255579 
-277.7815706255579 
-277.7815706255581 
-277.7815706255581 
-277.78157062555823 
-277.78157062555835 
-277.78157062555835 
-277.78157062555823 
-277.7815706255587 
-277.7815706255588 
-277.7815706255589 
-277.7815706255588 
-277.781570625559 
-277.78157062555954 
-277.7815706255597 
-277.7815706255598 
-277.78157062556016 
-277.7815706255606 
-277.78157062556096 
-277.7815706255611 
-277.7815706255612 
-277.7815706255611 
-277.7815706255612 
-277.7815706255612 
-277.7815706255613 
-277.78157062556164 
-277.78157062556187 
-277.781570625562 
-277.781570625562 
-277.7815706255623 
-277.78157062556244 
-277.7815706255628 
-277.7815706255629 
-277.78157062556267 
-277.78157062556267 
-277.781570625563 
-277.78157062556346 
-277.7815706255631 
-277.7815706255631 
-277.78157062556323 
-277.7815706255632 
-277.7815706255636 
-277.7815706255639 
-277.78157062556414 
-277.7815706255645 
-277.7815706255645 
-277.7815706255646 
-277.78157062556454 
-277.7815706255646 
-277.7815706255647 
-277.7815706255647 
-277.7815706255648 
-277.7815706255653 
-277.7815706255658 
-277.78157062556573 
-277.78157062556585 
-277.78157062556596 
-277.78157062556596 
-277.7815706255657 
-277.7815706255656 
-277.78157062556573 
-277.7815706255661 
-277.781570625566 
-277.7815706255661 
-277.7815706255663 
-277.7815706255663 
-277.7815706255665 
-277.78157062556653 
-277.7815706255664 
-277.78157062556664 
-277.781570625567 
-277.78157062556716 
-277.7815706255672 
-277.7815706255671 
-277.7815706255672 
-277.78157062556727 
-277.78157062556755 
-277.78157062556784 
-277.7815706255679 
-277.781570625568 
-277.7815706255681 
-277.7815706255682 
-277.7815706255687 
-277.7815706255688 
-277.78157062556903 
-277.7815706255696 
-277.78157062557005 
-277.7815706255703 
-277.7815706255704 
-277.78157062557034 
-277.7815706255705 
-277.78157062557085 
-277.78157062557074 
-277.78157062557085 
-277.7815706255713 
-277.7815706255714 
-277.7815706255718 
-277.78157062557176 
-277.7815706255717 
-277.7815706255719 
-277.781570625572 
-277.78157062557233 
-277.7815706255722 
-277.78157062557244 
-277.7815706255725 
-277.7815706255728 
-277.7815706255731 
-277.7815706255736 
-277.7815706255735 
-277.78157062557335 
-277.78157062557347 
-277.7815706255737 
-277.78157062557386 
-277.7815706255747 
-277.78157062556676 
-277.7815706255688 
-277.7815706255699 
-277.78157062556994 
-277.78157062557017 
-277.7815706255698 
-277.78157062556903 
-277.78157062556727 
-277.7815706255655 
-277.7815706255709 
-277.78157062557773 
-277.7815706255746 
-277.78157062557165 
-277.78157062556824 
-277.7815706255712 
-277.7815706255747 
-277.78157062557113 
-277.7815706255819 
-277.78157062556005 
-277.78157062558165 
-277.7815706255711 
-277.7815706255747 
-277.7815706255711 
-277.7815706255684 
-277.7815706255719 
-277.7815706255744 
-277.78157062557733 
-277.7815706255705 
-277.7815706255654 
-277.78157062556744 
-277.781570625569 
-277.7815706255697 
-277.7815706255704 
-277.7815706255705 
-277.7815706255703 
-277.78157062556926 
-277.7815706255673 
-277.7815706255747 
-277.7815706255739 
-277.7815706255736 
-277.78157062557335 
-277.78157062557347 
-277.7815706255736 
-277.78157062557347 
-277.7815706255731 
-277.781570625573 
-277.78157062557267 
-277.78157062557256 
-277.78157062557244 
-277.78157062557256 
-277.7815706255721 
-277.7815706255719 
-277.78157062557153 
-277.7815706255712 
-277.78157062557153 
-277.7815706255714 
-277.7815706255712 
-277.7815706255711 
-277.7815706255711 
-277.78157062557074 
-277.7815706255706 
-277.78157062557017 
-277.78157062557 
-277.78157062557017 
-277.78157062557005 
-277.78157062556994 
-277.7815706255697 
-277.7815706255694 
-277.78157062556926 
-277.7815706255688 
-277.78157062556903 
-277.7815706255688 
-277.7815706255687 
-277.7815706255687 
-277.78157062556846 
-277.7815706255681 
-277.7815706255679 
-277.7815706255678 
-277.7815706255676 
-277.78157062556767 
-277.78157062556755 
-277.7815706255671 
-277.78157062556704 
-277.78157062556687 
-277.781570625567 
-277.78157062556676 
-277.7815706255664 
-277.7815706255664 
-277.7815706255662 
-277.7815706255662 
-277.78157062556625 
-277.78157062556596 
-277.7815706255662 
-277.7815706255661 
-277.7815706255661 
-277.78157062556573 
-277.7815706255656 
-277.7815706255655 
-277.78157062556505 
-277.7815706255649 
-277.7815706255648 
-277.7815706255649 
-277.7815706255648 
-277.7815706255647 
-277.7815706255647 
-277.78157062556494 
-277.7815706255647 
-277.7815706255645 
-277.7815706255645 
-277.78157062556414 
-277.78157062556375 
-277.78157062556375 
-277.78157062556346 
-277.7815706255631 
-277.781570625563 
-277.78157062556244 
-277.781570625562 
-277.78157062556176 
-277.78157062556164 
-277.7815706255615 
-277.7815706255611 
-277.78157062556096 
-277.7815706255606 
-277.7815706255604 
-277.78157062556016 
-277.78157062555994 
-277.7815706255597 
-277.7815706255595 
-277.7815706255593 
-277.78157062555925 
-277.78157062555914 
-277.781570625559 
-277.78157062555914 
-277.7815706255589 
-277.7815706255587 
-277.78157062555835 
-277.7815706255581 
-277.78157062555766 
-277.78157062555744 
-277.7815706255571 
-277.78157062555675 
-277.7815706255565 
-277.7815706255563 
-277.7815706255559 
-277.7815706255559 
-277.78157062555596 
-277.7815706255559 
-277.78157062555584 
-277.78157062555573 
-277.78157062555573 
-277.7815706255556 
-277.78157062555573 
-277.78157062555545 
-277.7815706255555 
-277.7815706255548 
-277.7815706255546 
-277.7815706255545 
-277.7815706255545 
-277.781570625554 
-277.7815706255539 
-277.7815706255539 
-277.78157062555357 
-277.78157062555357 
-277.7815706255535 
-277.78157062555323 
-277.78157062555334 
-277.7815706255531 
-277.7815706255531 
-277.781570625553 
-277.78157062555255 
-277.78157062555255 
-277.7815706255526 
-277.7815706255523 
-277.7815706255522 
-277.78157062555186 
-277.78157062555164 
-277.78157062555164 
-277.78157062555175 
-277.7815706255513 
-277.78157062555096 
-277.781570625551 
-277.7815706255508 
-277.7815706255507 
-277.7815706255507 
-277.7815706255507 
-277.78157062555084 
-277.78157062555084 
-277.7815706255506 
-277.7815706255506 
-277.7815706255504 
-277.7815706255505 
-277.7815706255504 
-277.7815706255505 
-277.7815706255505 
-277.7815706255503 
-277.7815706255506 
-277.7815706255423 
-277.781570625544 
-277.781570625545 
-277.78157062554504 
-277.7815706255448 
-277.78157062554425 
-277.78157062554334 
-277.78157062554163 
-277.7815706255396 
-277.7815706255448 
-277.7815706255513 
-277.7815706255478 
-277.78157062554504 
-277.7815706255413 
-277.78157062554357 
-277.78157062554754 
-277.78157062554425 
-277.7815706255547 
-277.7815706255332 
-277.78157062555493 
-277.78157062554413 
-277.7815706255478 
-277.781570625544 
-277.78157062554175 
-277.78157062554504 
-277.7815706255479 
-277.7815706255515 
-277.78157062554493 
-277.7815706255396 
-277.7815706255415 
-277.7815706255431 
-277.7815706255438 
-277.7815706255443 
-277.7815706255445 
-277.7815706255443 
-277.78157062554345 
-277.78157062554175 
-277.78157062555016 
-277.7815706255497 
-277.78157062555005 
-277.78157062554993 
-277.7815706255497 
-277.78157062555005 
-277.7815706255496 
-277.7815706255497 
-277.7815706255496 
-277.78157062554993 
-277.78157062555 
-277.7815706255498 
-277.7815706255496 
-277.7815706255497 
-277.7815706255498 
-277.78157062555016 
-277.78157062555005 
-277.7815706255505 
-277.78157062555084 
-277.78157062555084 
-277.78157062555084 
-277.78157062555107 
-277.7815706255512 
-277.7815706255514 
-277.7815706255515 
-277.78157062555175 
-277.78157062555164 
-277.78157062555175 
-277.78157062555186 
-277.7815706255522 
-277.78157062555243 
-277.7815706255524 
-277.78157062555266 
-277.78157062555255 
-277.78157062555266 
-277.7815706255531 
-277.78157062555357 
-277.7815706255538 
-277.78157062555385 
-277.781570625554 
-277.78157062555414 
-277.78157062555437 
-277.78157062555493 
-277.7815706255548 
-277.7815706255548 
-277.7815706255546 
-277.7815706255547 
-277.7815706255548 
-277.78157062555505 
-277.78157062555505 
-277.78157062555493 
-277.7815706255553 
-277.7815706255556 
-277.78157062555584 
-277.7815706255563 
-277.78157062555675 
-277.7815706255571 
-277.7815706255572 
-277.781570625557 
-277.78157062555755 
-277.7815706255578 
-277.7815706255579 
-277.78157062555823 
-277.78157062555835 
-277.78157062555846 
-277.7815706255586 
-277.7815706255589 
-277.781570625559 
-277.7815706255594 
-277.7815706255595 
-277.7815706255598 
-277.7815706255602 
-277.7815706255603 
-277.7815706255605 
-277.7815706255606 
-277.7815706255609 
-277.7815706255616 
-277.78157062556176 
-277.781570625562 
-277.78157062556215 
-277.78157062556244 
-277.7815706255629 
-277.78157062556323 
-277.78157062556346 
-277.7815706255636 
-277.78157062556346 
-277.78157062556363 
-277.7815706255638 
-277.7815706255639 
-277.78157062556414 
-277.78157062556426 
-277.78157062556414 
-277.78157062556437 
-277.78157062556437 
-277.7815706255646 
-277.78157062556454 
-277.7815706255646 
-277.7815706255647 
-277.78157062556477 
-277.781570625565 
-277.78157062556505 
-277.7815706255654 
-277.7815706255654 
-277.78157062556585 
-277.78157062556573 
-277.78157062556596 
-277.78157062556585 
-277.78157062556596 
-277.7815706255663 
-277.7815706255663 
-277.7815706255664 
-277.78157062556704 
-277.781570625567 
-277.7815706255673 
-277.78157062556755 
-277.781570625568 
-277.78157062556824 
-277.78157062556824 
-277.7815706255686 
-277.78157062556903 
-277.7815706255691 
-277.7815706255694 
-277.7815706255697 
-277.7815706255699 
-277.78157062557005 
-277.7815706255703 
-277.78157062557005 
-277.7815706255704 
-277.7815706255705 
-277.78157062557074 
-277.78157062557096 
-277.78157062557113 
-277.7815706255713 
-277.7815706255711 
-277.7815706255713 
-277.7815706255715 
-277.7815706255714 
-277.78157062557193 
-277.78157062557176 
-277.7815706255718 
-277.781570625572 
-277.78157062557216 
-277.7815706255721 
-277.78157062557256 
-277.7815706255727 
-277.7815706255729 
-277.7815706255729 
-277.7815706255729 
-277.7815706255731 
-277.78157062557324 
-277.7815706255736 
-277.7815706255737 
-277.7815706255739 
-277.78157062557403 
-277.78157062557403 
-277.7815706255739 
-277.7815706255739 
-277.78157062557415 
-277.7815706255746 
-277.781570625567 
-277.7815706255688 
-277.7815706255697 
-277.7815706255699 
-277.7815706255696 
-277.78157062556915 
-277.7815706255683 
-277.78157062556664 
-277.78157062556437 
-277.7815706255694 
-277.7815706255761 
-277.7815706255729 
-277.7815706255704 
-277.7815706255671 
-277.7815706255695 
-277.78157062557284 
-277.78157062556915 
-277.7815706255795 
-277.78157062555823 
-277.7815706255797 
-277.78157062556915 
-277.781570625573 
-277.78157062556954 
-277.7815706255672 
-277.78157062557017 
-277.7815706255729 
-277.7815706255765 
-277.7815706255697 
-277.7815706255647 
-277.7815706255669 
-277.7815706255684 
-277.7815706255694 
-277.7815706255699 
-277.7815706255704 
-277.78157062557005 
-277.78157062556915 
-277.78157062556744 
-277.7815706255756 
-277.7815706255755 
-277.7815706255755 
-277.78157062557545 
-277.7815706255753 
-277.78157062557506 
-277.78157062557517 
-277.7815706255747 
-277.7815706255747 
-277.78157062557483 
-277.7815706255747 
-277.7815706255745 
-277.7815706255745 
-277.7815706255746 
-277.7815706255745 
-277.78157062557426 
-277.7815706255743 
-277.7815706255739 
-277.7815706255737 
-277.7815706255736 
-277.7815706255736 
-277.7815706255737 
-277.7815706255736 
-277.7815706255736 
-277.7815706255737 
-277.78157062557403 
-277.7815706255739 
-277.7815706255737 
-277.78157062557364 
-277.78157062557335 
-277.7815706255735 
-277.78157062557324 
-277.7815706255728 
-277.7815706255726 
-277.7815706255728 
-277.78157062557244 
-277.7815706255723 
-277.7815706255719 
-277.78157062557176 
-277.78157062557176 
-277.7815706255714 
-277.7815706255711 
-277.78157062557113 
-277.78157062557096 
-277.7815706255704 
-277.78157062557005 
-277.7815706255698 
-277.7815706255698 
-277.7815706255696 
-277.78157062556954 
-277.7815706255694 
-277.78157062556926 
-277.7815706255689 
-277.78157062556903 
-277.7815706255687 
-277.7815706255689 
-277.78157062556835 
-277.7815706255684 
-277.78157062556824 
-277.7815706255679 
-277.78157062556767 
-277.78157062556755 
-277.78157062556744 
-277.7815706255672 
-277.78157062556716 
-277.781570625567 
-277.7815706255672 
-277.7815706255672 
-277.78157062556704 
-277.78157062556676 
-277.78157062556653 
-277.7815706255666 
-277.7815706255663 
-277.7815706255663 
-277.7815706255661 
-277.78157062556573 
-277.7815706255657 
-277.7815706255656 
-277.7815706255654 
-277.7815706255653 
-277.7815706255653 
-277.78157062556517 
-277.7815706255648 
-277.7815706255646 
-277.78157062556437 
-277.78157062556437 
-277.78157062556437 
-277.78157062556437 
-277.78157062556403 
-277.78157062556426 
-277.7815706255645 
-277.78157062556414 
-277.7815706255638 
-277.7815706255636 
-277.78157062556346 
-277.7815706255631 
-277.78157062556323 
-277.7815706255628 
-277.781570625563 
-277.7815706255628 
-277.78157062556267 
-277.78157062556267 
-277.78157062556267 
-277.78157062556244 
-277.781570625562 
-277.781570625562 
-277.78157062556147 
-277.7815706255612 
-277.78157062556085 
-277.7815706255605 
-277.78157062556073 
-277.7815706255604 
-277.7815706255603 
-277.78157062556016 
-277.78157062556016 
-277.78157062556005 
-277.78157062556016 
-277.7815706255598 
-277.78157062555937 
-277.78157062555937 
-277.78157062555925 
-277.781570625559 
-277.7815706255589 
-277.7815706255588 
-277.78157062555846 
-277.78157062555823 
-277.78157062555823 
-277.7815706255581 
-277.7815706255579 
-277.7815706255578 
-277.7815706255572 
-277.7815706255572 
-277.7815706255572 
-277.78157062555687 
-277.78157062555675 
-277.78157062555675 
-277.7815706255565 
-277.7815706255564 
-277.7815706255564 
-277.7815706255565 
-277.7815706255564 
-277.7815706255562 
-277.78157062555584 
-277.78157062555573 
-277.7815706255555 
-277.7815706255553 
-277.78157062555505 
-277.7815706255554 
-277.7815706255556 
-277.7815706255554 
-277.78157062555516 
-277.78157062555516 
-277.78157062555493 
-277.781570625555 
-277.7815706255548 
-277.78157062555505 
-277.7815706255547 
-277.78157062555425 
-277.7815706255548 
-277.78157062554686 
-277.7815706255488 
-277.7815706255496 
-277.7815706255497 
-277.7815706255495 
-277.7815706255489 
-277.781570625548 
-277.7815706255465 
-277.7815706255446 
-277.78157062554936 
-277.78157062555584 
-277.7815706255522 
-277.7815706255495 
-277.78157062554607 
-277.78157062554845 
-277.78157062555186 
-277.7815706255486 
-277.7815706255588 
-277.7815706255371 
-277.78157062555863 
-277.7815706255481 
-277.78157062555175 
-277.78157062554845 
-277.7815706255463 
-277.7815706255497 
-277.78157062555266 
-277.78157062555596 
-277.7815706255497 
-277.78157062554516 
-277.7815706255472 
-277.7815706255489 
-277.7815706255497 
-277.7815706255503 
-277.7815706255506 
-277.78157062555084 
-277.78157062554993 
-277.7815706255481 
-277.78157062555573 
-277.78157062555516 
-277.7815706255554 
-277.78157062555584 
-277.7815706255555 
-277.7815706255556 
-277.78157062555596 
-277.7815706255562 
-277.7815706255561 
-277.7815706255564 
-277.7815706255565 
-277.7815706255565 
-277.78157062555607 
-277.7815706255564 
-277.7815706255565 
-277.7815706255564 
-277.78157062555664 
-277.781570625557 
-277.78157062555726 
-277.7815706255573 
-277.7815706255571 
-277.7815706255571 
-277.7815706255571 
-277.7815706255573 
-277.78157062555744 
-277.78157062555744 
-277.78157062555766 
-277.7815706255578 
-277.78157062555766 
-277.7815706255581 
-277.78157062555806 
-277.78157062555823 
-277.7815706255584 
-277.78157062555846 
-277.78157062555846 
-277.7815706255586 
-277.7815706255586 
-277.7815706255589 
-277.78157062555937 
-277.7815706255595 
-277.7815706255595 
-277.7815706255599 
-277.78157062556016 
-277.7815706255603 
-277.78157062556073 
-277.78157062556073 
-277.78157062556085 
-277.78157062556096 
-277.7815706255613 
-277.78157062556124 
-277.78157062556187 
-277.7815706255621 
-277.78157062556227 
-277.78157062556267 
-277.78157062556267 
-277.7815706255629 
-277.7815706255633 
-277.7815706255631 
-277.78157062556335 
-277.7815706255638 
-277.7815706255638 
-277.7815706255639 
-277.78157062556426 
-277.7815706255643 
-277.7815706255647 
-277.7815706255647 
-277.7815706255647 
-277.7815706255648 
-277.7815706255653 
-277.7815706255648 
-277.7815706255648 
-277.7815706255648 
-277.78157062556505 
-277.78157062556505 
-277.78157062556517 
-277.78157062556505 
-277.78157062556505 
-277.78157062556517 
-277.78157062556505 
-277.78157062556505 
-277.78157062556517 
-277.7815706255653 
-277.78157062556545 
-277.7815706255656 
-277.78157062556625 
-277.78157062556653 
-277.78157062556664 
-277.78157062556687 
-277.7815706255669 
-277.7815706255671 
-277.7815706255673 
-277.78157062556767 
-277.7815706255678 
-277.78157062556755 
-277.78157062556744 
-277.78157062556744 
-277.78157062556744 
-277.78157062556755 
-277.78157062556795 
-277.78157062556824 
-277.78157062556863 
-277.7815706255688 
-277.78157062556846 
-277.7815706255688 
-277.78157062556875 
-277.7815706255689 
-277.78157062556915 
-277.78157062556954 
-277.7815706255696 
-277.7815706255697 
-277.78157062556994 
-277.7815706255697 
-277.7815706255696 
-277.7815706255694 
-277.7815706255694 
-277.7815706255698 
-277.7815706255698 
-277.7815706255697 
-277.78157062556994 
-277.78157062557017 
-277.7815706255703 
-277.7815706255703 
-277.78157062557045 
-277.7815706255705 
-277.78157062557074 
-277.78157062557074 
-277.78157062557074 
-277.78157062557096 
-277.7815706255712 
-277.78157062557113 
-277.7815706255712 
-277.7815706255712 
-277.7815706255714 
-277.78157062557176 
-277.7815706255713 
-277.7815706255714 
-277.7815706255714 
-277.7815706255714 
-277.78157062557153 
-277.7815706255719 
-277.781570625572 
-277.7815706255721 
-277.78157062557244 
-277.7815706255722 
-277.78157062557233 
-277.78157062557244 
-277.78157062557233 
-277.78157062557244 
-277.78157062557256 
-277.7815706255729 
-277.78157062557267 
-277.7815706255727 
-277.7815706255731 
-277.7815706255731 
-277.7815706255733 
-277.78157062557335 
-277.78157062557335 
-277.7815706255737 
-277.78157062557415 
-277.78157062556596 
-277.78157062556755 
-277.7815706255686 
-277.78157062556903 
-277.78157062556846 
-277.7815706255679 
-277.78157062556716 
-277.7815706255656 
-277.7815706255636 
-277.7815706255686 
-277.7815706255754 
-277.7815706255717 
-277.78157062556903 
-277.7815706255659 
-277.78157062556824 
-277.78157062557165 
-277.78157062556755 
-277.781570625578 
-277.78157062555647 
