2 0.0037718076769157113 
3 -0.0026475284970601935 
4 0.0007100491998930518 
5 0.0001454959669480957 
6 -0.0001497734804413477 
7 -5.943797462981878e-06 
8 3.266226791802866e-05 
9 -2.123291077352314e-07 
10 -1.0288601322962263e-05 
11 8.87110321167115e-07 
12 3.896561645407453e-06 
13 -7.181748234841164e-07 
14 -1.6542572258511014e-06 
15 4.881246938210462e-07 
16 7.324120708985012e-07 
17 -3.1176426173300133e-07 
18 -3.3974650797951625e-07 
19 2.023791897653683e-07 
20 1.5369459859046367e-07 
21 -1.3469728921388643e-07 
22 -7.169888235281403e-08 
23 8.734295734929285e-08 
24 2.6276440766491097e-08 
25 -5.324093026335885e-08 
26 -1.1693620811311182e-08 
27 3.7345770057359465e-08 
28 5.864591666635105e-09 
29 -2.462899603701861e-08 
30 2.5139722128755754e-09 
31 1.1330237918720015e-08 
32 -1.7149930133047305e-09 
33 -5.283140065060058e-09 
34 1.1453719960550957e-08 
35 5.405231113466051e-09 
36 5.724542341223212e-09 
37 -5.513214202078887e-09 
38 -1.5215625282690164e-09 
39 1.6711109379898242e-09 
40 -3.745648602360504e-10 
41 -9.302797272997467e-10 
42 4.783410516616567e-10 
43 2.9554902097994397e-10 
44 -4.294549556799204e-10 
45 -1.1290108091918227e-12 
46 4.6088905349583583e-10 
47 -3.215362597134096e-10 
48 -2.8811656477552917e-10 
49 6.051586324929105e-11 
50 1.3446411710570707e-09 
51 -4.4863288265163037e-10 
52 -8.70032868354335e-09 
53 -2.620372423530932e-09 
54 4.9429125636089916e-09 
55 1.7253631101768747e-09 
56 -2.254481630799901e-09 
57 -4.895476361051709e-10 
58 2.0382915028143e-09 
59 -3.784035913706481e-10 
60 1.1238745693920082e-09 
61 -5.393703311209232e-10 
62 -3.2392411180454885e-10 
63 2.380311192011982e-10 
64 7.28067816053041e-11 
65 -2.135498286746347e-09 
66 2.259646648043052e-09 
67 1.2939883053952883e-09 
68 -3.2567986969186953e-09 
69 4.671382830608037e-09 
70 -1.6346175583800153e-09 
71 -2.757704347259807e-09 
72 4.749429014193817e-10 
73 7.286118679196129e-10 
74 -2.134486695116371e-10 
75 -7.074674548919845e-10 
76 3.4689470591001613e-10 
77 1.011605106107585e-09 
78 -7.285291793697002e-10 
79 -1.393903477765107e-09 
80 1.401564941881005e-09 
81 1.776360251015181e-09 
82 -2.6181923988346075e-09 
83 -2.25417814298412e-09 
84 4.598378523070169e-09 
85 2.655720603820682e-09 
86 -7.83121646076414e-09 
87 -2.4772444119638058e-09 
88 1.298623749077204e-08 
89 1.147727839802456e-09 
90 -2.1107211138618665e-08 
91 2.6695421475374504e-09 
92 3.387783237274178e-08 
93 -1.1746496411959798e-08 
94 -5.3709812480012435e-08 
95 3.129231902289594e-08 
96 8.474961933130869e-08 
97 -7.263568117573403e-08 
98 -1.3242389153501923e-07 
99 1.5809101439108256e-07 
100 2.065927595384931e-07 
101 -3.3996000109491956e-07 
102 -3.1636574068100165e-07 
103 7.318065672980401e-07 
104 4.794871519794105e-07 
105 -1.6401872157956188e-06 
106 -6.693550181531103e-07 
107 3.863294266953507e-06 
108 8.366804631371267e-07 
109 -1.0271321715253522e-05 
110 -1.8853636131557652e-07 
111 3.2664913573368076e-05 
112 -5.956008814632306e-06 
113 -0.00014977664869690556 
114 0.0001454989170752815 
115 0.0007100494762370354 
116 -0.002647529217235957 
117 0.0037718077087384363 
