2 3 0.014596226339828733 
3 4 0.017161858120915127 
4 5 0.018174415273199955 
5 6 0.01845583261018076 
6 7 0.018499137437912143 
7 8 0.018485770716705065 
8 9 0.018470410866567 
9 10 0.0184620898812898 
10 11 0.01845878930963705 
11 12 0.018457818920833223 
12 13 0.018457663216307152 
13 14 0.01845770557425388 
14 15 0.018457758188731868 
15 16 0.018457787480909475 
16 17 0.01845779933708789 
17 18 0.01845780291245521 
18 19 0.01845780352238383 
19 20 0.01845780338723462 
20 21 0.018457803201045463 
21 22 0.018457803092623855 
22 23 0.01845780303968042 
23 24 0.018457803005082735 
24 25 0.018457802981833776 
25 26 0.018457803036171984 
26 27 0.018457803504372844 
27 28 0.018457803896897815 
28 29 0.018457806526956756 
29 30 0.018457803418350266 
30 31 0.018457804318371785 
31 32 0.01845780248262462 
32 33 0.018457804848681484 
33 34 0.018457803986534013 
34 35 0.01845780131746843 
35 36 0.018457800584021432 
36 37 0.01845780115493939 
37 38 0.018457801860158586 
38 39 0.018457802349742133 
39 40 0.01845780290389642 
40 41 0.01845780224815366 
41 42 0.018457805809134184 
42 43 0.018457807083857265 
43 44 0.01845780323534366 
44 45 0.018457802169080762 
45 46 0.018457803184981376 
46 47 0.018457804014416226 
47 48 0.0184578042102228 
48 49 0.0184578040500628 
49 50 0.01845780379022085 
50 51 0.01845780355338498 
51 52 0.01845780337317044 
52 53 0.018457803248354436 
53 54 0.018457803166638684 
54 55 0.018457803115402113 
55 56 0.01845780308395195 
56 57 0.018457803065146293 
57 58 0.01845780305428108 
58 59 0.01845780304790719 
59 60 0.018457803041923737 
60 61 0.018457803033833313 
61 62 0.01845780302512331 
62 63 0.01845780298787516 
63 64 0.018457803172130315 
64 65 0.01845780353674409 
65 66 0.01845780421049331 
66 67 0.018457803371594705 
67 68 0.01845780226786578 
68 69 0.01845780161248117 
69 70 0.018457801634909565 
70 71 0.018457802142699438 
71 72 0.01845780263836236 
72 73 0.01845780301969078 
73 74 0.018457803160809198 
74 75 0.018457803137761294 
75 76 0.018457803401482065 
76 77 0.018457803113525555 
77 78 0.01845780286364448 
78 79 0.01845780318502457 
79 80 0.018457803019818805 
80 81 0.018457803104975128 
81 82 0.018457802817694262 
82 83 0.01845780243405087 
83 84 0.01845780236363397 
84 85 0.018457802470152065 
85 86 0.018457802642725625 
86 87 0.018457802803289916 
87 88 0.018457802851224364 
88 89 0.018457802939110847 
89 90 0.018457803052011168 
90 91 0.018457802998342116 
91 92 0.01845780296471847 
92 93 0.018457802911267064 
93 94 0.018457803020578405 
94 95 0.018457803197690734 
95 96 0.018457803153305207 
96 97 0.018457803369802798 
97 98 0.018457803048782504 
98 99 0.01845780344682501 
99 100 0.018457803512940695 
100 101 0.018457803346509292 
101 102 0.01845780262596819 
102 103 0.018457799207658648 
103 104 0.01845778752498576 
104 105 0.018457758336729968 
105 106 0.01845770576986834 
106 107 0.018457663406649616 
107 108 0.018457819087629074 
108 109 0.018458789488574892 
109 110 0.018462089479484935 
110 111 0.018470409974674026 
111 112 0.018485770469347084 
112 113 0.018499137745492802 
113 114 0.01845583292770142 
114 115 0.018174415133950104 
115 116 0.017161857806072486 
116 117 0.014596226284918168 
117 118 0.009946430204504026 
