2 -0.9100316708232623 
3 0.9047927146501286 
4 -0.9023902848752007 
5 0.9018217038900677 
6 -0.9017287025657943 
7 0.901745667170181 
8 -0.9017709169925693 
9 0.901784941447715 
10 -0.9017906518412121 
11 0.9017924233448326 
12 -0.9017927686945233 
13 0.9017927382887653 
14 -0.9017926661842249 
15 0.9017926220292816 
16 -0.9017926030368769 
17 0.9017925968551292 
18 -0.9017925955403785 
19 0.9017925955914792 
20 -0.9017925958267051 
21 0.9017925959795497 
22 -0.9017925960523611 
23 0.9017925960912535 
24 -0.9017925961213965 
25 0.9017925961264275 
26 -0.9017925960790364 
27 0.901792595205037 
28 -0.9017925945301669 
29 0.9017925910526609 
30 -0.9017925917222244 
31 0.9017925984928276 
32 -0.9017925960353153 
33 0.9017925949534754 
34 -0.9017925959424341 
35 0.9017925981797723 
36 -0.9017925982622134 
37 0.9017925974798986 
38 -0.9017925969246624 
39 0.9017925965919389 
40 -0.9017925960252796 
41 0.9017925989875708 
42 -0.901792589874962 
43 0.9017925930484407 
44 -0.901792595591654 
45 0.9017925961373575 
46 -0.9017925954493405 
47 0.9017925950973914 
48 -0.9017925951561018 
49 0.9017925953623122 
50 -0.9017925955779474 
51 0.9017925957479356 
52 -0.9017925958673922 
53 0.9017925959462744 
54 -0.9017925959962384 
55 0.9017925960266184 
56 -0.9017925960456129 
57 0.9017925960560887 
58 -0.9017925960622036 
59 0.9017925960664225 
60 -0.9017925960718278 
61 0.9017925960803853 
62 -0.90179259608016 
63 0.9017925960853059 
64 -0.9017925962343131 
65 0.9017925960670573 
66 -0.9017925955875193 
67 0.9017925965799548 
68 -0.901792597006371 
69 0.9017925972148508 
70 -0.9017925971649243 
71 0.9017925967995633 
72 -0.9017925963780953 
73 0.9017925960804267 
74 -0.9017925959737139 
75 0.9017925960251064 
76 -0.901792595927875 
77 0.90179259615637 
78 -0.9017925959389077 
79 0.9017925962598579 
80 -0.9017925959686777 
81 0.9017925964212593 
82 -0.9017925966134076 
83 0.9017925967483243 
84 -0.9017925966473481 
85 0.901792596498288 
86 -0.9017925963129299 
87 0.9017925962355172 
88 -0.9017925961956881 
89 0.9017925960890583 
90 -0.9017925960325218 
91 0.9017925961066294 
92 -0.9017925961198435 
93 0.901792596004594 
94 -0.9017925959145053 
95 0.9017925961535145 
96 -0.9017925956543893 
97 0.9017925961818858 
98 -0.9017925960229238 
99 0.9017925954212292 
100 -0.901792595184605 
101 0.9017925955944591 
102 -0.90179259705713 
103 0.9017926031339403 
104 -0.9017926219896341 
105 0.9017926660580564 
106 -0.9017927381230045 
107 0.9017927685355545 
108 -0.9017924231037667 
109 0.9017906516376065 
110 -0.9017849416648116 
111 0.9017709160222998 
112 -0.901745666966469 
113 0.901728702154695 
114 -0.9018217035643086 
115 0.9023902849515918 
116 -0.9047927148890902 
117 0.9100316709044758 
