-46719.60133972277 
-46723.62724653222 
-46729.16534657714 
-46730.130903046855 
-46734.60737023712 
-46740.08268547365 
-46742.5624952771 
-46744.314227476905 
-46750.499474939104 
-46754.308129214405 
-46755.26189181084 
-46760.623496116226 
-46765.985108996516 
-46766.96235584975 
-46772.54920749877 
-46777.649095157634 
-46779.66907079705 
-46782.04864050792 
-46788.28164668984 
-46791.78164242723 
-46792.91959695213 
-46798.262966990784 
-46803.283525043415 
-46804.295953812194 
-46810.121455496694 
-46814.99080088298 
-46816.59440006454 
-46819.780080613054 
-46825.82517266301 
-46828.905959468095 
-46830.2313249834 
-46835.85114784886 
-46840.45305136664 
-46841.426538724074 
-46847.231602381515 
-46851.98256235562 
-46853.272581583566 
-46857.29012712404 
-46862.87297730997 
-46865.75171523222 
-46867.374727546514 
-46872.92759629455 
-46877.87490954883 
-46879.058887955376 
-46883.18535754835 
-46889.92568761254 
-46891.3301434323 
-46894.01494145293 
-46901.40653975521 
-46903.056137396685 
-46906.58724559095 
-46912.00496924392 
-46921.669213877765 
-46924.3650582991 
-46932.58159907066 
-46942.41213137122 
-46953.675847143146 
-46953.67584714315 
-46953.67584714289 
-46953.67584714315 
-46953.67584714313 
-46954.071052605796 
-46954.44955008769 
-46954.772494575496 
-46954.99098203461 
-46955.57504601669 
-46955.99680204957 
-46956.46317006648 
-46956.83370361361 
-46957.12831690087 
-46957.470149525696 
-46957.72367376175 
-46957.97146415924 
-46958.22241178772 
-46958.44634858873 
-46958.73805658438 
-46958.97288933688 
-46959.2314697312 
-46959.52010602088 
-46959.85042352628 
-46960.08608196558 
-46960.36940268196 
-46960.69374058526 
-46960.94709938115 
-46961.219429900535 
-46961.5892109321 
-46961.83860060209 
-46962.13482458768 
-46962.475140238435 
-46962.81158351803 
-46963.07143553779 
-46963.396931432726 
-46963.74654529024 
-46964.02537694017 
-46964.316655738956 
-46964.68547582497 
-46964.938146723915 
-46965.2370741051 
-46965.6054359115 
-46965.91509222647 
-46966.17562005414 
-46966.51453261706 
-46966.863932870285 
-46967.124003002384 
-46967.38608229268 
-46967.75869494215 
-46968.00318388558 
-46968.28744820476 
-46968.64504408243 
-46968.88978949963 
-46969.11767439909 
-46969.376311338114 
-46969.60264808117 
-46969.790576699335 
-46969.93271152822 
-46969.932711528214 
-46971.084541955715 
-46976.96746435101 
-46982.61006726982 
-46983.71421947389 
-46989.482832653324 
-46994.86447409259 
-46997.01235788301 
-46999.06926466878 
-47005.412425764654 
-47008.93886485378 
-47009.99987443339 
-47015.82402527767 
-47020.99734447827 
-47021.9076170272 
-47028.073773622 
-47033.052930495236 
-47034.86701121711 
-47037.455623415444 
-47043.64054785617 
-47046.91994554253 
-47048.108508123296 
-47053.622713945086 
-47058.527756781405 
-47059.52283740293 
-47065.65541350736 
-47070.42929907612 
-47071.92814853286 
-47075.282756893124 
-47081.2597276087 
-47084.19116223145 
-47085.55593266779 
-47091.24361305247 
-47095.75390288947 
-47096.721078930095 
-47102.68834275863 
-47107.37470496218 
-47108.61095027324 
-47112.75532964397 
-47118.29225219272 
-47121.069646745935 
-47122.72155146317 
-47128.30423387596 
-47133.181766364476 
-47134.359643552685 
-47138.54004909861 
-47145.29828909414 
-47146.676864589936 
-47149.38691746203 
-47156.837065991305 
-47158.46369953995 
-47162.040182918005 
-47167.4644060133 
-47177.03362327229 
-47179.76124548176 
-47187.95033353895 
-47197.76965284322 
-47208.96299831457 
-47208.96299831458 
-47208.96299831443 
-47208.962998314586 
-47208.96299831464 
-47209.35888135752 
-47209.73830911116 
-47210.06105784374 
-47210.27988576955 
-47210.85847015859 
-47211.281027959856 
-47211.74195318672 
-47212.10956015096 
-47212.405868477596 
-47212.74536548646 
-47212.998390742425 
-47213.2479233502 
-47213.49767647919 
-47213.72304940138 
-47214.01592187464 
-47214.25237380465 
-47214.512168727444 
-47214.794796979695 
-47215.12782703935 
-47215.36240413561 
-47215.63618386309 
-47215.96127861304 
-47216.20844408135 
-47216.48107810164 
-47216.85208190465 
-47217.104349566485 
-47217.40269747318 
-47217.7336690649 
-47218.07808306924 
-47218.33809360017 
-47218.64981237463 
-47219.006267741766 
-47219.276858959136 
-47219.57242540319 
-47219.9538973151 
-47220.21506761945 
-47220.526440903435 
-47220.89610972104 
-47221.23411178663 
-47221.503783736815 
-47221.838924342774 
-47222.227304334476 
-47222.48800425727 
-47222.74444384748 
-47223.16601886743 
-47223.43169202082 
-47223.75909972289 
-47224.193176100685 
-47224.52861969789 
-47224.80912761656 
-47225.1867439583 
-47225.60360291385 
-47225.89749544811 
-47226.235218269816 
-47226.77178314933 
-47227.1270913054 
-47228.10189287661 
-47228.303957949065 
-47228.41485132435 
-47228.50521712048 
-47228.57268686729 
-47228.66202020297 
-47228.750456492984 
-47228.80465657068 
-47228.89860676184 
-47228.9864795502 
-47229.045458469416 
-47229.11629493683 
-47229.20857883495 
-47229.282428097904 
-47229.34752153344 
-47229.43372725667 
-47229.5222487565 
-47229.578426292006 
-47229.666918107934 
-47229.75345150959 
-47229.81111347899 
-47229.88436371482 
-47229.97024834892 
-47230.04045294393 
-47230.10673604744 
-47230.1935298686 
-47230.28162541342 
-47230.339889362614 
-47230.42516787868 
-47230.509088221595 
-47230.56294159512 
-47230.639217684395 
-47230.72063981223 
-47230.78350588774 
-47230.847847576806 
-47230.93043100466 
-47231.00893645268 
-47231.06480685251 
-47231.139929544894 
-47231.209409166004 
-47231.25639875438 
-47231.32740655465 
-47231.390666891166 
-47231.44418363901 
-47231.502642021325 
-47231.57260684604 
-47231.65146473715 
-47231.73201313015 
-47231.83640966859 
-47231.95577336267 
-47232.10197983997 
-47232.25796211535 
-47232.43506045404 
-47232.51012137061 
-47232.51012137057 
-47232.51012137062 
-47232.51012137068 
-47232.51012137057 
-47232.51012137077 
-47232.5101213706 
-47232.510121370695 
-47232.510121370666 
-47232.51061130437 
-47232.512937580126 
-47232.517454037945 
-47232.52619437726 
-47232.53788286009 
-47232.55474421453 
-47232.57285334275 
-47232.593447885796 
-47232.617505169655 
-47232.642391090616 
-47232.66219255684 
-47232.6829314351 
-47232.71028077154 
-47232.730063928604 
-47232.74717283867 
-47232.76940473786 
-47232.78747439499 
-47232.80364292637 
-47232.82367323751 
-47232.84248136928 
-47232.857024997655 
-47232.87388640417 
-47232.893278276635 
-47232.90729855004 
-47232.92163157148 
-47232.93996661036 
-47232.95347040009 
-47232.96720401443 
-47232.985539655965 
-47233.00157507705 
-47233.014651733705 
-47233.031302515614 
-47233.04841748189 
-47233.060618644326 
-47233.074914796896 
-47233.092460882384 
-47233.10436482496 
-47233.11752062947 
-47233.1356915632 
-47233.14997010824 
-47233.163163573634 
-47233.17998985739 
-47233.19565799309 
-47233.207361076406 
-47233.22110214568 
-47233.23557306475 
-47233.24553918925 
-47233.25530694031 
-47233.26688009801 
-47233.2741039669 
-47233.279591583974 
-47233.28438285783 
-47233.28438285784 
-47233.36912432218 
-47233.43176562418 
-47233.5038822761 
-47233.610905797286 
-47233.70126215527 
-47233.77174315497 
-47233.8713053786 
-47233.9704402862 
-47234.03048292476 
-47234.1332225919 
-47234.236699552916 
-47234.30215631877 
-47234.38116069108 
-47234.494734047 
-47234.576737150426 
-47234.65136911273 
-47234.7522072642 
-47234.851381846456 
-47234.91373639389 
-47235.01964903188 
-47235.120540752134 
-47235.184149976114 
-47235.269788712816 
-47235.37053784674 
-47235.448629667626 
-47235.52373821494 
-47235.62359434635 
-47235.719446429066 
-47235.78378135463 
-47235.881871078505 
-47235.97599827861 
-47236.03419956595 
-47236.12039855117 
-47236.211477623445 
-47236.279502815654 
-47236.34975613922 
-47236.441398107934 
-47236.52450343014 
-47236.584439857324 
-47236.66632935192 
-47236.741151874434 
-47236.790733507936 
-47236.86741698184 
-47236.93517978647 
-47236.99129568037 
-47237.052624954245 
-47237.1263501145 
-47237.20800461143 
-47237.29164482488 
-47237.4011409746 
-47237.523831147155 
-47237.67470277296 
-47237.836214959774 
-47238.01892733314 
-47238.09652029809 
-47238.09652029802 
-47238.096520297964 
-47238.09652029798 
-47238.09652029798 
-47238.096520298015 
-47238.09652029797 
-47238.096520297986 
-47238.09652029805 
-47238.09702186866 
-47238.09939383335 
-47238.10400035146 
-47238.11305076565 
-47238.12496817022 
-47238.142559851265 
-47238.16167463805 
-47238.18317955318 
-47238.208959782394 
-47238.23627867295 
-47238.25754887079 
-47238.28004337112 
-47238.310862583 
-47238.33265493593 
-47238.351406565045 
-47238.37662813449 
-47238.39695321921 
-47238.41452222221 
-47238.43691461785 
-47238.45793315673 
-47238.47374374413 
-47238.49259961686 
-47238.51566283342 
-47238.53129344935 
-47238.54727398006 
-47238.56940364929 
-47238.58519880509 
-47238.60019594095 
-47238.62162825541 
-47238.640365154286 
-47238.65453210437 
-47238.67433923699 
-47238.69654926589 
-47238.710486481614 
-47238.72751675746 
-47238.7518990723 
-47238.76707420145 
-47238.78272147212 
-47238.807436322764 
-47238.826760748496 
-47238.84251830854 
-47238.866950232565 
-47238.89112543862 
-47238.90660547144 
-47238.92734439694 
-47238.95566300953 
-47238.972383805725 
-47238.991660209635 
-47239.02366291679 
-47239.04665362673 
-47239.06719950016 
-47239.10570882079 
-47239.14087341273 
-47239.16824853122 
-47239.255858561024 
-47239.267461319854 
-47239.28113090563 
-47239.2918448904 
-47239.299438142305 
-47239.308177460916 
-47239.317364422175 
-47239.32400812861 
-47239.3306598845 
-47239.338253027534 
-47239.34419325646 
-47239.349943334724 
-47239.3574069761 
-47239.36381244434 
-47239.36949108589 
-47239.37560367425 
-47239.38249509251 
-47239.38813599861 
-47239.393748312425 
-47239.400616710765 
-47239.40600370763 
-47239.41133839732 
-47239.41848710234 
-47239.42431447513 
-47239.42999498334 
-47239.4360772742 
-47239.44263552461 
-47239.448397984765 
-47239.45450745179 
-47239.46160187585 
-47239.467331574575 
-47239.47328514474 
-47239.48133319622 
-47239.48761011196 
-47239.49422035352 
-47239.50216274763 
-47239.50985676535 
-47239.517321160485 
-47239.5261763135 
-47239.53580799206 
-47239.54419869727 
-47239.5545419241 
-47239.56710149281 
-47239.57634236857 
-47239.58592748939 
-47239.59499769813 
-47239.60169003568 
-47239.607584052086 
-47239.61080559583 
-47239.61206529571 
-47239.61253638367 
-47239.612644147855 
-47239.612643800945 
-47239.612643800974 
-47239.61264380101 
-47239.61264380099 
-47239.6126438011 
-47239.61264380094 
-47239.61264380098 
-47239.612643800974 
-47239.61264380092 
-47239.612643800836 
-47239.61264380093 
-47239.61264414786 
-47239.61264630592 
-47239.612649642935 
-47239.61265803302 
-47239.61267194656 
-47239.61269618006 
-47239.61274329767 
-47239.61282009727 
-47239.612936349375 
-47239.61309187655 
-47239.61332800851 
-47239.61364823077 
-47239.61402197989 
-47239.61446357013 
-47239.61502428917 
-47239.615661443946 
-47239.61632227287 
-47239.61709424529 
-47239.61791158955 
-47239.61871351276 
-47239.61964081391 
-47239.6205514765 
-47239.621478515495 
-47239.622424326386 
-47239.62334921361 
-47239.62432501544 
-47239.62527955512 
-47239.62622196383 
-47239.62715160976 
-47239.628050996 
-47239.62902731834 
-47239.629913393175 
-47239.630778630046 
-47239.6316502835 
-47239.63243024133 
-47239.633240301526 
-47239.63405665692 
-47239.63480573693 
-47239.63557006917 
-47239.63629256634 
-47239.63700415056 
-47239.63766815435 
-47239.638294775774 
-47239.638911847294 
-47239.63946710233 
-47239.63998651047 
-47239.64049244194 
-47239.64094654112 
-47239.641357992536 
-47239.641696857354 
-47239.64200761327 
-47239.64218335203 
-47239.64499178586 
-47239.64808182005 
-47239.65131662349 
-47239.65515560724 
-47239.65930134542 
-47239.66301883542 
-47239.666949932536 
-47239.67128356545 
-47239.67511609144 
-47239.67874514697 
-47239.68283607524 
-47239.68658113856 
-47239.69016571547 
-47239.69458439847 
-47239.6988934081 
-47239.70285263764 
-47239.7069046673 
-47239.71148640921 
-47239.7156087838 
-47239.71970727002 
-47239.72456118845 
-47239.72875160833 
-47239.73279342771 
-47239.73823384502 
-47239.74286244131 
-47239.7474232376 
-47239.75230461929 
-47239.75759680751 
-47239.76247715723 
-47239.767731569234 
-47239.77364672525 
-47239.77872880504 
-47239.78402449289 
-47239.791007179505 
-47239.79668467706 
-47239.80269498218 
-47239.809990370144 
-47239.8170959963 
-47239.82415456798 
-47239.83271940223 
-47239.8418034345 
-47239.849950075106 
-47239.86001857772 
-47239.872184623244 
-47239.88120011532 
-47239.890566520175 
-47239.899322539044 
-47239.9057730648 
-47239.911358493795 
-47239.91439377096 
-47239.91556880808 
-47239.91601053361 
-47239.916110455575 
-47239.91611009944 
-47239.91611009935 
-47239.91611009932 
-47239.916110099395 
-47239.91611009942 
-47239.916110099395 
-47239.91611009946 
-47239.916110099424 
-47239.916110099446 
-47239.916110099424 
-47239.91611009944 
-47239.91611045556 
-47239.91611267985 
-47239.91611613572 
-47239.916124816446 
-47239.91613918314 
-47239.916163806956 
-47239.916212438504 
-47239.916291332374 
-47239.916410576545 
-47239.91657244211 
-47239.916818417245 
-47239.91715064813 
-47239.917536230045 
-47239.91799323854 
-47239.918579262645 
-47239.91923721448 
-47239.91992116333 
-47239.92072098748 
-47239.921560551236 
-47239.922380263524 
-47239.92332747275 
-47239.92425768045 
-47239.92518144497 
-47239.92614247878 
-47239.9270969792 
-47239.92808487913 
-47239.92906610856 
-47239.93003225801 
-47239.930958902296 
-47239.93187157866 
-47239.93285308375 
-47239.933735210405 
-47239.93458809391 
-47239.93548323795 
-47239.93628693112 
-47239.937106517464 
-47239.937968851555 
-47239.93874723404 
-47239.939497349005 
-47239.94028880261 
-47239.94105759888 
-47239.94175049575 
-47239.94245497792 
-47239.943174534725 
-47239.94381814521 
-47239.94446397758 
-47239.94518081083 
-47239.9458225868 
-47239.94647505566 
-47239.94721100542 
-47239.947911118936 
-47239.94859379421 
-47239.949355439916 
-47239.950157124185 
-47239.95069219665 
-47239.951132067814 
-47239.951501153824 
-47239.95179620158 
-47239.95206804728 
-47239.952335000184 
-47239.952551472 
-47239.952759654225 
-47239.952976146 
-47239.95316548292 
-47239.95335282311 
-47239.95354259635 
-47239.95372579436 
-47239.953907032184 
-47239.95408561563 
-47239.95426964964 
-47239.9544503679 
-47239.95462855005 
-47239.954814622164 
-47239.95499486236 
-47239.955177247386 
-47239.955372116434 
-47239.95556340913 
-47239.955757916694 
-47239.95595390125 
-47239.956153619525 
-47239.9563609128 
-47239.956560758736 
-47239.956766391035 
-47239.95697416509 
-47239.957173936615 
-47239.957367526185 
-47239.95755322854 
-47239.95772552586 
-47239.957883215044 
-47239.95802707722 
-47239.958154121035 
-47239.95826092725 
-47239.958348158434 
-47239.95842341175 
-47239.95847498461 
-47239.958507918454 
-47239.9585315942 
-47239.95854689458 
-47239.95854793322 
-47239.95854150722 
-47239.95853645721 
-47239.95852830198 
-47239.95852033714 
-47239.95851696206 
-47239.95851462149 
-47239.95851424097 
-47239.95851424095 
-47239.95851424092 
-47239.958514240985 
-47239.95851424104 
-47239.95851424094 
-47239.95851424098 
-47239.95851424104 
-47239.958514240934 
-47239.95851424088 
-47239.95851424084 
-47239.95851462134 
-47239.95851696966 
-47239.95852043732 
-47239.95852879428 
-47239.95853835582 
-47239.95854676456 
-47239.95855994137 
-47239.95857215611 
-47239.95857982167 
-47239.95858697302 
-47239.95859561655 
-47239.958602968654 
-47239.95860477214 
-47239.95860983836 
-47239.95861762553 
-47239.95862182004 
-47239.958626881096 
-47239.958635746654 
-47239.958644280945 
-47239.958653375455 
-47239.95866421696 
-47239.95867825147 
-47239.958690800726 
-47239.95870406051 
-47239.95872434379 
-47239.95873937029 
-47239.95875673925 
-47239.958778456894 
-47239.95879724089 
-47239.958816814455 
-47239.95883852485 
-47239.95886002437 
-47239.958880086444 
-47239.95890066332 
-47239.958923270395 
-47239.95894208779 
-47239.958960753145 
-47239.95898365164 
-47239.95900074525 
-47239.959018146335 
-47239.9590375697 
-47239.959054984036 
-47239.959070099256 
-47239.95908762294 
-47239.95910444691 
-47239.95911851449 
-47239.959134312136 
-47239.95915135348 
-47239.959165323875 
-47239.959180940736 
-47239.95920178924 
-47239.95922220628 
-47239.95925286927 
-47239.95929457256 
-47239.959341916445 
-47239.95939174859 
-47239.959451248775 
-47239.95951408569 
-47239.95957557107 
-47239.95964252182 
-47239.95971258445 
-47239.95978057674 
-47239.95985318104 
-47239.9599321547 
-47239.9600098838 
-47239.960090785695 
-47239.96018246658 
-47239.960276606485 
-47239.96037046576 
-47239.96047607755 
-47239.96058744657 
-47239.96069784973 
-47239.960815661194 
-47239.960940647 
-47239.961065706346 
-47239.9612009957 
-47239.961346789765 
-47239.961493102506 
-47239.961642035894 
-47239.96180396423 
-47239.96197186545 
-47239.96213722239 
-47239.96231086466 
-47239.96248789428 
-47239.96265783885 
-47239.962823705835 
-47239.96298760761 
-47239.96313840624 
-47239.96327628239 
-47239.96340545835 
-47239.96351765373 
-47239.963611651525 
-47239.96368934777 
-47239.96375512676 
-47239.963799130885 
-47239.96382573305 
-47239.96384471318 
-47239.96385622569 
-47239.96385442195 
-47239.96384645588 
-47239.96384046135 
-47239.963831812034 
-47239.963823693026 
-47239.96382027249 
-47239.96381792285 
-47239.96381754158 
-47239.96381754154 
-47239.96381754148 
-47239.9638175415 
-47239.96381754152 
-47239.96381754148 
-47239.963817541495 
-47239.96381754143 
-47239.96381754132 
-47239.96381754133 
-47239.963817541335 
-47239.96381792269 
-47239.96382027721 
-47239.96382375708 
-47239.963832147994 
-47239.96384176221 
-47239.963850205815 
-47239.963863475954 
-47239.96387578216 
-47239.9638834789 
-47239.96389073679 
-47239.96389939662 
-47239.96390682041 
-47239.9639086539 
-47239.96391381306 
-47239.963921747236 
-47239.963926047945 
-47239.96393137212 
-47239.96394056416 
-47239.96394927426 
-47239.96395874468 
-47239.96397007843 
-47239.96398471415 
-47239.96399785547 
-47239.96401166865 
-47239.964032831944 
-47239.96404853441 
-47239.96406695785 
-47239.96408950487 
-47239.96410921118 
-47239.96413008686 
-47239.964152297645 
-47239.96417468102 
-47239.96419564849 
-47239.96421678555 
-47239.96424016827 
-47239.96426008206 
-47239.96427969969 
-47239.96430347882 
-47239.96432125427 
-47239.96434039543 
-47239.96436024731 
-47239.96437854618 
-47239.96439550417 
-47239.96441300064 
-47239.96443108564 
-47239.964446369544 
-47239.964461864074 
-47239.964478736474 
-47239.96449231128 
-47239.96450605315 
-47239.9645228052 
-47239.96453504237 
-47239.9645478829 
-47239.96456057694 
-47239.964571831224 
-47239.964579026724 
-47239.96458742528 
-47239.96459515784 
-47239.96459980477 
-47239.96460458067 
-47239.96460989978 
-47239.96461309054 
-47239.964616115656 
-47239.964620948995 
-47239.96462407865 
-47239.964626481174 
-47239.96463031837 
-47239.96463467801 
-47239.96463528921 
-47239.96463960056 
-47239.96464349137 
-47239.964645652995 
-47239.96464834992 
-47239.96465160092 
-47239.96465434145 
-47239.964656285505 
-47239.96465979947 
-47239.96466334525 
-47239.964663284096 
-47239.96466670987 
-47239.9646708437 
-47239.96466910706 
-47239.96467152585 
-47239.96467313344 
-47239.964672198614 
-47239.964671804715 
-47239.964671524765 
-47239.96467052927 
-47239.96466745012 
-47239.96466683793 
-47239.964665821775 
-47239.964660536876 
-47239.96465689837 
-47239.964655866606 
-47239.96464907929 
-47239.96464047567 
-47239.96463287839 
-47239.964625109074 
-47239.96461253158 
-47239.96459892197 
-47239.96459032493 
-47239.96458061809 
-47239.96457216756 
-47239.96456866918 
-47239.9645663085 
-47239.964565926355 
-47239.96456592631 
-47239.96456592634 
-47239.96456592633 
-47239.96456592639 
-47239.96456592638 
-47239.96456592635 
-47239.964565926384 
-47239.96456592633 
-47239.96456592632 
-47239.96456592633 
-47239.96456630847 
-47239.96456866908 
-47239.96457216717 
-47239.96458061912 
-47239.964590319614 
-47239.9645989184 
-47239.964612549935 
-47239.96462512223 
-47239.96463294595 
-47239.96464058357 
-47239.96464929536 
-47239.9646562633 
-47239.96465757165 
-47239.96466172047 
-47239.96466756236 
-47239.9646693249 
-47239.964671291484 
-47239.964675613024 
-47239.96467825778 
-47239.96468098291 
-47239.964683834805 
-47239.96468754814 
-47239.964689387736 
-47239.964690689434 
-47239.96469617399 
-47239.96469617778 
-47239.964697550284 
-47239.96470208253 
-47239.9647028743 
-47239.964704420076 
-47239.96470702775 
-47239.96470873412 
-47239.96471045819 
-47239.9647123286 
-47239.96471457487 
-47239.96471546831 
-47239.96471585853 
-47239.964719460644 
-47239.96471931736 
-47239.964720319906 
-47239.964722018376 
-47239.96472296362 
-47239.964722973426 
-47239.964724468635 
-47239.964725733545 
-47239.964725750586 
-47239.96472651001 
-47239.96472769387 
-47239.964727191844 
-47239.96472735968 
-47239.96472930918 
-47239.964728766754 
-47239.96472965697 
-47239.964730572814 
-47239.964732436514 
-47239.96473220728 
-47239.964734102934 
-47239.964736639595 
-47239.9647375164 
-47239.964739004514 
-47239.964741611744 
-47239.9647425922 
-47239.96474378924 
-47239.964746964026 
-47239.96474865042 
-47239.9647500821 
-47239.96475279838 
-47239.964756261514 
-47239.96475634295 
-47239.964759938965 
-47239.964763232914 
-47239.964764999095 
-47239.964767211975 
-47239.96477004999 
-47239.96477245052 
-47239.964774116015 
-47239.96477739852 
-47239.96478064063 
-47239.96478049853 
-47239.964783866846 
-47239.964787868055 
-47239.96478616694 
-47239.96478856331 
-47239.96479015373 
-47239.96478926978 
-47239.96478888033 
-47239.9647885977 
-47239.964787729834 
-47239.964784677104 
-47239.96478410776 
-47239.96478311575 
-47239.964777891175 
-47239.96477428051 
-47239.964773248015 
-47239.964766489305 
-47239.96475789373 
-47239.96475028125 
-47239.96474252197 
-47239.96472994067 
-47239.96471632476 
-47239.96470772927 
-47239.964698020216 
-47239.96468956852 
-47239.96468606967 
-47239.96468370869 
-47239.96468332648 
-47239.96468332654 
-47239.96468332643 
-47239.964683326485 
-47239.964683326616 
-47239.964683326536 
-47239.964683326696 
-47239.96468332648 
-47239.96468332647 
-47239.96468332659 
-47239.96468332653 
-47239.964683708655 
-47239.964686069616 
-47239.96468956835 
-47239.964698022355 
-47239.96470772761 
-47239.96471632949 
-47239.964729971194 
-47239.964742553886 
-47239.96475038616 
-47239.9647580487 
-47239.964766764475 
-47239.96477374611 
-47239.96477507644 
-47239.9647792421 
-47239.96478510381 
-47239.96478687123 
-47239.964788874466 
-47239.96479324518 
-47239.96479582731 
-47239.96479860115 
-47239.96480149097 
-47239.964805230666 
-47239.96480709773 
-47239.96480846287 
-47239.964814006926 
-47239.96481407198 
-47239.96481552863 
-47239.964820080015 
-47239.96482096743 
-47239.96482265946 
-47239.96482531882 
-47239.964827132484 
-47239.964828999764 
-47239.96483091731 
-47239.96483326292 
-47239.964834346945 
-47239.96483486155 
-47239.96483859251 
-47239.96483857747 
-47239.964839884124 
-47239.96484162329 
-47239.96484275864 
-47239.96484310323 
-47239.96484462683 
-47239.96484614937 
-47239.964846510586 
-47239.964847346164 
-47239.96484867342 
-47239.964848549906 
-47239.96484885771 
-47239.96485065994 
-47239.964850242686 
-47239.96485097703 
-47239.964850962824 
-47239.96485192976 
-47239.96485103369 
-47239.964851197285 
-47239.96485176498 
-47239.96485117451 
-47239.964850753415 
-47239.9648507185 
-47239.96484991826 
-47239.96484878537 
-47239.96484891765 
-47239.96484822646 
-47239.96484703213 
-47239.9648465461 
-47239.96484688778 
-47239.96484372337 
-47239.964843669986 
-47239.964842883404 
-47239.96484115063 
-47239.96483978294 
-47239.96483801294 
-47239.96483683106 
-47239.96483449414 
-47239.96483300918 
-47239.96483254777 
-47239.96482811971 
-47239.96482679227 
-47239.964826764895 
-47239.96482134351 
-47239.96481983794 
-47239.964817741995 
-47239.96481408722 
-47239.96481105355 
-47239.96480793812 
-47239.9648052389 
-47239.964800698566 
-47239.96479851251 
-47239.964796524844 
-47239.964790500926 
-47239.964786174096 
-47239.96478465679 
-47239.96477758824 
-47239.96476875924 
-47239.96476098378 
-47239.964753121334 
-47239.96474049444 
-47239.96472681566 
-47239.9647182024 
-47239.964708496016 
-47239.96470003723 
-47239.96469653735 
-47239.96469417613 
-47239.96469379398 
-47239.96469379405 
-47239.96469379416 
-47239.96469379425 
-47239.96469379436 
-47239.964693794056 
-47239.96469379439 
-47239.96469379427 
-47239.96469379417 
-47239.96469379413 
-47239.96469379402 
-47239.9646941763 
-47239.96469653749 
-47239.96470003734 
-47239.96470849655 
-47239.96471820167 
-47239.96472681462 
-47239.9647404974 
-47239.96475311416 
-47239.96476097413 
-47239.964768732076 
-47239.964777555266 
-47239.96478460654 
-47239.96478608063 
-47239.96479039422 
-47239.96479637271 
-47239.964798279085 
-47239.96480047984 
-47239.964804918956 
-47239.96480755163 
-47239.964810667036 
-47239.96481363944 
-47239.964817220345 
-47239.96481934604 
-47239.9648208404 
-47239.96482614746 
-47239.964826118885 
-47239.96482747158 
-47239.96483182756 
-47239.96483211059 
-47239.96483367003 
-47239.96483589212 
-47239.96483697312 
-47239.96483878114 
-47239.96484004697 
-47239.96484166323 
-47239.96484252846 
-47239.96484249192 
-47239.964845478586 
-47239.96484504684 
-47239.96484550547 
-47239.964846770636 
-47239.96484724208 
-47239.96484718376 
-47239.964848129355 
-47239.964848767086 
-47239.96484887045 
-47239.9648491896 
-47239.9648497006 
-47239.96484928594 
-47239.96484917657 
-47239.96485006971 
-47239.96484924803 
-47239.964849663884 
-47239.964849135315 
-47239.964849553435 
-47239.96484835077 
-47239.96484815441 
-47239.96484836337 
-47239.964847584146 
-47239.96484702627 
-47239.96484680443 
-47239.96484590515 
-47239.9648447178 
-47239.96484474718 
-47239.96484399684 
-47239.96484283465 
-47239.96484226151 
-47239.96484258284 
-47239.964839420456 
-47239.964839334214 
-47239.9648385192 
-47239.96483678782 
-47239.96483542022 
-47239.96483362729 
-47239.964832448226 
-47239.96483011157 
-47239.96482861667 
-47239.9648281393 
-47239.96482374461 
-47239.96482242101 
-47239.964822385475 
-47239.964816979795 
-47239.96481544928 
-47239.96481337119 
-47239.96480974556 
-47239.964806698685 
-47239.96480357565 
-47239.96480090674 
-47239.964796357395 
-47239.96479417678 
-47239.96479219788 
-47239.96478618164 
-47239.9647818594 
-47239.964780337716 
-47239.96477327794 
-47239.96476445318 
-47239.96475667569 
-47239.964748814105 
-47239.96473618776 
-47239.96472250897 
-47239.96471389584 
-47239.96470418959 
-47239.964695730945 
-47239.96469223111 
-47239.96468986994 
-47239.96468948785 
-47239.96468948786 
-47239.96468948789 
-47239.96468948791 
-47239.96468948811 
-47239.96468948793 
