2 3 0.000175789667411563 
3 4 5.203325635668713e-06 
4 5 2.1369613947467235e-06 
5 6 1.0842755999720013e-07 
6 7 2.642722444767286e-08 
7 8 2.1953769311616863e-09 
8 9 3.705037852680362e-10 
9 10 4.2566539114770115e-11 
10 11 6.002569444570597e-12 
11 12 8.158272496425589e-13 
12 13 1.0909136191618591e-13 
13 14 1.5672622756392655e-14 
14 15 2.3089587306819085e-15 
15 16 3.1045223443315674e-16 
16 17 4.3286128548913214e-17 
17 18 6.565321548922361e-18 
18 19 9.444838812628975e-19 
19 20 1.4081534699425427e-19 
20 21 1.86671252146589e-20 
21 22 2.2500901910056092e-21 
22 23 0.0 
23 24 4.440892098500625e-16 
24 25 0.0 
25 26 0.0 
26 27 0.0 
27 28 0.0 
28 29 0.0 
29 30 -4.440892098500627e-16 
30 31 -4.440892098500627e-16 
31 32 0.0 
32 33 -4.440892098500627e-16 
33 34 4.440892098500625e-16 
34 35 -4.440892098500627e-16 
35 36 2.8443586958908516e-22 
36 37 2.2204552421665673e-16 
37 38 -4.440018899733724e-16 
38 39 2.2532503635530707e-19 
39 40 -4.2346049296535693e-16 
40 41 1.3689812202756566e-17 
41 42 -4.440892098500627e-16 
42 43 -4.440892098500627e-16 
43 44 0.0 
44 45 4.440892098500625e-16 
45 46 0.0 
46 47 0.0 
47 48 0.0 
48 49 -4.440892098500627e-16 
49 50 0.0 
50 51 -4.440892098500627e-16 
51 52 0.0 
52 53 0.0 
53 54 -4.440892098500627e-16 
54 55 0.0 
55 56 -4.440892098500627e-16 
56 57 4.440892098500625e-16 
57 58 -4.440892098500627e-16 
58 59 0.0 
59 60 0.0 
60 61 -4.440892098500627e-16 
61 62 0.0 
62 63 0.0 
63 64 0.0 
64 65 -4.440892098500627e-16 
65 66 0.0 
66 67 -4.440892098500627e-16 
67 68 0.0 
68 69 0.0 
69 70 -4.440892098500627e-16 
70 71 0.0 
71 72 4.440892098500625e-16 
72 73 0.0 
73 74 -4.440892098500627e-16 
74 75 4.440892098500625e-16 
75 76 -4.440892098500627e-16 
76 77 -4.440892098500627e-16 
77 78 0.0 
78 79 -4.440892098500627e-16 
79 80 0.0 
80 81 -4.440892098500627e-16 
81 82 -4.440892098500627e-16 
82 83 -4.440892098500627e-16 
83 84 0.0 
84 85 -4.440892098500627e-16 
85 86 0.0 
86 87 -4.440892098500627e-16 
87 88 -4.4408910740256705e-16 
88 89 0.0 
89 90 -4.440892098500627e-16 
90 91 0.0 
91 92 0.0 
92 93 -4.440892098500627e-16 
93 94 -4.440892098500627e-16 
94 95 -4.440892098500627e-16 
95 96 0.0 
96 97 4.440892098500625e-16 
97 98 4.44089994001993e-16 
98 99 -4.440853069538587e-16 
99 100 3.8382350365778115e-19 
100 101 8.109350497177423e-19 
101 102 -4.3883492412331785e-16 
102 103 3.192289638212499e-17 
103 104 2.804142295793909e-16 
104 105 1.4720674815282375e-15 
105 106 1.727006464799234e-14 
106 107 1.144117312807607e-13 
107 108 8.251156520680432e-13 
108 109 6.035877521630208e-12 
109 110 4.2626851396718585e-11 
110 111 3.7059020965168946e-10 
111 112 2.1953837458768937e-09 
112 113 2.6426800866583104e-08 
113 114 1.0842627484806652e-07 
114 115 2.136960075842106e-06 
115 116 5.203317853609827e-06 
116 117 0.00017578961240900917 
117 118 0.00017477415427687024 
