-1963.2103320713165 
-1963.7769999607729 
-1964.0475461184196 
-1964.2501089087907 
-1964.4736991807617 
-1964.7755804316266 
-1964.9964365687763 
-1965.1445796020198 
-1965.499886795072 
-1965.590647915692 
-1965.7334324054 
-1965.9780333559247 
-1966.0537923046463 
-1966.2739920705785 
-1966.4469678200974 
-1966.5517809554053 
-1966.6359602626017 
-1966.8308295786953 
-1967.005946432183 
-1967.0378807721388 
-1967.226764338329 
-1967.4022838169722 
-1967.445874562053 
-1967.6273630592598 
-1967.7991640460373 
-1967.8850484229915 
-1967.9338379408018 
-1968.1260313333505 
-1968.285160832776 
-1968.3119082816313 
-1968.515320915383 
-1968.6764806070646 
-1968.7220960021887 
-1968.8536955920126 
-1969.0329493050665 
-1969.134207248052 
-1969.1692948565974 
-1969.3512617092897 
-1969.518411698463 
-1969.545579442469 
-1969.7525353654905 
-1969.902995460033 
-1969.958481338394 
-1970.0504751978772 
-1970.2355292729274 
-1970.355553127927 
-1970.3830721285472 
-1970.5555224525226 
-1970.7184415824527 
-1970.7555474252126 
-1970.9605045194153 
-1971.131563999913 
-1971.2174667244076 
-1971.2662900314722 
-1971.4489416645656 
-1971.6726983676033 
-1971.686481828192 
-1971.6864818281915 
-1971.6864818281788 
-1971.6864818281908 
-1971.6864818281936 
-1971.6866187082785 
-1971.6894604095792 
-1971.6917429378598 
-1971.6935497221684 
-1971.6972749783324 
-1971.7020483210229 
-1971.7071352127155 
-1971.7121417484245 
-1971.717786697307 
-1971.7231602974093 
-1971.7272700788487 
-1971.7347154264614 
-1971.7409240479808 
-1971.746473447015 
-1971.7548667986111 
-1971.7622823162042 
-1971.7703614443076 
-1971.777090599801 
-1971.787085788811 
-1971.7941234750851 
-1971.800214387052 
-1971.8111936723603 
-1971.8192201959137 
-1971.8276239267716 
-1971.8383382043394 
-1971.848086930884 
-1971.8564253547759 
-1971.8640721570034 
-1971.8771101586756 
-1971.8853340606433 
-1971.892950081313 
-1971.9082397920988 
-1971.91822453117 
-1971.9295113402516 
-1971.9446222104539 
-1971.9580313618176 
-1971.9684647335926 
-1971.9793982687795 
-1972.0061968215844 
-1972.0186349460364 
-1972.0348830119046 
-1972.081617017071 
-1972.1030643552044 
-1972.129121278246 
-1972.1726057671942 
-1972.2088683274426 
-1972.2353179765364 
-1972.2681168835434 
-1972.3546578661499 
-1972.3872674542472 
-1972.4283012743501 
-1972.516528978067 
-1972.5437550400827 
-1972.5659812589636 
-1972.565981258965 
-1972.7099889696024 
-1972.9586963283525 
-1973.0120550140111 
-1973.1898009807608 
-1973.3693118004471 
-1973.4555085011127 
-1973.5376479127158 
-1973.7367585452312 
-1973.9000572692958 
-1973.929633754131 
-1974.09949270618 
-1974.2894826762113 
-1974.3283101946333 
-1974.5043852373826 
-1974.6766431426474 
-1974.7572114505135 
-1974.8158506515376 
-1975.018145479604 
-1975.1760276984958 
-1975.2023328813464 
-1975.3794057429213 
-1975.5551539578887 
-1975.5987229495884 
-1975.7621493947406 
-1975.9363107604663 
-1976.0263228612228 
-1976.070515181247 
-1976.2591720859878 
-1976.4228541249418 
-1976.4495610875342 
-1976.6424423450796 
-1976.8066982941943 
-1976.8553056869578 
-1976.9788243189896 
-1977.1597976699877 
-1977.266259826664 
-1977.2999590168847 
-1977.4779920543567 
-1977.649424945932 
-1977.6772152020742 
-1977.8765829677695 
-1978.0292630491306 
-1978.0874584023727 
-1978.1758199324051 
-1978.361763142164 
-1978.4857012435905 
-1978.512923077302 
-1978.6822907749383 
-1978.846841491827 
-1978.8848689388417 
-1979.0846312273845 
-1979.2571768365879 
-1979.3456821075727 
-1979.3936544789908 
-1979.576344410237 
-1979.8020888924834 
-1979.815820634558 
-1979.815820634558 
-1979.815820634556 
-1979.815820634557 
-1979.8158206345554 
-1979.815957489654 
-1979.8187889684718 
-1979.8210749030263 
-1979.8228840583324 
-1979.8266748176306 
-1979.8314510428845 
-1979.8365641952928 
-1979.8416036440212 
-1979.8472334715357 
-1979.852634911426 
-1979.8567395242096 
-1979.864294118996 
-1979.8704704196384 
-1979.875984022237 
-1979.8845663378318 
-1979.8918920340561 
-1979.9000922546265 
-1979.906905034043 
-1979.9167036371234 
-1979.9236827074644 
-1979.9296344902102 
-1979.9406416770637 
-1979.9484746988783 
-1979.9566050628443 
-1979.9672885217926 
-1979.9765550422676 
-1979.984866742109 
-1979.9922420627017 
-1980.0042616746155 
-1980.0120608700313 
-1980.0189612485553 
-1980.0317203984587 
-1980.0404734948868 
-1980.050392386804 
-1980.0620133222067 
-1980.0724829467658 
-1980.0811147371357 
-1980.088784639711 
-1980.1032214858917 
-1980.1115505984803 
-1980.1196791308382 
-1980.1352302275063 
-1980.1452121201933 
-1980.1569880910747 
-1980.1693191871707 
-1980.1822252379632 
-1980.1915650257413 
-1980.2005210273883 
-1980.223615213073 
-1980.234522794252 
-1980.2473591650546 
-1980.2793123192312 
-1980.296991012007 
-1980.3168664968582 
-1980.344577085729 
-1980.3884475008797 
-1980.4520671535915 
-1980.4630693490774 
-1980.4720284817258 
-1980.479827478349 
-1980.4846818669148 
-1980.4877617051964 
-1980.4910748191285 
-1980.493749990002 
-1980.4963331602194 
-1980.498805074777 
-1980.5011965365075 
-1980.5046289050001 
-1980.507877009838 
-1980.5112092097625 
-1980.5161044662107 
-1980.5214617062063 
-1980.5255480466951 
-1980.530522577682 
-1980.5362551582732 
-1980.540869349909 
-1980.5447810673866 
-1980.5518019515725 
-1980.5572162566116 
-1980.5614504919217 
-1980.567284217492 
-1980.5736153781725 
-1980.577486276271 
-1980.5814930310378 
-1980.5866057885607 
-1980.5902587325115 
-1980.5933969526357 
-1980.5981871253198 
-1980.6031312339483 
-1980.6058157453015 
-1980.6095655301856 
-1980.6136468267978 
-1980.6161527349316 
-1980.6184154770544 
-1980.621438752869 
-1980.6237510395295 
-1980.6256480839938 
-1980.6280050110977 
-1980.6304262435535 
-1980.6317298384154 
-1980.6332246173881 
-1980.6346935309289 
-1980.6357052796982 
-1980.6365790255745 
-1980.6376031312293 
-1980.6383627562775 
-1980.6388632212022 
-1980.639290036482 
-1980.6395458900192 
-1980.639568897481 
-1980.6395688974835 
-1980.6395688974878 
-1980.6395688974965 
-1980.6395688974787 
-1980.6395688974942 
-1980.6395688974876 
-1980.6395688974842 
-1980.6395688974794 
-1980.6395689791916 
-1980.6395706508397 
-1980.6395747344422 
-1980.6395809498042 
-1980.6395921574137 
-1980.6396140135696 
-1980.6396389880174 
-1980.6396684636898 
-1980.6397129170737 
-1980.639769661312 
-1980.6398236001462 
-1980.6398995379695 
-1980.640018014479 
-1980.6401306394096 
-1980.6402528262317 
-1980.6404205168656 
-1980.640609667298 
-1980.64079804975 
-1980.641006969453 
-1980.641279740365 
-1980.6415267799223 
-1980.6418455078435 
-1980.642262531976 
-1980.642680817932 
-1980.6430846762814 
-1980.643524783589 
-1980.644064983748 
-1980.6446187822442 
-1980.6451848796544 
-1980.645949945364 
-1980.6467344700657 
-1980.6474786880308 
-1980.6484129067408 
-1980.6494344241553 
-1980.6503816989725 
-1980.651245729252 
-1980.65257373613 
-1980.6538258861872 
-1980.6548544924135 
-1980.656126129035 
-1980.657501659529 
-1980.6585771161201 
-1980.6594896223417 
-1980.6607365249968 
-1980.6616884176183 
-1980.6622807510919 
-1980.6630911065072 
-1980.6637601192513 
-1980.664109594141 
-1980.6644550098104 
-1980.6647367241578 
-1980.6648742401333 
-1980.664874240135 
-1980.6671299793652 
-1980.6691631710808 
-1980.6730701508852 
-1980.6763824755958 
-1980.679330093229 
-1980.6839053564286 
-1980.6889960581102 
-1980.6922761975507 
-1980.696503852684 
-1980.7018552890472 
-1980.705518049494 
-1980.708526945409 
-1980.713879655531 
-1980.7179905547662 
-1980.7211926254804 
-1980.7257007790179 
-1980.7313163728074 
-1980.734221350403 
-1980.7377391647692 
-1980.7425278912885 
-1980.7456304366476 
-1980.7481985070963 
-1980.7528761363235 
-1980.756693858746 
-1980.7591712830783 
-1980.7627806340024 
-1980.767132203397 
-1980.7695581781425 
-1980.7720922305969 
-1980.7757288946918 
-1980.7782290613197 
-1980.7803873053153 
-1980.7836124077726 
-1980.7870187644414 
-1980.7888976149009 
-1980.791495719558 
-1980.7944615385281 
-1980.7963196706175 
-1980.7981431153892 
-1980.8005641055993 
-1980.8025084431533 
-1980.8041999554273 
-1980.8061439579287 
-1980.8081879604035 
-1980.8094270273207 
-1980.8107895253065 
-1980.8121430014685 
-1980.813124403234 
-1980.8140279667248 
-1980.815073337007 
-1980.815823464973 
-1980.8163246017732 
-1980.8167228271875 
-1980.81696120472 
-1980.8169827431327 
-1980.816982743136 
-1980.816982743143 
-1980.8169827431464 
-1980.816982743134 
-1980.8169827431473 
-1980.8169827431407 
-1980.8169827431327 
-1980.8169827431275 
-1980.8169828225664 
-1980.8169844660852 
-1980.8169884005988 
-1980.8169945167658 
-1980.8170054441623 
-1980.8170275466357 
-1980.8170528961903 
-1980.8170830652725 
-1980.817129197006 
-1980.8171862235342 
-1980.8172428773441 
-1980.8173205387066 
-1980.8174405224759 
-1980.817553074258 
-1980.8176760215977 
-1980.8178485310818 
-1980.8180377276742 
-1980.8182236094622 
-1980.8184209303556 
-1980.8186662705818 
-1980.8188733863894 
-1980.8191362147008 
-1980.819460613929 
-1980.8197666775445 
-1980.8200678354342 
-1980.8204138633662 
-1980.8207811887612 
-1980.8211541305404 
-1980.821527256535 
-1980.8220012262252 
-1980.8224208510364 
-1980.82285033856 
-1980.8233946901844 
-1980.8239394534376 
-1980.824471055696 
-1980.8250083661026 
-1980.8256563886862 
-1980.8262573069956 
-1980.826898109162 
-1980.8277223854839 
-1980.8285154697476 
-1980.8292631709116 
-1980.8301477191897 
-1980.8311195639099 
-1980.8320302319662 
-1980.8328987370878 
-1980.8341151889742 
-1980.8352699666036 
-1980.8363682271608 
-1980.837743902052 
-1980.839277248794 
-1980.8407066287075 
-1980.842155392001 
-1980.8442982299068 
-1980.848219093303 
-1980.8488023454204 
-1980.8491781652408 
-1980.8494891578391 
-1980.8497376116825 
-1980.849928282789 
-1980.8500811417643 
-1980.850237818192 
-1980.8503414947409 
-1980.8504349356565 
-1980.8505349497889 
-1980.8506131556214 
-1980.8506790424867 
-1980.8507449078036 
-1980.8508086364213 
-1980.8508635080009 
-1980.8509207269021 
-1980.8509823268773 
-1980.8510460248049 
-1980.8511079001544 
-1980.8511723156419 
-1980.8512412303073 
-1980.8513067975389 
-1980.8513814095106 
-1980.8514526888025 
-1980.8515280555341 
-1980.851610113537 
-1980.8516811597747 
-1980.8517641686074 
-1980.8518390615154 
-1980.8519093442567 
-1980.8519803021184 
-1980.852045312083 
-1980.8521053176805 
-1980.8521531334582 
-1980.852205582106 
-1980.8522488535225 
-1980.8522810899374 
-1980.8523140165075 
-1980.8523375117165 
-1980.8523550787463 
-1980.8523683237026 
-1980.8523791873417 
-1980.8523859972645 
-1980.8523899428208 
-1980.852392861303 
-1980.8523944359151 
-1980.8523952879434 
-1980.8523956792442 
-1980.8523958419016 
-1980.8523958840087 
-1980.8523958864855 
-1980.852395886466 
-1980.8523958864691 
-1980.8523958864716 
-1980.8523958864685 
-1980.8523958864685 
-1980.8523958864675 
-1980.8523958864685 
-1980.8523958864673 
-1980.8523958864685 
-1980.8523958864657 
-1980.8523958864612 
-1980.852395886479 
-1980.8523958873673 
-1980.852395890141 
-1980.8523958947349 
-1980.8523959038 
-1980.8523959158665 
-1980.852395931055 
-1980.8523959508016 
-1980.8523959787 
-1980.8523960136379 
-1980.8523960662524 
-1980.8523961349642 
-1980.8523962337922 
-1980.8523963661312 
-1980.8523965542083 
-1980.8523967942049 
-1980.8523971246727 
-1980.8523976005904 
-1980.8523980810312 
-1980.8523987380922 
-1980.8523995978392 
-1980.8524005135673 
-1980.8524016220827 
-1980.8524030124483 
-1980.8524046025245 
-1980.8524061819985 
-1980.8524081853955 
-1980.852410639643 
-1980.8524127094186 
-1980.852415154544 
-1980.8524180514737 
-1980.8524207339372 
-1980.8524234198999 
-1980.852426737332 
-1980.8524299810122 
-1980.8524328394244 
-1980.852436135791 
-1980.852439663838 
-1980.8524425989895 
-1980.85244564713 
-1980.852449024209 
-1980.8524521292422 
-1980.8524549150961 
-1980.8524580911474 
-1980.8524609847946 
-1980.852463445578 
-1980.8524659597972 
-1980.8524683965788 
-1980.8524705106124 
-1980.8524725241837 
-1980.8524743926725 
-1980.852475272396 
-1980.852514647266 
-1980.8525773000265 
-1980.852653573412 
-1980.8527429382113 
-1980.8528550358278 
-1980.8529797311996 
-1980.8531169044873 
-1980.8532711345306 
-1980.8534285170615 
-1980.853610143565 
-1980.8537853071098 
-1980.8539692062259 
-1980.8541723309193 
-1980.8543694255225 
-1980.8545792061886 
-1980.8547862254118 
-1980.8550026751539 
-1980.8552250238386 
-1980.8554200105111 
-1980.8556442229894 
-1980.8558514528438 
-1980.856043344759 
-1980.8562536741388 
-1980.8564493950773 
-1980.8566336924227 
-1980.856801198562 
-1980.8569877912223 
-1980.857165306173 
-1980.85730518802 
-1980.857462982546 
-1980.8575972219146 
-1980.8577139762233 
-1980.857829655792 
-1980.8579319535074 
-1980.8580179362666 
-1980.8580844452536 
-1980.8581557424316 
-1980.8582094709132 
-1980.8582480897915 
-1980.858286654256 
-1980.858312843112 
-1980.858331019796 
-1980.8583447452158 
-1980.858355636898 
-1980.8583623991 
-1980.8583663240838 
-1980.8583692055615 
-1980.8583707510027 
-1980.8583716010683 
-1980.858371997867 
-1980.858372167454 
-1980.8583722107742 
-1980.8583722134097 
-1980.85837221339 
-1980.8583722133903 
-1980.8583722133894 
-1980.8583722133974 
-1980.8583722134006 
-1980.8583722133906 
-1980.8583722134003 
-1980.858372213398 
-1980.8583722133942 
-1980.8583722133942 
-1980.8583722133937 
-1980.8583722134133 
-1980.858372214323 
-1980.8583722171757 
-1980.8583722219412 
-1980.8583722313513 
-1980.858372243965 
-1980.8583722598846 
-1980.8583722810556 
-1980.8583723104157 
-1980.8583723470042 
-1980.8583724015425 
-1980.8583724745347 
-1980.8583725769697 
-1980.858372714156 
-1980.8583729194709 
-1980.8583731877616 
-1980.858373559256 
-1980.8583741112207 
-1980.8583747095945 
-1980.858375572984 
-1980.8583767013758 
-1980.8583779805922 
-1980.8583796165271 
-1980.8583816517166 
-1980.8583840985937 
-1980.8583867126897 
-1980.8583902250414 
-1980.8583946255997 
-1980.8583985732514 
-1980.8584035617089 
-1980.8584097794535 
-1980.8584157109974 
-1980.8584220737046 
-1980.858429975451 
-1980.8584382644635 
-1980.858445790918 
-1980.858455302066 
-1980.858466115881 
-1980.8584751285398 
-1980.858485512132 
-1980.8584978083686 
-1980.8585088271666 
-1980.8585196919792 
-1980.8585329336167 
-1980.8585454918395 
-1980.8585562035232 
-1980.8585687245836 
-1980.8585826393366 
-1980.8585933083648 
-1980.858604726475 
-1980.858618771167 
-1980.8586301163425 
-1980.8586403680197 
-1980.858654112968 
-1980.858663636401 
-1980.8586690673662 
-1980.8586738427282 
-1980.8586789667092 
-1980.8586824145675 
-1980.858685480336 
-1980.858688473843 
-1980.8586912293079 
-1980.8586933815677 
-1980.858695318444 
-1980.8586974331697 
-1980.8586989475725 
-1980.858700358576 
-1980.8587018424814 
-1980.8587029933713 
-1980.8587040754148 
-1980.8587050685658 
-1980.8587060124134 
-1980.8587067721717 
-1980.8587074585391 
-1980.858708185848 
-1980.8587087090018 
-1980.8587092095174 
-1980.8587096983154 
-1980.8587100816985 
-1980.8587104130168 
-1980.8587106956409 
-1980.8587109734376 
-1980.8587111606482 
-1980.8587113258554 
-1980.8587114801164 
-1980.8587115765617 
-1980.8587116555407 
-1980.8587117153165 
-1980.8587117635034 
-1980.858711786624 
-1980.8587117999168 
-1980.858711812126 
-1980.8587118123053 
-1980.8587118101125 
-1980.858711803782 
-1980.8587117966983 
-1980.8587117886239 
-1980.858711777495 
-1980.8587117672507 
-1980.8587117567427 
-1980.8587117469008 
-1980.8587117380057 
-1980.8587117333984 
-1980.8587117305165 
-1980.8587117295797 
-1980.8587117295585 
-1980.858711729562 
-1980.8587117295626 
-1980.8587117295672 
-1980.8587117295715 
-1980.858711729561 
-1980.8587117295729 
-1980.8587117295704 
-1980.8587117295651 
-1980.8587117295672 
-1980.8587117295647 
-1980.8587117295883 
-1980.8587117305224 
-1980.8587117334225 
-1980.8587117381107 
-1980.858711747255 
-1980.8587117577936 
-1980.858711769813 
-1980.8587117830823 
-1980.8587117989102 
-1980.8587118147066 
-1980.8587118326334 
-1980.8587118536132 
-1980.8587118767916 
-1980.8587119029135 
-1980.858711928114 
-1980.8587119605543 
-1980.8587119974686 
-1980.858712030278 
-1980.8587120614552 
-1980.8587121078974 
-1980.8587121532876 
-1980.8587121803446 
-1980.8587122265444 
-1980.858712284536 
-1980.8587123179786 
-1980.8587123583277 
-1980.858712418418 
-1980.8587124743824 
-1980.8587124951953 
-1980.8587125547738 
-1980.8587126212094 
-1980.8587126491304 
-1980.8587126964355 
-1980.8587127623712 
-1980.8587128186061 
-1980.8587128433487 
-1980.8587129020302 
-1980.858712975649 
-1980.8587129895327 
-1980.858713048446 
-1980.8587131244128 
-1980.8587131582829 
-1980.8587132018292 
-1980.8587132650093 
-1980.8587133452268 
-1980.8587133629164 
-1980.858713429362 
-1980.8587135251298 
-1980.8587135546056 
-1980.8587136358994 
-1980.858713744419 
-1980.8587138365358 
-1980.8587139736103 
-1980.8587141692333 
-1980.8587144221342 
-1980.8587146136201 
-1980.8587148816132 
-1980.8587152092186 
-1980.8587154703018 
-1980.858715793801 
-1980.8587161579674 
-1980.85871651935 
-1980.8587168504328 
-1980.8587172247549 
-1980.858717652704 
-1980.8587179798624 
-1980.8587183801756 
-1980.8587188069769 
-1980.8587191647584 
-1980.8587195423465 
-1980.8587199448782 
-1980.8587203273737 
-1980.858720649957 
-1980.85872099562 
-1980.8587213422052 
-1980.8587216045948 
-1980.8587218786824 
-1980.8587221478497 
-1980.8587223685886 
-1980.8587225496626 
-1980.8587227213093 
-1980.8587228810777 
-1980.858722975577 
-1980.8587230688934 
-1980.858723149508 
-1980.8587231952986 
-1980.8587232237487 
-1980.8587232461678 
-1980.8587232616812 
-1980.8587232567954 
-1980.8587232491457 
-1980.8587232425143 
-1980.8587232289242 
-1980.858723215051 
-1980.8587231998995 
-1980.858723186081 
-1980.8587231726954 
-1980.8587231582217 
-1980.858723145802 
-1980.8587231341044 
-1980.8587231237166 
-1980.858723114603 
-1980.8587231099232 
-1980.8587231070242 
-1980.8587231060876 
-1980.8587231060637 
-1980.8587231060715 
-1980.8587231060728 
-1980.8587231060728 
-1980.8587231060792 
-1980.8587231060687 
-1980.858723106081 
-1980.8587231060721 
-1980.8587231060715 
-1980.8587231060726 
-1980.8587231060667 
-1980.8587231060906 
-1980.8587231070273 
-1980.8587231099289 
-1980.8587231146241 
-1980.8587231237786 
-1980.8587231343338 
-1980.8587231463864 
-1980.8587231596907 
-1980.8587231755794 
-1980.858723191415 
-1980.858723209436 
-1980.858723230482 
-1980.858723253708 
-1980.858723279913 
-1980.858723305125 
-1980.8587233377316 
-1980.858723374841 
-1980.8587234076379 
-1980.8587234391587 
-1980.858723485567 
-1980.8587235314365 
-1980.858723558477 
-1980.8587236053766 
-1980.8587236648912 
-1980.8587236979206 
-1980.8587237397062 
-1980.858723801287 
-1980.8587238585012 
-1980.8587238805305 
-1980.8587239399726 
-1980.8587240104803 
-1980.8587240366783 
-1980.8587240878865 
-1980.858724157383 
-1980.8587242111894 
-1980.8587242396911 
-1980.8587242967178 
-1980.8587243715433 
-1980.8587243799204 
-1980.8587244357136 
-1980.8587245121514 
-1980.8587245294207 
-1980.8587245654498 
-1980.8587246207753 
-1980.8587246770933 
-1980.8587246788354 
-1980.858724716915 
-1980.8587247841858 
-1980.8587247703804 
-1980.8587248015215 
-1980.85872486114 
-1980.8587248576262 
-1980.8587248620956 
-1980.8587248909205 
-1980.8587249260224 
-1980.8587248917008 
-1980.858724895789 
-1980.8587249334118 
-1980.8587248885156 
-1980.8587248818992 
-1980.8587249029215 
-1980.8587248705653 
-1980.8587248366534 
-1980.8587248234692 
-1980.8587248259892 
-1980.8587247645419 
-1980.8587247337018 
-1980.8587247388866 
-1980.8587246789361 
-1980.8587246397244 
-1980.8587246239128 
-1980.8587245835572 
-1980.8587245250885 
-1980.8587244854511 
-1980.8587244687567 
-1980.858724402862 
-1980.858724351824 
-1980.8587243327215 
-1980.8587242791186 
-1980.8587242217775 
-1980.8587241813875 
-1980.8587241507057 
-1980.858724090914 
-1980.8587240451548 
-1980.8587240177974 
-1980.858723971028 
-1980.8587239245612 
-1980.8587238918562 
-1980.8587238586408 
-1980.858723820676 
-1980.8587237874403 
-1980.8587237616475 
-1980.85872373489 
-1980.8587237112843 
-1980.8587236897656 
-1980.8587236713752 
-1980.8587236552737 
-1980.8587236391838 
-1980.858723625728 
-1980.8587236135752 
-1980.8587236029675 
-1980.8587235937766 
-1980.8587235890757 
-1980.8587235861762 
-1980.8587235852406 
-1980.8587235852115 
-1980.8587235852142 
-1980.8587235852117 
-1980.8587235852115 
-1980.858723585211 
-1980.858723585211 
-1980.8587235852121 
-1980.85872358521 
-1980.8587235852135 
-1980.8587235852137 
-1980.858723585212 
-1980.8587235852394 
-1980.8587235861785 
-1980.8587235890757 
-1980.858723593778 
-1980.8587236029693 
-1980.8587236135768 
-1980.8587236257144 
-1980.8587236391734 
-1980.8587236552253 
-1980.8587236712813 
-1980.8587236895899 
-1980.8587237110512 
-1980.8587237345364 
-1980.858723761125 
-1980.858723786915 
-1980.8587238199661 
-1980.8587238576943 
-1980.8587238908692 
-1980.858723923156 
-1980.8587239694568 
-1980.8587240158608 
-1980.8587240430495 
-1980.8587240885465 
-1980.8587241480927 
-1980.8587241790356 
-1980.8587242184099 
-1980.8587242761967 
-1980.8587243298405 
-1980.8587243490663 
-1980.858724400513 
-1980.8587244666135 
-1980.8587244848309 
-1980.858724525111 
-1980.8587245833512 
-1980.858724626582 
-1980.8587246427956 
-1980.8587246851182 
-1980.8587247461603 
-1980.858724743755 
-1980.8587247789494 
-1980.858724842364 
-1980.858724845991 
-1980.8587248622098 
-1980.8587249004747 
-1980.8587249408354 
-1980.8587249234618 
-1980.8587249407221 
-1980.8587249912757 
-1980.8587249630407 
-1980.8587249722564 
-1980.8587250157268 
-1980.8587249955128 
-1980.8587249791262 
-1980.858724990572 
-1980.858725011297 
-1980.8587249630757 
-1980.8587249535062 
-1980.8587249808336 
-1980.858724928047 
-1980.8587249112622 
-1980.8587249250388 
-1980.8587248860417 
-1980.858724844747 
-1980.8587248260324 
-1980.858724824148 
-1980.8587247586063 
-1980.8587247229354 
-1980.8587247246332 
-1980.858724662487 
-1980.8587246199168 
-1980.8587246024856 
-1980.8587245604188 
-1980.858724500829 
-1980.8587244602254 
-1980.8587244418293 
-1980.8587243754998 
-1980.8587243238774 
-1980.8587243036873 
-1980.8587242504905 
-1980.8587241919813 
-1980.8587241516668 
-1980.8587241209316 
-1980.8587240608467 
-1980.8587240148538 
-1980.8587239872447 
-1980.8587239405695 
-1980.8587238939976 
-1980.8587238612408 
-1980.8587238280138 
-1980.858723789984 
-1980.8587237567574 
-1980.8587237308918 
-1980.8587237041613 
-1980.8587236805429 
-1980.8587236590192 
-1980.8587236406368 
-1980.8587236245287 
-1980.8587236084404 
-1980.8587235949788 
-1980.858723582827 
-1980.858723572212 
-1980.8587235630262 
-1980.858723558325 
-1980.8587235554191 
-1980.858723554482 
-1980.858723554464 
-1980.858723554471 
-1980.8587235544755 
-1980.8587235544749 
-1980.858723554478 
-1980.8587235544683 
-1980.8587235544765 
-1980.8587235544733 
-1980.858723554471 
-1980.8587235544624 
-1980.858723554459 
-1980.8587235544774 
-1980.8587235554119 
-1980.8587235583134 
-1980.8587235630114 
-1980.8587235722007 
-1980.858723582811 
-1980.8587235949533 
-1980.8587236084131 
-1980.8587236244673 
-1980.8587236405317 
-1980.858723658853 
-1980.858723680324 
-1980.858723703827 
-1980.8587237304196 
-1980.8587237562217 
-1980.8587237892887 
-1980.8587238270522 
-1980.858723860237 
-1980.8587238925404 
-1980.8587239388326 
-1980.858723985287 
-1980.8587240124157 
-1980.8587240580603 
-1980.858724117761 
-1980.8587241484774 
-1980.8587241880302 
-1980.858724245998 
-1980.8587242994358 
-1980.8587243186835 
-1980.85872436992 
-1980.858724436068 
-1980.858724453979 
-1980.8587244947098 
-1980.8587245530248 
-1980.858724595735 
-1980.8587246124523 
-1980.8587246546506 
-1980.8587247157616 
-1980.8587247126811 
-1980.8587247482221 
-1980.8587248124463 
-1980.858724813892 
-1980.8587248311007 
-1980.8587248697786 
-1980.8587249089783 
-1980.8587248923066 
-1980.8587249088096 
-1980.858724959966 
-1980.858724931083 
-1980.8587249403986 
-1980.8587249855323 
-1980.8587249642583 
-1980.8587249498717 
-1980.8587249631755 
-1980.8587249836064 
-1980.85872493666 
-1980.8587249276065 
-1980.8587249543139 
-1980.8587249018817 
-1980.8587248851097 
-1980.8587248999543 
-1980.8587248596184 
-1980.858724819021 
-1980.8587248015745 
-1980.8587247979526 
-1980.8587247320759 
-1980.8587246968052 
-1980.858724697931 
-1980.858724635671 
-1980.858724592674 
-1980.858724574691 
-1980.8587245309063 
-1980.8587244712764 
-1980.8587244298274 
-1980.8587244110263 
-1980.858724343805 
-1980.858724292068 
-1980.8587242718918 
-1980.8587242174458 
-1980.85872415919 
-1980.8587241189775 
-1980.8587240876514 
-1980.858724027435 
-1980.8587239815556 
-1980.8587239540461 
-1980.858723907192 
-1980.8587238607442 
-1980.8587238280982 
-1980.8587237947563 
-1980.8587237568568 
-1980.8587237236616 
-1980.8587236977385 
-1980.8587236710946 
-1980.8587236475319 
-1980.8587236260105 
-1980.8587236076482 
-1980.8587235915545 
-1980.8587235754774 
-1980.8587235620003 
-1980.8587235498508 
-1980.858723539232 
-1980.8587235300427 
-1980.858723525341 
-1980.8587235224393 
-1980.858723521499 
-1980.858723521481 
-1980.8587235214793 
-1980.85872352148 
-1980.8587235214823 
-1980.8587235214907 
-1980.858723521469 
-1980.8587235214868 
-1980.8587235214836 
-1980.8587235214784 
-1980.8587235214738 
-1980.8587235214754 
-1980.8587235214916 
-1980.8587235224293 
-1980.8587235253347 
-1980.858723530035 
-1980.858723539222 
-1980.8587235498412 
-1980.85872356199 
-1980.858723575463 
-1980.858723591533 
-1980.8587236076207 
-1980.8587236259727 
-1980.8587236474887 
-1980.8587236710239 
-1980.8587236976455 
-1980.8587237235613 
-1980.8587237567233 
-1980.858723794585 
-1980.8587238278928 
-1980.858723860465 
-1980.8587239068595 
-1980.8587239536091 
-1980.8587239810552 
-1980.8587240268378 
-1980.8587240869203 
-1980.858724118273 
-1980.8587241581363 
-1980.8587242162866 
-1980.858724270494 
-1980.858724290516 
-1980.858724341942 
-1980.85872440892 
-1980.8587244276375 
-1980.8587244687674 
-1980.858724527758 
-1980.8587245714723 
-1980.8587245888573 
-1980.8587246317998 
-1980.858724693414 
-1980.8587246917864 
-1980.8587247267385 
-1980.858724791987 
-1980.8587247956623 
-1980.858724812423 
-1980.858724852167 
-1980.858724892511 
-1980.8587248767315 
-1980.858724893445 
-1980.8587249448567 
-1980.8587249175646 
-1980.8587249267152 
-1980.8587249724476 
-1980.8587249519505 
-1980.8587249373875 
-1980.858724950663 
-1980.858724971077 
-1980.8587249242214 
-1980.8587249146885 
-1980.8587249417803 
-1980.8587248894212 
-1980.8587248724907 
-1980.8587248874383 
-1980.858724846816 
-1980.8587248064937 
-1980.8587247886146 
-1980.8587247852097 
-1980.858724719632 
-1980.8587246839254 
-1980.8587246850248 
-1980.8587246228028 
-1980.8587245795347 
-1980.8587245616634 
-1980.8587245177691 
-1980.858724458276 
-1980.8587244167888 
-1980.8587243977297 
-1980.858724330597 
-1980.858724278884 
-1980.8587242584838 
-1980.8587242042802 
-1980.858724145839 
-1980.8587241055616 
-1980.8587240743968 
-1980.8587240141374 
-1980.8587239682086 
-1980.8587239406904 
-1980.8587238938517 
-1980.8587238474101 
-1980.858723814766 
-1980.8587237814172 
-1980.8587237435072 
-1980.8587237103166 
-1980.8587236843816 
-1980.858723657729 
-1980.8587236341739 
-1980.8587236126432 
-1980.8587235942814 
-1980.858723578189 
-1980.8587235621198 
-1980.8587235486461 
-1980.8587235364994 
-1980.8587235258829 
-1980.8587235166956 
-1980.8587235119917 
-1980.8587235090877 
-1980.8587235081495 
-1980.858723508129 
-1980.8587235081286 
-1980.8587235081327 
-1980.8587235081318 
-1980.8587235081307 
-1980.8587235081338 
