2 0.006996457865123387 
3 -0.4158549844340817 
4 0.4848113255663106 
5 -0.1060840313189169 
6 -0.24829179131575646 
7 0.42938698370586387 
8 -0.22246134382141683 
9 -0.13181883356248472 
10 0.36250271875644424 
11 -0.28892423619469404 
12 -0.01988781014376226 
13 0.29257373216990795 
14 -0.32050932348879474 
15 0.08086586472619847 
16 0.21183164090425682 
17 -0.322589162400498 
18 0.1635650287794294 
19 0.12415187721057064 
20 -0.29927224625458493 
21 0.2237826418924087 
22 0.0359889686261194 
23 -0.2554536015033468 
24 0.2597205658475145 
25 -0.04629894866494237 
26 -0.19688066366714807 
27 0.2716469983047195 
28 -0.11729157394459724 
29 -0.12957512470390048 
30 0.2618074840789024 
31 -0.17290622615694615 
32 -0.059226162458107044 
33 0.2339931771212055 
34 -0.21067616040314102 
35 0.00915846410174077 
36 0.1927739218699624 
37 -0.22996523324671295 
38 0.07132763957500374 
39 0.14268254981297823 
40 -0.23192858166729832 
41 0.1238353057399677 
42 0.08770290900133351 
43 -0.21905022603130653 
44 0.16424976760147755 
45 0.031216006456704703 
46 -0.194340746336813 
47 0.19143428309420876 
48 -0.023778821202470636 
49 -0.1605650906490399 
50 0.20559514661117764 
51 -0.074532359241821 
52 -0.11990130567964591 
53 0.20787662399663712 
54 -0.11871177445482245 
55 -0.07413372077276079 
56 0.19962853205890074 
57 -0.15471676608548143 
58 -0.025092336342213264 
59 0.1817789378634771 
60 -0.18178004835148384 
61 0.02509476514362378 
62 0.15471503956128635 
63 -0.19962892265348048 
64 0.07413590316204112 
65 0.11870961268003943 
66 -0.2078762503780938 
67 0.11990301008259764 
68 0.0745299941867643 
69 -0.20559408043186259 
70 0.16056615834071591 
71 0.023776490707490557 
72 -0.19143262853136706 
73 0.1943410712749443 
74 -0.03121802727967491 
75 -0.1642477331017169 
76 0.2190498092096419 
77 -0.08770439483909973 
78 -0.12383314458838796 
79 0.23192751338983708 
80 -0.1426833629265309 
81 -0.07132562490300957 
82 0.2299636766747885 
83 -0.19277399507254797 
84 -0.009156872768176942 
85 0.21067435930807094 
86 -0.23399256343295882 
87 0.05922711633134432 
88 0.17290449596316562 
89 -0.2618063393646452 
90 0.12957533964385823 
91 0.11729023848771981 
92 -0.27164559785026293 
93 0.19688018318603617 
94 0.046298260240934926 
95 -0.25971926324534017 
96 0.25545262368262567 
97 -0.03598891468263986 
98 -0.2237817787985663 
99 0.29927109017567743 
100 -0.12415118279910964 
101 -0.1635648286131487 
102 0.32258819989276494 
103 -0.21183059746232522 
104 -0.08086633007939481 
105 0.32050885880240254 
106 -0.29257272245945976 
107 0.01988695067106313 
108 0.28892436770552327 
109 -0.36250207515600896 
110 0.13181801625663445 
111 0.2224618492079699 
112 -0.42938681093761083 
113 0.24829134330660904 
114 0.1060844420353656 
115 -0.4848114748515335 
116 0.41585485113994236 
117 -0.0069963446660716785 
