2 3 0.015722745773858248 
3 4 0.01791902789707833 
4 5 0.018907882455772813 
5 6 0.019361045436949578 
6 7 0.019574406062154978 
7 8 0.019677030395900238 
8 9 0.019727243540771464 
9 10 0.019752155394537348 
10 11 0.019764656786188523 
11 12 0.01977099083364987 
12 13 0.01977422647462633 
13 14 0.01977589107093002 
14 15 0.019776752726447442 
15 16 0.019777201173634625 
16 17 0.019777435688274704 
17 18 0.019777558850843268 
18 19 0.019777623777307324 
19 20 0.019777658136098365 
20 21 0.019777676355065932 
21 22 0.019777686044012234 
22 23 0.01977769121365031 
23 24 0.019777693981735928 
24 25 0.019777695462370525 
25 26 0.019777696238353314 
26 27 0.01977769669464945 
27 28 0.019777696886246532 
28 29 0.019777697003468788 
29 30 0.019777697078586863 
30 31 0.019777697124528502 
31 32 0.019777697151601433 
32 33 0.019777697166220846 
33 34 0.019777697174053976 
34 35 0.019777697179204017 
35 36 0.01977769718182419 
36 37 0.01977769718503828 
37 38 0.01977769717910364 
38 39 0.019777697161649153 
39 40 0.019777697116849263 
40 41 0.019777697118294076 
41 42 0.01977769713952249 
42 43 0.019777697144944525 
43 44 0.019777697148356563 
44 45 0.019777697178341536 
45 46 0.0197776967100467 
46 47 0.019777698427589877 
47 48 0.019777697522437427 
48 49 0.019777696910982596 
49 50 0.019777696804445275 
50 51 0.01977769688543044 
51 52 0.019777696988877314 
52 53 0.019777697067030066 
53 54 0.019777697117123478 
54 55 0.019777697147608884 
55 56 0.01977769716915419 
56 57 0.019777697178692915 
57 58 0.01977769718241306 
58 59 0.019777697183828945 
59 60 0.019777697183975464 
60 61 0.01977769718281007 
61 62 0.01977769718869347 
62 63 0.019777697184340973 
63 64 0.019777697182035262 
64 65 0.019777697178859834 
65 66 0.019777697199335077 
66 67 0.019777697164635306 
67 68 0.01977769718065796 
68 69 0.019777697167712587 
69 70 0.01977769723728509 
70 71 0.019777697160096006 
71 72 0.019777697137848084 
72 73 0.01977769694230546 
73 74 0.01977769755664804 
74 75 0.019777697073906357 
75 76 0.0197776968519627 
76 77 0.01977769689475448 
77 78 0.019777696992697692 
78 79 0.019777697178541134 
79 80 0.019777697226880525 
80 81 0.01977769721455452 
81 82 0.019777697199630982 
82 83 0.0197776971906944 
83 84 0.01977769718668427 
84 85 0.019777697185286394 
85 86 0.01977769718483755 
86 87 0.019777697184720767 
87 88 0.01977769718270152 
88 89 0.019777697149806563 
89 90 0.019777697247298543 
90 91 0.01977769708648691 
91 92 0.019777697057848428 
92 93 0.019777696996030263 
93 94 0.01977769717027569 
94 95 0.01977769723341526 
95 96 0.01977769723472977 
96 97 0.019777697220294682 
97 98 0.019777697207140486 
98 99 0.01977769719715768 
99 100 0.019777697192111407 
100 101 0.01977769719641589 
101 102 0.01977769718369282 
102 103 0.0197776971855454 
103 104 0.019777697150735025 
104 105 0.01977769718563588 
105 106 0.019777697199209833 
106 107 0.01977769720130317 
107 108 0.01977769719846368 
108 109 0.019777697194127235 
109 110 0.01977769718329732 
110 111 0.019777697201709278 
111 112 0.019777697204519083 
112 113 0.019777697192479748 
113 114 0.019777697183300164 
114 115 0.019777697189894465 
115 116 0.019777697184655576 
116 117 0.019777697170286157 
117 118 0.01977769711997402 
118 119 0.019777697219428184 
119 120 0.01977769759394415 
120 121 0.01977769757928351 
121 122 0.01977769745836279 
122 123 0.019777697351438847 
123 124 0.01977769727944058 
124 125 0.01977769723791469 
125 126 0.019777697213571466 
126 127 0.019777697200213266 
127 128 0.01977769719205069 
128 129 0.019777697193582727 
129 130 0.019777697190370622 
130 131 0.019777697160063525 
131 132 0.019777697164974017 
132 133 0.019777697178634687 
133 134 0.019777697179383973 
134 135 0.019777697181596776 
135 136 0.019777697183321494 
136 137 0.019777697183561965 
137 138 0.019777697186265906 
138 139 0.019777697183575894 
139 140 0.019777697184999856 
140 141 0.019777697186344905 
141 142 0.019777697185765074 
142 143 0.019777697187905206 
143 144 0.019777697191932557 
144 145 0.019777697175315672 
145 146 0.019777697140292576 
146 147 0.019777697138436478 
147 148 0.019777697153754274 
148 149 0.01977769717160793 
149 150 0.01977769717995016 
150 151 0.019777697183070635 
151 152 0.019777697184096343 
152 153 0.019777697184646125 
153 154 0.019777697180346207 
154 155 0.019777697177499533 
155 156 0.01977769715096086 
156 157 0.019777697156203724 
157 158 0.01977769716156422 
158 159 0.01977769716804576 
159 160 0.01977769717383077 
160 161 0.01977769717792914 
161 162 0.019777697180865562 
162 163 0.019777697182293448 
163 164 0.019777697182246787 
164 165 0.01977769718080077 
165 166 0.019777697177799033 
166 167 0.01977769717230914 
167 168 0.019777697163624316 
168 169 0.01977769713791796 
169 170 0.019777697104637802 
170 171 0.01977769703827262 
171 172 0.019777696914115975 
172 173 0.0197776966841042 
173 174 0.019777696258356854 
174 175 0.01977769538498931 
175 176 0.01977769397913058 
176 177 0.019777691012938334 
177 178 0.019777685824422638 
178 179 0.019777676174484067 
179 180 0.0197776580041459 
180 181 0.019777623696435775 
181 182 0.01977755879056204 
182 183 0.019777435639008835 
183 184 0.01977720114437082 
184 185 0.019776752685143385 
185 186 0.019775891037686857 
186 187 0.019774226474386224 
187 188 0.0197709908732271 
188 189 0.019764656862266656 
189 190 0.019752155494853384 
190 191 0.019727243663577834 
191 192 0.019677030452891014 
192 193 0.019574406142438473 
193 194 0.019361045610021235 
194 195 0.018907882677227407 
195 196 0.017919028222865098 
196 197 0.015722745937336784 
197 198 0.010815464280699308 
