2 0.005797926545363313 
3 -0.0024551218442735315 
4 0.0012828695750144452 
5 -0.000728294770551118 
6 0.000434405646547508 
7 -0.0002696327925075634 
8 0.00017217280451777396 
9 -0.00011232982765379976 
10 7.453862520384747e-05 
11 -5.014307034971392e-05 
12 3.4116059510119885e-05 
13 -2.343401826914345e-05 
14 1.6228157954996574e-05 
15 -1.1317463537497684e-05 
16 7.941374671001014e-06 
17 -5.602636228448105e-06 
18 3.971694511926603e-06 
19 -2.8277317353367003e-06 
20 2.0208485937208625e-06 
21 -1.4488783773024871e-06 
22 1.0423418115429986e-06 
23 -7.52038891623656e-07 
24 5.440704451750778e-07 
25 -3.94664351933641e-07 
26 2.8677566180295136e-07 
27 -2.0892629245483454e-07 
28 1.5250822795159748e-07 
29 -1.1153885877247833e-07 
30 8.168099545317329e-08 
31 -5.994595928714774e-08 
32 4.405672502217594e-08 
33 -3.243981659626838e-08 
34 2.3898596126694167e-08 
35 -1.762910030509857e-08 
36 1.3002352169313142e-08 
37 -9.536822890944244e-09 
38 7.182225685545344e-09 
39 -5.391325583427166e-09 
40 3.974819305785982e-09 
41 -2.6668273126319173e-09 
42 1.7599242894869414e-09 
43 -2.5943746519211466e-08 
44 1.77319315160212e-08 
45 -1.1951567665762066e-08 
46 5.72851048136468e-09 
47 -2.0909649094240674e-09 
48 4.2838489109119784e-10 
49 2.4127352282055106e-10 
50 -4.305217209479379e-10 
51 3.348486342291757e-10 
52 -3.714285542745266e-10 
53 3.3500110283353895e-10 
54 -2.3017843545142282e-10 
55 5.672382773418969e-10 
56 1.4691457168919866e-10 
57 -3.491686073951771e-10 
58 1.2368175448535347e-10 
59 -1.30295806596164e-11 
60 5.652086785939119e-12 
61 1.4215053739090573e-11 
62 -1.05788012988382e-10 
63 -1.575862004968039e-10 
64 6.030108035382333e-11 
65 -7.241970891923076e-11 
66 2.429470222951416e-09 
67 2.986124248665616e-08 
68 1.0810731588810836e-08 
69 -2.4829236741586705e-08 
70 9.28143582672855e-09 
71 8.766936420746412e-10 
72 -7.760022111700253e-09 
73 9.221541977332076e-09 
74 -8.320465157767136e-09 
75 6.750467287994759e-09 
76 -5.160453825473978e-09 
77 3.766683442767803e-09 
78 -2.629122446491835e-09 
79 1.8167400736146182e-09 
80 -1.2570969591805995e-09 
81 8.669325785663336e-10 
82 -1.8104425665772858e-10 
83 4.045106108666223e-09 
84 5.233659562577863e-10 
85 -2.800409965793573e-10 
86 -4.703825428645495e-10 
87 -6.024445638185036e-11 
88 -8.808734450848514e-10 
89 5.94305361813521e-10 
90 -2.939979841990435e-10 
91 2.628153546724803e-10 
92 4.2795809789273905e-11 
93 2.5427826483340555e-11 
94 -6.334739353273989e-12 
95 6.047938089781903e-10 
96 3.672676859925265e-10 
97 -2.351598606559211e-09 
98 8.646683667233226e-10 
99 2.0379944510199798e-10 
100 2.3503067978274566e-10 
101 -1.2316461069483402e-10 
102 3.4519349601940837e-10 
103 -5.6907464496665526e-11 
104 1.8809716089594059e-10 
105 -2.5883270905364546e-10 
106 2.11953797699822e-10 
107 -2.674639613043204e-10 
108 1.8562607920080267e-10 
109 -9.484966641986109e-11 
110 8.900109793628498e-11 
111 -1.0159702804506733e-10 
112 -1.7104216514239083e-11 
113 -6.655252141168016e-11 
114 4.3196874900993514e-11 
115 3.6616962075754496e-11 
116 5.033109414397592e-10 
117 1.0111223273204239e-10 
118 1.0330944261527827e-10 
119 -2.301420227608163e-10 
120 3.023618093797588e-10 
121 -8.982587358021955e-11 
122 9.791606450470284e-11 
123 -2.3197278486465472e-10 
124 -2.5846693274179606e-11 
125 -1.0331405067494919e-10 
126 1.563273448605715e-10 
127 6.121865190105222e-11 
128 3.4521903042123433e-10 
129 1.22742959406874e-10 
130 -2.0540701030049565e-10 
131 1.7739923157457424e-10 
132 -6.385910076944879e-11 
133 -7.94004659373039e-11 
134 -9.911825099208552e-11 
135 1.349385780163033e-10 
136 -1.3193938998859982e-12 
137 -1.764819557293832e-10 
138 3.716615694405365e-10 
139 7.69653265675207e-11 
140 -4.243314133343423e-12 
141 -3.2281278745472146e-12 
142 -2.5477331722663472e-11 
143 -9.865768789147832e-11 
144 -1.9115697077772094e-10 
145 1.744310909049926e-10 
146 5.073598534390307e-11 
147 3.189666892957857e-10 
148 4.799333520113222e-10 
149 -1.5522064005355102e-10 
150 -9.662995709288133e-11 
151 2.920322263817216e-10 
152 -3.13170723149265e-10 
153 6.670705261160673e-10 
154 -8.224247948098255e-10 
155 1.1080135766624118e-09 
156 -1.5264523883798902e-09 
157 2.1441049611637338e-09 
158 -2.83390478079592e-09 
159 3.808030837847556e-09 
160 -5.603081122075201e-09 
161 6.123655989125322e-09 
162 -9.666610567136996e-09 
163 1.3414354892917887e-08 
164 -1.8020123027430455e-08 
165 2.421894757014828e-08 
166 -3.258982214008925e-08 
167 4.413146179121953e-08 
168 -6.010095399383006e-08 
169 8.168217427870708e-08 
170 -1.1150827061073611e-07 
171 1.525567210637805e-07 
172 -2.0907916886600663e-07 
173 2.870243480784893e-07 
174 -3.9476293028877784e-07 
175 5.441875258826169e-07 
176 -7.526196189808329e-07 
177 1.0428992060736447e-06 
178 -1.4493719648135036e-06 
179 2.0208990547459304e-06 
180 -2.8274680810407272e-06 
181 3.9715838091985e-06 
182 -5.602401694191136e-06 
183 7.941734020902898e-06 
184 -1.131739185702062e-05 
185 1.6228083722729956e-05 
186 -2.3433982464856578e-05 
187 3.4116076410754314e-05 
188 -5.014302090994476e-05 
189 7.453834231836218e-05 
190 -0.0001123300393688765 
191 0.00017217311664889374 
192 -0.0002696338919426279 
193 0.0004344036975559938 
194 -0.000728294515960592 
195 0.0012828694120364302 
196 -0.0024551220827783316 
197 0.005797926608826491 
