2 -0.48216609617498307 
3 -0.4942741417356892 
4 -0.49945334230554667 
5 -0.5019436470799388 
6 -0.5032804642077086 
7 -0.5040458872080067 
8 -0.5045043518992512 
9 -0.5047882870951067 
10 -0.5049687035164258 
11 -0.5050856983497614 
12 -0.5051628305678753 
13 -0.5052143825626646 
14 -0.5052492366343098 
15 -0.505273033363629 
16 -0.505289418645272 
17 -0.5053007841307836 
18 -0.5053087188266675 
19 -0.505314290105183 
20 -0.5053182211779818 
21 -0.5053210092007759 
22 -0.505322993649834 
23 -0.5053244117168345 
24 -0.5053254285003526 
25 -0.5053261598507542 
26 -0.5053266872607177 
27 -0.5053270687303612 
28 -0.5053273452321023 
29 -0.5053275461106344 
30 -0.5053276923587436 
31 -0.5053277990249841 
32 -0.5053278769806724 
33 -0.5053279340476969 
34 -0.5053279758929715 
35 -0.5053280066022808 
36 -0.5053280291803849 
37 -0.5053280459060715 
38 -0.5053280581220707 
39 -0.5053280671321211 
40 -0.5053280737088873 
41 -0.5053280784907045 
42 -0.5053280815419727 
43 -0.5053280819964318 
44 -0.5053281067255027 
45 -0.5053280995931759 
46 -0.5053280953509176 
47 -0.5053280931157843 
48 -0.5053280920105248 
49 -0.5053280916323984 
50 -0.5053280915846728 
51 -0.5053280917235103 
52 -0.5053280918997555 
53 -0.5053280921008013 
54 -0.5053280921890182 
55 -0.5053280926068497 
56 -0.505328091889151 
57 -0.5053280927220848 
58 -0.5053280929275444 
59 -0.505328092994364 
60 -0.5053280930211594 
61 -0.5053280930274414 
62 -0.5053280930942636 
63 -0.5053280929231881 
64 -0.5053280929980589 
65 -0.5053280933240321 
66 -0.5053280921833266 
67 -0.5053280928492072 
68 -0.5053281001734745 
69 -0.5053280881003802 
70 -0.5053280842331985 
71 -0.5053280865307234 
72 -0.5053280892306796 
73 -0.5053280913628442 
74 -0.5053280927544278 
75 -0.5053280933110098 
76 -0.5053280936337363 
77 -0.505328093716523 
78 -0.5053280936930383 
79 -0.5053280935954538 
80 -0.5053280934983866 
81 -0.5053280934340055 
82 -0.5053280931195904 
83 -0.5053280933190922 
84 -0.5053280924701116 
85 -0.5053280932577947 
86 -0.5053280937288877 
87 -0.5053280936474513 
88 -0.5053280928752429 
89 -0.5053280927713744 
90 -0.5053280928455842 
91 -0.5053280928551797 
92 -0.5053280928498738 
93 -0.5053280928461946 
94 -0.505328092868752 
95 -0.5053280931776578 
96 -0.5053280926841069 
97 -0.5053280928329825 
98 -0.5053280933349098 
99 -0.5053280935942702 
100 -0.5053280936655034 
101 -0.5053280935272918 
102 -0.5053280933213963 
103 -0.505328093239281 
104 -0.5053280931384807 
105 -0.5053280930237967 
106 -0.505328093030818 
107 -0.5053280929641716 
108 -0.5053280928863311 
109 -0.5053280929292647 
110 -0.5053280930350093 
111 -0.5053280929149373 
112 -0.5053280930307666 
113 -0.5053280930429398 
114 -0.5053280930693582 
115 -0.5053280931362093 
116 -0.5053280931230636 
117 -0.505328093057152 
118 -0.5053280930195381 
119 -0.5053280929140135 
120 -0.5053280928481881 
121 -0.5053280930107099 
122 -0.5053280929928439 
123 -0.5053280930723401 
124 -0.5053280927906239 
125 -0.5053280927198655 
126 -0.5053280928291816 
127 -0.5053280926522399 
128 -0.5053280925180441 
129 -0.5053280927793771 
130 -0.5053280929736806 
131 -0.5053280930535988 
132 -0.5053280930732594 
133 -0.5053280930861132 
134 -0.505328093058565 
135 -0.505328092997217 
136 -0.5053280931448111 
137 -0.5053280929657398 
138 -0.5053280930768409 
139 -0.505328093438983 
140 -0.5053280931220654 
141 -0.5053280929725342 
142 -0.5053280929739694 
143 -0.5053280933242278 
144 -0.5053280927792512 
145 -0.5053280927598085 
146 -0.5053280925846378 
147 -0.5053280921255633 
148 -0.5053280923445724 
149 -0.5053280920366418 
150 -0.5053280916591125 
151 -0.5053280911912031 
152 -0.505328090554777 
153 -0.5053280897652938 
154 -0.5053280885906971 
155 -0.5053280870843609 
156 -0.5053280850820269 
157 -0.5053280824157392 
158 -0.5053280787340347 
159 -0.5053280738936199 
160 -0.5053280665052159 
161 -0.505328058496589 
162 -0.5053280459196017 
163 -0.5053280291507968 
164 -0.50532800652173 
165 -0.5053279758506205 
166 -0.5053279339859448 
167 -0.5053278769245245 
168 -0.505327799059392 
169 -0.5053276923786563 
170 -0.5053275461421917 
171 -0.5053273453041154 
172 -0.505327068884526 
173 -0.5053266875101289 
174 -0.5053261601939971 
175 -0.5053254289461637 
176 -0.5053244120523445 
177 -0.5053229941382581 
178 -0.5053210097181744 
179 -0.5053182221501393 
180 -0.5053142902047597 
181 -0.5053087189073543 
182 -0.5053007843187669 
183 -0.5052894186974399 
184 -0.5052730333109837 
185 -0.5052492364402464 
186 -0.5052143824685035 
187 -0.5051628304054606 
188 -0.505085698035745 
189 -0.5049687028337517 
190 -0.5047882865661427 
191 -0.5045043511358472 
192 -0.504045886748777 
193 -0.5032804638886039 
194 -0.5019436475077054 
195 -0.49945334230823596 
196 -0.49427414170422157 
197 -0.4821660960532437 
