2 3 0.3514312472857196 
3 4 0.38469408862711896 
4 5 0.3814861750268241 
5 6 0.41866069551200863 
6 7 0.4688225171036097 
7 8 0.48517501745396086 
8 9 0.48425759424209114 
9 10 0.5033594757094833 
10 11 0.5347036965908366 
11 12 0.5488197676325406 
12 13 0.5474856110230994 
13 14 0.5573411830068677 
14 15 0.579880428402452 
15 16 0.593369110525794 
16 17 0.5925922777897596 
17 18 0.5969011013214625 
18 19 0.6135440875517435 
19 20 0.6265977126377311 
20 21 0.6269624553160241 
21 22 0.6278067390750453 
22 23 0.6398329227549893 
23 24 0.6522704789928392 
24 25 0.65401823800786 
25 26 0.652803626529991 
26 27 0.660945328889934 
27 28 0.6724784418006132 
28 29 0.6756171674712054 
29 30 0.6733901532409343 
30 31 0.6781901366021938 
31 32 0.688502956387071 
32 33 0.6928828560885034 
33 34 0.690443085964375 
34 35 0.6924050566128023 
35 36 0.7011867479802555 
36 37 0.706554004755646 
37 38 0.7044931528517131 
38 39 0.7041458903543479 
39 40 0.7111150554958265 
40 41 0.7171475854161459 
41 42 0.7158680317054316 
42 43 0.7137791642621965 
43 44 0.7187130213393598 
44 45 0.7250403996518983 
45 46 0.7247749790217488 
46 47 0.721531784440361 
47 48 0.724299767639903 
48 49 0.7305132329420275 
49 50 0.7313498613388789 
50 51 0.7275226511445272 
51 52 0.7281161306729046 
52 53 0.7337782830301217 
53 54 0.7356840740237892 
54 55 0.7317877403914806 
55 56 0.7303352152883184 
56 57 0.7349987001761884 
57 58 0.7378364530160895 
58 59 0.7343022450143922 
59 60 0.7310629626742613 
60 61 0.7343022450446876 
61 62 0.7378364530496297 
62 63 0.7349987002351611 
63 64 0.7303352153886854 
64 65 0.7317877405512536 
65 66 0.7356840742000719 
66 67 0.7337782832284201 
67 68 0.7281161309105102 
68 69 0.7275226515007567 
69 70 0.7313498617615016 
70 71 0.7305132333657179 
71 72 0.7242997680677236 
72 73 0.7215317849392089 
73 74 0.7247749795947904 
74 75 0.7250404002303058 
75 76 0.7187130218999563 
76 77 0.7137791648409394 
77 78 0.715868032325241 
78 79 0.7171475860330283 
79 80 0.7111150560890708 
80 81 0.7041458909479262 
81 82 0.7044931534658792 
82 83 0.7065540053710427 
83 84 0.7011867485586286 
84 85 0.6924050571727678 
85 86 0.6904430865472911 
86 87 0.6928828566967726 
87 88 0.6885029569288232 
88 89 0.6781901370954223 
89 90 0.6733901537383372 
90 91 0.6756171680028943 
91 92 0.6724784422733234 
92 93 0.6609453292951086 
93 94 0.6528036269129135 
94 95 0.654018238423092 
95 96 0.6522704793680295 
96 97 0.6398329230694385 
97 98 0.6278067393443789 
98 99 0.6269624556126079 
99 100 0.6265977129282657 
100 101 0.613544087796082 
101 102 0.5969011014859804 
102 103 0.5925922779736224 
103 104 0.5933691107182534 
104 105 0.5798804285278277 
105 106 0.5573411829955113 
106 107 0.5474856111785673 
107 108 0.5488197680553817 
108 109 0.534703696925813 
109 110 0.5033594759913079 
110 111 0.4842575940398699 
111 112 0.4851750172504959 
112 113 0.46882251712000095 
113 114 0.41866069522653504 
114 115 0.381486175253644 
115 116 0.38469408865615884 
116 117 0.35143124722994523 
117 118 0.21782357489669268 
