2 0.004579673324711179 
3 -0.0010622203298168756 
4 0.0002619183876577312 
5 -3.419932283847959e-05 
6 -1.365268181385982e-05 
7 6.501468774558378e-06 
8 -1.1772686427466889e-06 
9 -9.26542702064714e-08 
10 1.2516233820488568e-07 
11 -3.354170328519778e-08 
12 9.227513522016233e-10 
13 2.3085250680960203e-09 
14 -7.324551236444952e-10 
15 -2.4762963808218752e-11 
16 1.311724857272117e-10 
17 -1.0426335440542453e-10 
18 8.221642822041248e-11 
19 -1.0404187063129167e-10 
20 8.155807238276521e-11 
21 -8.436186355717145e-11 
22 8.283522587043401e-11 
23 -8.288925770216271e-11 
24 8.296242060070005e-11 
25 -8.36938527011527e-11 
26 9.247022006118027e-11 
27 -1.358908234443201e-10 
28 7.830968578902253e-11 
29 -8.52757617774991e-11 
30 8.337572936484039e-11 
31 -8.295428867118915e-11 
32 8.279436011593822e-11 
33 -8.276816706208095e-11 
34 8.278411140911097e-11 
35 -8.281211020087516e-11 
36 8.373656925376789e-11 
37 -7.622269269342703e-11 
38 7.390149080821484e-11 
39 -5.963083956147794e-11 
40 4.136616712911558e-10 
41 -9.214630297271226e-11 
42 8.19809889899274e-11 
43 -8.225910090047714e-11 
44 8.412304300976871e-11 
45 -8.33221609555071e-11 
46 8.244050558953917e-11 
47 -8.972912162385778e-11 
48 7.940143498615229e-11 
49 -7.84174637530136e-11 
50 1.1136669439896634e-10 
51 -1.516563648420502e-11 
52 2.806220407657421e-10 
53 -1.1229436346201124e-10 
54 1.7222836801776334e-10 
55 -9.781012515953827e-11 
56 1.2953767790853773e-10 
57 -8.826635423450013e-11 
58 7.290574981754462e-11 
59 -7.164277958684019e-11 
60 8.243031069858106e-11 
61 -7.474920509670244e-11 
62 1.4194468531015986e-10 
63 -7.023344240695e-11 
64 6.834474146566197e-11 
65 -7.320253157789557e-11 
66 8.398489095883785e-11 
67 -8.373049005332706e-11 
68 8.290187775151585e-11 
69 -8.31005020078366e-11 
70 8.314160329314531e-11 
71 -8.366677834715532e-11 
72 8.280067567312457e-11 
73 -7.828943846260857e-11 
74 -2.089233095879473e-11 
75 -7.661332225207274e-11 
76 8.327332008374606e-11 
77 -8.281729156177357e-11 
78 8.303722929377877e-11 
79 -8.289248345614197e-11 
80 8.252882508213892e-11 
81 -8.30555451496415e-11 
82 8.377165795952887e-11 
83 -8.303046936367048e-11 
84 7.910596887641931e-11 
85 -8.172602574316164e-11 
86 1.0298506706048443e-10 
87 -1.3613392437094518e-10 
88 9.89994802606242e-11 
89 -7.941210022582736e-11 
90 5.343822555008756e-11 
91 -5.890214544463997e-11 
92 -1.3752378804663072e-11 
93 -4.562823911720213e-09 
94 -2.878111871752524e-10 
95 -3.563583359431329e-12 
96 7.628837241517691e-11 
97 -8.131993485393817e-11 
98 8.393639164446213e-11 
99 -7.652220063082679e-11 
100 9.465615900851078e-11 
101 -8.716033194470619e-11 
102 8.62580436404585e-11 
103 -8.506557637350505e-11 
104 8.362906634809447e-11 
105 -8.331080037106187e-11 
106 8.058674970405398e-11 
107 -7.253919682079302e-11 
108 8.628172550075325e-12 
109 -2.949874983201324e-10 
110 5.656844153190357e-11 
111 -1.8462634626679246e-10 
112 1.023287210691227e-10 
113 -8.577939800575929e-11 
114 8.31463357146818e-11 
115 -8.294331761075842e-11 
116 8.294840820835345e-11 
117 -8.332540360968814e-11 
118 8.393229792492258e-11 
119 -8.476668706392474e-11 
120 9.825817875118718e-11 
121 -4.5168170696373464e-11 
122 8.343195091463621e-11 
123 -8.39285091525159e-11 
124 8.33281000503697e-11 
125 -8.335537367265859e-11 
126 8.403159407002264e-11 
127 -3.8639663630701185e-11 
128 7.197903177120987e-11 
129 -8.053094686912721e-11 
130 8.579152513231331e-11 
131 -6.63299024781694e-11 
132 4.3185687844470544e-10 
133 -1.5923162051134386e-10 
134 9.79015675578352e-11 
135 -8.459342661991972e-11 
136 8.352853014252393e-11 
137 -8.328873066517283e-11 
138 8.259170258571954e-11 
139 -8.292744718441708e-11 
140 8.43956109058108e-11 
141 -8.308629272219712e-11 
142 8.286064697580779e-11 
143 -8.279730908547237e-11 
144 8.277797538559336e-11 
145 -8.278404343818816e-11 
146 8.279827345130847e-11 
147 -8.277432698399663e-11 
148 8.278318429672713e-11 
149 -8.277954796316771e-11 
150 8.282308536949346e-11 
151 -8.25719822997048e-11 
152 8.324057115006883e-11 
153 -8.37112543573799e-11 
154 8.294546268023054e-11 
155 -8.285684413622208e-11 
156 8.279758363165293e-11 
157 -8.277994384468986e-11 
158 8.21437412938785e-11 
159 -8.259341896324254e-11 
160 8.318919201919213e-11 
161 -8.268267852190472e-11 
162 8.272803791533508e-11 
163 -8.26819666886595e-11 
164 8.321579133795417e-11 
165 -8.296802262918377e-11 
166 8.288229210159358e-11 
167 -8.29057951029231e-11 
168 8.288956351477703e-11 
169 -8.208227678743604e-11 
170 8.230251836853186e-11 
171 -8.73816040308937e-11 
172 8.492457835625327e-11 
173 -8.419946644971025e-11 
174 8.329226914236626e-11 
175 -8.146028029807688e-11 
176 7.790665226824599e-11 
177 -7.508203984933779e-11 
178 9.857218931865413e-11 
179 -2.8600745441006804e-10 
180 6.95806758429314e-10 
181 5.304605398651725e-10 
182 2.41921585588108e-10 
183 -7.063283154488272e-11 
184 1.475676002701076e-10 
185 -9.119842301264432e-10 
186 2.669096844707826e-09 
187 7.402100394178756e-10 
188 -3.338913632321905e-08 
189 1.2500030575636394e-07 
190 -9.248187274674457e-08 
191 -1.1775091251546715e-06 
192 6.501065472085757e-06 
193 -1.3652685085903725e-05 
194 -3.419910739860207e-05 
195 0.00026191824267329724 
196 -0.0010622200611677213 
197 0.004579673708555988 
