2 3 0.004673393195844796 
3 4 0.005427126544286406 
4 5 0.005603282375477333 
5 6 0.005563910718764586 
6 7 0.005522949567896786 
7 8 0.005510342968451779 
8 9 0.005511129483582699 
9 10 0.005513284389327595 
10 11 0.005513994821455357 
11 12 0.005513934391742218 
12 13 0.0055138016556630035 
13 14 0.005513763109927791 
14 15 0.005513768654544322 
15 16 0.005513779830651164 
16 17 0.005513781582274715 
17 18 0.005513780851316875 
18 19 0.005513780122046158 
19 20 0.005513779952000321 
20 21 0.005513779211330732 
21 22 0.0055137798975627315 
22 23 0.005513780053180028 
23 24 0.005513780082491002 
24 25 0.005513780073273005 
25 26 0.0055137800717075785 
26 27 0.005513780072823386 
27 28 0.005513779811576237 
28 29 0.005513779973030061 
29 30 0.005513780089137636 
30 31 0.005513780068864399 
31 32 0.005513779769370264 
32 33 0.0055137804982774985 
33 34 0.005513779733364054 
34 35 0.005513785550122281 
35 36 0.005513782785009684 
36 37 0.005513780951076594 
37 38 0.005513780265093914 
38 39 0.005513780127248778 
39 40 0.0055137801058118335 
40 41 0.0055137800922622155 
41 42 0.005513780077717997 
42 43 0.005513780079310849 
43 44 0.005513780080704857 
44 45 0.0055137800851375205 
45 46 0.005513780144638033 
46 47 0.005513780107669538 
47 48 0.005513780087837095 
48 49 0.00551378009010596 
49 50 0.005513780097858451 
50 51 0.005513780090369038 
51 52 0.005513780059883075 
52 53 0.005513780006945674 
53 54 0.005513779512955798 
54 55 0.005513779961030837 
55 56 0.005513780261272566 
56 57 0.0055137802160699426 
57 58 0.005513779859151608 
58 59 0.005513779752153636 
59 60 0.00551377986985711 
60 61 0.005513780211155695 
61 62 0.005513780527721422 
62 63 0.005513780497297672 
63 64 0.005513780389211705 
64 65 0.005513780177230406 
65 66 0.005513780065337635 
66 67 0.005513779984950553 
67 68 0.005513779960853604 
68 69 0.005513780839617347 
69 70 0.005513780413323989 
70 71 0.005513780253774568 
71 72 0.005513780128330347 
72 73 0.0055137856062207734 
73 74 0.005513782446652843 
74 75 0.005513780577619219 
75 76 0.0055137801005405275 
76 77 0.005513780439490118 
77 78 0.005513781023961724 
78 79 0.005513780466709611 
79 80 0.005513780087105733 
80 81 0.0055137801334501765 
81 82 0.005513780154784337 
82 83 0.0055137801149151315 
83 84 0.005513780090691015 
84 85 0.0055137800940118515 
85 86 0.005513780103100546 
86 87 0.0055137800928323965 
87 88 0.005513780069539274 
88 89 0.005513780010966223 
89 90 0.005513779459902821 
90 91 0.005513779678647702 
91 92 0.005513780027937938 
92 93 0.005513780177487439 
93 94 0.005513780109226953 
94 95 0.005513780045274625 
95 96 0.005513779828073856 
96 97 0.0055137796055005515 
97 98 0.005513779609053541 
98 99 0.00551377992714213 
99 100 0.005513779927095134 
100 101 0.00551378005376412 
101 102 0.005513780011970959 
102 103 0.005513780566700585 
103 104 0.0055137802806787045 
104 105 0.005513780195668059 
105 106 0.005513780145830386 
106 107 0.005513780130853895 
107 108 0.005513779900693824 
108 109 0.00551377928358982 
109 110 0.00551377974385001 
110 111 0.005513779833313724 
111 112 0.005513780085187508 
112 113 0.005513780947363013 
113 114 0.005513782255794208 
114 115 0.0055137764596851074 
115 116 0.0055137768035302985 
116 117 0.005513778815983501 
117 118 0.0055137799110671695 
118 119 0.0055137798402293565 
119 120 0.005513779725288108 
120 121 0.005513780582921049 
121 122 0.005513780539012089 
122 123 0.005513780258604857 
123 124 0.005513780121081465 
124 125 0.005513780102947138 
125 126 0.0055137801582998865 
126 127 0.005513780128896015 
127 128 0.005513780108192945 
128 129 0.005513780095641296 
129 130 0.005513780065007673 
130 131 0.005513780021221389 
131 132 0.005513780043331699 
132 133 0.005513780209093759 
133 134 0.005513780413301454 
134 135 0.005513779873460233 
135 136 0.005513779596285915 
136 137 0.005513779727766307 
137 138 0.005513779950425703 
138 139 0.005513780183339221 
139 140 0.005513780508593603 
140 141 0.005513780644018723 
141 142 0.00551378086245936 
142 143 0.005513776336050372 
143 144 0.0055137773061587885 
144 145 0.005513779237654862 
145 146 0.005513779835390104 
146 147 0.0055137805575121044 
147 148 0.005513781647630944 
148 149 0.005513781407470041 
149 150 0.005513780564129971 
150 151 0.0055137801912093975 
151 152 0.005513780038658011 
152 153 0.005513780013924523 
153 154 0.0055137803523487095 
154 155 0.005513780510127901 
155 156 0.005513782219059324 
156 157 0.005513780931794235 
157 158 0.005513780261284127 
158 159 0.005513779625256215 
159 160 0.005513779852718033 
160 161 0.005513780083968635 
161 162 0.005513780072168399 
162 163 0.00551378005794467 
163 164 0.0055137806357740795 
164 165 0.005513779835601633 
165 166 0.005513779901489866 
166 167 0.005513780067575347 
167 168 0.005513779806990616 
168 169 0.005513779911405428 
169 170 0.005513779280185875 
170 171 0.005513778790454176 
171 172 0.005513777364921979 
172 173 0.0055137801850173715 
173 174 0.005513785102537244 
174 175 0.005513782969009136 
175 176 0.005513780911629533 
176 177 0.005513780317626826 
177 178 0.005513780150586188 
178 179 0.005513780019833136 
179 180 0.005513779853672168 
180 181 0.0055137800016734455 
181 182 0.005513780948976913 
182 183 0.005513782066838538 
183 184 0.005513780056617978 
184 185 0.005513771482355432 
185 186 0.0055137613453698844 
186 187 0.005513801089915125 
187 188 0.005513934262637262 
188 189 0.0055139946786301915 
189 190 0.005513284864510958 
190 191 0.005511130512204863 
191 192 0.005510343284218164 
192 193 0.00552294935129877 
193 194 0.005563910403241902 
194 195 0.005603282282950715 
195 196 0.005427128962991814 
196 197 0.004673394725379786 
197 198 0.0037572793716048676 
