2 0.007060611534007555 
3 -0.002074873633171763 
4 0.0005842500539143927 
5 -4.84636681005032e-05 
6 -6.902864425114321e-05 
7 3.1152419777719654e-05 
8 -3.3835700747879776e-06 
9 -2.770389262317316e-06 
10 1.4954799275943798e-06 
11 -1.4438691386317576e-07 
12 -1.6598727196635884e-07 
13 7.886228161774463e-08 
14 -9.705093922746858e-09 
15 -1.1698333919476698e-08 
16 3.449222917003616e-09 
17 -7.965181592813435e-10 
18 -1.2473193266492844e-09 
19 1.0287219913577383e-09 
20 -8.903097997451931e-11 
21 1.7144321313824732e-09 
22 -1.3447526870802294e-10 
23 4.469470935203331e-10 
24 -7.835899612363175e-10 
25 5.105343184546607e-10 
26 -5.749562978909904e-10 
27 1.1479706242493775e-09 
28 -2.1451760161776932e-10 
29 3.67335152695312e-10 
30 -5.749251931777198e-10 
31 8.861545830828411e-10 
32 1.6238972222528758e-10 
33 8.679783565351622e-10 
34 1.615499520956982e-09 
35 -1.4608128277588928e-08 
36 -8.835748437335897e-10 
37 1.9316338375217533e-09 
38 -5.645317311873106e-10 
39 8.215857526800434e-10 
40 -4.688877944332604e-10 
41 5.54144954223148e-10 
42 -4.828346597263417e-10 
43 5.00326199422909e-10 
44 -4.86256503235184e-10 
45 4.398173416481672e-10 
46 -5.025907840305708e-10 
47 5.47224999300348e-10 
48 -4.940707452263062e-10 
49 4.906774490113991e-10 
50 -5.142226350498992e-10 
51 5.736908417285274e-10 
52 -6.630475924344071e-10 
53 1.5066191844951337e-09 
54 1.085045661390031e-09 
55 -1.453068556196206e-10 
56 -7.33978535808116e-10 
57 8.755773081337459e-10 
58 -6.145765238756551e-10 
59 -5.7024437594121004e-11 
60 1.261866894191385e-10 
61 -1.0629895648721875e-09 
62 1.0081928847131172e-09 
63 3.09695289897846e-09 
64 -9.053252913625434e-10 
65 5.709385930900541e-10 
66 -3.036384998244237e-10 
67 3.429424002043142e-10 
68 7.055677785916627e-10 
69 -1.2415032371333968e-09 
70 -6.203543104059997e-10 
71 -1.0120331031750954e-09 
72 6.619427662477221e-09 
73 -1.1650497476083718e-09 
74 -3.3352696710017788e-09 
75 1.3747621454349616e-09 
76 -3.776057308004863e-09 
77 -6.616502229450578e-09 
78 -1.1520986087541442e-09 
79 9.282916632127082e-10 
80 8.472093300617257e-11 
81 -4.5526414229152974e-10 
82 -2.9740560275808905e-10 
83 4.511643766630835e-10 
84 -4.758133817619219e-10 
85 4.862318735105982e-10 
86 -5.137432296979825e-10 
87 5.575298325400073e-10 
88 -7.086830608155371e-10 
89 8.057456675883356e-10 
90 7.563626681685186e-10 
91 -1.3406239898743008e-10 
92 -8.400007264505776e-10 
93 7.40133182636813e-10 
94 -2.912109189007219e-10 
95 -1.873380675783521e-09 
96 -4.701574957927615e-10 
97 8.39173774942692e-10 
98 6.73570275150949e-11 
99 3.790128357235424e-10 
100 -3.9473264545567543e-10 
101 4.4501651717456417e-10 
102 3.5481453845844005e-10 
103 -1.9906561410075916e-09 
104 -6.124356992922601e-10 
105 6.292688283598285e-10 
106 -3.885660957145608e-10 
107 -1.231033050663918e-09 
108 -1.0015250608644326e-09 
109 -4.186798161813923e-10 
110 -5.246490528895698e-10 
111 1.1979066133549432e-11 
112 7.392426219506536e-10 
113 -1.079692810115543e-09 
114 -5.7969157039327485e-09 
115 1.8306530561124737e-08 
116 -9.543990282527273e-10 
117 4.85188166485211e-10 
118 -1.5972679537989723e-09 
119 5.85802045596761e-10 
120 -1.4146239521117826e-09 
121 -3.7651100806069355e-09 
122 -3.190021879469692e-10 
123 5.554045239059336e-10 
124 -5.369530563415475e-10 
125 3.990563322118479e-10 
126 -1.6845436896289144e-10 
127 5.156130342311116e-10 
128 -5.149220219946361e-10 
129 5.481539487621659e-10 
130 -5.6022067089011e-10 
131 4.6237179035001257e-10 
132 -2.6372126955384123e-10 
133 2.2540449702874326e-10 
134 -1.3113957507978419e-09 
135 1.8159290447641964e-09 
136 -2.83264076079262e-10 
137 3.1716796588949816e-10 
138 -3.764835543613297e-11 
139 -1.0302737171135792e-10 
140 -2.677512443284585e-10 
141 7.401576753023542e-10 
142 -4.616792743476018e-09 
143 1.9304955218505872e-08 
144 5.0383937279915495e-09 
145 -4.3759427855139693e-10 
146 -1.9300879869190265e-10 
147 2.62770959683312e-09 
148 2.095961823532633e-09 
149 5.041846564861971e-10 
150 -6.286562536380439e-10 
151 6.019151061476381e-10 
152 -4.5381694602041836e-10 
153 3.94385370601136e-10 
154 1.756538222007961e-10 
155 -5.332731710489048e-10 
156 -6.951532295809277e-09 
157 2.2002988292023554e-09 
158 -1.1977410707689054e-09 
159 2.1079422649461767e-09 
160 -1.9782799595529938e-10 
161 4.2298447008703256e-10 
162 -4.493592842878078e-10 
163 -3.4912325593592617e-10 
164 -2.795790644020439e-09 
165 2.312472318263552e-10 
166 -5.067695719681315e-10 
167 2.015458725012686e-09 
168 -5.788866126279819e-10 
169 1.7306166924683937e-09 
170 -1.968730961994148e-09 
171 4.173368535506693e-09 
172 -2.0009590776732717e-08 
173 -7.984651470358602e-08 
174 1.9265535403659097e-09 
175 1.544706755949891e-09 
176 -7.636750615920084e-10 
177 5.569593181263382e-10 
178 -6.585502545594024e-10 
179 6.648378582130752e-10 
180 -1.5303320763294802e-10 
181 -8.680923009495129e-10 
182 5.00498155398095e-10 
183 4.587220218291293e-09 
184 -1.2185320855894003e-08 
185 5.599425242815055e-09 
186 7.752648706014812e-08 
187 -1.6533396679770085e-07 
188 -1.4544360939045447e-07 
189 1.4952966371984186e-06 
190 -2.7705943983989707e-06 
191 -3.381695039064193e-06 
192 3.115130215494281e-05 
193 -6.902856444928124e-05 
194 -4.8463400149295575e-05 
195 0.0005842460565679405 
196 -0.0020748732098713842 
197 0.007060613054595829 
