0.0 
157.00793139830765 
156.18909553361286 
153.02567942504984 
152.22230314967348 
149.0438125975837 
148.2421856874508 
145.06194696735827 
144.2602277027436 
141.08008113525514 
140.2783354100993 
137.098215324494 
136.29647011612727 
133.11634951348105 
132.3146044251425 
129.13448370242216 
128.3327386148829 
125.15261789136275 
124.350872803605 
121.17075208030342 
120.36900699237606 
117.18888626924428 
116.38714117969677 
113.2070204581866 
112.40527537097682 
109.2251546471269 
108.42340955728804 
105.2432888360687 
104.44154374817894 
101.26142302500945 
100.45967793709833 
97.27955721395031 
96.47781212624719 
93.29769140289099 
92.49594631498674 
89.31582559183187 
88.51408050475935 
85.33395978077226 
84.53221469285431 
81.35209396971301 
80.55034888178626 
77.3702281586538 
76.56848307073126 
73.3883623475946 
72.58661725881866 
69.40649653653571 
68.60475144860692 
65.42463072547652 
64.62288563702727 
61.44276491441754 
60.64101982659591 
57.46089910335829 
56.65915401544048 
53.47903329229908 
52.677288204350866 
49.4971674812399 
48.69542239332025 
45.51530167018063 
44.71355658193705 
41.53343585912142 
40.7316907710369 
37.551570048062196 
36.749824960148594 
33.56970423700299 
32.767959149084525 
29.587838425943733 
28.78609333802442 
25.605972614884486 
24.804227526864963 
21.624106803825274 
20.82236171537082 
17.64224099276637 
16.840495904850147 
13.660375181707114 
12.858630093319444 
9.678509370648069 
8.876764282607253 
5.696643559588912 
4.894898471692806 
1.714777748529616 
0.9130326606104482 
-2.267088062529666 
-3.068833150448903 
-6.248953873588951 
-7.050698961508195 
-10.230819684648234 
-11.032564772591263 
-14.212685495707507 
-15.014430583629894 
-18.194551306766815 
-18.9962963946864 
-22.176417117826126 
-22.97816220574579 
-26.15828292888543 
-26.960028016805165 
-30.140148739944735 
-30.941893827864305 
-34.12201455100408 
-34.92375963893317 
-38.1038803620634 
-38.9056254499852 
-42.085746173122736 
-42.88749126097809 
-46.067611984182086 
-46.869357072057404 
-50.04947779524147 
-50.851222883190474 
-54.031343606300574 
-54.833088694221615 
-58.01320941735982 
-58.81495450516319 
-61.99507522841918 
-62.79682031634976 
-65.9769410394784 
-66.77868612739543 
-69.95880685053775 
-70.760551938458 
-73.94067266159702 
-74.74241774953249 
-77.92253847265636 
-78.72428356073912 
-81.90440428371569 
-82.70614937163192 
-85.88627009477499 
-86.68801518269107 
-89.8681359058342 
-90.66988099379485 
-93.85000171689337 
-94.65174680481469 
-97.83186752795265 
-98.63361261587337 
-101.8137333390119 
-102.61547842677786 
-105.79559915007128 
-106.59734423798912 
-109.7774649611305 
-110.57921005064468 
-113.75933077218842 
-114.56107586011588 
-117.74119658324773 
-118.54294167100267 
-121.723062394307 
-122.52480748223076 
-125.70492820536639 
-126.5066732931384 
-129.686794016426 
-130.48853910308944 
-133.6686598274861 
-134.47040491841742 
-137.65052563854474 
-138.4522707265472 
-141.63239144960443 
-142.4341365374689 
-145.61425726066358 
-146.4160023477942 
-149.59612307172338 
-150.39786815963774 
-153.57798888278265 
-154.37973397127607 
-157.55985469384157 
-158.36159978172745 
-161.54172050490075 
-162.3434655928107 
-165.5235863159599 
-166.32533140403282 
-169.50545212701914 
-170.30719721491684 
-173.48731793807835 
-174.2890630259818 
-177.46918374913747 
-178.27092883718908 
-181.45104956019586 
-182.25279463340038 
-185.4329153712596 
-186.23466045964224 
-189.4147811823033 
-190.21652627065814 
-193.3966469933813 
-194.19839209245552 
-197.3785128065465 
-198.18025790926418 
-201.36037866292298 
-202.1621238268074 
-205.3422452553628 
-206.14399153906962 
-209.32412352145386 
-210.12588691410926 
-213.30618070382803 
-214.10819881322647 
-217.2909067081826 
-218.0966081850245 
-221.31316877299486 
-222.1777884475698 
-225.76961752180677 
-228.05005851299381 
-231.63389928692067 
-236.40687777664283 
-236.40704486218974 
-236.4070482751646 
-236.40704843942538 
-236.40710146170903 
-236.4071016871572 
-236.407114782422 
-236.40711496814393 
-236.4071270226075 
-236.40712720600595 
-236.4071391979105 
-236.40713938115448 
-236.4071513692593 
-236.4071515524933 
-236.4071635403974 
-236.4071637236308 
-236.40717571153772 
-236.4071758947709 
-236.40718788267492 
-236.40718806590806 
-236.40720005380643 
-236.40720023703977 
-236.40721222493698 
-236.4072124081702 
-236.4072243960608 
-236.40722457929402 
-236.40723656719257 
-236.4072367504259 
-236.4072487383243 
-236.4072489215577 
-236.4072609094561 
-236.40726109268925 
-236.4072730805876 
-236.40727326382085 
-236.40728525171926 
-236.40728543495266 
-236.40729742285086 
-236.4072976060839 
-236.40730959398243 
-236.40730977721552 
-236.40732176511383 
-236.40732194834686 
-236.40733393624467 
-236.40733411947792 
-236.40734610737638 
-236.4073462906096 
-236.4073582785075 
-236.40735846174056 
-236.4073704496396 
-236.40737063287284 
-236.40738262077036 
-236.4073828040037 
-236.40739479190128 
-236.4073949751345 
-236.4074069630328 
-236.40740714626588 
-236.40741913416406 
-236.4074193173973 
-236.4074313052958 
-236.40743148852863 
-236.4074434764285 
-236.40744365966168 
-236.40745564756008 
-236.40745583079337 
-236.40746781869177 
-236.40746800192488 
-236.40747998982317 
-236.40748017305648 
-236.40749216095483 
-236.40749234418792 
-236.40750433208643 
-236.4075045153196 
-236.40751650321806 
-236.40751668645132 
-236.4075286743497 
-236.407528857583 
-236.40754084548155 
-236.4075410287146 
-236.40755301661298 
-236.40755319984603 
-236.40756518774432 
-236.4075653709775 
-236.40757735887584 
-236.40757754210895 
-236.40758953000721 
-236.4075897132405 
-236.4076017011388 
-236.4076018843719 
-236.40761387227033 
-236.40761405550364 
-236.40762604340222 
-236.40762622663527 
-236.40763821453308 
-236.4076383977664 
-236.40765038566468 
-236.40765056889768 
-236.40766255679603 
-236.40766274002908 
-236.40767472792731 
-236.4076749111604 
-236.40768689905858 
-236.40768708229174 
-236.4076990701899 
-236.40769925342323 
-236.40771124132158 
-236.4077114245548 
-236.40772341245295 
-236.40772359568626 
-236.40773558358438 
-236.40773576681735 
-236.40774775471573 
-236.40774793794918 
-236.40775992584759 
-236.40776010908078 
-236.40777209697916 
-236.40777228021244 
-236.40778426811107 
-236.40778445134413 
-236.40779643924253 
-236.40779662247567 
-236.40780861037405 
-236.40780879360736 
-236.40782078150593 
-236.40782096473913 
-236.4078329526372 
-236.4078331358702 
-236.40784512376916 
-236.40784530700233 
-236.40785729490085 
-236.40785747813425 
-236.40786946603248 
-236.40786964926548 
-236.4078816371636 
-236.40788182039705 
-236.4078938082951 
-236.4078939915283 
-236.40790597942677 
-236.40790616266 
-236.40791815055837 
-236.4079183337916 
-236.40793032168995 
-236.40793050492297 
-236.40794249282123 
-236.4079426760544 
-236.40795466395252 
-236.40795484718572 
-236.40796683508387 
-236.40796701831695 
-236.40797900621564 
-236.40797918944898 
-236.40799117734704 
-236.40799136058024 
-236.40800334847853 
-236.40800353171178 
-236.40801551961016 
-236.40801570284344 
-236.4080276907418 
-236.40802787397496 
-236.40803986187348 
-236.40804004510656 
-236.40805203300425 
-236.40805221623782 
-236.40806420413588 
-236.40806438736882 
-236.40807637526711 
-236.40807655850003 
-236.40808854639803 
-236.40808872963103 
-236.40810071752938 
-236.4081009007626 
-236.40811288866217 
-236.40811307189514 
-236.40812505979284 
-236.40812524302592 
-236.40813723092577 
-236.40813741415892 
-236.40814940205706 
-236.40814958529032 
-236.40816157318824 
-236.4081617564213 
-236.40817374431947 
-236.4081739275527 
-236.40818591545238 
-236.40818609868566 
-236.40819808662079 
-236.4081982698543 
-236.40821025778394 
-236.40821044099522 
-236.40822241237487 
-236.40822259639833 
-236.40823463336338 
-236.40823479480673 
-236.4082468483088 
-236.40824726117486 
-236.4082472652155 
-236.40824726520214 
-240.99096385698653 
-240.99096446698053 
-240.99096447266098 
-240.99096447267436 
-240.990964472677 
-240.99096447267715 
-240.99096447267743 
-240.9909644726773 
-240.99096447267715 
-240.99096447267704 
-240.99096447267698 
-240.99096447267692 
-240.99096447267678 
-240.99096447267652 
-240.9909644726765 
-240.9909644726764 
-240.9909644726764 
-240.99096447267635 
-240.99096447267658 
-240.99096447267632 
-240.99096447267647 
-240.9909644726765 
-240.99096447267664 
-240.99096447267644 
-240.99096447267652 
-240.99096447267658 
-240.9909644726767 
-240.9909644726767 
-240.99096447267664 
-240.99096447267644 
-240.99096447267667 
-240.99096447267652 
-240.99096447267667 
-240.99096447267655 
-240.9909644726765 
-240.99096447267655 
-240.99096447267638 
-240.99096447267664 
-240.99096447267675 
-240.99096447267672 
-240.99096447267706 
-240.9909644726768 
-240.99096447267658 
-240.99096447267652 
-240.99096447267658 
-240.99096447267635 
-240.99096447267635 
-240.9909644726762 
-240.99096447267618 
-240.990964472676 
-240.99096447267593 
-240.99096447267596 
-240.9909644726761 
-240.99096447267596 
-240.99096447267596 
-240.9909644726759 
-240.99096447267596 
-240.99096447267596 
-240.9909644726759 
-240.990964472676 
-240.99096447267613 
-240.99096447267593 
-240.99096447267584 
-240.99096447267576 
-240.9909644726756 
-240.99096447267556 
-240.99096447267573 
-240.99096447267567 
-240.9909644726754 
-240.9909644726756 
-240.9909644726754 
-240.99096447267542 
-240.99096447267547 
-240.9909644726754 
-240.99096447267527 
-240.99096447267516 
-240.99096447267502 
-240.99096447267488 
-240.99096447267488 
-240.99096447267462 
-240.99096447267436 
-240.99096447267416 
-240.99096447267408 
-240.99096447267374 
-240.99096447267397 
-240.9909644726737 
-240.9909644726736 
-240.9909644726734 
-240.99096447267348 
-240.99096447267334 
-240.99096447267354 
-240.99096447267343 
-240.9909644726736 
-240.99096447267337 
-240.9909644726733 
-240.99096447267314 
-240.99096447267303 
-240.990964472673 
-240.99096447267289 
-240.9909644726728 
-240.99096447267294 
-240.9909644726727 
-240.99096447267272 
-240.99096447267252 
-240.99096447267223 
-240.9909644726724 
-240.99096447267237 
-240.9909644726725 
-240.99096447267237 
-240.9909644726723 
-240.99096447267223 
-240.99096447267232 
-240.99096447267226 
-240.9909644726722 
-240.9909644726726 
-240.9909644726724 
-240.99096447267263 
-240.99096447267243 
-240.99096447267243 
-240.99096447267243 
-240.9909644726723 
-240.99096447267215 
-240.99096447267215 
-240.99096447267203 
-240.99096447267226 
-240.99096447267218 
-240.99096447267215 
-240.990964472672 
-240.990964472672 
-240.99096447267186 
-240.99096447267186 
-240.9909644726717 
-240.99096447267158 
-240.99096447267135 
-240.9909644726714 
-240.99096447267112 
-240.99096447267098 
-240.99096447267073 
-240.9909644726707 
-240.99096447267064 
-240.99096447267064 
-240.99096447267058 
-240.99096447267067 
-240.99096447267044 
-240.9909644726704 
-240.9909644726703 
-240.9909644726703 
-240.99096447267019 
-240.99096447267007 
-240.99096447266993 
-240.99096447266976 
-240.99096447266982 
-240.9909644726698 
-240.99096447266942 
-240.99096447266965 
-240.99096447266942 
-240.99096447266942 
-240.99096447266953 
-240.9909644726697 
-240.99096447266967 
-240.99096447266967 
-240.99096447266982 
-240.99096447266948 
-240.9909644726693 
-240.99096447266916 
-240.99096447266913 
-240.99096447266936 
-240.99096447266922 
-240.99096447266896 
-240.99096447266888 
-240.99096447266876 
-240.9909644726688 
-240.9909644726688 
-240.99096447266868 
-240.99096447266896 
-240.9909644726702 
-240.99096447267007 
-240.99096447267024 
-240.99096447267044 
-240.9909644726701 
-240.99096447266996 
-240.9909644726699 
-240.9909644726698 
-240.9909644726697 
-240.99096447266973 
-240.99096447266967 
-240.9909644726701 
-240.99096447267016 
-240.99096447267024 
-240.99096447267016 
-240.99096447267024 
-240.99096447266993 
-240.99096447266996 
-240.9909644726702 
-240.99096447267343 
-240.99096447267715 
-240.99096447267195 
-240.99096447267706 
-240.99096447267357 
-240.99096447267263 
-240.99096447267266 
-240.99096447267254 
-240.99096447267263 
-240.99096447267266 
-240.99096447267277 
-240.99096447267277 
-240.99096447267286 
-240.9909644726726 
-240.99096447267266 
-240.99096447267277 
-240.99096447267274 
-240.99096447267263 
-240.9909644726727 
-240.99096447267272 
-240.99096447267283 
-240.99096447267272 
-240.99096447267289 
-240.9909644726729 
-240.99096447267289 
-240.99096447267266 
-240.99096447267277 
-240.9909644726729 
-240.99096447267277 
-240.99096447267308 
-240.9909644726731 
-240.99096447267326 
-240.99096447267323 
-240.99096447267317 
-240.9909644726731 
-240.9909644726732 
-240.99096447267326 
-240.99096447267343 
-240.9909644726735 
-240.9909644726738 
-240.99096447267388 
-240.99096447267388 
-240.9909644726737 
-240.9909644726739 
-240.99096447267414 
-240.99096447267397 
-240.99096447267442 
-240.9909644726744 
-240.99096447267448 
-240.9909644726746 
-240.99096447267462 
-240.9909644726748 
-240.99096447267476 
-240.99096447267485 
-240.99096447267516 
-240.99096447267522 
-240.99096447267524 
-240.9909644726753 
-240.99096447267553 
-240.9909644726756 
-240.99096447267567 
-240.99096447267584 
-240.99096447267613 
-240.99096447267638 
-240.99096447267644 
-240.9909644726764 
-240.9909644726765 
-240.9909644726765 
-240.9909644726766 
-240.99096447267675 
-240.9909644726767 
-240.99096447267684 
-240.99096447267692 
-240.99096447267715 
-240.99096447267718 
-240.99096447267712 
-240.9909644726771 
-240.99096447267704 
-240.99096447267686 
-240.99096447267712 
-240.99096447267732 
-240.99096447267738 
-240.99096447267738 
-240.99096447267738 
-240.99096447267755 
-240.99096447267723 
-240.9909644726775 
-240.99096447267746 
-240.9909644726773 
-240.9909644726776 
-240.99096447267755 
-240.99096447267755 
-240.99096447267746 
-240.99096447267775 
-240.99096447267772 
-240.9909644726778 
-240.99096447267797 
-240.9909644726783 
-240.9909644726784 
-240.9909644726785 
-240.99096447267863 
-240.99096447267888 
-240.9909644726788 
-240.99096447267902 
-240.99096447267925 
-240.99096447267948 
-240.99096447267954 
-240.99096447267945 
-240.99096447267937 
-240.99096447267937 
-240.99096447267934 
-240.99096447267948 
-240.99096447267956 
-240.99096447267948 
-240.99096447267965 
-240.99096447267962 
-240.99096447267982 
-240.9909644726799 
-240.99096447268005 
-240.9909644726804 
-240.99096447268042 
-240.99096447268053 
-240.99096447268062 
-240.9909644726807 
-240.99096447268082 
-240.990964472681 
-240.99096447268093 
-240.99096447268101 
-240.99096447268107 
-240.9909644726811 
-240.99096447268101 
-240.99096447268096 
-240.99096447268107 
-240.99096447268116 
-240.99096447268133 
-240.99096447268138 
-240.99096447268127 
-240.99096447268127 
-240.99096447268116 
-240.99096447268113 
-240.99096447268101 
-240.99096447268127 
-240.9909644726812 
-240.99096447268136 
-240.9909644726814 
-240.99096447268136 
-240.99096447268153 
-240.99096447268153 
-240.99096447268158 
-240.99096447268172 
-240.99096447268175 
-240.99096447268175 
-240.99096447268175 
-240.99096447268204 
-240.9909644726822 
-240.9909644726821 
-240.99096447268218 
-240.99096447268226 
-240.9909644726823 
-240.9909644726822 
-240.99096447268192 
-240.9909644726821 
-240.99096447268204 
-240.99096447268204 
-240.99096447268207 
-240.9909644726822 
-240.9909644726822 
-240.99096447268235 
-240.9909644726826 
-240.9909644726826 
-240.99096447268278 
-240.99096447268286 
-240.99096447268292 
-240.99096447268283 
-240.99096447268298 
-240.99096447268298 
-240.99096447268295 
-240.9909644726829 
-240.99096447268272 
-240.99096447268266 
-240.99096447268295 
-240.99096447268295 
-240.99096447268275 
-240.99096447268278 
-240.99096447268278 
-240.99096447268275 
-240.990964472683 
-240.990964472683 
-240.99096447268303 
-240.99096447268306 
-240.99096447268317 
-240.99096447268352 
-240.99096447268363 
-240.99096447268343 
-240.99096447268352 
-240.9909644726837 
-240.99096447268468 
-240.99096447268823 
-240.99096447268317 
-240.9909644726882 
-240.9909644726847 
-240.99096447268374 
-240.99096447268366 
-240.99096447268374 
-240.99096447268374 
-240.99096447268388 
-240.99096447268363 
-240.99096447268357 
-240.99096447268337 
-240.9909644726834 
-240.99096447268317 
-240.99096447268315 
-240.9909644726831 
-240.99096447268315 
-240.99096447268317 
-240.9909644726832 
-240.99096447268326 
-240.99096447268326 
-240.9909644726832 
-240.99096447268332 
-240.99096447268346 
-240.99096447268354 
-240.99096447268352 
-240.99096447268346 
-240.9909644726834 
-240.99096447268337 
-240.99096447268337 
-240.9909644726832 
-240.99096447268323 
-240.99096447268323 
-240.99096447268323 
-240.9909644726832 
-240.9909644726831 
-240.99096447268306 
-240.99096447268298 
-240.99096447268266 
-240.9909644726825 
-240.99096447268238 
-240.99096447268238 
-240.99096447268235 
-240.99096447268218 
-240.99096447268198 
-240.9909644726821 
-240.99096447268195 
-240.9909644726818 
-240.9909644726818 
-240.99096447268198 
-240.99096447268175 
-240.9909644726817 
-240.99096447268158 
-240.99096447268155 
-240.99096447268127 
-240.99096447268116 
-240.9909644726811 
-240.99096447268107 
-240.99096447268082 
-240.9909644726807 
-240.99096447268062 
-240.9909644726803 
-240.9909644726804 
-240.99096447268028 
-240.99096447268022 
-240.99096447268025 
-240.99096447268025 
-240.9909644726801 
-240.99096447268008 
-240.99096447268016 
-240.9909644726801 
-240.99096447267982 
-240.99096447267974 
-240.99096447267988 
-240.99096447268005 
-240.99096447268016 
-240.99096447268016 
-240.99096447268013 
-240.99096447268008 
-240.99096447267996 
-240.99096447268 
-240.99096447268005 
-240.99096447267982 
-240.99096447267993 
-240.99096447267942 
-240.99096447267945 
-240.9909644726792 
-240.99096447267914 
-240.9909644726791 
-240.99096447267883 
-240.99096447267885 
-240.99096447267868 
-240.9909644726788 
-240.99096447267863 
-240.9909644726786 
-240.99096447267868 
-240.99096447267854 
-240.99096447267857 
-240.99096447267846 
-240.99096447267866 
-240.99096447267854 
-240.9909644726783 
-240.99096447267812 
-240.99096447267823 
-240.99096447267817 
-240.99096447267826 
-240.99096447267823 
-240.99096447267812 
-240.99096447267792 
-240.990964472678 
-240.99096447267772 
-240.99096447267755 
-240.9909644726775 
-240.99096447267732 
-240.99096447267743 
-240.9909644726776 
-240.9909644726775 
-240.99096447267743 
-240.9909644726774 
-240.99096447267743 
-240.9909644726774 
-240.99096447267743 
-240.99096447267743 
-240.9909644726775 
-240.99096447267732 
-240.99096447267715 
-240.99096447267698 
-240.99096447267704 
-240.9909644726771 
-240.99096447267686 
-240.99096447267675 
-240.99096447267658 
-240.9909644726766 
-240.99096447267655 
-240.99096447267655 
-240.9909644726764 
-240.99096447267644 
-240.99096447267638 
-240.9909644726763 
-240.99096447267618 
-240.99096447267596 
-240.99096447267596 
-240.99096447267596 
-240.9909644726759 
-240.99096447267598 
-240.99096447267593 
-240.990964472676 
-240.99096447267578 
-240.99096447267584 
-240.99096447267573 
-240.99096447267576 
-240.99096447267573 
-240.99096447267564 
-240.9909644726755 
-240.99096447267527 
-240.99096447267507 
-240.9909644726749 
-240.99096447267476 
-240.9909644726747 
-240.99096447267453 
-240.99096447267442 
-240.99096447267436 
-240.9909644726743 
-240.99096447267414 
-240.99096447267434 
-240.9909644726742 
-240.990964472674 
-240.99096447267428 
-240.9909644726741 
-240.99096447267408 
-240.99096447267397 
-240.99096447267382 
-240.9909644726738 
-240.99096447267374 
-240.99096447267348 
-240.9909644726736 
-240.99096447267354 
-240.99096447267337 
-240.99096447267328 
-240.99096447267323 
-240.99096447267297 
-240.99096447267306 
-240.990964472673 
-240.99096447267303 
-240.99096447267274 
-240.99096447267294 
-240.99096447267272 
-240.99096447267272 
-240.99096447267274 
-240.99096447267232 
-240.99096447267223 
-240.99096447267232 
-240.99096447267232 
-240.99096447267235 
-240.99096447267237 
-240.99096447267357 
-240.99096447267712 
-240.990964472672 
-240.9909644726771 
-240.99096447267357 
-240.99096447267243 
-240.9909644726723 
-240.99096447267237 
-240.99096447267246 
-240.99096447267232 
-240.9909644726723 
-240.99096447267286 
-240.99096447267274 
-240.9909644726727 
-240.99096447267283 
-240.99096447267274 
-240.99096447267294 
-240.99096447267314 
-240.99096447267314 
-240.9909644726731 
-240.99096447267326 
-240.99096447267343 
-240.99096447267357 
-240.99096447267382 
-240.99096447267374 
-240.99096447267368 
-240.9909644726739 
-240.99096447267394 
-240.9909644726739 
-240.9909644726739 
-240.99096447267402 
-240.99096447267408 
-240.99096447267434 
-240.9909644726742 
-240.9909644726742 
-240.9909644726743 
-240.99096447267425 
-240.99096447267442 
-240.99096447267448 
-240.99096447267453 
-240.99096447267453 
-240.99096447267485 
-240.9909644726749 
-240.99096447267505 
-240.99096447267522 
-240.9909644726754 
-240.9909644726755 
-240.99096447267573 
-240.9909644726758 
-240.99096447267578 
-240.99096447267596 
-240.9909644726762 
-240.9909644726761 
-240.9909644726762 
-240.99096447267613 
-240.99096447267618 
-240.99096447267604 
-240.99096447267618 
-240.99096447267607 
-240.99096447267613 
-240.99096447267647 
-240.9909644726764 
-240.9909644726766 
-240.9909644726767 
-240.99096447267675 
-240.99096447267695 
-240.99096447267692 
-240.99096447267712 
-240.99096447267712 
-240.99096447267732 
-240.99096447267738 
-240.99096447267755 
-240.99096447267755 
-240.99096447267746 
-240.99096447267752 
-240.99096447267777 
-240.99096447267783 
-240.99096447267786 
-240.99096447267794 
-240.99096447267783 
-240.99096447267777 
-240.99096447267783 
-240.9909644726779 
-240.99096447267797 
-240.9909644726781 
-240.99096447267797 
-240.990964472678 
-240.99096447267812 
-240.99096447267817 
-240.9909644726783 
-240.9909644726785 
-240.99096447267857 
-240.9909644726787 
-240.99096447267883 
-240.9909644726788 
-240.99096447267863 
-240.99096447267888 
-240.99096447267868 
-240.9909644726788 
-240.99096447267902 
-240.99096447267905 
-240.99096447267885 
-240.99096447267885 
-240.99096447267897 
-240.99096447267902 
-240.99096447267883 
-240.99096447267888 
-240.99096447267894 
-240.99096447267905 
-240.9909644726792 
-240.99096447267922 
-240.99096447267945 
-240.99096447267942 
-240.99096447267965 
-240.99096447267976 
-240.9909644726799 
-240.9909644726802 
-240.99096447268022 
-240.99096447268053 
-240.9909644726805 
-240.99096447268045 
-240.9909644726805 
-240.99096447268056 
-240.99096447268047 
-240.99096447268056 
-240.99096447268033 
-240.99096447268016 
-240.99096447267993 
-240.99096447267993 
-240.99096447267996 
-240.99096447268005 
-240.99096447268016 
-240.9909644726801 
-240.99096447268022 
-240.99096447268022 
-240.9909644726803 
-240.99096447268042 
-240.9909644726804 
-240.9909644726805 
-240.99096447268073 
-240.99096447268093 
-240.99096447268104 
-240.99096447268116 
-240.99096447268116 
-240.9909644726813 
-240.99096447268138 
-240.99096447268153 
-240.9909644726815 
-240.99096447268158 
-240.9909644726817 
-240.99096447268198 
-240.99096447268215 
-240.99096447268198 
-240.99096447268215 
-240.99096447268226 
-240.99096447268226 
-240.9909644726825 
-240.99096447268286 
-240.99096447268286 
-240.99096447268295 
-240.99096447268315 
-240.99096447268323 
-240.99096447268346 
-240.9909644726837 
-240.99096447268386 
-240.9909644726838 
-240.99096447268386 
-240.99096447268388 
-240.9909644726838 
-240.99096447268371 
-240.99096447268388 
-240.99096447268406 
-240.9909644726841 
-240.99096447268414 
-240.99096447268406 
-240.99096447268417 
-240.99096447268408 
-240.9909644726839 
-240.99096447268394 
-240.9909644726839 
-240.99096447268397 
-240.99096447268394 
-240.99096447268388 
-240.99096447268394 
-240.99096447268406 
-240.99096447268423 
-240.99096447268417 
-240.99096447268434 
-240.9909644726844 
-240.99096447268454 
-240.99096447268468 
-240.99096447268477 
-240.9909644726846 
-240.99096447268474 
-240.99096447268468 
-240.99096447268482 
-240.99096447268585 
-240.99096447268954 
-240.9909644726842 
-240.99096447268954 
-240.99096447268576 
-240.99096447268477 
-240.99096447268485 
-240.990964472685 
-240.99096447268465 
-240.99096447268465 
-240.99096447268454 
-240.99096447268442 
-240.9909644726844 
-240.9909644726844 
-240.9909644726843 
-240.99096447268448 
-240.99096447268425 
-240.9909644726843 
-240.99096447268408 
-240.99096447268397 
-240.99096447268403 
-240.9909644726839 
-240.99096447268397 
-240.99096447268397 
-240.99096447268388 
-240.99096447268383 
-240.9909644726837 
-240.99096447268371 
-240.99096447268371 
-240.99096447268371 
-240.99096447268363 
-240.99096447268334 
-240.99096447268332 
-240.9909644726834 
-240.9909644726834 
-240.99096447268317 
-240.9909644726833 
-240.99096447268312 
-240.99096447268317 
-240.99096447268303 
-240.99096447268295 
-240.99096447268295 
-240.99096447268275 
-240.99096447268295 
-240.99096447268266 
-240.99096447268252 
-240.99096447268238 
-240.99096447268252 
-240.99096447268238 
-240.99096447268252 
-240.99096447268235 
-240.9909644726823 
-240.99096447268207 
-240.99096447268192 
-240.99096447268195 
-240.99096447268215 
-240.9909644726819 
-240.9909644726819 
-240.99096447268175 
-240.99096447268158 
-240.99096447268153 
-240.99096447268147 
-240.99096447268136 
-240.99096447268116 
-240.99096447268124 
-240.99096447268118 
-240.99096447268096 
-240.99096447268082 
-240.99096447268096 
-240.99096447268104 
-240.99096447268107 
-240.99096447268093 
-240.99096447268113 
-240.9909644726811 
-240.99096447268107 
-240.99096447268107 
-240.99096447268093 
-240.99096447268084 
-240.99096447268096 
-240.99096447268116 
-240.9909644726811 
-240.990964472681 
-240.99096447268082 
-240.99096447268096 
-240.99096447268076 
-240.99096447268073 
-240.99096447268064 
-240.99096447268056 
-240.99096447268042 
-240.99096447268022 
-240.99096447268025 
-240.99096447268028 
-240.99096447268002 
-240.99096447267996 
-240.9909644726799 
-240.99096447268 
-240.99096447268013 
-240.99096447268 
-240.99096447267976 
-240.9909644726797 
-240.99096447267974 
-240.9909644726797 
-240.99096447267934 
-240.99096447267937 
-240.99096447267945 
-240.99096447267954 
-240.9909644726793 
-240.99096447267928 
-240.9909644726792 
-240.99096447267917 
-240.99096447267914 
-240.99096447267914 
-240.99096447267934 
-240.9909644726792 
-240.99096447267928 
-240.99096447267925 
-240.99096447267914 
-240.990964472679 
-240.99096447267883 
-240.99096447267885 
-240.99096447267897 
-240.9909644726789 
-240.99096447267902 
-240.9909644726788 
-240.9909644726785 
-240.99096447267837 
-240.99096447267814 
-240.99096447267794 
-240.99096447267817 
-240.9909644726781 
-240.99096447267823 
-240.990964472678 
-240.99096447267803 
-240.9909644726782 
-240.99096447267814 
-240.99096447267814 
-240.99096447267794 
-240.99096447267777 
-240.99096447267763 
-240.9909644726776 
-240.99096447267743 
-240.9909644726775 
-240.99096447267726 
-240.99096447267698 
-240.99096447267692 
-240.99096447267672 
-240.99096447267652 
-240.99096447267652 
-240.9909644726765 
-240.99096447267627 
-240.9909644726761 
-240.9909644726761 
-240.99096447267596 
-240.99096447267596 
-240.99096447267596 
-240.99096447267578 
-240.99096447267578 
-240.99096447267573 
-240.99096447267567 
-240.9909644726756 
-240.99096447267547 
-240.9909644726754 
-240.99096447267524 
-240.99096447267522 
-240.99096447267516 
-240.99096447267502 
-240.9909644726749 
-240.99096447267493 
-240.990964472675 
-240.9909644726748 
-240.99096447267465 
-240.99096447267434 
-240.99096447267442 
-240.99096447267416 
-240.9909644726742 
-240.9909644726742 
-240.99096447267422 
-240.99096447267394 
-240.99096447267416 
-240.99096447267416 
-240.99096447267408 
-240.99096447267416 
-240.99096447267422 
-240.9909644726739 
-240.9909644726738 
-240.9909644726738 
-240.9909644726735 
-240.9909644726735 
-240.9909644726735 
-240.99096447267357 
-240.9909644726734 
-240.9909644726736 
-240.99096447267345 
-240.9909644726735 
-240.99096447267382 
-240.99096447267402 
-240.9909644726751 
-240.99096447267863 
-240.99096447267354 
-240.99096447267874 
-240.9909644726752 
-240.99096447267402 
-240.9909644726739 
-240.99096447267354 
-240.99096447267345 
-240.99096447267357 
-240.99096447267337 
-240.99096447267345 
-240.99096447267348 
-240.99096447267357 
-240.99096447267345 
-240.99096447267374 
-240.99096447267397 
-240.990964472674 
-240.99096447267428 
-240.99096447267428 
-240.99096447267422 
-240.99096447267428 
-240.99096447267434 
-240.9909644726741 
-240.9909644726745 
-240.99096447267462 
-240.99096447267468 
-240.99096447267468 
-240.99096447267485 
-240.99096447267485 
-240.99096447267505 
-240.99096447267527 
-240.99096447267527 
-240.99096447267536 
-240.99096447267547 
-240.9909644726756 
-240.99096447267573 
-240.99096447267593 
-240.99096447267596 
-240.99096447267613 
-240.99096447267624 
-240.99096447267635 
-240.9909644726762 
-240.9909644726764 
-240.9909644726765 
-240.99096447267655 
-240.99096447267655 
-240.99096447267647 
-240.99096447267647 
-240.99096447267672 
-240.9909644726766 
-240.99096447267684 
-240.990964472677 
-240.9909644726772 
-240.99096447267718 
-240.99096447267743 
-240.99096447267766 
-240.99096447267777 
-240.99096447267797 
-240.9909644726782 
-240.99096447267817 
-240.99096447267826 
-240.99096447267823 
-240.9909644726784 
-240.99096447267863 
-240.9909644726787 
-240.99096447267874 
-240.99096447267863 
-240.99096447267868 
-240.99096447267868 
-240.99096447267883 
-240.99096447267868 
-240.9909644726786 
-240.99096447267843 
-240.99096447267868 
-240.99096447267888 
-240.99096447267905 
-240.99096447267914 
-240.99096447267948 
-240.99096447267934 
-240.99096447267954 
-240.99096447267928 
-240.99096447267937 
-240.9909644726793 
-240.99096447267954 
-240.99096447267956 
-240.99096447267965 
-240.99096447267948 
-240.99096447267968 
-240.9909644726797 
-240.99096447267948 
-240.99096447267956 
-240.9909644726795 
-240.99096447267962 
-240.99096447267965 
-240.99096447267982 
-240.9909644726799 
-240.99096447267968 
-240.99096447267965 
-240.9909644726797 
-240.99096447267993 
-240.9909644726799 
-240.99096447268 
-240.99096447268016 
-240.9909644726804 
-240.99096447268028 
-240.99096447268028 
-240.99096447268016 
-240.9909644726803 
-240.99096447268056 
-240.9909644726805 
-240.9909644726804 
-240.9909644726805 
-240.99096447268076 
-240.99096447268073 
-240.9909644726808 
-240.99096447268087 
-240.99096447268084 
-240.99096447268093 
-240.99096447268107 
-240.990964472681 
-240.99096447268113 
-240.9909644726808 
-240.9909644726808 
-240.99096447268084 
-240.9909644726809 
-240.990964472681 
-240.9909644726811 
-240.99096447268133 
-240.99096447268133 
-240.99096447268144 
-240.99096447268136 
-240.9909644726813 
-240.99096447268107 
-240.9909644726811 
-240.9909644726815 
-240.99096447268133 
-240.99096447268136 
-240.9909644726814 
-240.99096447268147 
-240.99096447268172 
-240.9909644726817 
-240.99096447268184 
-240.99096447268195 
-240.99096447268192 
-240.99096447268198 
-240.99096447268215 
-240.9909644726822 
-240.9909644726821 
-240.99096447268232 
-240.99096447268244 
-240.99096447268255 
-240.9909644726825 
-240.99096447268255 
-240.99096447268244 
-240.9909644726826 
-240.99096447268278 
-240.99096447268283 
-240.99096447268272 
-240.9909644726829 
-240.99096447268286 
-240.99096447268292 
-240.99096447268298 
-240.99096447268295 
-240.9909644726832 
-240.99096447268315 
-240.9909644726833 
-240.99096447268334 
-240.9909644726832 
-240.99096447268343 
-240.99096447268363 
-240.99096447268371 
-240.99096447268371 
-240.9909644726838 
-240.9909644726838 
-240.99096447268394 
-240.99096447268414 
-240.9909644726842 
-240.99096447268414 
-240.9909644726842 
-240.99096447268437 
-240.99096447268434 
-240.9909644726845 
-240.99096447268465 
-240.99096447268462 
-240.9909644726847 
-240.99096447268485 
-240.99096447268496 
-240.99096447268477 
-240.99096447268485 
-240.99096447268496 
-240.99096447268505 
-240.99096447268502 
-240.99096447268528 
-240.99096447268505 
-240.99096447268496 
-240.99096447268587 
-240.99096447268948 
-240.99096447268465 
-240.99096447268937 
-240.99096447268593 
-240.990964472685 
-240.99096447268482 
-240.99096447268477 
-240.99096447268474 
-240.990964472685 
-240.990964472685 
-240.990964472685 
-240.99096447268496 
-240.990964472685 
-240.99096447268474 
-240.99096447268454 
-240.9909644726843 
-240.99096447268428 
-240.99096447268403 
-240.99096447268388 
-240.99096447268386 
-240.99096447268366 
-240.9909644726833 
-240.9909644726833 
-240.99096447268312 
-240.99096447268312 
-240.99096447268298 
-240.99096447268283 
-240.9909644726826 
-240.9909644726826 
-240.99096447268246 
-240.9909644726824 
-240.9909644726823 
-240.99096447268198 
-240.99096447268184 
-240.99096447268175 
-240.99096447268158 
-240.99096447268164 
-240.99096447268138 
-240.99096447268136 
-240.9909644726814 
-240.99096447268147 
-240.99096447268124 
-240.99096447268136 
-240.99096447268118 
-240.99096447268107 
-240.99096447268104 
-240.99096447268101 
-240.99096447268082 
-240.9909644726808 
-240.99096447268067 
-240.99096447268064 
-240.9909644726806 
-240.99096447268062 
-240.9909644726806 
-240.99096447268047 
-240.99096447268025 
-240.99096447268005 
-240.99096447268008 
-240.99096447267993 
-240.99096447267982 
-240.99096447267985 
-240.9909644726799 
-240.99096447268 
-240.99096447268008 
-240.99096447268022 
-240.99096447268008 
-240.99096447268005 
-240.99096447268013 
-240.99096447268016 
-240.9909644726801 
-240.99096447267996 
-240.99096447267993 
-240.99096447267982 
-240.99096447267965 
-240.99096447267974 
-240.9909644726797 
-240.9909644726795 
-240.99096447267945 
-240.9909644726796 
-240.99096447267976 
-240.99096447267993 
-240.9909644726799 
-240.99096447267974 
-240.99096447267956 
-240.9909644726792 
-240.99096447267914 
-240.9909644726789 
-240.9909644726788 
-240.99096447267877 
-240.99096447267857 
-240.99096447267863 
-240.9909644726787 
-240.99096447267846 
-240.99096447267831 
-240.99096447267823 
-240.9909644726781 
-240.99096447267817 
-240.99096447267797 
-240.99096447267794 
-240.99096447267783 
-240.99096447267792 
-240.99096447267792 
-240.9909644726779 
-240.99096447267783 
-240.9909644726779 
-240.99096447267777 
-240.9909644726775 
-240.9909644726775 
-240.99096447267735 
-240.99096447267706 
-240.9909644726771 
-240.99096447267695 
-240.99096447267675 
-240.99096447267684 
-240.99096447267644 
-240.99096447267644 
-240.9909644726764 
-240.99096447267647 
-240.9909644726766 
-240.99096447267664 
-240.99096447267664 
-240.99096447267667 
-240.99096447267664 
-240.99096447267644 
-240.99096447267632 
-240.99096447267613 
-240.990964472676 
-240.99096447267584 
-240.99096447267596 
-240.99096447267618 
-240.99096447267624 
-240.99096447267607 
-240.9909644726758 
-240.99096447267573 
-240.99096447267564 
-240.99096447267567 
-240.99096447267556 
-240.99096447267533 
-240.9909644726753 
-240.99096447267533 
-240.99096447267524 
-240.99096447267502 
-240.99096447267488 
-240.99096447267482 
-240.9909644726746 
-240.99096447267453 
-240.9909644726746 
-240.99096447267456 
-240.99096447267414 
-240.99096447267397 
-240.99096447267394 
-240.9909644726738 
-240.99096447267368 
-240.9909644726736 
-240.99096447267357 
-240.99096447267334 
-240.99096447267317 
-240.99096447267306 
-240.99096447267317 
-240.99096447267314 
-240.99096447267303 
-240.99096447267286 
-240.99096447267274 
-240.9909644726725 
-240.9909644726725 
-240.9909644726725 
-240.99096447267232 
-240.9909644726722 
-240.99096447267206 
-240.99096447267203 
-240.990964472672 
-240.9909644726718 
-240.9909644726718 
-240.99096447267198 
-240.99096447267195 
-240.99096447267175 
-240.99096447267135 
-240.9909644726714 
-240.99096447267135 
-240.99096447267138 
-240.99096447267118 
-240.99096447267107 
-240.99096447267107 
-240.99096447267098 
-240.9909644726709 
-240.9909644726706 
-240.99096447267058 
-240.99096447267047 
-240.99096447267038 
-240.99096447267038 
-240.99096447267053 
-240.99096447267027 
-240.99096447267038 
-240.99096447267033 
-240.99096447267044 
-240.99096447267175 
-240.99096447267178 
-240.99096447266658 
-240.99096447267175 
-240.99096447267164 
-240.99096447267044 
-240.9909644726702 
-240.99096447267016 
-240.99096447267013 
-240.99096447267036 
-240.99096447267027 
-240.99096447267027 
-240.99096447267033 
-240.9909644726705 
-240.99096447267053 
-240.9909644726708 
-240.99096447267078 
-240.9909644726709 
-240.99096447267095 
-240.99096447267104 
-240.99096447267112 
-240.99096447267118 
-240.99096447267112 
-240.99096447267115 
-240.9909644726715 
-240.99096447267164 
-240.99096447267164 
-240.99096447267155 
-240.99096447267158 
-240.99096447267166 
-240.99096447267172 
-240.99096447267175 
-240.9909644726719 
-240.99096447267203 
-240.9909644726722 
-240.99096447267192 
-240.99096447267206 
-240.9909644726722 
-240.9909644726724 
-240.99096447267254 
-240.9909644726726 
-240.99096447267283 
-240.9909644726728 
-240.99096447267286 
-240.99096447267289 
-240.99096447267326 
-240.99096447267328 
-240.99096447267357 
-240.99096447267357 
-240.99096447267357 
-240.99096447267374 
-240.9909644726738 
-240.99096447267414 
-240.99096447267414 
-240.99096447267397 
-240.99096447267414 
-240.9909644726744 
-240.99096447267428 
-240.99096447267448 
-240.99096447267456 
-240.9909644726746 
-240.99096447267465 
-240.99096447267496 
-240.99096447267482 
-240.99096447267505 
-240.99096447267493 
-240.99096447267507 
-240.99096447267516 
-240.99096447267544 
-240.99096447267553 
-240.99096447267556 
-240.9909644726754 
-240.99096447267533 
-240.9909644726755 
-240.99096447267559 
-240.99096447267567 
-240.9909644726758 
-240.99096447267596 
-240.99096447267604 
-240.99096447267604 
-240.990964472676 
-240.9909644726761 
-240.9909644726759 
-240.99096447267584 
-240.990964472676 
-240.9909644726761 
-240.9909644726762 
-240.99096447267647 
-240.99096447267664 
-240.99096447267678 
-240.99096447267672 
-240.99096447267698 
-240.99096447267715 
-240.99096447267715 
-240.99096447267738 
-240.99096447267743 
-240.9909644726774 
-240.99096447267755 
-240.9909644726776 
-240.9909644726778 
-240.99096447267763 
-240.99096447267772 
-240.99096447267794 
-240.99096447267806 
-240.99096447267794 
-240.99096447267817 
-240.99096447267817 
-240.9909644726784 
-240.99096447267854 
-240.99096447267848 
-240.99096447267846 
-240.99096447267854 
-240.99096447267854 
-240.99096447267866 
-240.99096447267868 
-240.9909644726788 
-240.99096447267908 
-240.99096447267942 
-240.9909644726796 
-240.9909644726794 
-240.99096447267937 
-240.99096447267925 
-240.99096447267914 
-240.9909644726792 
-240.99096447267937 
-240.9909644726794 
-240.99096447267925 
-240.9909644726794 
-240.99096447267948 
-240.99096447267956 
-240.99096447267976 
-240.9909644726797 
-240.9909644726797 
-240.99096447267976 
-240.99096447267996 
-240.99096447268002 
-240.99096447267993 
-240.99096447267996 
-240.99096447268 
-240.99096447268 
-240.99096447268005 
-240.99096447268022 
-240.99096447268016 
-240.99096447268025 
-240.99096447268045 
-240.99096447268067 
-240.99096447268073 
-240.99096447268073 
-240.9909644726808 
-240.9909644726809 
-240.99096447268093 
-240.99096447268096 
-240.99096447268101 
-240.99096447268124 
-240.99096447268133 
-240.99096447268127 
-240.99096447268138 
-240.9909644726815 
-240.99096447268136 
-240.99096447268158 
-240.99096447268164 
-240.99096447268153 
-240.99096447268153 
-240.9909644726817 
-240.9909644726817 
-240.9909644726817 
-240.99096447268187 
-240.99096447268198 
-240.9909644726822 
-240.99096447268232 
-240.99096447268255 
-240.9909644726826 
-240.99096447268266 
-240.99096447268286 
-240.99096447268312 
-240.99096447268317 
-240.99096447268312 
-240.99096447268334 
-240.99096447268334 
-240.99096447268366 
-240.99096447268386 
-240.99096447268397 
-240.99096447268408 
-240.99096447268437 
-240.99096447268448 
-240.99096447268454 
-240.99096447268477 
-240.99096447268488 
-240.99096447268502 
-240.99096447268505 
-240.99096447268488 
-240.99096447268496 
-240.99096447268468 
-240.9909644726846 
-240.99096447268465 
-240.99096447268488 
-240.9909644726859 
-240.9909644726893 
-240.99096447268428 
-240.99096447268965 
-240.99096447268607 
-240.99096447268508 
-240.99096447268485 
-240.99096447268508 
-240.99096447268482 
-240.990964472685 
-240.990964472685 
-240.99096447268502 
-240.99096447268508 
-240.99096447268494 
-240.99096447268514 
-240.9909644726851 
-240.99096447268508 
-240.99096447268516 
-240.99096447268488 
-240.9909644726848 
-240.99096447268474 
-240.99096447268465 
-240.9909644726844 
-240.99096447268428 
-240.99096447268414 
-240.9909644726839 
-240.9909644726839 
-240.99096447268383 
-240.99096447268394 
-240.99096447268386 
-240.99096447268394 
-240.9909644726837 
-240.9909644726836 
-240.9909644726834 
-240.99096447268326 
-240.99096447268323 
-240.9909644726833 
-240.99096447268346 
-240.99096447268298 
-240.99096447268312 
-240.99096447268303 
-240.99096447268312 
-240.990964472683 
-240.990964472683 
-240.99096447268303 
-240.990964472683 
-240.99096447268295 
-240.99096447268278 
-240.99096447268292 
-240.99096447268292 
-240.99096447268283 
-240.9909644726828 
-240.99096447268258 
-240.99096447268246 
-240.99096447268255 
-240.9909644726826 
-240.9909644726826 
-240.99096447268252 
-240.99096447268255 
-240.99096447268238 
-240.99096447268238 
-240.99096447268232 
-240.99096447268224 
-240.99096447268215 
-240.9909644726821 
-240.990964472682 
-240.99096447268192 
-240.9909644726818 
-240.99096447268164 
-240.99096447268153 
-240.99096447268147 
-240.99096447268153 
-240.9909644726813 
-240.99096447268118 
-240.99096447268113 
-240.9909644726809 
-240.99096447268101 
-240.9909644726809 
-240.9909644726809 
-240.99096447268084 
-240.99096447268047 
-240.9909644726803 
-240.99096447268028 
-240.9909644726804 
-240.99096447268028 
-240.99096447268033 
-240.99096447268036 
-240.99096447268045 
-240.9909644726803 
-240.99096447268016 
-240.99096447267996 
-240.9909644726799 
-240.99096447267988 
-240.9909644726799 
-240.99096447267962 
-240.99096447267948 
-240.99096447267937 
-240.99096447267917 
-240.99096447267908 
-240.99096447267902 
-240.99096447267877 
-240.99096447267866 
-240.99096447267848 
-240.99096447267826 
-240.99096447267812 
-240.99096447267814 
-240.99096447267806 
-240.99096447267814 
-240.99096447267817 
-240.99096447267817 
-240.99096447267831 
-240.99096447267823 
-240.99096447267826 
-240.9909644726781 
-240.99096447267812 
-240.99096447267794 
-240.99096447267786 
-240.9909644726779 
-240.99096447267755 
-240.9909644726773 
-240.99096447267726 
-240.99096447267706 
-240.990964472677 
-240.99096447267695 
-240.9909644726769 
-240.99096447267698 
-240.9909644726767 
-240.99096447267664 
-240.99096447267675 
-240.9909644726766 
-240.99096447267652 
-240.99096447267647 
-240.9909644726764 
-240.99096447267632 
-240.99096447267607 
-240.99096447267613 
-240.99096447267598 
-240.99096447267593 
-240.99096447267584 
-240.9909644726756 
-240.99096447267542 
-240.99096447267527 
-240.99096447267524 
-240.99096447267527 
-240.99096447267524 
-240.99096447267507 
-240.9909644726749 
-240.99096447267493 
-240.990964472675 
-240.99096447267507 
-240.99096447267493 
-240.99096447267485 
-240.99096447267488 
-240.99096447267488 
-240.9909644726746 
-240.99096447267453 
-240.99096447267453 
-240.99096447267436 
-240.99096447267434 
-240.9909644726744 
-240.9909644726744 
-240.9909644726744 
-240.99096447267428 
-240.99096447267397 
-240.99096447267397 
-240.99096447267388 
-240.99096447267388 
-240.9909644726738 
-240.9909644726737 
-240.99096447267374 
-240.99096447267385 
-240.99096447267365 
-240.99096447267357 
-240.9909644726737 
-240.99096447267388 
-240.9909644726736 
-240.99096447267343 
-240.9909644726733 
-240.99096447267323 
-240.99096447267317 
-240.99096447267317 
-240.99096447267303 
-240.9909644726731 
-240.99096447267317 
-240.99096447267294 
-240.9909644726729 
-240.99096447267283 
-240.9909644726728 
-240.99096447267274 
-240.99096447267274 
-240.9909644726727 
-240.99096447267252 
-240.99096447267263 
-240.9909644726726 
-240.99096447267274 
-240.9909644726732 
-240.99096447267414 
-240.99096447267738 
-240.99096447267235 
-240.99096447267738 
-240.9909644726741 
-240.99096447267303 
-240.99096447267289 
-240.99096447267272 
-240.99096447267272 
-240.99096447267274 
-240.99096447267289 
-240.99096447267286 
-240.99096447267289 
-240.990964472673 
-240.99096447267306 
-240.99096447267308 
-240.99096447267323 
-240.99096447267337 
-240.99096447267328 
-240.99096447267317 
-240.99096447267328 
-240.99096447267334 
-240.99096447267357 
-240.99096447267357 
-240.9909644726737 
-240.990964472674 
-240.99096447267402 
-240.990964472674 
-240.9909644726739 
-240.9909644726739 
-240.99096447267388 
-240.99096447267374 
-240.99096447267374 
-240.99096447267388 
-240.99096447267397 
-240.9909644726741 
-240.99096447267416 
-240.99096447267422 
-240.99096447267442 
-240.99096447267448 
-240.99096447267442 
-240.99096447267442 
-240.9909644726746 
-240.99096447267456 
-240.99096447267468 
-240.99096447267468 
-240.9909644726748 
-240.99096447267488 
-240.9909644726751 
-240.9909644726751 
-240.99096447267516 
-240.99096447267527 
-240.99096447267522 
-240.9909644726751 
-240.9909644726751 
-240.99096447267513 
-240.99096447267522 
-240.99096447267533 
-240.99096447267522 
-240.9909644726753 
-240.9909644726755 
-240.99096447267573 
-240.9909644726759 
-240.99096447267618 
-240.99096447267593 
-240.99096447267604 
-240.9909644726761 
-240.9909644726763 
-240.99096447267644 
-240.99096447267652 
-240.99096447267655 
-240.99096447267655 
-240.99096447267678 
-240.9909644726768 
-240.99096447267675 
-240.9909644726771 
-240.99096447267704 
-240.99096447267726 
-240.99096447267726 
-240.99096447267726 
-240.9909644726774 
-240.9909644726775 
-240.99096447267766 
-240.99096447267806 
-240.99096447267794 
-240.99096447267812 
-240.99096447267837 
-240.99096447267823 
-240.99096447267848 
-240.9909644726785 
-240.99096447267863 
-240.9909644726785 
-240.9909644726784 
-240.9909644726784 
-240.99096447267843 
-240.99096447267866 
-240.9909644726786 
-240.99096447267874 
-240.99096447267897 
-240.99096447267902 
-240.99096447267917 
-240.9909644726795 
-240.9909644726796 
-240.99096447267956 
-240.9909644726799 
-240.99096447267985 
-240.99096447268002 
-240.99096447268042 
-240.99096447268045 
-240.99096447268056 
-240.9909644726807 
-240.9909644726808 
-240.99096447268096 
-240.99096447268116 
-240.99096447268113 
-240.99096447268101 
-240.9909644726809 
-240.99096447268104 
-240.99096447268087 
-240.990964472681 
-240.99096447268116 
-240.99096447268136 
-240.99096447268153 
-240.99096447268153 
-240.99096447268158 
-240.99096447268147 
-240.9909644726817 
-240.99096447268178 
-240.99096447268204 
-240.9909644726822 
-240.9909644726822 
-240.9909644726823 
-240.99096447268246 
-240.99096447268255 
-240.99096447268266 
-240.9909644726827 
-240.99096447268275 
-240.9909644726828 
-240.9909644726829 
-240.990964472683 
-240.99096447268292 
-240.99096447268306 
-240.99096447268317 
-240.99096447268317 
-240.99096447268315 
-240.9909644726831 
-240.99096447268303 
-240.99096447268306 
-240.99096447268303 
-240.99096447268317 
-240.99096447268326 
-240.9909644726834 
-240.99096447268326 
-240.99096447268312 
-240.9909644726833 
-240.99096447268337 
-240.99096447268346 
-240.9909644726834 
-240.99096447268346 
-240.9909644726834 
-240.99096447268334 
-240.9909644726834 
-240.99096447268337 
-240.99096447268363 
-240.99096447268371 
-240.99096447268371 
-240.99096447268366 
-240.99096447268386 
-240.99096447268403 
-240.99096447268414 
-240.99096447268437 
-240.9909644726843 
-240.9909644726844 
-240.99096447268425 
-240.99096447268423 
-240.99096447268428 
-240.9909644726845 
-240.99096447268462 
-240.99096447268485 
-240.99096447268496 
-240.990964472685 
-240.9909644726851 
-240.99096447268525 
-240.99096447268553 
-240.9909644726854 
-240.9909644726855 
-240.9909644726854 
-240.9909644726854 
-240.99096447268545 
-240.99096447268545 
-240.99096447268548 
-240.9909644726856 
-240.99096447268545 
-240.99096447268565 
-240.99096447268562 
-240.99096447268582 
-240.99096447268676 
-240.99096447269045 
-240.9909644726852 
-240.99096447269022 
-240.99096447268647 
-240.99096447268545 
-240.9909644726854 
-240.99096447268525 
-240.99096447268516 
-240.9909644726853 
-240.99096447268508 
-240.99096447268514 
-240.99096447268516 
-240.99096447268502 
-240.99096447268502 
-240.99096447268502 
-240.99096447268508 
-240.99096447268502 
-240.99096447268494 
-240.99096447268482 
-240.99096447268485 
-240.9909644726848 
-240.99096447268488 
-240.99096447268474 
-240.99096447268465 
-240.99096447268474 
-240.99096447268462 
-240.9909644726845 
-240.99096447268448 
-240.99096447268454 
-240.99096447268437 
-240.99096447268408 
-240.99096447268408 
-240.99096447268397 
-240.9909644726838 
-240.99096447268397 
-240.99096447268394 
-240.9909644726839 
-240.99096447268388 
-240.99096447268386 
-240.99096447268366 
-240.99096447268352 
-240.99096447268377 
-240.99096447268363 
-240.99096447268371 
-240.99096447268371 
-240.99096447268374 
-240.99096447268377 
-240.99096447268363 
-240.99096447268374 
-240.9909644726839 
-240.99096447268383 
-240.99096447268377 
-240.99096447268383 
-240.99096447268363 
-240.99096447268363 
-240.99096447268366 
-240.9909644726837 
-240.99096447268371 
-240.99096447268363 
-240.9909644726835 
-240.99096447268354 
-240.99096447268337 
-240.99096447268332 
-240.99096447268317 
-240.99096447268298 
-240.99096447268278 
-240.9909644726828 
-240.9909644726826 
-240.99096447268252 
-240.99096447268238 
-240.99096447268215 
-240.99096447268212 
-240.99096447268218 
-240.99096447268215 
-240.99096447268204 
-240.99096447268226 
-240.99096447268224 
-240.99096447268212 
-240.99096447268204 
-240.99096447268204 
-240.9909644726821 
-240.9909644726819 
-240.99096447268164 
-240.99096447268153 
-240.99096447268124 
-240.99096447268113 
-240.99096447268116 
-240.99096447268113 
-240.99096447268116 
-240.99096447268116 
-240.99096447268127 
-240.9909644726812 
-240.9909644726811 
-240.99096447268107 
-240.99096447268101 
-240.990964472681 
-240.9909644726807 
-240.99096447268056 
-240.99096447268045 
-240.9909644726805 
-240.99096447268025 
-240.99096447268025 
-240.99096447268022 
-240.99096447268036 
-240.99096447268025 
-240.99096447268005 
-240.99096447268 
-240.99096447268005 
-240.99096447268005 
-240.99096447267993 
-240.9909644726798 
-240.9909644726798 
-240.99096447267962 
-240.9909644726796 
-240.99096447267948 
-240.9909644726794 
-240.99096447267954 
-240.9909644726793 
-240.9909644726795 
-240.99096447267954 
-240.99096447267934 
-240.99096447267937 
-240.99096447267922 
-240.9909644726792 
-240.9909644726791 
-240.99096447267877 
-240.99096447267885 
-240.9909644726787 
-240.99096447267863 
-240.99096447267857 
-240.99096447267846 
-240.99096447267831 
-240.9909644726781 
-240.99096447267792 
-240.99096447267772 
-240.99096447267746 
-240.99096447267723 
-240.99096447267726 
-240.99096447267704 
-240.99096447267712 
-240.99096447267695 
-240.9909644726769 
-240.9909644726769 
-240.99096447267704 
-240.99096447267704 
-240.99096447267715 
-240.9909644726771 
-240.99096447267704 
-240.99096447267678 
-240.99096447267658 
-240.9909644726767 
-240.99096447267664 
-240.99096447267664 
-240.99096447267635 
-240.99096447267647 
-240.99096447267658 
-240.99096447267638 
-240.99096447267658 
-240.99096447267632 
-240.9909644726764 
-240.99096447267635 
-240.99096447267615 
-240.99096447267618 
-240.99096447267598 
-240.99096447267573 
-240.99096447267556 
-240.99096447267542 
-240.9909644726752 
-240.9909644726752 
-240.99096447267502 
-240.99096447267505 
-240.99096447267505 
-240.99096447267488 
-240.99096447267485 
-240.99096447267473 
-240.99096447267465 
-240.99096447267442 
-240.99096447267425 
-240.99096447267414 
-240.9909644726742 
-240.99096447267414 
-240.99096447267405 
-240.99096447267382 
-240.9909644726736 
-240.9909644726734 
-240.9909644726734 
-240.99096447267334 
-240.9909644726732 
-240.99096447267306 
-240.9909644726728 
-240.99096447267283 
-240.99096447267289 
-240.99096447267283 
-240.9909644726728 
-240.990964472673 
-240.99096447267382 
-240.99096447267743 
-240.9909644726724 
-240.99096447267755 
-240.9909644726738 
-240.990964472673 
-240.9909644726727 
-240.99096447267277 
-240.99096447267283 
-240.9909644726726 
-240.99096447267266 
-240.990964472673 
-240.99096447267297 
-240.9909644726732 
-240.99096447267328 
-240.99096447267343 
-240.99096447267348 
-240.9909644726738 
-240.99096447267385 
-240.9909644726742 
-240.99096447267422 
-240.9909644726742 
-240.99096447267428 
-240.9909644726744 
-240.99096447267462 
-240.99096447267473 
-240.9909644726748 
-240.99096447267482 
-240.99096447267502 
-240.9909644726751 
-240.99096447267516 
-240.9909644726754 
-240.99096447267542 
-240.99096447267564 
-240.99096447267573 
-240.99096447267584 
-240.990964472676 
-240.9909644726762 
-240.99096447267644 
-240.99096447267652 
-240.99096447267664 
-240.99096447267644 
-240.99096447267658 
-240.99096447267652 
-240.99096447267655 
-240.99096447267652 
-240.9909644726765 
-240.9909644726767 
-240.99096447267658 
-240.9909644726766 
-240.9909644726764 
-240.9909644726768 
-240.9909644726771 
-240.9909644726773 
-240.99096447267723 
-240.99096447267723 
-240.99096447267735 
-240.9909644726772 
-240.99096447267732 
-240.99096447267726 
-240.9909644726774 
-240.99096447267738 
-240.9909644726776 
-240.9909644726777 
-240.99096447267792 
-240.9909644726781 
-240.9909644726784 
-240.9909644726786 
-240.99096447267877 
-240.9909644726789 
-240.99096447267908 
-240.99096447267917 
-240.99096447267925 
-240.99096447267937 
-240.99096447267942 
-240.9909644726796 
-240.99096447267965 
-240.9909644726797 
-240.9909644726798 
-240.99096447267985 
-240.99096447267993 
-240.99096447268 
-240.99096447268005 
-240.99096447268008 
-240.99096447268 
-240.99096447267993 
-240.99096447267996 
-240.99096447268008 
-240.9909644726801 
-240.99096447268013 
-240.99096447268016 
-240.99096447268042 
-240.99096447268033 
-240.99096447268022 
-240.99096447268022 
-240.99096447268053 
-240.99096447268056 
-240.9909644726804 
-240.99096447268033 
-240.99096447268033 
-240.9909644726805 
-240.99096447268062 
-240.99096447268062 
-240.99096447268067 
-240.9909644726811 
-240.99096447268113 
-240.9909644726813 
-240.9909644726812 
-240.99096447268118 
-240.99096447268133 
-240.99096447268124 
-240.99096447268127 
-240.9909644726813 
-240.99096447268133 
-240.99096447268138 
-240.99096447268147 
-240.99096447268172 
-240.99096447268198 
-240.99096447268224 
-240.99096447268232 
-240.99096447268244 
-240.99096447268246 
-240.9909644726826 
-240.9909644726827 
-240.9909644726827 
-240.99096447268266 
-240.9909644726828 
-240.9909644726827 
-240.9909644726825 
-240.99096447268266 
-240.99096447268278 
-240.9909644726828 
-240.9909644726829 
-240.99096447268303 
-240.99096447268292 
-240.99096447268295 
-240.9909644726832 
-240.99096447268334 
-240.99096447268337 
-240.99096447268354 
-240.9909644726836 
-240.99096447268366 
-240.99096447268374 
-240.99096447268374 
-240.99096447268383 
-240.99096447268383 
-240.9909644726839 
-240.99096447268403 
-240.990964472684 
-240.99096447268406 
-240.990964472684 
-240.99096447268408 
-240.99096447268397 
-240.990964472684 
-240.9909644726839 
-240.9909644726839 
-240.99096447268388 
-240.9909644726838 
-240.99096447268374 
-240.9909644726837 
-240.9909644726839 
-240.99096447268408 
-240.99096447268408 
-240.99096447268423 
-240.99096447268414 
-240.99096447268425 
-240.99096447268414 
-240.99096447268425 
-240.99096447268445 
-240.99096447268434 
-240.99096447268445 
-240.9909644726846 
-240.99096447268442 
-240.99096447268457 
-240.99096447268465 
-240.9909644726847 
-240.99096447268477 
-240.99096447268482 
-240.99096447268485 
-240.9909644726848 
-240.99096447268485 
-240.99096447268474 
-240.99096447268474 
-240.9909644726848 
-240.99096447268477 
-240.99096447268465 
-240.99096447268457 
-240.99096447268445 
-240.99096447268445 
-240.99096447268445 
-240.99096447268442 
-240.99096447268454 
-240.9909644726844 
-240.99096447268445 
-240.9909644726845 
-240.99096447268454 
-240.99096447268565 
-240.99096447268937 
-240.99096447268434 
