-97.67096056685476 
-97.67490833008135 
-97.67740833352299 
-97.67920937500115 
-97.67981516733035 
-97.68207527397885 
-97.68210244562447 
-97.68210244562435 
-97.68210244562424 
-97.68210244562444 
-97.68210244562476 
-97.68210244912929 
-97.68211511944807 
-97.68213340372193 
-97.68215847126505 
-97.68215847126498 
-97.6828831337621 
-97.69217523328189 
-97.71277142969173 
-97.73991346364572 
-97.74174473226923 
-97.76971717437864 
-97.76982344042608 
-97.7698234404262 
-97.76982344042607 
-97.76982344042612 
-97.76982344042638 
-97.76982344621423 
-97.76986787064283 
-97.76991669594652 
-97.77011522179419 
-97.77021284661186 
-97.77029297108179 
-97.77036763830807 
-97.77036967743967 
-97.77037013752222 
-97.77037013763488 
-97.77037013763486 
-97.77037013763479 
-97.77037013763488 
-97.77037013763476 
-97.770370137635 
-97.77037013763487 
-97.77037013763494 
-97.77037013763476 
-97.77037013763479 
-97.77037013845724 
-97.77037013845737 
-97.77037073542844 
-97.77037133518603 
-97.77037199234331 
-97.77037259225973 
-97.77037259263659 
-97.77037259263675 
-97.77037259263666 
-97.77037259263656 
-97.77037259263656 
-97.77037259263669 
-97.77037259263689 
-97.77037259263666 
-97.77037259263659 
-97.77037259263668 
-97.77037259435556 
-97.77037259732207 
-97.77037259982745 
-97.77037260223943 
-97.77037260223923 
-97.77037260223915 
-97.77037260223916 
-97.7703726022391 
-97.77037260223912 
-97.77037260223908 
-97.77037260223904 
-97.77037260223912 
-97.77037260223905 
-97.77037260223915 
-97.77037260223915 
-97.77037260223932 
-97.77037260223925 
-97.77037260223946 
-97.77037260224311 
-97.77037260224553 
-97.77037260224557 
-97.77037260224574 
-97.77037260224587 
-97.77037260224587 
-97.7703726022462 
-97.77037260224657 
-97.77037260224617 
-97.7703726022465 
-97.77037260224618 
-97.77037260224596 
-97.77037260224591 
-97.77037260224576 
-97.7703726022458 
-97.77037260224583 
-97.7703726022459 
-97.77037260224571 
-97.77037260224557 
-97.77037260224553 
-97.7703726022454 
-97.77037260224535 
-97.77037260224543 
-97.77037260224553 
-97.77037260224542 
-97.77037260224573 
-97.7703726022455 
-97.77037260224547 
-97.77037260224552 
-97.77037260224559 
-97.77037260224579 
-97.77037260224587 
-97.77037260224616 
-97.77037260224604 
-97.77037260224621 
-97.77037260224603 
-97.77037260224604 
-97.77037260224597 
-97.77037260224613 
-97.77037260224618 
-97.77037260224603 
