2 -0.8683732221913394 
3 -0.9179456678641991 
4 -0.92031266166842 
5 -0.9297024934193855 
6 -0.9380088428907878 
7 -0.943924834457674 
8 -0.9470519809621419 
9 -0.9495795051468591 
10 -0.951942105510291 
11 -0.9536893396366972 
12 -0.9547834041310771 
13 -0.9556213864786324 
14 -0.9563768802470101 
15 -0.9569604264784202 
16 -0.9573470835789758 
17 -0.9576355729308894 
18 -0.9578880592984624 
19 -0.9580884259509136 
20 -0.9582259101854813 
21 -0.9583266170823513 
22 -0.9584125458208315 
23 -0.9584819715568884 
24 -0.9585309030244081 
25 -0.9585662936661584 
26 -0.9585957987132491 
27 -0.9586199273103999 
28 -0.9586373261242731 
29 -0.9586498101805226 
30 -0.95865999384114 
31 -0.9586683856430823 
32 -0.9586745623973837 
33 -0.9586789768214408 
34 -0.9586825041462914 
35 -0.9586854220987036 
36 -0.9586876110931616 
37 -0.9586891747737422 
38 -0.9586903997213468 
39 -0.9586914135549118 
40 -0.9586921881179882 
41 -0.958692742915506 
42 -0.9586931690253507 
43 -0.9586935206635098 
44 -0.9586937944570296 
45 -0.9586939918110535 
46 -0.9586941400340641 
47 -0.9586942613502089 
48 -0.9586943580328701 
49 -0.9586944286053024 
50 -0.9586944798876552 
51 -0.9586945208830412 
52 -0.9586945546863965 
53 -0.9586945799984831 
54 -0.9586945971047472 
55 -0.9586946095251532 
56 -0.9586946201999966 
57 -0.9586946284667781 
58 -0.9586946324976919 
59 -0.9586946332241115 
60 -0.9586946332249366 
61 -0.9586946324988153 
62 -0.9586946284673895 
63 -0.9586946201991692 
64 -0.9586946095261705 
65 -0.9586945971065414 
66 -0.9586945799980356 
67 -0.9586945546850131 
68 -0.958694520881743 
69 -0.9586944798873752 
70 -0.9586944286059527 
71 -0.9586943580338667 
72 -0.9586942613509692 
73 -0.9586941400345205 
74 -0.9586939918117217 
75 -0.9586937944580942 
76 -0.9586935206649692 
77 -0.958693169027728 
78 -0.9586927429186957 
79 -0.9586921881218157 
80 -0.958691413559605 
81 -0.9586903997272107 
82 -0.9586891747804691 
83 -0.9586876110998285 
84 -0.9586854221047699 
85 -0.9586825041527369 
86 -0.9586789768302502 
87 -0.9586745624093601 
88 -0.958668385658231 
89 -0.9586599938657193 
90 -0.9586498102227041 
91 -0.9586373261980474 
92 -0.9586199274594398 
93 -0.9585957989424604 
94 -0.9585662939882555 
95 -0.9585309035437785 
96 -0.9584819722941916 
97 -0.9584125467758531 
98 -0.9583266183013617 
99 -0.958225911444264 
100 -0.9580884267892745 
101 -0.9578880602809305 
102 -0.9576355744416758 
103 -0.9573470855993544 
104 -0.9569604272968688 
105 -0.9563768797553114 
106 -0.9556213858166689 
107 -0.9547834047844259 
108 -0.9536893397060052 
109 -0.951942106128854 
110 -0.9495795058730527 
111 -0.9470519815120491 
112 -0.9439248348734384 
113 -0.9380088432368978 
114 -0.9297024937319917 
115 -0.9203126619603698 
116 -0.9179456680602751 
117 -0.8683732222976848 
