2 3 0.002585340979062272 
3 4 0.002901294640559088 
4 5 0.002964831212502347 
5 6 0.0029545640246846972 
6 7 0.002946461467058036 
7 8 0.0029446827687906255 
8 9 0.0029448416452487994 
9 10 0.0029450354517097004 
10 11 0.0029450748765923775 
11 12 0.002945068870555236 
12 13 0.0029450639319604653 
13 14 0.0029450632244130475 
14 15 0.0029450634928440936 
15 16 0.0029450636208650945 
16 17 0.002945063626075278 
17 18 0.002945063615199913 
18 19 0.0029450636122331925 
19 20 0.0029450636125946316 
20 21 0.00294506361299897 
21 22 0.0029450636130463224 
22 23 0.0029450636130303083 
23 24 0.002945063613010293 
24 25 0.002945063612984755 
25 26 0.0029450636130047723 
26 27 0.002945063612980936 
27 28 0.002945063613093519 
28 29 0.002945063613228647 
29 30 0.002945063613097026 
30 31 0.0029450636119800182 
31 32 0.002945063610900821 
32 33 0.0029450636142689984 
33 34 0.0029450636241292035 
34 35 0.0029450636159685213 
35 36 0.0029450635731732002 
36 37 0.0029450633092930256 
37 38 0.002945063148518163 
38 39 0.002945063474528647 
39 40 0.0029450634611592145 
40 41 0.0029450634983023047 
41 42 0.0029450635650266066 
42 43 0.0029450636077483013 
43 44 0.0029450636149108696 
44 45 0.002945063614235748 
45 46 0.0029450636134193678 
46 47 0.002945063613313159 
47 48 0.0029450636130576094 
48 49 0.00294506361114982 
49 50 0.002945063604787717 
50 51 0.0029450635958636145 
51 52 0.0029450636780268533 
52 53 0.0029450635272771845 
53 54 0.0029450639283648637 
54 55 0.0029450636444624274 
55 56 0.0029450646922383307 
56 57 0.002945063851964527 
57 58 0.0029450622114711306 
58 59 0.002945061917451278 
59 60 0.002945062997701893 
60 61 0.0029450634134778907 
61 62 0.0029450626745105364 
62 63 0.0029450633821166356 
63 64 0.0029450644732887396 
64 65 0.002945064195459097 
65 66 0.002945065312760174 
66 67 0.0029450648835899493 
67 68 0.0029450642630563335 
68 69 0.002945063763418179 
69 70 0.002945063558459347 
70 71 0.0029450635092740838 
71 72 0.00294506326900319 
72 73 0.0029450634480814833 
73 74 0.002945064223452947 
74 75 0.002945063140263197 
75 76 0.002945063047038633 
76 77 0.002945063871942973 
77 78 0.0029450643391618213 
78 79 0.0029450638988512464 
79 80 0.002945063660388399 
80 81 0.0029450636180588935 
81 82 0.00294506361409168 
82 83 0.0029450636131980344 
83 84 0.0029450636136669327 
84 85 0.002945063615163702 
85 86 0.0029450636152651005 
86 87 0.0029450636052833355 
87 88 0.0029450635741636163 
88 89 0.002945063552998746 
89 90 0.0029450638502319768 
90 91 0.002945065169570037 
91 92 0.002945064317477315 
92 93 0.002945062860622327 
93 94 0.0029450626221540557 
94 95 0.0029450629110386525 
95 96 0.0029450634274510923 
96 97 0.002945063789662916 
97 98 0.002945063696584121 
98 99 0.00294506355842232 
99 100 0.00294506369169693 
100 101 0.002945064907921796 
101 102 0.002945062729423225 
102 103 0.002945064061528748 
103 104 0.0029450637447628924 
104 105 0.002945063142681281 
105 106 0.0029450633680731773 
106 107 0.0029450643880608884 
107 108 0.002945068986209014 
108 109 0.002945074793672451 
109 110 0.0029450353660494546 
110 111 0.0029448415766894992 
111 112 0.0029446827718851033 
112 113 0.002946461476135168 
113 114 0.0029545640285591726 
114 115 0.002964831214800035 
115 116 0.002901294634249694 
116 117 0.002585340978075102 
117 118 0.0022420175885008915 
