2 3 0.026749126081867226 
3 4 0.060359742248236495 
4 5 0.1103486769986892 
5 6 0.1737655476364035 
6 7 0.24580052619630455 
7 8 0.32108437945663637 
8 9 0.3950545524256448 
9 10 0.46364971432475777 
10 11 0.5232142653341025 
11 12 0.5709551801581877 
12 13 0.6054296560530745 
13 14 0.6265376773293174 
14 15 0.6352242200643264 
15 16 0.6332593800061209 
16 17 0.6231128645284375 
17 18 0.6077383867151256 
18 19 0.5902363570897292 
19 20 0.5735191734631537 
20 21 0.5600702449499978 
21 22 0.5517936659554528 
22 23 0.5499098062435241 
23 24 0.5548754386090947 
24 25 0.5663691216574432 
25 26 0.5833930844451107 
26 27 0.6044548568225987 
27 28 0.6277455463192949 
28 29 0.6513015665214291 
29 30 0.673203155360362 
30 31 0.6917969698123079 
31 32 0.7058641595973589 
32 33 0.714695101912929 
33 34 0.7181221087889152 
34 35 0.7165240895269936 
35 36 0.7107762110626648 
36 37 0.7021284556579698 
37 38 0.6920519231310974 
38 39 0.682072361609605 
39 40 0.6736307293614272 
40 41 0.6679429916200368 
41 42 0.6658727546368783 
42 43 0.6678517856503838 
43 44 0.6738649169755645 
44 45 0.6834713973570431 
45 46 0.695867312381177 
46 47 0.7099708633188186 
47 48 0.7245371901762667 
48 49 0.738306450004188 
49 50 0.7501421145256388 
50 51 0.7591327055084319 
51 52 0.7646797100133425 
52 53 0.7665529829855589 
53 54 0.7649157218784888 
54 55 0.7602840238003524 
55 56 0.75347455651334 
56 57 0.7454917324110357 
57 58 0.7374399738626988 
58 59 0.7303948454061601 
59 60 0.7252951203800612 
60 61 0.7228439727667103 
61 62 0.7234410448897697 
62 63 0.7271497564252161 
63 64 0.7337001239632608 
64 65 0.7425236716822288 
65 66 0.7528119747205245 
66 67 0.7636081356258831 
67 68 0.7739182865887133 
68 69 0.7828098673173213 
69 70 0.7895048952046787 
70 71 0.7934679874140823 
71 72 0.7944551464920746 
72 73 0.7925432351753052 
73 74 0.788109122288095 
74 75 0.7817737359057747 
75 76 0.77436217003329 
76 77 0.7667965846401789 
77 78 0.7599952148848035 
78 79 0.7547733019981524 
79 80 0.7517683112463251 
80 81 0.7513723241582527 
81 82 0.7536934943681788 
82 83 0.7585435315359521 
83 84 0.7654592170182631 
84 85 0.7737538907854619 
85 86 0.7826073143278804 
86 87 0.7911319887312221 
87 88 0.7984701810130008 
88 89 0.8038997726807054 
89 90 0.8069054287075335 
90 91 0.8072229807388382 
91 92 0.8048649400640593 
92 93 0.8001282706359742 
93 94 0.7935729702124733 
94 95 0.7859412188792261 
95 96 0.7780731170059918 
96 97 0.770825752266967 
97 98 0.7649990946060975 
98 99 0.7612297008945876 
99 100 0.7599241310172824 
100 101 0.7612267588496782 
101 102 0.7649871429151096 
102 103 0.7708063875460518 
103 104 0.7780536915690464 
104 105 0.785924715385238 
105 106 0.7935471597243344 
106 107 0.8000958814499359 
107 108 0.8048311253475252 
108 109 0.8071844872014 
109 110 0.8068615307663015 
110 111 0.8038561823978102 
111 112 0.7984236649335701 
112 113 0.7910747368384758 
113 114 0.7825470494521011 
114 115 0.7736978774289153 
115 116 0.7654020134628584 
116 117 0.75848533660703 
117 118 0.7536371536555672 
118 119 0.7513202699379546 
119 120 0.75171996376004 
120 121 0.7547345425529353 
121 122 0.7599718912268363 
122 123 0.7667911352635088 
123 124 0.7743727441889583 
124 125 0.7818019406855344 
125 126 0.7881561724690573 
126 127 0.7926167127385192 
127 128 0.7945599629445443 
128 129 0.7936094832335754 
129 130 0.7896756018464938 
130 131 0.7830053532579905 
131 132 0.7741546976931577 
132 133 0.7638949737427787 
133 134 0.7531303351401937 
134 135 0.74285100658289 
135 136 0.734043928066773 
136 137 0.7275304572616546 
137 138 0.7238457993179606 
138 139 0.7232322972880757 
139 140 0.7256556318633841 
140 141 0.7307496807858875 
141 142 0.7377951708790589 
142 143 0.745819540697657 
143 144 0.7537533302239375 
144 145 0.7605308871811445 
145 146 0.7651489210870083 
146 147 0.7667729122692729 
147 148 0.7648734318691741 
148 149 0.7593053852949313 
149 150 0.7503099438487264 
150 151 0.73848245004564 
151 152 0.7247206230438286 
152 153 0.7101560375935498 
153 154 0.6960565643461663 
154 155 0.6836776882126102 
155 156 0.6740900708158784 
156 157 0.6680762842371081 
157 158 0.6660847714747206 
158 159 0.6681590299894768 
159 160 0.6738576051766727 
160 161 0.6822869030141446 
161 162 0.6922298635493854 
162 163 0.7022750142729991 
163 164 0.7109043106070139 
164 165 0.7166331374510171 
165 166 0.7181966530664228 
166 167 0.7147350949011961 
167 168 0.705883220206819 
168 169 0.6918059460882708 
169 170 0.6732023571681264 
170 171 0.6512934073046777 
171 172 0.6277384651040523 
172 173 0.6044569142072881 
173 174 0.5834113949962587 
174 175 0.5664006869856932 
175 176 0.5549190944882056 
176 177 0.549971657696687 
177 178 0.5518720022972939 
178 179 0.5601520183226317 
179 180 0.5735939909505814 
180 181 0.5903065632264006 
181 182 0.6078046876864376 
182 183 0.6231661813724328 
183 184 0.6332928821827055 
184 185 0.6352383392376343 
185 186 0.6265341220870313 
186 187 0.6054096877018992 
187 188 0.5709212609346204 
188 189 0.5231698530897997 
189 190 0.46359962651645453 
190 191 0.39500386200697235 
191 192 0.3210369418543576 
192 193 0.24575975800268945 
193 194 0.1737341419971782 
194 195 0.11032739014913179 
195 196 0.06034757466006431 
196 197 0.026743696411065658 
197 198 0.008694267038789163 
