2 -0.021431820870238573 
3 -0.30868612254365285 
4 0.2839482223999942 
5 0.007774001288757985 
6 -0.188410120460171 
7 0.3257951130090495 
8 -0.09661222051710153 
9 -0.153713564412161 
10 0.2965537706781726 
11 -0.19168129818538593 
12 -0.0822663261278441 
13 0.2674933632750866 
14 -0.24311959388722876 
15 0.0036018615190808526 
16 0.22445026723362224 
17 -0.2702769813122932 
18 0.0846917309104485 
19 0.1658161121901325 
20 -0.2763615062454645 
21 0.15442790269772094 
22 0.09600067801396484 
23 -0.2619307636682153 
24 0.2091050871577599 
25 0.020802610964889792 
26 -0.2285068715257407 
27 0.2457344863788583 
28 -0.054058082870408954 
29 -0.17897695685985607 
30 0.2623624608988528 
31 -0.12317733059393082 
32 -0.11724644140250509 
33 0.258503286033806 
34 -0.18152470415554647 
35 -0.047859380966037396 
36 0.23510811799257292 
37 -0.22489451080852368 
38 0.024155265067701753 
39 0.19440944385320852 
40 -0.250266241764988 
41 0.09355654481728727 
42 0.1397068562140617 
43 -0.256044050670061 
44 0.15523592194033103 
45 0.07514317575163276 
46 -0.24214290144582978 
47 0.20460274606701107 
48 0.005460537309474243 
49 -0.20993086699763375 
50 0.23796745025474927 
51 -0.06426717832260434 
52 -0.16206225091285836 
53 0.2528610320715209 
54 -0.1289369449501147 
55 -0.10223837209626352 
56 0.24824291720984962 
57 -0.18375270131223626 
58 -0.0349287925871446 
59 0.22457366113003566 
60 -0.22457337343946931 
61 0.03492832993324784 
62 0.18375278735439748 
63 -0.24824233251698966 
64 0.10223767083593344 
65 0.128937075345533 
66 -0.2528602947402669 
67 0.16206120672711105 
68 0.06426751981496984 
69 -0.23796667371581903 
70 0.2099294820722727 
71 -0.005459831182657419 
72 -0.2046020324760865 
73 0.2421412051802581 
74 -0.07514206340428181 
75 -0.155235391979356 
76 0.25604216558681947 
77 -0.13970536165738306 
78 -0.09355620579080252 
79 0.25026426948547226 
80 -0.1944076418636675 
81 -0.02415509852191322 
82 0.22489242152815256 
83 -0.23510601505787712 
84 0.04785933591887795 
85 0.18152244967340217 
86 -0.25850073595114 
87 0.11724605196875304 
88 0.12317502722867016 
89 -0.2623594639366004 
90 0.17897606783569103 
91 0.05405588301957928 
92 -0.2457310803089361 
93 0.22850538758032082 
94 -0.020804484599204337 
95 -0.20910139602195188 
96 0.26192861396769845 
97 -0.09600200993399655 
98 -0.15442410808923418 
99 0.2763586578186173 
100 -0.1658166421057552 
101 -0.08468815502425282 
102 0.27027357288009995 
103 -0.22444993274423045 
104 -0.0035989376532421617 
105 0.24311590724210475 
106 -0.26749239803528974 
107 0.08226831539900009 
108 0.19167763458563827 
109 -0.29655238939011036 
110 0.15371473213864564 
111 0.09660919444666258 
112 -0.3257931200026669 
113 0.1884107073137952 
114 -0.007775456994427738 
115 -0.2839459390277881 
116 0.30868620509985945 
117 0.021431037006754236 
