2 -0.005746313548311189 
3 8.783740086757223e-05 
4 0.0002732561900505996 
5 0.00023345956680623703 
6 0.00033258463867275436 
7 0.00045437392687351066 
8 0.0005898322636904776 
9 0.0007420267756682266 
10 0.0009109239224007473 
11 0.0010960181938571227 
12 0.0012969955271320286 
13 0.0015134552521528753 
14 0.0017449890396723446 
15 0.0019911489321600877 
16 0.0022514638574791528 
17 0.002525433772618452 
18 0.0028125326798328423 
19 0.0031122095551175772 
20 0.003423889106819201 
21 0.003746973081946714 
22 0.004080841480907835 
23 0.004424853143998441 
24 0.0047783477505122076 
25 0.005140647115188906 
26 0.005511055279338201 
27 0.00588886220803825 
28 0.0062733418199669615 
29 0.00666375612423722 
30 0.007059355733757856 
31 0.007459381654301331 
32 0.007863066290427356 
33 0.008269635009829383 
34 0.00867830766574797 
35 0.009088300107939307 
36 0.00949882573944987 
37 0.009909096859587511 
38 0.010318326487737398 
39 0.010725729566372499 
40 0.011130524700233823 
41 0.01153193546773763 
42 0.01192919204501889 
43 0.012321532640014067 
44 0.012708204965437122 
45 0.013088467677942063 
46 0.013461591797498163 
47 0.013826862107112656 
48 0.014183578528597496 
49 0.014531057459087225 
50 0.01486863308783155 
51 0.0151956586608735 
52 0.015511507730394303 
53 0.015815575348852674 
54 0.01610727921421975 
55 0.016386060806910765 
56 0.016651386431060247 
57 0.0169027482483724 
58 0.017139665238466807 
59 0.017361684117400307 
60 0.017568380198331845 
61 0.01775935819793274 
62 0.01793425298821068 
63 0.01809273028841374 
64 0.018234487295307234 
65 0.0183592532380863 
66 0.018466789959126918 
67 0.01855689223282362 
68 0.018629388280011042 
69 0.018684139982244698 
70 0.01872104323775062 
71 0.018740028052163463 
72 0.0187410587393139 
73 0.018724133934324573 
74 0.01868928660724527 
75 0.01863658398793659 
76 0.018566127421043233 
77 0.018478052195617104 
78 0.018372527191477785 
79 0.01824975469058204 
80 0.018109969840234528 
81 0.017953440349679408 
82 0.017780465669400607 
83 0.017591376915992794 
84 0.01738653591208255 
85 0.01716633471252644 
86 0.016931193296205262 
87 0.016681562087313737 
88 0.01641791817238964 
89 0.016140766076213557 
90 0.01585063482701935 
91 0.015548079208838212 
92 0.015233677185965678 
93 0.01490802964239623 
94 0.014571758942646416 
95 0.014225507604926576 
96 0.01386993761843217 
97 0.01350572802718814 
98 0.013133575188253347 
99 0.012754190757570116 
100 0.012368298725233996 
101 0.011976638197283177 
102 0.01157995717051336 
103 0.01117901451979055 
104 0.010774576994143904 
105 0.010367418461746675 
106 0.009958317798471837 
107 0.009548058253301342 
108 0.009137425035227865 
109 0.008727205732800144 
110 0.008318183404932454 
111 0.007911144966580288 
112 0.00750687012517204 
113 0.007106134506516131 
114 0.006709703503067503 
115 0.006318362072343051 
116 0.005932831313529802 
117 0.00555382536088863 
118 0.005182158715536672 
119 0.0048185055420820804 
120 0.004463584227577836 
121 0.004118061922537805 
122 0.003782600191462635 
123 0.003457839508599464 
124 0.0031444120434703958 
125 0.0028429154632705093 
126 0.0025539445964363155 
127 0.0022780536119046428 
128 0.0020157825038562365 
129 0.0017676735038548083 
130 0.0015341200282174819 
131 0.0013157777998936563 
132 0.0011126432724895027 
133 0.0009260183843010891 
134 0.0007544096658460263 
135 0.0006019213499551005 
136 0.0004628282005965634 
137 0.0003491226969435726 
138 0.00024258373863714233 
139 0.00014330823625965982 
140 6.533053200469393e-05 
141 2.3001211124046724e-05 
142 6.600266773903058e-06 
143 1.4892810930129634e-06 
144 2.6715596470307095e-07 
145 3.262661135536563e-08 
146 -3.2084839613703148e-12 
147 -1.2724029458104774e-12 
148 -1.0613824272601158e-13 
149 6.9083736127517614e-15 
150 7.850436880424416e-16 
151 -6.280241084122284e-16 
152 -7.850436880424416e-16 
153 1.0990557422485558e-15 
154 3.140120542061142e-16 
155 -7.850436880424416e-16 
156 -9.420632676726548e-16 
157 1.2561024269330812e-15 
158 3.140120542061142e-16 
159 1.5699247457590104e-16 
160 -1.8841265353453096e-15 
161 9.420361626183427e-16 
162 9.42090372726967e-16 
163 -3.140120542061142e-16 
164 7.850165829881295e-16 
165 -1.4130949015089822e-15 
166 -1.41306779645467e-15 
167 2.355158169181637e-15 
168 -9.420632676726548e-16 
169 -1.5699247457590104e-16 
170 -3.140120542061142e-16 
171 -1.5704668468452532e-16 
172 -1.5701144811391954e-15 
173 -9.420361626183427e-16 
174 -2.9831551725395533e-15 
175 1.256075321878769e-15 
176 -1.4130949015089822e-15 
177 7.850707930967538e-16 
178 3.140120542061142e-16 
179 4.710587388906395e-16 
180 -1.41306779645467e-15 
181 3.140120542061142e-16 
182 -9.420632676726548e-16 
183 0.0 
184 9.420632676726548e-16 
185 -2.1981304580351302e-14 
186 -1.359700112918416e-13 
187 3.710913520915682e-12 
188 2.395631373938896e-11 
189 -6.599812996728894e-10 
190 -4.285633034276419e-09 
191 7.713955562995017e-08 
192 1.3691328640638453e-07 
193 -3.2946871049552094e-06 
194 -1.3796385143550364e-06 
195 0.00012193925154274844 
196 2.0078074471074945e-06 
197 -0.005783033378201461 
