2 0.0013682616356683664 
3 -0.051345339823236316 
4 -0.08706732792302163 
5 -0.1153325238893981 
6 -0.13857078326150085 
7 -0.15199140065839256 
8 -0.15361662098708728 
9 -0.14603895307966036 
10 -0.13292119352254753 
11 -0.11810608088779391 
12 -0.10576995304713227 
13 -0.09891144308398221 
14 -0.09850100167685835 
15 -0.10391926243536209 
16 -0.11317851560793202 
17 -0.12330083345890429 
18 -0.13141772545877334 
19 -0.13554931513389473 
20 -0.13484612666224605 
21 -0.12984792914434012 
22 -0.12232262024023563 
23 -0.11453815514010075 
24 -0.10865266279718919 
25 -0.10624166638153591 
26 -0.10778257637569677 
27 -0.11257393234292619 
28 -0.11911236038235608 
29 -0.12547099030808972 
30 -0.1298103325554934 
31 -0.13100160572260977 
32 -0.1288686114510756 
33 -0.1241259747796916 
34 -0.11823490734503649 
35 -0.11295771095769402 
36 -0.10976124157828707 
37 -0.10948219704292947 
38 -0.11214188238634382 
39 -0.1168693270435656 
40 -0.12222219579463607 
41 -0.1266716545708973 
42 -0.1289496050891683 
43 -0.12842202044511072 
44 -0.12533001345658318 
45 -0.12062881919449456 
46 -0.11568183038194749 
47 -0.11194635131367424 
48 -0.11050404076160238 
49 -0.11170677499026584 
50 -0.11517653092732336 
51 -0.11990070608251481 
52 -0.12446074626753778 
53 -0.127526820871397 
54 -0.12824708074105812 
55 -0.1264085507766638 
56 -0.12255058047065528 
57 -0.11784146902337649 
58 -0.11365092196397797 
59 -0.111180119620394 
60 -0.11118011973771899 
61 -0.11365092225058462 
62 -0.11784146938084791 
63 -0.12255058081280533 
64 -0.12640855099816034 
65 -0.12824708076933555 
66 -0.12752682059357157 
67 -0.12446074571083429 
68 -0.11990070534104766 
69 -0.11517653004192507 
70 -0.11170677403638207 
71 -0.11050403991578002 
72 -0.11194635059274391 
73 -0.11568182976735067 
74 -0.12062881880250548 
75 -0.12533001317642067 
76 -0.12842202003919145 
77 -0.12894960475239214 
78 -0.12667165427863097 
79 -0.12222219511630383 
80 -0.11686932624864724 
81 -0.11214188169851373 
82 -0.10948219591729916 
83 -0.10976124035770171 
84 -0.11295771009126164 
85 -0.11823490613808812 
86 -0.12412597346986415 
87 -0.12886861058359725 
88 -0.1310016049111457 
89 -0.12981033179230184 
90 -0.1254709903049463 
91 -0.11911236092848174 
92 -0.1125739328052199 
93 -0.10778257701939875 
94 -0.10624166725476339 
95 -0.10865266352984716 
96 -0.11453815552570966 
97 -0.12232261921716411 
98 -0.1298479285443057 
99 -0.13484612423320808 
100 -0.13554931491699848 
101 -0.1314177248772626 
102 -0.12330083371488841 
103 -0.11317851629226894 
104 -0.10391926409431115 
105 -0.09850100442645504 
106 -0.09891144610382897 
107 -0.10576995362896102 
108 -0.11810608134434007 
109 -0.13292119174377898 
110 -0.14603895077375445 
111 -0.15361662094486322 
112 -0.15199139975987186 
113 -0.13857077751615385 
114 -0.1153325290957165 
115 -0.08706733192363002 
116 -0.051345339874576956 
117 0.00136826318482335 
