2 -0.8190166833217073 
3 0.791740138363595 
4 -0.7734471440235371 
5 0.7616981167377131 
6 -0.7536380541879204 
7 0.7478929498902362 
8 -0.7436681403930043 
9 0.7404791502925567 
10 -0.7380229906986879 
11 0.7361006089018899 
12 -0.7345763339956802 
13 0.7333547483958328 
14 -0.7323669522911239 
15 0.7315621036677471 
16 -0.730902003499426 
17 0.7303575122261059 
18 -0.7299061127143951 
19 0.7295302092867596 
20 -0.7292159182457781 
21 0.7289521909803804 
22 -0.7287301682342426 
23 0.728542698370755 
24 -0.7283839731669381 
25 0.7282492494874132 
26 -0.7281346348483074 
27 0.7280369201883968 
28 -0.7279534493255793 
29 0.7278820152014136 
30 -0.7278207780521057 
31 0.7277681972646023 
32 -0.7277229824254043 
33 0.7276840472606446 
34 -0.7276504756700033 
35 0.7276214918614521 
36 -0.7275964397777333 
37 0.7275747619735993 
38 -0.727555986384596 
39 0.7275397050635187 
40 -0.7275255744492223 
41 0.7275132988198623 
42 -0.7275026258382853 
43 0.7274933390338568 
44 -0.7274852520860209 
45 0.7274782050572745 
46 -0.727472059212376 
47 0.7274666961948753 
48 -0.7274620130361729 
49 0.7274579208981973 
50 -0.727454343029257 
51 0.7274512129926172 
52 -0.727448473225795 
53 0.7274460737841633 
54 -0.7274439713160498 
55 0.7274421281558363 
56 -0.7274405115528642 
57 0.7274390930092259 
58 -0.7274378477088302 
59 0.7274367540263 
60 -0.7274357931053859 
61 0.7274349484925973 
62 -0.7274342058259669 
63 0.7274335525584149 
64 -0.7274329777219563 
65 0.727432471726339 
66 -0.7274320261805225 
67 0.7274316337389228 
68 -0.7274312879675282 
69 0.7274309832305316 
70 -0.7274307145815435 
71 0.7274304776930902 
72 -0.7274302687580939 
73 0.7274300844407848 
74 -0.7274299218112142 
75 0.7274297782957725 
76 -0.7274296516335566 
77 0.7274295398371275 
78 -0.7274294411647871 
79 0.7274293540812217 
80 -0.727429277229942 
81 0.7274292094324407 
82 -0.7274291496469362 
83 0.7274290969568651 
84 -0.7274290505572412 
85 0.7274290097420772 
86 -0.7274289738924151 
87 0.7274289424665155 
88 -0.7274289149907784 
89 0.7274288910521803 
90 -0.7274288702922004 
91 0.7274288524000788 
92 -0.7274288371090789 
93 0.7274288241917007 
94 -0.727428813455867 
95 0.7274288047421507 
96 -0.7274287979213028 
97 0.7274287928923621 
98 -0.7274287895810708 
99 0.7274287879385151 
100 -0.7274287879404117 
101 0.72742878958683 
102 -0.727428792901622 
103 0.7274287979346771 
104 -0.727428804760168 
105 0.7274288134789303 
106 -0.7274288242203982 
107 0.7274288371435306 
108 -0.7274288524405323 
109 0.7274288703393746 
110 -0.7274288911072567 
111 0.7274289150546298 
112 -0.7274289425407026 
113 0.7274289739784939 
114 -0.7274290098417736 
115 0.7274290506727518 
116 -0.7274290970904032 
117 0.7274291498007145 
118 -0.7274292096082287 
119 0.7274292774288563 
120 -0.7274293543050091 
121 0.7274294414226637 
122 -0.7274295401310978 
123 0.7274296519650832 
124 -0.7274297786707893 
125 0.727429922235161 
126 -0.7274300849186865 
127 0.7274302692960055 
128 -0.7274304782969836 
129 0.7274307152596327 
130 -0.7274309839864924 
131 0.727431288811945 
132 -0.7274316346781606 
133 0.727432027223042 
134 -0.7274324728802924 
135 0.7274329789966258 
136 -0.7274335539624185 
137 0.7274342073686777 
138 -0.7274349501817873 
139 0.7274357949469484 
140 -0.7274367560276065 
141 0.7274378498748992 
142 -0.7274390953440492 
143 0.7274405140586717 
144 -0.7274421308388658 
145 0.7274439741807992 
146 -0.7274460768328123 
147 0.72744847646953 
148 -0.7274512164461346 
149 0.7274543467115547 
150 -0.7274579248474945 
151 0.727462017297671 
152 -0.7274667008052121 
153 0.7274720640949891 
154 -0.7274782098485536 
155 0.7274852570296653 
156 -0.7274933436198958 
157 0.7275026298462238 
158 -0.7275133019814497 
159 0.7275255769978136 
160 -0.7275397074364773 
161 0.7275559886877899 
162 -0.727574765901518 
163 0.7275964432658153 
164 -0.7276214949889273 
165 0.7276504784864836 
166 -0.7276840502409695 
167 0.7277229849294965 
168 -0.7277681991390418 
169 0.7278207789546286 
170 -0.7278820173008114 
171 0.7279534504776064 
172 -0.7280369204940598 
173 0.72813463494814 
174 -0.7282492493391302 
175 0.7283839721979752 
176 -0.7285426968190122 
177 0.7287301660719113 
178 -0.7289521881607871 
179 0.7292159148907231 
180 -0.7295302055216938 
181 0.7299061086498954 
182 -0.7303575079714993 
183 0.7309019991559101 
184 -0.7315620997054914 
185 0.7323669489384232 
186 -0.7333547458200388 
187 0.7345763318437777 
188 -0.7361006071639941 
189 0.7380229890121583 
190 -0.74047914874952 
191 0.7436681396592428 
192 -0.7478929496792893 
193 0.7536380548112557 
194 -0.7616981177751003 
195 0.7734471454324127 
196 -0.7917401394345462 
197 0.8190166837547506 
