2 -0.04466296337548829 
3 -0.049757105018521486 
4 -0.05019170997464856 
5 -0.050072969323014596 
6 -0.05005911005372893 
7 -0.050062831012534524 
8 -0.05006323188211704 
9 -0.05006309507048445 
10 -0.050063086166084944 
11 -0.050063091743969675 
12 -0.05006309561225179 
13 -0.0500630914603312 
14 -0.05006309177139172 
15 -0.05006309182114447 
16 -0.050063092118251724 
17 -0.05006308195431558 
18 -0.05006309254788332 
19 -0.050063091751688264 
20 -0.05006309164469639 
21 -0.05006309238838732 
22 -0.0500630915338183 
23 -0.05006309161538484 
24 -0.050063091530568454 
25 -0.05006309099321392 
26 -0.05006309155888626 
27 -0.050063091577887776 
28 -0.05006309155676388 
29 -0.05006309156951633 
30 -0.05006309157197834 
31 -0.05006309158113955 
32 -0.05006309157819253 
33 -0.05006309171224679 
34 -0.050063091724059386 
35 -0.05006309156052159 
36 -0.050063091577541734 
37 -0.05006309159008127 
38 -0.050063091529364674 
39 -0.050063091789008564 
40 -0.05006309157100648 
41 -0.05006309157151284 
42 -0.05006309157152501 
43 -0.05006309156985785 
44 -0.05006309155486671 
45 -0.05006309156475878 
46 -0.05006309158033415 
47 -0.050063091709632274 
48 -0.050063091576350034 
49 -0.05006309153067326 
50 -0.05006309182309034 
51 -0.05006309160201972 
52 -0.050063091558401066 
53 -0.050063091572798514 
54 -0.050063091569126694 
55 -0.05006309156925294 
56 -0.05006309158409812 
57 -0.050063091615688234 
58 -0.05006309155853349 
59 -0.05006309161608202 
60 -0.050063091571759095 
61 -0.05006309162384575 
62 -0.050063091522905674 
63 -0.05006309153120947 
64 -0.05006309156245966 
65 -0.050063091569642504 
66 -0.05006309155189056 
67 -0.05006309213108767 
68 -0.05006309160991837 
69 -0.0500630913922308 
70 -0.05006309156380564 
71 -0.05006309123206686 
72 -0.050063093727214 
73 -0.05006309173562952 
74 -0.05006309160303971 
75 -0.05006309156534145 
76 -0.050063091566602824 
77 -0.05006309157760707 
78 -0.05006309155200112 
79 -0.05006309156871274 
80 -0.05006309159710545 
81 -0.050063091569616136 
82 -0.05006309156999992 
83 -0.05006309157745249 
84 -0.050063091464693704 
85 -0.050063091797269775 
86 -0.05006308386581669 
87 -0.05006308959396046 
88 -0.050063091526709326 
89 -0.05006309127354023 
90 -0.05006309159257464 
91 -0.05006309148749045 
92 -0.05006309172223621 
93 -0.05006309153774639 
94 -0.05006309172075015 
95 -0.05006309120036591 
96 -0.050063091552845405 
97 -0.05006309156688328 
98 -0.05006309157330787 
99 -0.05006309156640501 
100 -0.0500630915699598 
101 -0.05006309157429641 
102 -0.050063091559449435 
103 -0.050063091594894436 
104 -0.050063091576900365 
105 -0.0500630904372456 
106 -0.050063091387584184 
107 -0.05006309169248383 
108 -0.05006309019108642 
109 -0.050063074585981734 
110 -0.05006308976866929 
111 -0.050063091661434106 
112 -0.05006309157539074 
113 -0.05006309163183458 
114 -0.05006309157570234 
115 -0.05006309164356289 
116 -0.0500630915693996 
117 -0.0500630915738972 
118 -0.05006309158536273 
119 -0.050063091597863554 
120 -0.05006309034161008 
121 -0.05006309154659488 
122 -0.050063091410808516 
123 -0.05006309230417653 
124 -0.05006309175763053 
125 -0.05006308911645238 
126 -0.050063091559250726 
127 -0.050063091761086864 
128 -0.050063091534237276 
129 -0.05006309157113916 
130 -0.0500630915801202 
131 -0.05006309167835362 
132 -0.0500630912854531 
133 -0.050063084639475494 
134 -0.05006309132325294 
135 -0.05006309160807096 
136 -0.050063091580797046 
137 -0.05006309140325292 
138 -0.050063091526245836 
139 -0.050063091570755586 
140 -0.05006309152849153 
141 -0.05006309102193193 
142 -0.05006309144204571 
143 -0.050063091870447676 
144 -0.05006309216612624 
145 -0.05006309153188319 
146 -0.05006309203293246 
147 -0.05006309226456438 
148 -0.050063091577359095 
149 -0.050063091559824004 
150 -0.05006309131471328 
151 -0.05006309190689012 
152 -0.05006309494899839 
153 -0.05006309024481003 
154 -0.05006308852220368 
155 -0.05006309174667287 
156 -0.050063091612403035 
157 -0.05006309349425846 
158 -0.05006309173612514 
159 -0.050063089727775734 
160 -0.05006309155533517 
161 -0.050063091572319994 
162 -0.05006309156508641 
163 -0.05006309158965644 
164 -0.05006309127190303 
165 -0.05006309013344604 
166 -0.050063091609645505 
167 -0.05006309156813345 
168 -0.050063091563537825 
169 -0.050063091575952415 
170 -0.05006309157131792 
171 -0.05006309155747738 
172 -0.05006309164808838 
173 -0.050063091692527255 
174 -0.050063091912351726 
175 -0.05006309377591549 
176 -0.05006309133228528 
177 -0.050063091562214765 
178 -0.050063091568493326 
179 -0.05006309156995777 
180 -0.05006309157907724 
181 -0.050063091570291915 
182 -0.05006309156765606 
183 -0.05006309158489497 
184 -0.050063091590788054 
185 -0.05006309094714845 
186 -0.050063091981412525 
187 -0.05006309140902581 
188 -0.050063091756588005 
189 -0.05006308616017172 
190 -0.05006309449890357 
191 -0.05006323140614858 
192 -0.05006283068913811 
193 -0.050059109409964345 
194 -0.0500729684679128 
195 -0.05019171087436688 
196 -0.04975710548007912 
197 -0.0446629614377354 
