0.0 
171.86137139338646 
169.11540570680222 
167.3090084528711 
164.70747737080754 
162.83820145954866 
160.29921528228405 
158.40178041780266 
155.8910131912281 
153.98200824622364 
151.48290218201745 
149.56981913844348 
147.0748393725436 
145.16063370654663 
142.66679421873252 
140.75241507966578 
138.25875366898967 
136.34441616134674 
133.8507136500597 
131.93642686772745 
129.44267334149148 
127.52841362945202 
125.03463277305127 
123.12038359765023 
120.62659207641053 
118.71234599853472 
116.21855133255215 
114.30430581204448 
111.81051057575449 
109.89626499091864 
107.40246981706713 
105.48822411430915 
102.99442905893156 
101.08018328880812 
98.58638830141153 
96.67214250392554 
94.17834754421351 
92.26410173828076 
89.77030678713912 
87.85606097949857 
85.3622660301006 
83.44802022251405 
80.95422527306813 
79.03997946575036 
76.54618451603478 
74.63193870888331 
72.13814375900002 
70.2238979519192 
67.73010300196445 
65.8158571949064 
63.32206224492856 
61.4078164378756 
58.91402148789257 
56.999775680839754 
54.505980730856606 
52.59173492380324 
50.09793997382056 
48.18369416676678 
45.689899216784525 
43.775653409730566 
41.28185845974851 
39.36761265269454 
36.87381770271252 
34.959571895658506 
32.46577694567654 
30.55153113862251 
28.057736188640554 
26.14349038158652 
23.649695431604552 
21.735449624550537 
19.241654674568586 
17.327408867514546 
14.833613917532585 
12.919368110478551 
10.425573160496578 
8.511327353442539 
6.017532403460564 
4.10328659640653 
1.6094916464245563 
-0.3047541606294749 
-2.7985491106114466 
-4.712794917665488 
-7.206589867647453 
-9.120835674701487 
-11.614630624683464 
-13.528876431737494 
-16.02267138171947 
-17.936917188773524 
-20.430712138755478 
-22.344957945809522 
-24.838752895791476 
-26.752998702845513 
-29.24679365282745 
-31.16103945988148 
-33.65483440986345 
-35.56908021691749 
-38.06287516689944 
-39.9771209739535 
-42.47091592393544 
-44.38516173098947 
-46.8789566809714 
-48.79320248802549 
-51.2869974380074 
-53.20124324506145 
-55.69503819504336 
-57.609284002097375 
-60.10307895207936 
-62.017324759133324 
-64.5111197091153 
-66.42536551616926 
-68.91916046615128 
-70.83340627320523 
-73.3272012231872 
-75.24144703024119 
-77.73524198022311 
-79.64948778727702 
-82.14328273725906 
-84.05752854431292 
-86.55132349429498 
-88.46556930134885 
-90.95936425133085 
-92.87361005838476 
-95.36740500836684 
-97.28165081542069 
-99.7754457654028 
-101.68969157245667 
-104.18348652243868 
-106.0977323294926 
-108.59152727947459 
-110.50577308652845 
-112.99956803651054 
-114.91381384356437 
-117.40760879354647 
-119.32185460060033 
-121.81564955058232 
-123.72989535763608 
-126.22369030761821 
-128.13793611467207 
-130.63173106465405 
-132.54597687170804 
-135.03977182168992 
-136.9540176287438 
-139.44781257872592 
-141.36205838577982 
-143.85585333576168 
-145.77009914281564 
-148.26389409279747 
-150.1781398998514 
-152.67193484983326 
-154.58618065688714 
-157.07997560686889 
-158.9942214139227 
-161.4880163639048 
-163.40226217095855 
-165.8960571209407 
-167.8103029279944 
-170.30409787797655 
-172.21834368503036 
-174.71213863501234 
-176.62638444206598 
-179.12017939204813 
-181.0344251991019 
-183.52822014908392 
-185.44246595613777 
-187.9362609061197 
-189.85050671317342 
-192.34430166315542 
-194.25854747020927 
-196.75234242019118 
-198.66658822724514 
-201.16038317722703 
-203.07462898428085 
-205.5684239342627 
-207.48266974131658 
-209.97646469129856 
-211.8907104983524 
-214.38450544833427 
-216.29875125538808 
-218.7925462053701 
-220.70679201242382 
-223.20058696240577 
-225.11483276945964 
-227.6086277194416 
-229.5228735264955 
-232.01666847647746 
-233.93091428353117 
-236.424709233513 
-238.33895504056514 
-240.8327499904741 
-242.74699579449035 
-245.2407906183427 
-247.15503119783136 
-249.6486088567818 
-251.55383999656183 
-253.65896984893698 
-255.68232553597352 
-263.9734242932289 
-264.0456463076196 
-264.0740439441187 
-264.07434134455815 
-264.09942329808524 
-264.10003694490285 
-264.1180287522845 
-264.1188519858313 
-264.13230135099815 
-264.1332537355618 
-264.1436289694448 
-264.14465956038185 
-264.1528586585828 
-264.1539363781546 
-264.1605368787382 
-264.16164279336607 
-264.16703222906295 
-264.1681546981291 
-264.17260276502674 
-264.1737345562066 
-264.17743498105864 
-264.17857156472934 
-264.1816674063638 
-264.1828059356854 
-264.1854054440184 
-264.18654413472217 
-264.18873102565476 
-264.1898687722534 
-264.19170908719803 
-264.1928452216627 
-264.1943920317278 
-264.195526169669 
-264.1968228806598 
-264.1979548223212 
-264.1990375450999 
-264.2001672111556 
-264.20106649063047 
-264.20219388055745 
-264.2029359715505 
-264.20406113671055 
-264.2046689493472 
-264.20579197578166 
-264.2062857718635 
-264.2074067696231 
-264.2078046627868 
-264.20892375944624 
-264.20924205648447 
-264.21035939335485 
-264.21061280270914 
-264.21172853271685 
-264.21193026036514 
-264.2130445465588 
-264.2132063009244 
-264.21431931495266 
-264.21445124863766 
-264.2155631682123 
-264.2156737936309 
-264.2167847983836 
-264.21688092892697 
-264.2179911943744 
-264.2180779691399 
-264.2191876596051 
-264.2192686945043 
-264.2203779569317 
-264.220455618583 
-264.2215645781699 
-264.2216403185743 
-264.22274907566793 
-264.2228237433488 
-264.22393237233297 
-264.22400644784426 
-264.22511499949286 
-264.22518875012787 
-264.2262972567136 
-264.22637082970414 
-264.2274793106693 
-264.22755278669575 
-264.22866125332877 
-264.22873467648066 
-264.2298431351783 
-264.2299165295133 
-264.23102498384543 
-264.23109836248005 
-264.2322068144204 
-264.2322801845024 
-264.23338863513504 
-264.23346200055886 
-264.2345704504781 
-264.23464381336447 
-264.23575226289455 
-264.23582562439896 
-264.2369340737168 
-264.2370074344686 
-264.2381158836714 
-264.2381892440131 
-264.2392976931528 
-264.23937105327144 
-264.2404795023769 
-264.2405528623741 
-264.24166131146086 
-264.2417346713917 
-264.24284312046854 
-264.24291648036336 
-264.2440249294345 
-264.2440982893099 
-264.24520673837804 
-264.24528009824263 
-264.24638854730887 
-264.24646190716766 
-264.2475703562331 
-264.2476437160886 
-264.24875216515346 
-264.24882552500725 
-264.24993397407184 
-264.25000733392466 
-264.2511157829892 
-264.2511891428414 
-264.2522975919057 
-264.2523709517578 
-264.25347940082236 
-264.25355276067415 
-264.2546612097386 
-264.25473456959054 
-264.2558430186547 
-264.25591637850636 
-264.2570248275706 
-264.2570981874222 
-264.2582066364862 
-264.25827999633765 
-264.25938844540207 
-264.2594618052537 
-264.260570254318 
-264.26064361416985 
-264.2617520632341 
-264.2618254230859 
-264.26293387215014 
-264.2630072320018 
-264.2641156810662 
-264.264189040918 
-264.26529748998246 
-264.26537084983414 
-264.2664792988985 
-264.26655265875024 
-264.26766110781426 
-264.2677344676662 
-264.2688429167304 
-264.2689162765822 
-264.2700247256464 
-264.2700980854983 
-264.27120653456296 
-264.27127989441493 
-264.2723883434807 
-264.27246170333257 
-264.2735701524011 
-264.27364351225293 
-264.274751961325 
-264.27482532117676 
-264.2759337702468 
-264.27600713009764 
-264.27711557913386 
-264.2771889389806 
-264.27829738787045 
-264.27837074770497 
-264.27947919615224 
-264.27955255595754 
-264.28066100338566 
-264.28073436314605 
-264.2818428089992 
-264.281916168758 
-264.28302461462437 
-264.28309797470666 
-264.284206432129 
-264.2842797937456 
-264.2853883055613 
-264.28546167205076 
-264.286570355995 
-264.28664373426267 
-264.28775283281954 
-264.2878262310538 
-264.2889360281894 
-264.2890094346065 
-264.29011949981583 
-264.29019279911034 
-264.2912990434938 
-264.29137177740944 
-264.29245820848024 
-264.2925290464444 
-264.2935509390149 
-264.2936168417759 
-264.29448167220727 
-264.29453727266565 
-264.29511831590963 
-264.2951568141893 
-264.2954241672065 
-264.29542444022974 
-264.29542444022303 
-283.3909647135733 
-283.4814281961 
-283.5230862079031 
-283.5335295708657 
-283.5428245626611 
-283.54620811053445 
-283.5530861744127 
-283.555042868107 
-283.5603759068326 
-283.5617737863358 
-283.5660570044643 
-283.5671442656506 
-283.57067016882144 
-283.57155657099617 
-283.5745100464068 
-283.5752526220031 
-283.5777590411639 
-283.57839147854446 
-283.5805407354405 
-283.5810853586642 
-283.5829443881858 
-283.58341733296874 
-283.58503729237844 
-283.5854508405468 
-283.5868715633098 
-283.58723533081553 
-283.5884883011824 
-283.5888099455004 
-283.5899203751529 
-283.5902060710419 
-283.5911943876179 
-283.59144916843815 
-283.5923321019198 
-283.5925601116592 
-283.59335149886516 
-283.5935561809543 
-283.59426756916133 
-283.59445180945653 
-283.59509291487853 
-283.59525915104626 
-283.5958382111116 
-283.5959885171763 
-283.5965125641365 
-283.5966487164895 
-283.59712379208264 
-283.5972473215178 
-283.5976786469857 
-283.5977908800979 
-283.59818299203954 
-283.598285084442 
-283.59864194427035 
-283.59873490746264 
-283.59905999029235 
-283.5991447135628 
-283.599441080915 
-283.5995183493165 
-283.5997887090154 
-283.5998592182246 
-283.60010597405227 
-283.60017034272784 
-283.6003955701611 
-283.6004543139007 
-283.60065985740306 
-283.6007134701045 
-283.6009010555843 
-283.6009499857243 
-283.60112117347893 
-283.60116582562586 
-283.60132202350036 
-283.60136276274426 
-283.6015052424171 
-283.6015423987912 
-283.60167231105487 
-283.601706183511 
-283.601824571878 
-283.6018554317794 
-283.6019632444307 
-283.6019913386042 
-283.6020894388416 
-283.6021149922462 
-283.60220416764497 
-283.6022273857116 
-283.6023083561474 
-283.6023294268294 
-283.6024028515399 
-283.6024219471232 
-283.6024884309356 
-283.60250570963507 
-283.6025658084713 
-283.6025814158437 
-283.6026356416003 
-283.6026497117994 
-283.602698536682 
-283.60271119357395 
-283.6027550539566 
-283.6027664121132 
-283.60280571197967 
-283.6028158775677 
-283.60285099158887 
-283.6028600631642 
-283.60289133946134 
-283.60289940868614 
-283.6029271713176 
-283.6029343236068 
-283.6029588748319 
-283.60296518994704 
-283.6029868123034 
-283.6029923649036 
-283.6030113231595 
-283.6030161833283 
-283.60303272636776 
-283.60303696013585 
-283.60305132286254 
-283.60305499252325 
-283.60306739604624 
-283.6030705606634 
-283.60308121720954 
-283.6030839341633 
-283.60309305005677 
-283.60309537559573 
-283.6031031544331 
-283.603105144954 
-283.60311179307286 
-283.6031135072803 
-283.6031192433895 
-283.60312074638756 
-283.60312582109447 
-283.6031271934627 
-283.60313193457563 
-283.6031332952752 
-283.60313824425583 
-283.60313982982933 
-283.60314627054106 
-283.6031487929838 
-283.6031619996747 
-283.60316977575593 
-283.60329846641656 
-283.6053937130055 
-283.6393766396349 
-283.6512354815755 
-283.6834128703909 
-283.69389710068714 
-283.71933601847303 
-283.72771490111 
-283.7464873881243 
-283.75298282183195 
-283.76658735672714 
-283.7716340253185 
-283.7815436288873 
-283.78552803906183 
-283.792852412034 
-283.7960631188174 
-283.80157004305494 
-283.80421031575344 
-283.80841935622294 
-283.8106305034872 
-283.81389359420916 
-283.8157730991048 
-283.818332288212 
-283.8199483302088 
-283.82197317588833 
-283.82337321214646 
-283.82498483441765 
-283.8262025769059 
-283.82748947005047 
-283.82854915103695 
-283.8295773683117 
-283.83049657685945 
-283.8313164530818 
-283.83210845591435 
-283.8327591082549 
-283.83343423560046 
-283.8339466165705 
-283.8345134552497 
-283.8349124295417 
-283.83537868177467 
-283.8356844999142 
-283.83605770511605 
-283.8362870093102 
-283.83657513415613 
-283.83674169521595 
-283.8369536372109 
-283.83706894417213 
-283.83721487006 
-283.8372887406361 
-283.8373801572466 
-283.83742160432433 
-283.8374709821524 
-283.8374893819344 
-283.8375095586718 
-283.83751499362546 
-283.8375192939521 
-283.8375200434769 
-283.8375203019713 
-283.8375203020067 
-283.83752030206466 
-283.8375203020621 
-283.8375203020648 
-283.8375203020626 
-283.837520302065 
-283.83752030208024 
-283.83752030210593 
-283.83752030215567 
-283.8375203021731 
-283.8375203022179 
-283.837520302255 
-283.83752030250383 
-283.83752030258046 
-283.8375203028923 
-283.8375203030418 
-283.8375203035856 
-283.83752030382715 
-283.8375203046424 
-283.8375203049851 
-283.83752030605916 
-283.83752030651493 
-283.8375203078206 
-283.8375203083986 
-283.837520309899 
-283.837520310607 
-283.83752031227056 
-283.83752031311377 
-283.83752031492185 
-283.83752031590166 
-283.8375203178428 
-283.8375203189432 
-283.8375203209094 
-283.8375203231227 
-283.837520325227 
-283.83752032774845 
-283.8375203300074 
-283.83752033295303 
-283.83752033559057 
-283.8375203374043 
-283.83752034027674 
-283.8375203422855 
-283.8375203454582 
-283.8375203476725 
-283.8375203512447 
-283.8375203537158 
-283.83752035784624 
-283.8375203606237 
-283.837520365578 
-283.83752036871323 
-283.8375203749869 
-283.83752037854566 
-283.8375203871819 
-283.83752039139546 
-283.8375204051113 
-283.8375204111433 
-283.83752044037607 
-283.83752046171554 
-283.83752055462395 
-283.83752064566414 
-283.83752087902843 
-283.83752199636143 
-283.83756247549064 
-283.8381323896735 
-283.83866923462375 
-283.8401120908572 
-283.84117815319536 
-283.84312390540487 
-283.8443414123971 
-283.8466443497294 
-283.847858302172 
-283.85003616087073 
-283.85121672216104 
-283.8529367349692 
-283.85396618289525 
-283.8554478292822 
-283.856329672416 
-283.85759395766496 
-283.8583457676481 
-283.85942342522736 
-283.86006552475703 
-283.860986853424 
-283.86153802457596 
-283.8623295388065 
-283.8628058669797 
-283.8634896103843 
-283.8639046515652 
-283.86451398268974 
-283.86484773014246 
-283.86537808026657 
-283.86567339073525 
-283.8661373076122 
-283.86639985964115 
-283.86680753587444 
-283.86704196816214 
-283.8674017320963 
-283.8676118579079 
-283.8679305596393 
-283.86811953596606 
-283.8684028479815 
-283.86857330769834 
-283.86882595842 
-283.86898011350553 
-283.86920606965833 
-283.86934579192535 
-283.86954840147365 
-283.8696752858878 
-283.86985739046685 
-283.8699728051021 
-283.87013682959923 
-283.87024195497463 
-283.8703899789474 
-283.87048584007766 
-283.8706196552477 
-283.8707071467759 
-283.8708283038051 
-283.870908210663 
-283.8710180570551 
-283.87109107122546 
-283.8711907825304 
-283.8712575168043 
-283.8713481223346 
-283.87140912168724 
-283.87149152585937 
-283.8715472769316 
-283.8716222771057 
-283.8716732161965 
-283.87174151772143 
-283.87178803763874 
-283.87185026676417 
-283.8718927229351 
-283.8719494383335 
-283.87198815464217 
-283.87203985870264 
-283.87207513445816 
-283.872122287492 
-283.8721544092396 
-283.87219745967064 
-283.8722267418571 
-283.87226636740536 
-283.872293925846 
-283.872325552294 
-283.8723505376676 
-283.87237916836943 
-283.872401768644 
-283.87242764329295 
-283.87244803199104 
-283.87247136783753 
-283.87248970565213 
-283.87251069989946 
-283.87252713613685 
-283.8725459680731 
-283.8725606419479 
-283.8725774748697 
-283.8725905166559 
-283.87260549961917 
-283.87261703169014 
-283.87263030113445 
-283.8726404388879 
-283.87265212016956 
-283.87266097285146 
-283.87267118173264 
-283.8726788531613 
-283.8726876972875 
-283.8726942864886 
-283.8727018668986 
-283.8727074686471 
-283.8727138813535 
-283.8727185866217 
-283.8727239243009 
-283.87272782061535 
-283.8727321744246 
-283.87273534613286 
-283.87273880765684 
-283.8727413361072 
-283.87274399936786 
-283.8727459630159 
-283.87274792635645 
-283.8727494007937 
-283.8727507681703 
-283.87275182595636 
-283.87275270642436 
-283.8727534150408 
-283.87275391367854 
-283.8727542984339 
-283.8727548386872 
-283.87275505503436 
-283.8727553024541 
-283.8727554086434 
-283.8727554937149 
-283.87275553737646 
-283.87275555824215 
-283.8727555751114 
-283.87275558080034 
-283.8727555829976 
-283.8727555832408 
-283.87275558324205 
-283.8727555832699 
-283.8727555832676 
-283.87275558327013 
-283.87275558326854 
-283.8727555832706 
-283.872755583275 
-283.8727555832738 
-283.87275558327826 
-283.8727555832839 
-283.8727555832906 
-283.87275558329424 
-283.8727555832988 
-283.87275558329276 
-283.8727555832979 
-283.8727555832996 
-283.872755583304 
-283.87275558330583 
-283.87275558330765 
-283.87275558331004 
-283.87275558331254 
-283.87275558331515 
-283.87275558331834 
-283.8727555833221 
-283.87275558332635 
-283.87275558332993 
-283.87275558333505 
-283.87275558333937 
-283.8727555833455 
-283.87275558335097 
-283.872755583358 
-283.87275558336415 
-283.87275558337245 
-283.87275558337905 
-283.8727555833883 
-283.87275558339576 
-283.8727555834062 
-283.87275558341463 
-283.8727555834259 
-283.87275558343487 
-283.8727555834474 
-283.8727555834568 
-283.8727555834702 
-283.87275558348125 
-283.8727555834958 
-283.87275558350746 
-283.8727555835233 
-283.87275558353593 
-283.87275558355276 
-283.8727555835665 
-283.87275558358425 
-283.87275558359903 
-283.87275558361813 
-283.8727555836335 
-283.8727555836529 
-283.8727555836694 
-283.87275558369 
-283.87275558370743 
-283.8727555837282 
-283.872755583746 
-283.87275558376683 
-283.8727555837829 
-283.8727555838923 
-283.8727555839094 
-283.8727555840242 
-283.8727555840423 
-283.87275558416 
-283.8727555841794 
-283.8727555843005 
-283.8727555843206 
-283.87275558444486 
-283.87275558446595 
-283.87275558458487 
-283.87275558465484 
-283.8727555847768 
-283.872755584849 
-283.8727555849743 
-283.872755585049 
-283.87275558517734 
-283.8727555852541 
-283.87275558538573 
-283.8727555854645 
-283.8727555855991 
-283.8727555856805 
-283.8727555858183 
-283.8727555859017 
-283.87275558604205 
-283.87275558612765 
-283.8727555862711 
-283.8727555863589 
-283.8727555865052 
-283.8727555865955 
-283.87275558674406 
-283.8727555868364 
-283.8727555869878 
-283.87275558708274 
-283.87275558723644 
-283.87275558733387 
-283.87275558748905 
-283.872755587589 
-283.8727555877445 
-283.8727555878462 
-283.87275558799683 
-283.872755588094 
-283.8727555883285 
-283.872755588535 
-283.8727555887772 
-283.872755588988 
-283.87275558923784 
-283.87275558945385 
-283.8727555897139 
-283.872755589935 
-283.8727555902063 
-283.8727555904339 
-283.8727555907186 
-283.87275559096855 
-283.87275559127994 
-283.8727555915422 
-283.8727555918694 
-283.87275559214527 
-283.8727555924914 
-283.8727555927832 
-283.8727555931509 
-283.87275559346284 
-283.87275559385654 
-283.8727555941928 
-283.8727555946186 
-283.8727555949843 
-283.8727555954519 
-283.8727555958537 
-283.87275559645144 
-283.87275559688686 
-283.87275559755784 
-283.87275559804476 
-283.872755598626 
-283.8727555991724 
-283.87275559980037 
-283.8727556002456 
-283.87275560046857 
-283.87275560072845 
-283.87275560082963 
-283.8727556008866 
-283.8727556008958 
-283.87275560090694 
-283.8727556009267 
-283.8727556009591 
-283.87275560098664 
-283.87275560101267 
-283.87275560103177 
-283.8727556010477 
-283.8727556010601 
-283.8727556010703 
-283.8727556010794 
-283.87275560108725 
-283.8727556010945 
-283.8727556011009 
-283.87275560110703 
-283.87275560111283 
-283.8727556011182 
-283.8727556011235 
-283.87275560112926 
-283.8727556011343 
-283.8727556011401 
-283.87275560114574 
-283.8727556011567 
-283.8727556011633 
-283.872755601175 
-283.87275560118246 
-283.8727556011938 
-283.8727556012015 
-283.87275560120844 
-283.87275560121526 
-283.8727556012223 
-283.8727556012294 
-283.87275560123584 
-283.8727556012432 
-283.8727556012488 
-283.8727556012554 
-283.8727556012606 
-283.87275560126665 
-283.87275560127074 
-283.8727556012761 
-283.8727556012796 
-283.87275560128353 
-283.8727556012854 
-283.8727556012986 
-283.8727556013076 
-283.8727556013144 
-283.87275560131883 
-283.8727556013142 
-283.8727556013203 
-283.8727556013235 
-283.87275560131803 
-283.8727556013136 
-283.8727556013145 
-283.8727556013101 
-283.87275560130803 
-283.8727556013101 
-283.87275560130706 
-283.8727556013102 
-283.8727556013086 
-283.8727556013105 
-283.87275560131474 
-283.8727556013138 
-283.8727556013184 
-283.8727556013239 
-283.8727556013209 
-283.87275560132474 
-283.8727556013295 
-283.87275560133304 
-283.87275560132554 
-283.87275560132645 
-283.872755601327 
-283.8727556013278 
-283.8727556013286 
-283.87275560132906 
-283.8727556013293 
-283.8727556013293 
-283.8727556013297 
-283.87275560132974 
-283.8727556013301 
-283.8727556013304 
-283.87275560133037 
-283.87275560133065 
-283.872755601331 
-283.8727556013312 
-283.8727556013316 
-283.8727556013317 
-283.87275560133145 
-283.8727556013317 
-283.87275560133173 
-283.8727556013318 
-283.8727556013315 
-283.87275560133156 
-283.8727556013317 
-283.8727556013318 
-283.872755601332 
-283.87275560133236 
-283.87275560133213 
-283.8727556013326 
-283.872755601333 
-283.87275560133315 
-283.87275560133276 
-283.87275560133287 
-283.87275560133315 
-283.87275560133327 
-283.8727556013334 
-283.87275560133315 
-283.87275560133327 
-283.8727556013335 
-283.8727556013335 
-283.87275560133384 
-283.8727556013343 
-283.8727556013345 
-283.87275560133475 
-283.8727556013345 
-283.8727556013343 
-283.8727556013345 
-283.8727556013349 
-283.87275560133486 
-283.8727556013354 
-283.8727556013364 
-283.8727556013377 
-283.8727556013393 
-283.87275560134054 
-283.872755601342 
-283.8727556013433 
-283.87275560134475 
-283.872755601346 
-283.8727556013477 
-283.87275560134907 
-283.87275560135066 
-283.8727556013517 
-283.87275560135316 
-283.87275560135464 
-283.8727556013561 
-283.87275560135754 
-283.8727556013593 
-283.87275560136044 
-283.8727556013627 
-283.87275560136334 
-283.87275560136516 
-283.87275560136607 
-283.8727556013678 
-283.87275560136885 
-283.8727556013707 
-283.8727556013725 
-283.872755601374 
-283.87275560137533 
-283.87275560137704 
-283.8727556013786 
-283.8727556013802 
-283.87275560138147 
-283.8727556013833 
-283.8727556013835 
-283.87275560138477 
-283.8727556013849 
-283.8727556013859 
-283.87275560138613 
-283.87275560138715 
-283.87275560138727 
-283.87275560138806 
-283.8727556013884 
-283.87275560138943 
-283.8727556013898 
-283.8727556013908 
-283.87275560139125 
-283.87275560139216 
-283.87275560139284 
-283.87275560139386 
-283.8727556013942 
-283.87275560139506 
-283.8727556013959 
-283.8727556013966 
-283.8727556013967 
-283.8727556013975 
-283.8727556013983 
-283.872755601399 
-283.8727556013998 
-283.87275560140057 
-283.87275560140097 
-283.8727556014018 
-283.8727556014024 
-283.87275560140364 
-283.8727556014042 
-283.87275560140534 
-283.8727556014056 
-283.87275560140614 
-283.8727556014065 
-283.87275560140785 
-283.87275560140796 
-283.872755601409 
-283.87275560140944 
-283.87275560141046 
-283.8727556014107 
-283.8727556014118 
-283.87275560141194 
-283.87275560141194 
-283.87275560141205 
-283.87275560141217 
-283.8727556014125 
-283.8727556014126 
-283.87275560141256 
-283.8727556014128 
-283.87275560141273 
-283.8727556014125 
-283.87275560141245 
-283.8727556014125 
-283.8727556014124 
-283.8727556014121 
-283.87275560141273 
-283.87275560141273 
-283.8727556014131 
-283.8727556014132 
-283.87275560141353 
-283.87275560141364 
-283.87275560141387 
-283.8727556014142 
-283.8727556014143 
-283.87275560141455 
-283.8727556014143 
-283.8727556014145 
-283.87275560141444 
-283.8727556014146 
-283.8727556014147 
-283.87275560141495 
-283.872755601415 
-283.8727556014151 
-283.8727556014148 
-283.87275560141484 
-283.8727556014146 
-283.8727556014149 
-283.8727556014147 
-283.87275560141455 
-283.8727556014143 
-283.8727556014141 
-283.872755601414 
-283.87275560141353 
-283.87275560141285 
-283.8727556014124 
-283.8727556014118 
-283.8727556014111 
-283.87275560141 
-283.87275560141677 
-283.8727556014214 
-283.8727556014249 
-283.87275560142103 
-283.87275560142393 
-283.8727556014181 
-283.87275560141353 
-283.872755601415 
-283.87275560141035 
-283.8727556014081 
-283.8727556014099 
-283.87275560140716 
-283.87275560140966 
-283.8727556014084 
-283.87275560141046 
-283.872755601415 
-283.8727556014133 
-283.87275560141785 
-283.8727556014234 
-283.87275560142035 
-283.8727556014242 
-283.8727556014204 
-283.8727556014242 
-283.8727556014165 
-283.8727556014173 
-283.8727556014182 
-283.87275560141865 
-283.8727556014192 
-283.8727556014197 
-283.8727556014203 
-283.87275560142086 
-283.87275560142103 
-283.8727556014212 
-283.8727556014216 
-283.87275560142183 
-283.87275560142183 
-283.8727556014223 
-283.8727556014224 
-283.8727556014225 
-283.8727556014224 
-283.8727556014226 
-283.8727556014228 
-283.87275560142234 
-283.8727556014224 
-283.87275560142245 
-283.8727556014224 
-283.87275560142274 
-283.8727556014226 
-283.87275560142257 
-283.8727556014227 
-283.8727556014225 
-283.8727556014223 
-283.8727556014222 
-283.87275560142217 
-283.87275560142194 
-283.87275560142217 
-283.87275560142217 
-283.8727556014223 
-283.8727556014224 
-283.8727556014222 
-283.8727556014223 
-283.8727556014224 
-283.87275560142274 
-283.8727556014226 
-283.8727556014225 
-283.8727556014223 
-283.87275560142206 
-283.87275560142194 
-283.87275560142183 
-283.87275560142194 
-283.8727556014217 
-283.8727556014217 
-283.87275560142183 
-283.87275560142115 
-283.87275560142103 
-283.8727556014208 
-283.8727556014206 
-283.87275560142035 
-283.87275560142024 
-283.8727556014203 
-283.8727556014201 
-283.87275560141995 
-283.87275560142 
-283.8727556014199 
-283.8727556014199 
-283.87275560142 
-283.8727556014201 
-283.87275560142 
-283.8727556014199 
-283.8727556014201 
-283.87275560141984 
-283.8727556014199 
-283.8727556014199 
-283.8727556014197 
-283.8727556014194 
-283.87275560141956 
-283.87275560141956 
-283.87275560141944 
-283.872755601419 
-283.87275560141876 
-283.87275560141825 
-283.8727556014182 
-283.87275560141853 
-283.87275560141825 
-283.8727556014181 
-283.87275560141785 
-283.87275560141785 
-283.87275560141785 
-283.8727556014182 
-283.8727556014183 
-283.8727556014183 
-283.8727556014183 
-283.8727556014184 
-283.8727556014182 
-283.8727556014187 
-283.8727556014182 
-283.8727556014183 
-283.8727556014182 
-283.8727556014183 
-283.87275560141853 
-283.87275560141836 
-283.87275560141836 
-283.8727556014183 
-283.8727556014178 
-283.87275560141734 
-283.87275560141734 
-283.8727556014178 
-283.8727556014176 
-283.87275560141734 
-283.87275560141717 
-283.8727556014168 
-283.8727556014169 
-283.8727556014167 
-283.8727556014168 
-283.8727556014168 
-283.8727556014167 
-283.8727556014165 
-283.87275560141626 
-283.87275560141615 
-283.8727556014162 
-283.8727556014159 
-283.87275560141586 
-283.8727556014159 
-283.87275560141603 
-283.8727556014159 
-283.87275560141603 
-283.8727556014159 
-283.87275560141586 
-283.87275560141603 
-283.8727556014164 
-283.87275560141615 
-283.87275560141563 
-283.8727556014158 
-283.8727556014157 
-283.87275560141535 
-283.87275560141507 
-283.87275560141495 
-283.87275560141455 
-283.87275560141444 
-283.8727556014147 
-283.87275560141455 
-283.87275560141467 
-283.8727556014142 
-283.8727556014143 
-283.8727556014143 
-283.87275560141387 
-283.87275560141353 
-283.8727556014132 
-283.8727556014132 
-283.8727556014124 
-283.87275560141234 
-283.8727556014123 
-283.87275560141205 
-283.87275560141194 
-283.87275560141205 
-283.8727556014119 
-283.87275560141137 
-283.87275560141137 
-283.8727556014113 
-283.87275560141137 
-283.8727556014109 
-283.87275560141035 
-283.8727556014102 
-283.8727556014098 
-283.87275560140966 
-283.8727556014097 
-283.8727556014091 
-283.87275560140887 
-283.87275560140864 
-283.87275560140864 
-283.8727556014085 
-283.87275560140796 
-283.87275560140705 
-283.8727556014065 
-283.87275560140614 
-283.8727556014054 
-283.87275560141296 
-283.87275560140887 
-283.87275560141234 
-283.87275560140796 
-283.8727556014108 
-283.8727556014054 
-283.8727556014008 
-283.87275560140205 
-283.87275560139784 
-283.8727556013957 
-283.87275560139744 
-283.87275560139466 
-283.8727556013973 
-283.87275560139557 
-283.8727556013974 
-283.8727556014018 
-283.87275560140034 
-283.8727556014048 
-283.87275560141046 
-283.8727556014075 
-283.8727556014117 
-283.8727556014081 
-283.87275560141205 
-283.87275560140444 
-283.87275560140534 
-283.8727556014057 
-283.87275560140614 
-283.8727556014067 
-283.8727556014072 
-283.8727556014076 
-283.8727556014076 
-283.87275560140773 
-283.87275560140796 
-283.8727556014085 
-283.87275560140887 
-283.87275560140876 
-283.87275560140904 
-283.8727556014093 
-283.87275560141 
-283.87275560141 
-283.8727556014101 
-283.87275560141035 
-283.87275560141035 
-283.8727556014109 
-283.8727556014109 
-283.8727556014109 
-283.872755601411 
-283.8727556014109 
-283.8727556014109 
-283.872755601411 
-283.8727556014117 
-283.8727556014116 
-283.87275560141194 
-283.87275560141217 
-283.8727556014124 
-283.8727556014125 
-283.87275560141256 
-283.87275560141273 
-283.8727556014124 
-283.8727556014126 
-283.87275560141245 
-283.8727556014126 
-283.87275560141273 
-283.8727556014126 
-283.87275560141296 
-283.8727556014131 
-283.8727556014131 
-283.87275560141296 
-283.8727556014133 
-283.8727556014135 
-283.872755601413 
-283.87275560141296 
-283.8727556014131 
-283.8727556014132 
-283.87275560141296 
-283.8727556014131 
-283.87275560141273 
-283.87275560141273 
-283.87275560141285 
-283.87275560141273 
-283.87275560141296 
-283.8727556014127 
-283.8727556014129 
-283.8727556014131 
-283.8727556014131 
-283.87275560141296 
-283.87275560141296 
-283.87275560141273 
-283.87275560141296 
-283.8727556014131 
-283.8727556014133 
-283.87275560141353 
-283.87275560141364 
-283.8727556014134 
-283.87275560141364 
-283.872755601414 
-283.8727556014141 
-283.872755601414 
-283.87275560141387 
-283.872755601414 
-283.872755601414 
-283.87275560141364 
-283.87275560141376 
-283.87275560141364 
-283.872755601414 
-283.8727556014137 
-283.8727556014141 
-283.87275560141387 
-283.87275560141387 
-283.8727556014138 
-283.87275560141376 
-283.87275560141336 
-283.8727556014133 
-283.87275560141353 
-283.87275560141376 
-283.8727556014139 
-283.87275560141444 
-283.8727556014142 
-283.8727556014144 
-283.87275560141455 
-283.8727556014146 
-283.872755601415 
-283.8727556014151 
-283.87275560141495 
-283.8727556014149 
-283.8727556014151 
-283.87275560141535 
-283.87275560141535 
-283.87275560141546 
-283.8727556014155 
-283.87275560141575 
-283.87275560141575 
-283.87275560141603 
-283.872755601416 
-283.8727556014158 
-283.8727556014158 
-283.8727556014157 
-283.8727556014157 
-283.8727556014157 
-283.8727556014158 
-283.8727556014158 
-283.8727556014159 
-283.8727556014158 
-283.8727556014158 
-283.87275560141615 
-283.87275560141615 
-283.87275560141654 
-283.8727556014165 
-283.8727556014167 
-283.87275560141694 
-283.87275560141717 
-283.8727556014175 
-283.87275560141757 
-283.8727556014176 
-283.8727556014176 
-283.87275560141785 
-283.8727556014181 
-283.8727556014182 
-283.8727556014182 
-283.8727556014182 
-283.87275560141853 
-283.87275560141853 
-283.8727556014184 
-283.8727556014184 
-283.8727556014184 
-283.87275560141865 
-283.87275560141876 
-283.8727556014189 
-283.87275560141893 
-283.8727556014191 
-283.87275560141904 
-283.8727556014191 
-283.8727556014193 
-283.8727556014192 
-283.872755601419 
-283.872755601419 
-283.872755601419 
-283.8727556014192 
-283.872755601419 
-283.8727556014189 
-283.872755601419 
-283.872755601419 
-283.87275560141904 
-283.87275560141865 
-283.87275560141865 
-283.8727556014184 
-283.87275560141813 
-283.87275560141785 
-283.8727556014174 
-283.8727556014165 
-283.8727556014157 
-283.87275560141524 
-283.8727556014149 
-283.8727556014142 
-283.87275560141376 
-283.87275560141285 
-283.8727556014201 
-283.8727556014163 
-283.87275560142024 
-283.87275560141626 
-283.8727556014193 
-283.87275560141353 
-283.8727556014091 
-283.8727556014106 
-283.87275560140597 
-283.87275560140324 
-283.8727556014051 
-283.8727556014027 
-283.8727556014054 
-283.8727556014033 
-283.8727556014059 
-283.8727556014106 
-283.872755601409 
-283.8727556014134 
-283.8727556014192 
-283.87275560141626 
-283.87275560142035 
-283.8727556014171 
-283.87275560142075 
-283.8727556014134 
-283.8727556014141 
-283.8727556014148 
-283.8727556014156 
-283.8727556014157 
-283.8727556014164 
-283.8727556014173 
-283.87275560141785 
-283.8727556014184 
-283.87275560141853 
-283.8727556014189 
-283.872755601419 
-283.8727556014192 
-283.8727556014193 
-283.8727556014193 
-283.8727556014196 
-283.87275560141944 
-283.87275560141956 
-283.87275560141956 
-283.87275560141967 
-283.8727556014196 
-283.8727556014198 
-283.8727556014199 
-283.87275560141956 
-283.87275560141944 
-283.8727556014191 
-283.87275560141876 
-283.87275560141893 
-283.8727556014189 
-283.87275560141865 
-283.8727556014183 
-283.8727556014179 
-283.8727556014176 
-283.8727556014177 
-283.87275560141796 
-283.8727556014181 
-283.87275560141774 
-283.8727556014176 
-283.87275560141774 
-283.8727556014176 
-283.8727556014176 
-283.8727556014175 
-283.8727556014175 
-283.8727556014176 
-283.87275560141757 
-283.87275560141774 
-283.8727556014176 
-283.8727556014172 
-283.87275560141694 
-283.872755601417 
-283.87275560141677 
-283.87275560141694 
-283.87275560141694 
-283.8727556014173 
-283.8727556014173 
-283.87275560141734 
-283.8727556014174 
-283.8727556014177 
-283.8727556014176 
-283.87275560141757 
-283.8727556014176 
-283.8727556014175 
-283.87275560141745 
-283.8727556014173 
-283.87275560141717 
-283.8727556014173 
-283.87275560141694 
-283.8727556014168 
-283.8727556014167 
-283.8727556014165 
-283.87275560141643 
-283.87275560141626 
-283.87275560141603 
-283.87275560141586 
-283.8727556014155 
-283.87275560141535 
-283.87275560141524 
-283.87275560141495 
-283.8727556014145 
-283.8727556014143 
-283.872755601414 
-283.87275560141376 
-283.8727556014137 
-283.8727556014133 
-283.8727556014128 
-283.8727556014127 
-283.87275560141285 
-283.8727556014126 
-283.87275560141273 
-283.87275560141296 
-283.87275560141273 
-283.8727556014124 
-283.87275560141205 
-283.8727556014118 
-283.8727556014117 
-283.8727556014117 
-283.8727556014115 
-283.8727556014115 
-283.8727556014114 
-283.87275560141137 
-283.87275560141137 
-283.87275560141114 
-283.8727556014113 
-283.8727556014109 
-283.8727556014109 
-283.87275560141046 
-283.8727556014103 
-283.87275560141035 
-283.8727556014101 
-283.8727556014101 
-283.8727556014101 
-283.87275560140995 
-283.87275560140966 
-283.8727556014093 
-283.872755601409 
-283.87275560140887 
-283.8727556014083 
-283.8727556014081 
-283.87275560140796 
-283.87275560140773 
-283.87275560140773 
-283.87275560140796 
-283.8727556014081 
-283.8727556014081 
-283.87275560140785 
-283.87275560140733 
-283.8727556014068 
-283.8727556014066 
-283.8727556014063 
-283.87275560140625 
-283.8727556014063 
-283.872755601406 
-283.8727556014058 
-283.8727556014058 
-283.872755601406 
-283.8727556014057 
-283.8727556014058 
-283.87275560140574 
-283.8727556014057 
-283.8727556014056 
-283.87275560140534 
-283.87275560140523 
-283.8727556014049 
-283.87275560140455 
-283.87275560140444 
-283.87275560140455 
-283.87275560140466 
-283.87275560140466 
-283.8727556014048 
-283.8727556014049 
-283.872755601405 
-283.8727556014051 
-283.8727556014053 
-283.8727556014049 
-283.8727556014049 
-283.872755601405 
-283.8727556014048 
-283.8727556014047 
-283.87275560140455 
-283.8727556014042 
-283.872755601404 
-283.87275560140375 
-283.8727556014033 
-283.8727556014032 
-283.87275560140307 
-283.87275560140284 
-283.87275560140273 
-283.87275560140193 
-283.8727556014015 
-283.8727556014009 
-283.87275560140046 
-283.87275560139966 
-283.87275560139875 
-283.87275560140637 
-283.8727556014025 
-283.87275560140614 
-283.87275560140205 
-283.8727556014049 
-283.872755601399 
-283.872755601395 
-283.8727556013965 
-283.8727556013924 
-283.87275560139057 
-283.87275560139256 
-283.8727556013899 
-283.8727556013927 
-283.8727556013904 
-283.8727556013925 
-283.8727556013967 
-283.8727556013952 
-283.87275560139955 
-283.87275560140534 
-283.87275560140284 
-283.87275560140705 
-283.8727556014034 
-283.8727556014074 
-283.8727556013998 
-283.87275560140046 
-283.87275560140114 
-283.8727556014017 
-283.8727556014023 
-283.8727556014028 
-283.87275560140324 
-283.87275560140336 
-283.87275560140364 
-283.8727556014041 
-283.8727556014042 
-283.87275560140455 
-283.8727556014052 
-283.87275560140546 
-283.87275560140546 
-283.8727556014057 
-283.8727556014058 
-283.87275560140597 
-283.8727556014059 
-283.8727556014057 
-283.872755601406 
-283.8727556014059 
-283.8727556014057 
-283.8727556014058 
-283.8727556014059 
-283.8727556014057 
-283.8727556014057 
-283.8727556014056 
-283.87275560140534 
-283.87275560140534 
-283.87275560140546 
-283.8727556014059 
-283.8727556014062 
-283.87275560140637 
-283.87275560140665 
-283.8727556014069 
-283.8727556014069 
-283.8727556014068 
-283.87275560140716 
-283.87275560140705 
-283.8727556014073 
-283.87275560140745 
-283.8727556014078 
-283.87275560140796 
-283.87275560140773 
-283.87275560140796 
-283.8727556014082 
-283.87275560140876 
-283.872755601409 
-283.8727556014092 
-283.8727556014092 
-283.8727556014091 
-283.87275560140904 
-283.872755601409 
-283.872755601409 
-283.8727556014091 
-283.87275560140944 
-283.8727556014099 
-283.87275560141023 
-283.87275560141046 
-283.8727556014109 
-283.87275560141103 
-283.87275560141137 
-283.8727556014115 
-283.8727556014117 
-283.8727556014117 
-283.87275560141177 
-283.87275560141205 
-283.8727556014125 
-283.87275560141234 
-283.8727556014124 
-283.8727556014124 
-283.8727556014126 
-283.87275560141296 
-283.8727556014131 
-283.8727556014131 
-283.8727556014131 
-283.8727556014135 
-283.87275560141364 
-283.8727556014137 
-283.872755601414 
-283.87275560141427 
-283.87275560141416 
-283.8727556014143 
-283.8727556014143 
-283.872755601414 
-283.8727556014142 
-283.8727556014142 
-283.8727556014143 
-283.87275560141467 
-283.8727556014151 
-283.872755601415 
-283.872755601415 
-283.872755601415 
-283.8727556014151 
-283.8727556014151 
-283.87275560141535 
-283.87275560141524 
-283.87275560141535 
-283.8727556014156 
-283.8727556014157 
-283.87275560141603 
-283.87275560141615 
-283.87275560141615 
-283.87275560141626 
-283.8727556014165 
-283.8727556014167 
-283.8727556014167 
-283.8727556014166 
-283.87275560141666 
-283.87275560141666 
-283.87275560141677 
-283.8727556014168 
-283.872755601417 
-283.87275560141694 
-283.87275560141717 
-283.8727556014173 
-283.8727556014173 
-283.8727556014173 
-283.8727556014173 
-283.87275560141717 
-283.87275560141705 
-283.8727556014168 
-283.87275560141694 
-283.8727556014173 
-283.87275560141734 
-283.87275560141774 
-283.8727556014181 
-283.8727556014179 
-283.8727556014178 
-283.87275560141774 
-283.87275560141796 
-283.87275560141813 
-283.87275560141796 
-283.87275560141785 
-283.8727556014149 
-283.8727556014147 
-283.8727556014149 
-283.8727556014148 
-283.8727556014149 
-283.8727556014149 
-283.8727556014149 
-283.8727556014151 
-283.8727556014151 
-283.8727556014156 
-283.87275560141563 
-283.8727556014156 
-283.8727556014157 
-283.8727556014159 
-283.8727556014158 
-283.87275560141615 
-283.87275560141626 
-283.87275560141586 
-283.8727556014157 
-283.8727556014156 
-283.8727556014156 
-283.87275560141524 
-283.8727556014151 
-283.87275560141495 
-283.8727556014148 
-283.8727556014148 
-283.87275560141467 
-283.87275560141455 
-283.87275560141416 
-283.872755601414 
-283.8727556014133 
-283.87275560141296 
-283.87275560141217 
-283.8727556014118 
-283.87275560141126 
-283.8727556014107 
-283.8727556014098 
-283.872755601409 
-283.8727556014164 
-283.8727556014126 
-283.8727556014158 
-283.8727556014115 
-283.8727556014144 
-283.87275560140887 
-283.8727556014042 
-283.8727556014059 
-283.87275560140125 
-283.87275560139864 
-283.8727556014009 
-283.87275560139835 
-283.8727556014007 
-283.8727556013984 
-283.872755601401 
-283.8727556014056 
-283.8727556014042 
-283.87275560140887 
-283.8727556014143 
-283.87275560141137 
-283.8727556014156 
-283.87275560141194 
-283.8727556014158 
-283.8727556014083 
-283.87275560140944 
-283.87275560141023 
-283.87275560141046 
-283.8727556014113 
-283.8727556014116 
-283.8727556014122 
-283.8727556014123 
-283.8727556014131 
-283.87275560141325 
-283.8727556014134 
-283.87275560141376 
-283.872755601414 
-283.8727556014143 
-283.87275560141444 
-283.87275560141444 
-283.87275560141455 
-283.87275560141507 
-283.8727556014155 
-283.8727556014158 
-283.8727556014161 
-283.87275560141615 
-283.872755601416 
-283.8727556014161 
-283.8727556014164 
-283.8727556014167 
-283.87275560141666 
-283.87275560141626 
-283.8727556014165 
-283.8727556014159 
-283.8727556014159 
-283.87275560141575 
-283.87275560141575 
-283.87275560141535 
-283.872755601415 
-283.87275560141524 
-283.872755601415 
-283.87275560141524 
-283.87275560141785 
-283.87275560141774 
-283.8727556014176 
-283.8727556014174 
-283.87275560141717 
-283.87275560141705 
-283.87275560141717 
-283.8727556014173 
-283.87275560141666 
-283.8727556014167 
-283.87275560141694 
-283.8727556014168 
-283.8727556014166 
-283.8727556014167 
-283.8727556014167 
-283.8727556014166 
-283.87275560141643 
-283.8727556014166 
-283.87275560141654 
-283.87275560141626 
-283.872755601416 
-283.8727556014156 
-283.87275560141546 
-283.87275560141575 
-283.87275560141535 
-283.8727556014154 
-283.87275560141546 
-283.8727556014156 
-283.8727556014158 
-283.8727556014157 
-283.87275560141535 
-283.87275560141546 
-283.87275560141546 
-283.8727556014153 
-283.8727556014151 
-283.87275560141524 
-283.87275560141524 
-283.8727556014156 
-283.8727556014157 
-283.87275560141575 
-283.8727556014159 
-283.8727556014159 
-283.8727556014156 
-283.87275560141535 
-283.87275560141535 
-283.8727556014153 
-283.87275560141524 
-283.8727556014151 
-283.87275560141524 
-283.8727556014149 
-283.872755601415 
-283.87275560141467 
-283.87275560141467 
-283.8727556014149 
-283.87275560141455 
-283.87275560141467 
-283.8727556014148 
-283.8727556014148 
-283.87275560141444 
-283.8727556014144 
-283.8727556014141 
-283.8727556014142 
-283.8727556014141 
-283.8727556014141 
-283.8727556014138 
-283.87275560141387 
-283.87275560141376 
-283.87275560141376 
-283.8727556014137 
-283.87275560141364 
-283.87275560141364 
-283.8727556014134 
-283.87275560141296 
-283.87275560141273 
-283.87275560141273 
-283.87275560141245 
-283.8727556014124 
-283.8727556014125 
-283.8727556014122 
-283.8727556014125 
-283.8727556014123 
-283.8727556014123 
-283.8727556014125 
-283.87275560141273 
-283.87275560141285 
-283.8727556014128 
-283.87275560141285 
-283.87275560141285 
-283.87275560141285 
-283.87275560141273 
-283.8727556014128 
-283.872755601413 
-283.87275560141296 
-283.8727556014127 
-283.87275560141285 
-283.8727556014126 
-283.8727556014124 
-283.8727556014125 
-283.8727556014125 
-283.8727556014123 
-283.87275560141217 
-283.87275560141177 
-283.8727556014118 
-283.87275560141137 
-283.87275560141126 
-283.87275560141114 
-283.87275560141103 
-283.8727556014109 
-283.8727556014109 
-283.8727556014109 
-283.87275560141103 
-283.8727556014109 
-283.8727556014108 
-283.8727556014111 
-283.87275560141103 
-283.8727556014109 
-283.8727556014108 
-283.8727556014109 
-283.8727556014105 
-283.87275560141023 
-283.8727556014101 
-283.87275560141023 
-283.8727556014098 
-283.8727556014093 
-283.872755601409 
-283.8727556014084 
-283.87275560140785 
-283.87275560140773 
-283.8727556014076 
-283.8727556014073 
-283.87275560140694 
-283.87275560140654 
-283.8727556014059 
-283.87275560140546 
-283.87275560140466 
-283.87275560141217 
-283.8727556014083 
-283.87275560141217 
-283.87275560140785 
-283.87275560141035 
-283.8727556014048 
-283.87275560140023 
-283.8727556014017 
-283.87275560139716 
-283.87275560139483 
-283.8727556013972 
-283.8727556013945 
-283.8727556013971 
-283.87275560139466 
-283.87275560139705 
-283.87275560140154 
-283.8727556014 
-283.87275560140455 
-283.8727556014101 
-283.8727556014076 
-283.8727556014118 
-283.872755601408 
-283.87275560141194 
-283.8727556014043 
-283.8727556014055 
-283.872755601406 
-283.8727556014066 
-283.8727556014068 
-283.8727556014073 
-283.8727556014076 
-283.87275560140785 
-283.8727556014081 
-283.8727556014083 
-283.87275560140887 
-283.872755601409 
-283.8727556014091 
-283.87275560140955 
-283.8727556014092 
-283.8727556014093 
-283.87275560140955 
-283.8727556014098 
-283.8727556014098 
-283.8727556014098 
-283.87275560140995 
-283.8727556014101 
-283.8727556014101 
-283.87275560141006 
-283.8727556014101 
-283.8727556014101 
-283.8727556014101 
-283.8727556014103 
-283.8727556014106 
-283.8727556014106 
-283.8727556014107 
-283.8727556014106 
-283.8727556014108 
-283.8727556014106 
-283.87275560141103 
-283.87275560141103 
-283.87275560141126 
-283.87275560141126 
-283.8727556014109 
-283.87275560141114 
-283.87275560141137 
-283.87275560141126 
-283.8727556014116 
-283.8727556014115 
-283.8727556014115 
-283.87275560141126 
-283.87275560141126 
-283.87275560141137 
-283.8727556014113 
-283.87275560141114 
-283.87275560141126 
-283.87275560141126 
-283.872755601411 
-283.872755601411 
-283.8727556014109 
-283.8727556014109 
-283.8727556014108 
-283.87275560141103 
-283.8727556014108 
-283.8727556014108 
-283.8727556014107 
-283.87275560141063 
-283.8727556014107 
-283.87275560141103 
-283.87275560141103 
-283.8727556014109 
-283.8727556014108 
-283.8727556014108 
-283.8727556014107 
-283.8727556014108 
-283.8727556014108 
-283.8727556014108 
-283.8727556014107 
-283.8727556014104 
-283.87275560141023 
-283.87275560141035 
-283.87275560141035 
-283.87275560141046 
-283.8727556014106 
-283.87275560141035 
-283.8727556014104 
-283.8727556014107 
-283.8727556014107 
-283.8727556014109 
-283.87275560141103 
-283.8727556014113 
-283.8727556014115 
-283.87275560141137 
-283.87275560141137 
-283.87275560141137 
-283.87275560141114 
-283.87275560141103 
-283.8727556014115 
-283.8727556014117 
-283.8727556014117 
-283.8727556014117 
-283.8727556014117 
-283.8727556014115 
-283.87275560141137 
-283.8727556014115 
-283.8727556014115 
-283.8727556014116 
-283.8727556014117 
-283.8727556014117 
-283.8727556014117 
-283.8727556014118 
-283.8727556014118 
-283.8727556014115 
-283.87275560141126 
-283.87275560141103 
-283.87275560141103 
-283.87275560141126 
-283.87275560141114 
-283.87275560141126 
-283.8727556014116 
-283.87275560141194 
-283.87275560141194 
-283.8727556014115 
-283.87275560141137 
-283.87275560141137 
-283.87275560141137 
-283.8727556014117 
-283.87275560141177 
-283.87275560141194 
-283.8727556014118 
-283.8727556014116 
-283.8727556014116 
-283.87275560141205 
-283.87275560141194 
-283.87275560141194 
-283.87275560141205 
-283.87275560141217 
-283.8727556014125 
-283.87275560141234 
-283.8727556014124 
-283.8727556014127 
-283.8727556014126 
-283.87275560141296 
-283.8727556014126 
-283.87275560141273 
-283.8727556014131 
-283.87275560141313 
-283.87275560141353 
-283.87275560141376 
-283.87275560141404 
-283.8727556014141 
-283.87275560141444 
-283.87275560141455 
-283.87275560141444 
-283.8727556014141 
-283.8727556014141 
-283.87275560141427 
-283.8727556014142 
-283.87275560141404 
-283.87275560141387 
-283.8727556014134 
-283.87275560141325 
-283.8727556014133 
-283.87275560141313 
-283.87275560141313 
-283.8727556014125 
-283.8727556014123 
-283.87275560141194 
-283.8727556014118 
-283.8727556014117 
-283.87275560141103 
-283.8727556014109 
-283.87275560141046 
-283.8727556014098 
-283.8727556014091 
-283.87275560140864 
-283.8727556014079 
-283.8727556014066 
-283.8727556014142 
-283.87275560141023 
-283.872755601414 
-283.87275560140955 
-283.8727556014124 
-283.8727556014068 
-283.87275560140216 
-283.8727556014034 
-283.872755601399 
-283.87275560139636 
-283.8727556013985 
-283.87275560139614 
-283.8727556013988 
-283.8727556013965 
-283.872755601399 
-283.8727556014035 
-283.8727556014024 
-283.8727556014068 
-283.8727556014123 
-283.87275560140966 
-283.8727556014142 
-283.87275560141035 
-283.872755601414 
-283.87275560140625 
-283.8727556014073 
-283.87275560140796 
-283.8727556014083 
-283.87275560140887 
-283.87275560140966 
-283.8727556014103 
-283.87275560141046 
-283.8727556014107 
-283.8727556014109 
-283.8727556014111 
-283.87275560141126 
-283.87275560141126 
-283.87275560141137 
-283.8727556014116 
-283.8727556014116 
-283.8727556014115 
-283.87275560141137 
-283.8727556014116 
-283.8727556014115 
-283.87275560141165 
-283.8727556014118 
-283.8727556014119 
-283.87275560141194 
-283.87275560141194 
-283.8727556014118 
-283.8727556014118 
-283.8727556014117 
-283.87275560141177 
-283.87275560141154 
-283.87275560141126 
-283.8727556014113 
-283.87275560141126 
-283.87275560141126 
-283.87275560141126 
-283.87275560141103 
-283.87275560141103 
-283.8727556014111 
-283.87275560141114 
-283.8727556014112 
-283.87275560141114 
-283.87275560141126 
-283.8727556014116 
-283.8727556014114 
-283.8727556014115 
-283.87275560141103 
-283.8727556014108 
-283.8727556014106 
-283.8727556014108 
-283.87275560141074 
-283.8727556014107 
-283.8727556014107 
-283.8727556014108 
-283.8727556014108 
-283.8727556014107 
-283.8727556014106 
-283.8727556014108 
-283.8727556014109 
-283.87275560141046 
-283.87275560141023 
-283.87275560141023 
-283.8727556014101 
-283.8727556014101 
-283.87275560141 
-283.87275560141023 
-283.8727556014101 
-283.8727556014103 
-283.8727556014104 
-283.87275560141046 
-283.87275560141035 
-283.87275560141046 
-283.8727556014101 
-283.87275560141046 
-283.87275560141023 
-283.87275560141006 
-283.87275560141 
-283.8727556014101 
-283.8727556014099 
-283.87275560140955 
-283.87275560140944 
-283.87275560140966 
-283.87275560140955 
-283.87275560140944 
-283.87275560140944 
-283.8727556014093 
-283.87275560140955 
-283.8727556014098 
-283.87275560140966 
-283.87275560140944 
-283.87275560140966 
-283.8727556014093 
-283.87275560140904 
-283.872755601409 
-283.8727556014089 
-283.87275560140887 
-283.87275560140876 
-283.87275560140876 
-283.8727556014084 
-283.8727556014085 
-283.8727556014085 
-283.8727556014085 
-283.87275560140864 
-283.87275560140864 
-283.8727556014086 
-283.8727556014085 
-283.8727556014084 
-283.87275560140836 
-283.8727556014083 
-283.87275560140836 
-283.8727556014083 
-283.8727556014084 
-283.8727556014085 
-283.8727556014085 
-283.87275560140864 
-283.8727556014085 
-283.8727556014084 
-283.8727556014084 
-283.8727556014084 
-283.8727556014086 
-283.8727556014085 
-283.8727556014083 
-283.8727556014083 
-283.8727556014082 
-283.87275560140796 
-283.872755601408 
-283.87275560140785 
-283.8727556014077 
-283.87275560140785 
-283.8727556014082 
-283.8727556014083 
-283.87275560140824 
-283.8727556014081 
-283.8727556014084 
-283.872755601408 
-283.87275560140796 
-283.87275560140796 
-283.8727556014083 
-283.8727556014083 
-283.8727556014084 
-283.8727556014082 
-283.8727556014082 
-283.8727556014081 
-283.8727556014082 
-283.8727556014082 
-283.8727556014082 
-283.8727556014078 
-283.8727556014077 
-283.8727556014074 
-283.8727556014075 
-283.8727556014074 
-283.8727556014073 
-283.8727556014073 
-283.87275560140705 
-283.87275560140694 
-283.8727556014073 
-283.87275560140716 
-283.8727556014071 
-283.87275560140705 
-283.87275560140705 
-283.87275560140716 
-283.87275560140694 
-283.87275560140694 
-283.8727556014066 
-283.87275560140614 
-283.8727556014056 
-283.87275560140523 
-283.87275560140523 
-283.8727556014049 
-283.8727556014042 
-283.8727556014042 
-283.87275560140375 
-283.8727556014033 
-283.8727556014024 
-283.87275560141 
-283.872755601406 
-283.8727556014101 
-283.8727556014057 
-283.8727556014084 
-283.87275560140273 
-283.8727556013982 
-283.87275560139943 
-283.8727556013952 
-283.8727556013927 
-283.8727556013948 
-283.87275560139216 
-283.872755601395 
-283.87275560139295 
-283.87275560139557 
-283.8727556013998 
-283.8727556013985 
-283.87275560140296 
-283.8727556014086 
-283.8727556014057 
-283.87275560141 
-283.87275560140614 
-283.8727556014101 
-283.8727556014025 
-283.8727556014032 
-283.8727556014035 
-283.872755601404 
-283.8727556014043 
-283.8727556014049 
-283.872755601405 
-283.872755601405 
-283.872755601405 
-283.8727556014056 
-283.872755601406 
-283.87275560140637 
-283.8727556014066 
-283.8727556014066 
-283.8727556014068 
-283.8727556014068 
-283.87275560140705 
-283.87275560140705 
-283.87275560140705 
-283.87275560140716 
-283.8727556014071 
-283.87275560140716 
-283.8727556014074 
-283.8727556014076 
-283.8727556014078 
-283.87275560140773 
-283.87275560140785 
-283.8727556014082 
-283.8727556014083 
-283.87275560140864 
-283.8727556014088 
-283.872755601409 
-283.87275560140904 
-283.872755601409 
-283.8727556014091 
-283.8727556014092 
-283.8727556014091 
-283.87275560140887 
-283.87275560140904 
-283.87275560140904 
-283.8727556014092 
-283.87275560140887 
-283.8727556014089 
-283.87275560140887 
-283.8727556014085 
-283.8727556014082 
-283.8727556014084 
-283.8727556014086 
-283.87275560140864 
-283.8727556014085 
-283.87275560140887 
-283.872755601409 
-283.8727556014091 
-283.8727556014091 
-283.8727556014093 
-283.8727556014092 
-283.872755601409 
-283.872755601409 
-283.872755601409 
-283.872755601409 
-283.87275560140887 
-283.8727556014089 
-283.87275560140876 
-283.87275560140876 
-283.87275560140887 
-283.8727556014091 
-283.8727556014093 
-283.87275560140944 
-283.87275560140955 
-283.8727556014099 
-283.8727556014099 
-283.8727556014101 
-283.87275560141035 
-283.8727556014106 
-283.8727556014107 
-283.8727556014107 
-283.87275560141103 
-283.8727556014109 
-283.87275560141114 
-283.87275560141126 
-283.87275560141114 
-283.8727556014112 
-283.87275560141114 
-283.87275560141126 
-283.87275560141103 
-283.8727556014109 
-283.87275560141114 
-283.8727556014109 
-283.8727556014107 
-283.8727556014107 
-283.8727556014107 
-283.8727556014109 
-283.8727556014107 
-283.8727556014105 
-283.8727556014106 
-283.87275560141086 
-283.87275560141103 
-283.87275560141114 
-283.8727556014109 
-283.87275560141086 
-283.8727556014109 
-283.8727556014107 
-283.87275560141074 
-283.8727556014109 
-283.87275560141103 
-283.8727556014109 
-283.8727556014111 
-283.87275560141137 
-283.8727556014116 
-283.8727556014116 
-283.87275560141165 
-283.8727556014118 
-283.8727556014121 
-283.87275560141205 
-283.87275560141234 
-283.8727556014126 
-283.87275560141273 
-283.87275560141256 
-283.87275560141285 
-283.87275560141296 
-283.8727556014131 
-283.8727556014126 
-283.87275560141273 
-283.87275560141285 
-283.8727556014128 
-283.8727556014126 
-283.87275560141285 
-283.87275560141285 
-283.8727556014134 
-283.87275560141353 
-283.87275560141353 
-283.8727556014135 
-283.8727556014133 
-283.8727556014133 
-283.8727556014134 
-283.8727556014134 
-283.8727556014135 
-283.87275560141376 
-283.872755601414 
-283.872755601414 
-283.87275560141387 
-283.8727556014141 
-283.87275560141376 
-283.872755601414 
-283.8727556014143 
-283.87275560141455 
-283.87275560141467 
-283.87275560141455 
-283.87275560141455 
-283.8727556014148 
-283.8727556014145 
-283.87275560141455 
-283.8727556014142 
-283.8727556014142 
-283.87275560141416 
-283.87275560141387 
-283.87275560141376 
-283.8727556014134 
-283.8727556014132 
-283.872755601413 
-283.87275560141296 
-283.87275560141296 
-283.87275560141296 
-283.8727556014129 
-283.8727556014126 
-283.8727556014125 
-283.87275560141217 
-283.8727556014116 
-283.87275560141114 
-283.8727556014106 
-283.87275560141 
-283.8727556014093 
-283.87275560140864 
-283.8727556014159 
-283.8727556014123 
-283.87275560141603 
-283.8727556014116 
-283.8727556014141 
-283.8727556014089 
-283.87275560140444 
-283.87275560140546 
-283.87275560140057 
-283.87275560139835 
-283.87275560140057 
-283.87275560139796 
