2 -0.946009630920514 
3 0.9466892611911472 
4 -0.9483417025710512 
5 0.9486008782010362 
6 -0.9485220587661829 
7 0.9485134623313817 
8 -0.9485169504386449 
9 0.9485176963542322 
10 -0.9485176359898982 
11 0.9485176000596289 
12 -0.948517603372572 
13 0.9485176052326545 
14 -0.9485176053529148 
15 0.9485176052928594 
16 -0.9485176052870439 
17 0.9485176052818443 
18 -0.9485176052822488 
19 0.948517605300739 
20 -0.9485176052916467 
21 0.9485176053043645 
22 -0.9485176052882731 
23 0.9485176056471664 
24 -0.9485176052498719 
25 0.9485176054623866 
26 -0.9485176053474459 
27 0.9485176053139089 
28 -0.9485176053177017 
29 0.9485176053153125 
30 -0.9485176052876424 
31 0.9485176052912694 
32 -0.9485176054301356 
33 0.9485176052952391 
34 -0.9485176052947767 
35 0.9485176052952268 
36 -0.9485176052579052 
37 0.9485176050850088 
38 -0.9485176051251749 
39 0.9485176053046016 
40 -0.948517605293221 
41 0.9485176052907354 
42 -0.9485176052888351 
43 0.9485176052883593 
44 -0.9485176052891519 
45 0.9485176052886058 
46 -0.9485176052947396 
47 0.9485176053248594 
48 -0.9485176049038703 
49 0.9485176056420068 
50 -0.9485176056404276 
51 0.9485176052092408 
52 -0.9485176052720709 
53 0.9485176053032278 
54 -0.9485176052967103 
55 0.9485176052907297 
56 -0.9485176052888418 
57 0.9485176052885481 
58 -0.9485176052883384 
59 0.9485176052893997 
60 -0.9485176052895263 
61 0.9485176052878794 
62 -0.9485176053065079 
63 0.9485176052913181 
64 -0.9485176052877559 
65 0.948517605288698 
66 -0.9485176052889887 
67 0.9485176052868614 
68 -0.9485176052824962 
69 0.9485176052969801 
70 -0.9485176053757304 
71 0.9485176053532427 
72 -0.9485176052835701 
73 0.9485176052851388 
74 -0.9485176052992856 
75 0.9485176056046984 
76 -0.9485176045352426 
77 0.9485176048583205 
78 -0.948517605471568 
79 0.9485176052997091 
80 -0.9485176052853261 
81 0.9485176052875491 
82 -0.9485176052888004 
83 0.9485176052886775 
84 -0.9485176052890223 
85 0.9485176052897777 
86 -0.948517605243168 
87 0.9485176052895996 
88 -0.9485176052748959 
89 0.9485176049077757 
90 -0.9485176051678701 
91 0.9485176053063635 
92 -0.9485176049804989 
93 0.9485176052206832 
94 -0.9485176053345455 
95 0.9485176052854295 
96 -0.9485176052868753 
97 0.9485176052886442 
98 -0.948517605288933 
99 0.9485176052886758 
100 -0.9485176052885761 
101 0.9485176052885945 
102 -0.9485176052878789 
103 0.9485176052846889 
104 -0.9485176052927528 
105 0.9485176053527605 
106 -0.9485176052305688 
107 0.9485176033768334 
108 -0.9485176000594148 
109 0.948517635986008 
110 -0.9485176963557043 
111 0.9485169504232761 
112 -0.9485134622921041 
113 0.9485220587875237 
114 -0.9486008782051008 
115 0.9483417025430622 
116 -0.9466892611715784 
117 0.9460096309067236 
