2 3 0.1743881608294001 
3 4 0.20697794213064855 
4 5 0.2416799865942432 
5 6 0.32478725213835413 
6 7 0.39000517281018704 
7 8 0.40114305988201027 
8 9 0.3933555390502059 
9 10 0.40470014690394973 
10 11 0.42801864278089075 
11 12 0.4390281473466908 
12 13 0.440549928825835 
13 14 0.45658329072592313 
14 15 0.4841863117781832 
15 16 0.49775097489897346 
16 17 0.4952965155698501 
17 18 0.49701140665786964 
18 19 0.5102103846940593 
19 20 0.5214054479494253 
20 21 0.522601455916508 
21 22 0.5256392857760341 
22 23 0.5397528802993041 
23 24 0.5527574605656437 
24 25 0.553875930701671 
25 26 0.5518719315841629 
26 27 0.5581802445919277 
27 28 0.5682647048163877 
28 29 0.5715454451823194 
29 30 0.5706112080406575 
30 31 0.5764699623583688 
31 32 0.5871831939083664 
32 33 0.5912003526763145 
33 34 0.5885505833213014 
34 35 0.5897597209093893 
35 36 0.5973401593885038 
36 37 0.6024836359302018 
37 38 0.6012500283972686 
38 39 0.6017445529855874 
39 40 0.6088751886934496 
40 41 0.6146166349063352 
41 42 0.6131418007759138 
42 43 0.6110210357814062 
43 44 0.615149987490726 
44 45 0.6210183892785169 
45 46 0.6212029313243661 
46 47 0.6187560397149025 
47 48 0.6216703601182022 
48 49 0.6275301733560176 
49 50 0.6280460337350873 
50 51 0.624422754335121 
51 52 0.6248214078142792 
52 53 0.6299219066913944 
53 54 0.631992051438591 
54 55 0.6287423581386046 
55 56 0.6276085659480511 
56 57 0.6318540608784289 
57 58 0.6342304802579037 
58 59 0.6307732147213151 
59 60 0.6278883443451796 
60 61 0.6307732146088153 
61 62 0.6342304803867294 
62 63 0.6318540614361818 
63 64 0.6276085671822742 
64 65 0.6287423603570664 
65 66 0.6319920543501436 
66 67 0.6299219101683872 
67 68 0.6248214109964098 
68 69 0.6244227570412292 
69 70 0.6280460360400778 
70 71 0.6275301758417053 
71 72 0.6216703631223673 
72 73 0.6187560437587482 
73 74 0.6212029360207222 
74 75 0.6210183943112493 
75 76 0.615149992773793 
76 77 0.6110210405059213 
77 78 0.6131418046906526 
78 79 0.6146166385411985 
79 80 0.6088751924312732 
80 81 0.6017445572870519 
81 82 0.6012500331915394 
82 83 0.6024836403354875 
83 84 0.5973401632277089 
84 85 0.5897597244256989 
85 86 0.5885505855441364 
86 87 0.5912003535540978 
87 88 0.5871831944858801 
88 89 0.576469962391772 
89 90 0.5706112069397014 
90 91 0.5715454432370012 
91 92 0.5682647027675135 
92 93 0.5581802425998175 
93 94 0.5518719297111396 
94 95 0.553875929673816 
95 96 0.5527574614479679 
96 97 0.5397528826260308 
97 98 0.5256392883144697 
98 99 0.5226014571689936 
99 100 0.5214054494312823 
100 101 0.5102103864281088 
101 102 0.4970114082791221 
102 103 0.49529651695742444 
103 104 0.4977509763412207 
104 105 0.4841863139359316 
105 106 0.4565832935530836 
106 107 0.44054993242414897 
107 108 0.4390281505378761 
108 109 0.42801864619259655 
109 110 0.4047001507728114 
110 111 0.39335554210874796 
111 112 0.4011430615614956 
112 113 0.39000517467604046 
113 114 0.32478725059871866 
114 115 0.24167998554441164 
115 116 0.20697794081965312 
116 117 0.17438816039463925 
117 118 0.10137668876227436 
