2 3 0.00010460236920187324 
3 4 2.2925583614380028e-06 
4 5 9.208975359398029e-07 
5 6 3.4026196287419137e-08 
6 7 7.900043358572792e-09 
7 8 4.812924060684704e-10 
8 9 7.331688550600192e-11 
9 10 6.35739950631747e-12 
10 11 7.603497996904778e-13 
11 12 8.095603694992203e-14 
12 13 8.503437887183507e-15 
13 14 1.211188257346815e-15 
14 15 1.0281300469054077e-16 
15 16 -4.333907755992337e-16 
16 17 2.245308424392657e-16 
17 18 1.90120079624576e-18 
18 19 2.517306851279341e-18 
19 20 -4.43352063579625e-16 
20 21 -4.4397406040012366e-16 
21 22 0.0 
22 23 -4.440892098500627e-16 
23 24 -4.440892098500627e-16 
24 25 0.0 
25 26 4.440892098500625e-16 
26 27 0.0 
27 28 0.0 
28 29 0.0 
29 30 -4.440892098500627e-16 
30 31 4.440892098500625e-16 
31 32 -4.440892098500627e-16 
32 33 0.0 
33 34 4.440892098500625e-16 
34 35 0.0 
35 36 -4.440892098500627e-16 
36 37 0.0 
37 38 0.0 
38 39 4.440892098500625e-16 
39 40 -4.440892098500627e-16 
40 41 -4.440892098500627e-16 
41 42 -4.440892098500627e-16 
42 43 -4.440892098500627e-16 
43 44 0.0 
44 45 0.0 
45 46 -4.440892098500627e-16 
46 47 0.0 
47 48 4.440892098500625e-16 
48 49 -4.440892098500627e-16 
49 50 0.0 
50 51 -4.4408774947890136e-16 
51 52 2.425116482338197e-20 
52 53 1.3453335510247377e-18 
53 54 -4.3976351952268603e-16 
54 55 -4.440892098500627e-16 
55 56 4.440892098500625e-16 
56 57 -4.440892098500627e-16 
57 58 0.0 
58 59 0.0 
59 60 -4.440892098500627e-16 
60 61 0.0 
61 62 -4.440892098500627e-16 
62 63 -4.440892098500627e-16 
63 64 -4.440892098500627e-16 
64 65 0.0 
65 66 -4.440892098500627e-16 
66 67 0.0 
67 68 -4.440892098500627e-16 
68 69 4.440892098500625e-16 
69 70 0.0 
70 71 0.0 
71 72 0.0 
72 73 -4.440892098500627e-16 
73 74 0.0 
74 75 6.661338147750936e-16 
75 76 0.0 
76 77 -4.440892098500627e-16 
77 78 0.0 
78 79 0.0 
79 80 0.0 
80 81 -4.440892098500627e-16 
81 82 -4.440892098500627e-16 
82 83 0.0 
83 84 0.0 
84 85 0.0 
85 86 0.0 
86 87 4.440892098500625e-16 
87 88 -4.440892098500627e-16 
88 89 -4.440892098500627e-16 
89 90 4.440892098500625e-16 
90 91 -4.440892098500627e-16 
91 92 0.0 
92 93 -4.440892098500627e-16 
93 94 -4.440892098500627e-16 
94 95 4.440892098500625e-16 
95 96 0.0 
96 97 4.440892098500625e-16 
97 98 -4.440892098500627e-16 
98 99 -4.440892098500627e-16 
99 100 1.4072093535405675e-22 
100 101 2.862259952565079e-21 
101 102 -4.439194166408711e-16 
102 103 2.236017557030606e-16 
103 104 1.2986345726136876e-17 
104 105 1.0555557846678601e-16 
105 106 5.488369953344997e-16 
106 107 8.94779743376328e-15 
107 108 8.095041049170076e-14 
108 109 7.607836566607841e-13 
109 110 6.357154497476628e-12 
110 111 7.331698035428369e-11 
111 112 4.812879980893768e-10 
112 113 7.900065086884898e-09 
113 114 3.4026164613846864e-08 
114 115 9.208998296633958e-07 
115 116 2.2925638840864344e-06 
116 117 0.00010460237895785837 
117 118 0.00010416322692069308 
