2 -0.9998166030211428 
3 0.9997997184799589 
4 -0.999799799448916 
5 0.9997998572819973 
6 -0.9997998599037576 
7 0.999799859696841 
8 -0.9997998596871457 
9 0.9997998596882253 
10 -0.9997998596882849 
11 0.9997998596882806 
12 -0.9997998596882811 
13 0.999799859688281 
14 -0.9997998596882816 
15 0.9997998596882803 
16 -0.9997998596882798 
17 0.9997998596882801 
18 -0.9997998596882797 
19 0.9997998596882808 
20 -0.9997998596882797 
21 0.9997998596882796 
22 -0.99979985968828 
23 0.9997998596882801 
24 -0.9997998596882804 
25 0.9997998596882807 
26 -0.9997998596882811 
27 0.9997998596882816 
28 -0.9997998596882801 
29 0.9997998596882802 
30 -0.9997998596882812 
31 0.9997998596882798 
32 -0.9997998596882802 
33 0.999799859688281 
34 -0.9997998596882803 
35 0.9997998596882811 
36 -0.9997998596882794 
37 0.9997998596882798 
38 -0.9997998596882804 
39 0.9997998596882797 
40 -0.9997998596882811 
41 0.9997998596882801 
42 -0.999799859688281 
43 0.9997998596882806 
44 -0.9997998596882801 
45 0.99979985968828 
46 -0.9997998596882803 
47 0.9997998596882809 
48 -0.9997998596882799 
49 0.9997998596882797 
50 -0.9997998596882797 
51 0.999799859688281 
52 -0.9997998596882803 
53 0.9997998596882809 
54 -0.9997998596882806 
55 0.99979985968828 
56 -0.9997998596882801 
57 0.9997998596882799 
58 -0.9997998596882802 
59 0.9997998596882807 
60 -0.99979985968828 
61 0.9997998596882803 
62 -0.9997998596882799 
63 0.9997998596882814 
64 -0.9997998596882806 
65 0.9997998596882799 
66 -0.9997998596882806 
67 0.9997998596882799 
68 -0.9997998596882801 
69 0.9997998596882804 
70 -0.9997998596882808 
71 0.99979985968828 
72 -0.9997998596882808 
73 0.9997998596882809 
74 -0.9997998596882793 
75 0.999799859688281 
76 -0.9997998596882804 
77 0.9997998596882811 
78 -0.9997998596882801 
79 0.9997998596882806 
80 -0.9997998596882811 
81 0.9997998596882801 
82 -0.9997998596882809 
83 0.9997998596882807 
84 -0.9997998596882809 
85 0.9997998596882799 
86 -0.999799859688281 
87 0.99979985968828 
88 -0.999799859688281 
89 0.9997998596882796 
90 -0.9997998596882796 
91 0.9997998596882803 
92 -0.9997998596882802 
93 0.9997998596882807 
94 -0.9997998596882808 
95 0.9997998596882812 
96 -0.9997998596882809 
97 0.9997998596882801 
98 -0.9997998596882809 
99 0.9997998596882809 
100 -0.999799859688281 
101 0.9997998596882802 
102 -0.9997998596882803 
103 0.999799859688281 
104 -0.9997998596882791 
105 0.99979985968828 
106 -0.9997998596882808 
107 0.9997998596882788 
108 -0.9997998596882804 
109 0.99979985968828 
110 -0.9997998596882806 
111 0.999799859688281 
112 -0.99979985968828 
113 0.9997998596882806 
114 -0.9997998596882798 
115 0.9997998596882798 
116 -0.9997998596882812 
117 0.9997998596882792 
118 -0.9997998596882806 
119 0.999799859688282 
120 -0.99979985968828 
121 0.9997998596882798 
122 -0.999799859688281 
123 0.999799859688281 
124 -0.9997998596882799 
125 0.9997998596882813 
126 -0.9997998596882802 
127 0.9997998596882801 
128 -0.99979985968828 
129 0.999799859688281 
130 -0.9997998596882802 
131 0.9997998596882803 
132 -0.9997998596882809 
133 0.9997998596882802 
134 -0.9997998596882796 
135 0.9997998596882809 
136 -0.9997998596882802 
137 0.9997998596882802 
138 -0.9997998596882807 
139 0.999799859688281 
140 -0.9997998596882802 
141 0.999799859688281 
142 -0.9997998596882802 
143 0.9997998596882804 
144 -0.9997998596882812 
145 0.9997998596882806 
146 -0.9997998596882802 
147 0.9997998596882803 
148 -0.9997998596882809 
149 0.9997998596882803 
150 -0.9997998596882802 
151 0.99979985968828 
152 -0.9997998596882806 
153 0.99979985968828 
154 -0.9997998596882797 
155 0.9997998596882807 
156 -0.9997998596882806 
157 0.9997998596882797 
158 -0.9997998596882806 
159 0.9997998596882807 
160 -0.9997998596882808 
161 0.9997998596882814 
162 -0.9997998596882806 
163 0.9997998596882802 
164 -0.9997998596882803 
165 0.9997998596882799 
166 -0.9997998596882798 
167 0.9997998596882798 
168 -0.9997998596882802 
169 0.9997998596882802 
170 -0.9997998596882803 
171 0.99979985968828 
172 -0.9997998596882802 
173 0.9997998596882801 
174 -0.9997998596882809 
175 0.9997998596882807 
176 -0.9997998596882804 
177 0.99979985968828 
178 -0.9997998596882811 
179 0.9997998596882803 
180 -0.9997998596882802 
181 0.9997998596882804 
182 -0.9997998596882803 
183 0.9997998596882798 
184 -0.9997998596882808 
185 0.9997998596882796 
186 -0.9997998596882794 
187 0.9997998596882801 
188 -0.9997998596882812 
189 0.9997998596882859 
190 -0.9997998596882258 
191 0.9997998596871202 
192 -0.999799859699746 
193 0.999799859902827 
194 -0.9997998572654918 
195 0.9997997994448076 
196 -0.9997997185194066 
197 0.9998166030232548 
