2 -0.9851270132781261 
3 0.9841157356781146 
4 -0.9836998752820808 
5 0.9837466960200903 
6 -0.983791765744173 
7 0.9837929865138872 
8 -0.983788117852928 
9 0.9837877760493818 
10 -0.983788569902909 
11 0.9837886490967875 
12 -0.9837884953065453 
13 0.9837884778297865 
14 -0.9837885125144904 
15 0.9837885172494649 
16 -0.9837885089755514 
17 0.9837885076730677 
18 -0.983788509767651 
19 0.9837885101467978 
20 -0.9837885096063972 
21 0.9837885094912431 
22 -0.9837885096415628 
23 0.9837885096757419 
24 -0.9837885096351472 
25 0.9837885096203361 
26 -0.9837885096312332 
27 0.9837885096354684 
28 -0.9837885096321334 
29 0.9837885096312021 
30 -0.9837885096330105 
31 0.983788509632733 
32 -0.9837885096343884 
33 0.9837885096261605 
34 -0.9837885096468564 
35 0.9837885095705035 
36 -0.9837885097641021 
37 0.9837885097462156 
38 -0.9837885095857823 
39 0.9837885093656735 
40 -0.9837885097057424 
41 0.9837885098374444 
42 -0.9837885098758858 
43 0.9837885096451742 
44 -0.9837885095457685 
45 0.9837885096985828 
46 -0.9837885097972268 
47 0.9837885093062148 
48 -0.9837885096174637 
49 0.9837885106170466 
50 -0.9837885091146691 
51 0.9837885095315886 
52 -0.9837885101085126 
53 0.983788510201949 
54 -0.9837885102421918 
55 0.9837885095054424 
56 -0.9837885094116768 
57 0.9837885096329879 
58 -0.9837885096986725 
59 0.9837885095525318 
60 -0.9837885095992822 
61 0.9837885096071678 
62 -0.9837885096955508 
63 0.9837885097094689 
64 -0.9837885095856918 
65 0.983788509607728 
66 -0.9837885098368794 
67 0.98378850918004 
68 -0.9837885095177946 
69 0.9837885087201582 
70 -0.9837885105704741 
71 0.9837885104131714 
72 -0.9837885090105833 
73 0.9837885098159067 
74 -0.9837885097286805 
75 0.9837885096174669 
76 -0.9837885096146401 
77 0.983788509629017 
78 -0.9837885096317058 
79 0.983788509639292 
80 -0.9837885096525256 
81 0.9837885095342503 
82 -0.9837885094654035 
83 0.983788509734761 
84 -0.9837885097556253 
85 0.9837885096239868 
86 -0.9837885096105349 
87 0.9837885096319283 
88 -0.9837885096342358 
89 0.9837885096318891 
90 -0.9837885096324689 
91 0.9837885096257305 
92 -0.9837885096343183 
93 0.983788509633647 
94 -0.9837885096241815 
95 0.9837885096330494 
96 -0.9837885096716883 
97 0.983788509637855 
98 -0.9837885095030748 
99 0.983788509600106 
100 -0.9837885101544678 
101 0.9837885097681565 
102 -0.9837885076503816 
103 0.9837885089662334 
104 -0.9837885172526218 
105 0.9837885125053276 
106 -0.9837884778394166 
107 0.9837884954234848 
108 -0.9837886488351006 
109 0.9837885693271904 
110 -0.9837877764982008 
111 0.9837881182727353 
112 -0.9837929867903739 
113 0.9837917651571995 
114 -0.9837466958643885 
115 0.9836998753379427 
116 -0.9841157356945207 
117 0.985127013278448 
