-172.65161265554462 
-172.65161265554485 
-172.65161265554468 
-172.65161265554465 
-172.6516126555446 
-172.651612655552 
-172.6516126555525 
-172.65161265555247 
-172.65161265555278 
-172.65161265555273 
-172.65161265555267 
-172.65161265555284 
-172.65161265555307 
-172.6516126555527 
-172.6516126555533 
-172.65161265555307 
-172.65161265555327 
-172.65161265555346 
-172.65161265555375 
-172.65161265555352 
-172.65161265555318 
-172.651612655553 
-172.65161265555292 
-172.6516126555528 
-172.65161265555287 
-172.6516126555531 
-172.65161265555278 
-172.6516126555529 
-172.65161265555355 
-172.65161265555304 
-172.6516126555532 
-172.65161265555355 
-172.65161265555412 
-172.65161265555395 
-172.6516126555539 
-172.65161265555398 
-172.65161265555452 
-172.65161265555457 
-172.65161265555489 
-172.65161265555508 
-172.65161265555557 
-172.65161265555565 
-172.65161265555562 
-172.65161265555585 
-172.65161265555608 
-172.65161265555605 
-172.65161265555625 
-172.6516126555558 
-172.65161265555614 
-172.6516126555562 
-172.65161265555625 
-172.65161265555622 
-172.65161265555605 
-172.65161265555616 
-172.65161265555622 
-172.65161265555778 
-172.65161265555636 
-172.65161265555727 
-172.65161265555656 
-172.6516126555573 
-172.6516126555572 
-172.65161265555685 
-172.65161265555756 
-172.651612655557 
-172.65161265555673 
-172.65161265555682 
-172.65161265555653 
-172.6516126555568 
-172.65161265555656 
-172.6516126555565 
-172.65161265555648 
-172.65161265555673 
-172.6516126555565 
-172.65161265555645 
-172.65161265555602 
-172.65161265555605 
-172.65161265555614 
-172.65161265555628 
-172.65161265555622 
-172.65161265555582 
-172.65161265555543 
-172.65161265555543 
-172.6516126555555 
-172.65161265555568 
-172.6516126555557 
-172.65161265555545 
-172.65161265555565 
-172.65161265555471 
-172.65161265555503 
-172.65161265555452 
-172.6516126555544 
-172.65161265555423 
-172.6516126555543 
-172.65161265555423 
-172.65161265555443 
-172.65161265555471 
-172.65161265555452 
-172.65161265555435 
-172.65161265555483 
-172.6516126555547 
-172.6516126555547 
-172.65161265555483 
-172.6516126555547 
-172.65161265555457 
-172.65161265555525 
-172.651612655555 
-172.65161265555497 
-172.65161265555483 
-172.6516126555546 
-172.65161265555446 
-172.65161265555454 
-172.65161265555423 
-172.65161265555454 
-172.65161265555463 
-172.65161265555446 
-172.6516126555548 
-172.65161265555489 
-172.6516126555551 
-172.65161265555489 
-172.65161265555471 
-172.65161265555489 
-172.65161265556293 
-172.65161265556262 
-172.65161265556293 
-172.6516126555626 
-172.65161265556304 
-172.65161265556338 
-172.6516126555629 
-172.65161265556324 
-172.65161265556384 
-172.6516126555638 
-172.6516126555641 
-172.6516126555638 
-172.6516126555634 
-172.6516126555637 
-172.6516126555639 
-172.65161265556392 
-172.65161265556398 
-172.65161265556392 
-172.65161265556404 
-172.65161265556407 
-172.65161265556432 
-172.6516126555647 
-172.65161265556455 
-172.6516126555646 
-172.6516126555647 
-172.6516126555651 
-172.6516126555655 
-172.6516126555655 
-172.65161265556583 
-172.65161265556594 
-172.65161265556648 
-172.6516126555664 
-172.65161265556708 
-172.65161265556696 
-172.651612655567 
-172.6516126555675 
-172.65161265556776 
-172.6516126555677 
-172.65161265556824 
-172.65161265556833 
-172.65161265556875 
-172.65161265556918 
-172.65161265556887 
-172.65161265556964 
-172.65161265556978 
-172.65161265556966 
-172.65161265556955 
-172.65161265556995 
-172.65161265556966 
-172.65161265556995 
-172.6516126555686 
-172.651612655569 
-172.65161265556827 
-172.65161265556716 
-172.65161265556904 
-172.65161265556924 
-172.65161265556736 
-172.65161265556904 
-172.6516126555682 
-172.6516126555699 
-172.65161265557018 
-172.65161265556992 
-172.65161265557006 
-172.65161265556983 
-172.65161265556944 
-172.6516126555693 
-172.65161265556927 
-172.6516126555693 
-172.65161265556918 
-172.65161265556927 
-172.65161265556875 
-172.65161265556856 
-172.65161265556824 
-172.65161265556824 
-172.65161265556785 
-172.65161265556745 
-172.65161265556722 
-172.65161265556728 
-172.65161265556804 
-172.65161265556753 
-172.6516126555674 
-172.65161265556716 
-172.65161265556742 
-172.6516126555671 
-172.65161265556674 
-172.65161265556685 
-172.65161265556713 
-172.65161265556708 
-172.65161265556713 
-172.65161265556708 
-172.65161265556745 
-172.65161265556748 
-172.6516126555676 
-172.65161265556756 
-172.6516126555674 
-172.65161265556745 
-172.65161265556765 
-172.65161265556802 
-172.65161265556745 
-172.65161265556722 
-172.6516126555673 
-172.6516126555673 
-172.65161265556728 
-172.65161265556694 
-172.6516126555675 
-172.65161265556682 
-172.65161265556705 
-172.65161265556742 
-172.6516126555674 
-172.6516126555677 
-172.6516126555674 
-172.65161265556762 
-172.65161265556785 
-172.65161265556753 
-172.65161265556745 
-172.65161265556745 
-172.65161265556742 
-172.6516126555675 
-172.65161265556765 
-172.65161265556762 
-172.65161265556767 
-172.65161265556804 
-172.65161265556796 
-172.65161265556804 
-172.65161265556804 
-172.65161265556785 
-172.6516126555682 
-172.65161265556847 
-172.65161265556836 
-172.65161265556878 
-172.65161265556893 
-172.65161265556867 
-172.65161265556952 
-172.65161265556924 
-172.65161265556947 
-172.65161265556938 
-172.65161265556915 
-172.65161265556924 
-172.65161265556952 
-172.65161265556972 
-172.65161265557 
-172.65161265557052 
-172.65161265557046 
-172.6516126555703 
-172.65161265557026 
-172.65161265556975 
-172.65161265556958 
-172.65161265556952 
-172.65161265556995 
-172.65161265557006 
-172.65161265557023 
-172.65161265557032 
-172.65161265557037 
-172.65161265557032 
-172.65161265557026 
-172.65161265557037 
-172.6516126555707 
-172.6516126555707 
-172.65161265557074 
-172.6516126555709 
-172.65161265557094 
-172.6516126555711 
-172.65161265557143 
-172.6516126555712 
-172.65161265557145 
-172.65161265557202 
-172.6516126555753 
-172.6516126555713 
-172.65161265557126 
-172.6516126555713 
-172.65161265557273 
-172.6516126555713 
-172.65161265557407 
-172.65161265557296 
-172.6516126555713 
-172.6516126555712 
-172.6516126555712 
-172.651612655571 
-172.65161265557094 
-172.65161265557103 
-172.65161265557074 
-172.65161265557094 
-172.65161265557117 
-172.6516126555707 
-172.65161265557074 
-172.65161265557083 
-172.6516126555708 
-172.65161265557046 
-172.65161265557043 
-172.65161265557026 
-172.65161265557083 
-172.65161265556995 
-172.65161265556975 
-172.65161265557006 
-172.6516126555704 
-172.6516126555701 
-172.65161265557052 
-172.65161265557018 
-172.65161265556998 
-172.65161265556983 
-172.65161265556992 
-172.65161265556986 
-172.65161265556986 
-172.65161265556983 
-172.65161265556995 
-172.65161265556998 
-172.65161265557 
-172.65161265556978 
-172.65161265556966 
-172.65161265556955 
-172.65161265556992 
-172.6516126555697 
-172.65161265556944 
-172.65161265556938 
-172.65161265556927 
-172.6516126555692 
-172.65161265556915 
-172.65161265556927 
-172.65161265556898 
-172.65161265556878 
-172.6516126555687 
-172.65161265556867 
-172.65161265556853 
-172.65161265556844 
-172.65161265556853 
-172.6516126555686 
-172.6516126555684 
-172.65161265556844 
-172.65161265556824 
-172.65161265556836 
-172.65161265556802 
-172.65161265556827 
-172.65161265556816 
-172.6516126555687 
-172.65161265556867 
-172.65161265556884 
-172.6516126555688 
-172.6516126555689 
-172.65161265556858 
-172.65161265556833 
-172.6516126555682 
-172.65161265556932 
-172.65161265556907 
-172.65161265556864 
-172.65161265556827 
-172.65161265556796 
-172.6516126555682 
-172.65161265556813 
-172.65161265556742 
-172.6516126555672 
-172.65161265556713 
-172.65161265556694 
-172.65161265556685 
-172.65161265556688 
-172.6516126555668 
-172.65161265556677 
-172.65161265556694 
-172.6516126555668 
-172.6516126555667 
-172.65161265556674 
-172.65161265556674 
-172.65161265556645 
-172.65161265556677 
-172.65161265556642 
-172.65161265556654 
-172.65161265556648 
-172.65161265556654 
-172.65161265556662 
-172.65161265556733 
-172.65161265556677 
-172.65161265556716 
-172.6516126555671 
-172.6516126555671 
-172.65161265556716 
-172.6516126555668 
-172.65161265556665 
-172.65161265556688 
-172.65161265556682 
-172.65161265556716 
-172.65161265556745 
-172.6516126555671 
-172.65161265556782 
-172.65161265556665 
-172.65161265556716 
-172.65161265556978 
-172.65161265556648 
