2 -0.17531071920277838 
3 -0.1772305708584234 
4 -0.17785245271153238 
5 -0.17783500034251912 
6 -0.17782001084077595 
7 -0.17781810309657384 
8 -0.17781825602121307 
9 -0.17781834090068688 
10 -0.17781834906344793 
11 -0.17781834770296878 
12 -0.17781834451063327 
13 -0.17781834729365278 
14 -0.1778183474256271 
15 -0.17781834740307723 
16 -0.17781834739972682 
17 -0.17781834739935704 
18 -0.17781834739904967 
19 -0.1778183473991714 
20 -0.17781834739926655 
21 -0.17781834739926533 
22 -0.17781834739930832 
23 -0.17781834739920319 
24 -0.1778183473992464 
25 -0.17781834739913296 
26 -0.17781834739959348 
27 -0.17781834739847904 
28 -0.17781834744206051 
29 -0.17781834730206555 
30 -0.17781834721240483 
31 -0.177818347613263 
32 -0.17781834745284608 
33 -0.17781834739556032 
34 -0.17781834739626365 
35 -0.17781834739916802 
36 -0.1778183474050825 
37 -0.17781834738735766 
38 -0.17781834758568318 
39 -0.17781834754858977 
40 -0.1778183479741296 
41 -0.17781834781680075 
42 -0.1778183475593379 
43 -0.17781834745168695 
44 -0.17781834744660774 
45 -0.17781834734327953 
46 -0.17781834579634617 
47 -0.17781835286871434 
48 -0.1778183642671275 
49 -0.1778183437716842 
50 -0.17781834839348565 
51 -0.17781834582666575 
52 -0.1778183439773519 
53 -0.1778183386787127 
54 -0.17781834478581093 
55 -0.17781834742039163 
56 -0.17781834746438777 
57 -0.17781834742502423 
58 -0.17781834733599194 
59 -0.1778183496502165 
60 -0.17781834612264277 
61 -0.17781834564814092 
62 -0.17781834835183205 
63 -0.17781834737613103 
64 -0.17781834733977736 
65 -0.17781834739774188 
66 -0.17781834740286329 
67 -0.17781834739909416 
68 -0.17781834739908012 
69 -0.17781834739922706 
70 -0.17781834739924732 
71 -0.1778183473992457 
72 -0.17781834739898322 
73 -0.17781834739906185 
74 -0.1778183474010178 
75 -0.17781834740735827 
76 -0.1778183474013316 
77 -0.177818345962018 
78 -0.17781834733813506 
79 -0.1778183477790842 
80 -0.17781834753532633 
81 -0.17781834700465493 
82 -0.17781834717758443 
83 -0.17781834736900387 
84 -0.17781834738636582 
85 -0.17781834739803756 
86 -0.17781834739936253 
87 -0.1778183473992761 
88 -0.17781834739916802 
89 -0.17781834739917918 
90 -0.17781834739920271 
91 -0.17781834739919924 
92 -0.1778183473993047 
93 -0.17781834740002217 
94 -0.1778183474295175 
95 -0.17781834747519515 
96 -0.17781834731309118 
97 -0.1778183472866548 
98 -0.17781834737203178 
99 -0.17781834736947436 
100 -0.17781834738582372 
101 -0.17781834739597965 
102 -0.17781834739868382 
103 -0.17781834739906285 
104 -0.1778183474019442 
105 -0.17781834739227573 
106 -0.17781834831121215 
107 -0.17781834794012233 
108 -0.17781834754846113 
109 -0.17781834958451556 
110 -0.17781834429142349 
111 -0.1778182564540167 
112 -0.17781810314941632 
113 -0.17782001083035287 
114 -0.17783500032575536 
115 -0.17785245258913862 
116 -0.17723057079668278 
117 -0.17531071909109666 
