2 -0.27911754694557384 
3 -0.28763513300829635 
4 -0.24655176027346143 
5 -0.2100808422003332 
6 -0.29090095990938153 
7 -0.31793905005982526 
8 -0.24048058318000398 
9 -0.23187829108336677 
10 -0.302106944798478 
11 -0.29654879692900127 
12 -0.23993875395637945 
13 -0.2528899788443282 
14 -0.29801990426988484 
15 -0.28320294648860683 
16 -0.24670263807258505 
17 -0.2613579592181753 
18 -0.2923759808912104 
19 -0.2787326956133051 
20 -0.25093579639152486 
21 -0.2641112398806553 
22 -0.29007360772887025 
23 -0.27657022118674507 
24 -0.25214183960641456 
25 -0.2666060507180825 
26 -0.28935726314762894 
27 -0.2738196043321837 
28 -0.25305930882749433 
29 -0.2694746790686389 
30 -0.28815665741032803 
31 -0.27128219126109154 
32 -0.2545275625929859 
33 -0.27160871084492133 
34 -0.28675158076700713 
35 -0.26957244799532987 
36 -0.2557638153976313 
37 -0.273144592270998 
38 -0.285773083457768 
39 -0.2680804017565577 
40 -0.2566462202845478 
41 -0.2747246021059326 
42 -0.28489099321892136 
43 -0.2664938186174277 
44 -0.25765787776467336 
45 -0.27625543287627774 
46 -0.2837868609837904 
47 -0.2651273307375904 
48 -0.2588007950866627 
49 -0.27745992683327425 
50 -0.28270622212108587 
51 -0.26403884986661785 
52 -0.2597865454438856 
53 -0.27852780183635245 
54 -0.2818039918929829 
55 -0.26293396179543016 
56 -0.26068430695007366 
57 -0.2796993052899344 
58 -0.28085083051472703 
59 -0.26174513995202264 
60 -0.2617451394557081 
61 -0.28085082942557144 
62 -0.2796993074302537 
63 -0.2606843056155895 
64 -0.26293396182821854 
65 -0.2818039933747387 
66 -0.2785278024517789 
67 -0.25978654456159916 
68 -0.2640388510960673 
69 -0.28270622108663507 
70 -0.27745992728228963 
71 -0.2588007967984394 
72 -0.2651273306011095 
73 -0.28378685870202636 
74 -0.2762554348564376 
75 -0.2576578788974383 
76 -0.26649381661514904 
77 -0.2848909924729529 
78 -0.27472460369192087 
79 -0.25664621999215353 
80 -0.26808040104606945 
81 -0.28577308151173914 
82 -0.2731445910119139 
83 -0.25576381748348187 
84 -0.2695724477300476 
85 -0.28675157621326663 
86 -0.27160871018231175 
87 -0.25452756727147036 
88 -0.27128218987519886 
89 -0.28815665220023157 
90 -0.26947468060842544 
91 -0.25305931523258 
92 -0.27381960382273623 
93 -0.2893572586194674 
94 -0.2666060516877973 
95 -0.2521418467862141 
96 -0.27657022277841503 
97 -0.2900736023302012 
98 -0.2641112382613976 
99 -0.250935802630472 
100 -0.27873269509441845 
101 -0.292375974947147 
102 -0.2613579598183665 
103 -0.24670264446834736 
104 -0.2832029471189878 
105 -0.2980198990394172 
106 -0.2528899781365911 
107 -0.23993876168783632 
108 -0.29654880199415656 
109 -0.30210693911752123 
110 -0.23187828476902683 
111 -0.24048059896574336 
112 -0.3179390673310287 
113 -0.2909009595483876 
114 -0.21008081121500083 
115 -0.24655176927655176 
116 -0.28763515245404875 
117 -0.27911753584566534 
