0.0 
84.70081779039906 
82.33064700174494 
80.99961519155501 
78.74446062719626 
77.3643404242713 
75.15844798905334 
73.76087672146195 
71.57246840128239 
70.17022665779714 
67.98650031609883 
66.5835312442279 
64.40053483814192 
62.99756653372948 
60.81456959124497 
59.41163947354348 
57.22860428076902 
55.8256870198442 
53.64263893667823 
52.23972406037035 
50.056673584500714 
48.65375885587866 
46.47070823131377 
45.06779343079351 
42.88474287819931 
41.48182804590851 
39.29877752516081 
37.89586268582948 
35.712812172144204 
34.309897332060665 
32.126846819131096 
30.72393197915323 
28.54088146611808 
27.13796662621421 
24.954916113104886 
23.552001273220572 
21.36895076009164 
19.966035920210135 
17.782985407078385 
16.38007056719685 
14.197020054065145 
12.794105214183444 
10.61105470105189 
9.20813986117014 
7.0250893480386445 
5.622174508156887 
3.439123995025404 
2.0362091551436388 
-0.14684135798783893 
-1.5497561978696042 
-3.7328067110010785 
-5.135721550882843 
-7.3187720640143175 
-8.721686903896083 
-10.904737417027555 
-12.307652256909313 
-14.49070277004078 
-15.893617609922547 
-18.076668123054016 
-19.479582962935787 
-21.66263347606724 
-23.065548315949012 
-25.24859882908047 
-26.65151366896225 
-28.83456418209371 
-30.23747902197547 
-32.420529535106915 
-33.82344437498869 
-36.00649488812012 
-37.409409728001854 
-39.5924602411333 
-40.99537508101508 
-43.17842559414654 
-44.58134043402833 
-46.76439094715976 
-48.167305787041556 
-50.350356300173 
-51.753271140054764 
-53.9363216531862 
-55.33923649306795 
-57.52228700619941 
-58.925201846081194 
-61.108252359212656 
-62.511167199094416 
-64.69421771222586 
-66.09713255210761 
-68.28018306523903 
-69.6830979051208 
-71.86614841825225 
-73.26906325813404 
-75.45211377126547 
-76.85502861114723 
-79.03807912427862 
-80.44099396416037 
-82.62404447729182 
-84.02695931717356 
-86.21000983030491 
-87.61292467018671 
-89.79597518331816 
-91.19889002320004 
-93.38194053633138 
-94.78485537621306 
-96.9679058893444 
-98.37082072922608 
-100.5538712423575 
-101.9567860822393 
-104.13983659537067 
-105.54275143525255 
-107.72580194838397 
-109.12871678826566 
-111.31176730139708 
-112.7146821412788 
-114.8977326544103 
-116.30064749429201 
-118.48369800742356 
-119.88661284730532 
-122.0696633604368 
-123.47257820031862 
-125.65562871345016 
-127.05854355333193 
-129.24159406646334 
-130.64450890634512 
-132.82755941947656 
-134.23047425935832 
-136.41352477248975 
-137.8164396123715 
-139.99949012550292 
-141.40240496538487 
-143.58545547851614 
-144.98837031839795 
-147.17142083152942 
-148.5743356714112 
-150.75738618454264 
-152.16030102442446 
-154.343351537556 
-155.7462663774377 
-157.92931689056925 
-159.33223173045096 
-161.5152822435825 
-162.91819708346426 
-165.10124759659558 
-166.50416243647734 
-168.6872129496089 
-170.09012778949065 
-172.27317830262209 
-173.6760931425039 
-175.85914365563536 
-177.26205849551715 
-179.4451090086486 
-180.8480238485304 
-183.03107436166167 
-184.43398920154348 
-186.61703971467492 
-188.0199545545566 
-190.2030050676881 
-191.60591990756976 
-193.78897042070122 
-195.19188526058295 
-197.3749357737142 
-198.77785061359603 
-200.9609011267274 
-202.36381596660917 
-204.54686647974071 
-205.9497813196224 
-208.13283183275405 
-209.5357466726359 
-211.7187971857673 
-213.121712025649 
-215.30476253878066 
-216.70767737866248 
-218.89072789179386 
-220.2936427316756 
-222.47669324480688 
-223.87960808468858 
-226.06265859781968 
-227.4655734377007 
-229.64862395082656 
-231.05153879068604 
-233.23458930364353 
-234.63750414279923 
-236.82055465028287 
-238.2234694666046 
-240.40651979653117 
-241.80943387235092 
-243.99247844652353 
-245.3953685251435 
-247.57822665750496 
-248.98034016134963 
-251.15716875543464 
-252.53473119189212 
-254.522409904459 
-255.65750594446604 
-256.8219616529154 
-259.0711282132079 
-260.57622569733684 
-264.5053268059682 
-267.63242027016753 
-267.68716544906584 
-267.68831810855636 
-267.748840633821 
-267.7501164154464 
-267.7600833256841 
-267.7773830913082 
-267.7774478922202 
-267.79179291261784 
-267.79190725748987 
-267.8023453376708 
-267.80247617204265 
-267.8102744110874 
-267.8104130589873 
-267.8163597428773 
-267.816501626017 
-267.82110478516023 
-267.8212474056135 
-267.8248495440151 
-267.8249915941681 
-267.8278324935805 
-267.82797334464857 
-267.8302261117412 
-267.8303655175598 
-267.83215827614634 
-267.83229620122034 
-267.83372571476633 
-267.8338622342912 
-267.83500279034166 
-267.83513803229795 
-267.83604743181655 
-267.8361815438661 
-267.8369052579715 
-267.8370383890527 
-267.83761251685036 
-267.8377448074655 
-267.8381982273276 
-267.8383298049693 
-267.838685769123 
-267.83881674664354 
-267.83909408240766 
-267.8392245580414 
-267.83943858516983 
-267.839568643443 
-267.83973188297057 
-267.8398615960081 
-267.8399843231376 
-267.84011375210656 
-267.8402044302164 
-267.8403336267622 
-267.8403992493548 
-267.8405282569469 
-267.8405746164853 
-267.8407034716442 
-267.84073536843056 
-267.84086410182545 
-267.840885501283 
-267.84101413871525 
-267.84102828170984 
-267.8411568450108 
-267.84116631520163 
-267.8412948230436 
-267.8413015803 
-267.84143004878257 
-267.8414354506478 
-267.8415638930126 
-267.8415687433666 
-267.84169716879063 
-267.84170184079676 
-267.84183025597844 
-267.84183487942005 
-267.8419632898862 
-267.8419679010245 
-267.84209630984486 
-267.8421009178939 
-267.84222932623237 
-267.8422339334979 
-267.84236234170766 
-267.84236694877296 
-267.8424953569494 
-267.8424999639634 
-267.8426283721316 
-267.8426329791324 
-267.84276138729854 
-267.8427659942959 
-267.84289440246147 
-267.8428990094581 
-267.8430274176238 
-267.8430320246198 
-267.8431604327852 
-267.84316503978147 
-267.84329344794713 
-267.84329805494355 
-267.843426463109 
-267.8434310701069 
-267.84355947827254 
-267.84356408526975 
-267.84369249343536 
-267.84369710043194 
-267.8438255085974 
-267.8438301155937 
-267.84395852375957 
-267.84396313075587 
-267.8440915389214 
-267.8440961459177 
-267.8442245540835 
-267.8442291610798 
-267.8443575692456 
-267.84436217624193 
-267.84449058440754 
-267.8444951914037 
-267.8446235995694 
-267.8446282065657 
-267.84475661473147 
-267.84476122172777 
-267.8448896298933 
-267.84489423688944 
-267.84502264505517 
-267.84502725205124 
-267.84515566021713 
-267.84516026721326 
-267.84528867537887 
-267.84529328237494 
-267.8454216905406 
-267.84542629753656 
-267.8455547057022 
-267.8455593126984 
-267.8456877208641 
-267.84569232786043 
-267.84582073602627 
-267.8458253430221 
-267.8459537511878 
-267.8459583581843 
-267.84608676634974 
-267.8460913733458 
-267.8462197815115 
-267.8462243885078 
-267.84635279667344 
-267.84635740366963 
-267.8464858118352 
-267.84649041883137 
-267.84661882699703 
-267.84662343399333 
-267.84675184215894 
-267.84675644915524 
-267.84688485732096 
-267.84688946431714 
-267.8470178724827 
-267.8470224794789 
-267.84715088764466 
-267.84715549464096 
-267.84728390280674 
-267.8472885098028 
-267.8474169179686 
-267.84742152496494 
-267.84754993313067 
-267.84755454012674 
-267.8476829482923 
-267.84768755528836 
-267.84781596345414 
-267.8478205704503 
-267.84794897861576 
-267.8479535856122 
-267.84808199377784 
-267.8480866007739 
-267.8482150089397 
-267.8482196159359 
-267.84834802410137 
-267.84835263109755 
-267.8484810392592 
-267.84848564625537 
-267.84861405439256 
-267.8486186613882 
-267.84874706944794 
-267.8487516764423 
-267.8488800844661 
-267.8488846914609 
-267.84901310076503 
-267.84901770778686 
-267.8491461262585 
-267.84915073345 
-267.8492791873618 
-267.8492837951474 
-267.84941230340274 
-267.8494169117677 
-267.8495450883682 
-267.84954968883613 
-267.84967471911585 
-267.8496792548959 
-267.8497908485576 
-267.8497950825608 
-267.84987500890696 
-267.8498779639728 
-267.84990220166475 
-267.84990220241474 
-267.8499022024136 
-273.2520151602003 
-273.35457195703003 
-273.38282133134834 
-273.39734870585954 
-273.4059668647097 
-273.4152428403293 
-273.42279266543386 
-273.4267217873568 
-273.4325216102879 
-273.43490778308654 
-273.43931849360325 
-273.44112011469184 
-273.4445632545316 
-273.44599024518465 
-273.4487349480376 
-273.4498871604217 
-273.45211072609396 
-273.4530535790548 
-273.4548785435492 
-273.4556586482974 
-273.45717258630685 
-273.457824060163 
-273.4590911848275 
-273.45963948765046 
-273.4607079193327 
-273.46117240644884 
-273.462078904574 
-273.4624745473655 
-273.4632476742641 
-273.463586233482 
-273.4642485172731 
-273.46453936026984 
-273.46510880690545 
-273.46535948507045 
-273.46585065507287 
-273.4660673215285 
-273.4664921112099 
-273.4666798266493 
-273.46704804406335 
-273.4672110064826 
-273.46753080331456 
-273.4676725196114 
-273.46795071881166 
-273.4680741381425 
-273.46831648632354 
-273.46842410277753 
-273.46863546662104 
-273.46872940017266 
-273.46891392123547 
-273.4689959817786 
-273.469157199593 
-273.4692289383302 
-273.46936988929014 
-273.46943264025987 
-273.4695559377473 
-273.4696108516694 
-273.46971875149546 
-273.4697668235877 
-273.4698612778786 
-273.4699033708384 
-273.46998607266755 
-273.47002293583586 
-273.47009535646083 
-273.4701276418659 
-273.4701910295328 
-273.47021927575616 
-273.4702747209781 
-273.47029942689375 
-273.47034790836636 
-273.47036950995295 
-273.4704118897719 
-273.4704307717603 
-273.47046780677084 
-273.4704843061736 
-273.4705166590758 
-273.4705310710522 
-273.4705593224068 
-273.47057190526203 
-273.47059656308767 
-273.47060754395847 
-273.4706290540457 
-273.4706386313098 
-273.4706573841955 
-273.47066573198805 
-273.4706820700189 
-273.47068934101316 
-273.4707035643219 
-273.4707098923755 
-273.47072226409495 
-273.47072776659206 
-273.47073851744136 
-273.47074329730293 
-273.4707526295844 
-273.4707567770674 
-273.47076486817997 
-273.47076846243846 
-273.4707754679583 
-273.47077857841583 
-273.4707846347998 
-273.4707873223561 
-273.4707925493343 
-273.470794867439 
-273.4707993702015 
-273.4708013652311 
-273.4708052353986 
-273.47080694936204 
-273.47081026808286 
-273.4708117366661 
-273.4708145749208 
-273.47081582904974 
-273.47081824464175 
-273.47081931034967 
-273.4708213581531 
-273.47082226084234 
-273.47082398888625 
-273.470824749069 
-273.4708261997883 
-273.47082683741763 
-273.47082805009126 
-273.470828582691 
-273.4708295919625 
-273.47083003508743 
-273.4708308726495 
-273.4708312410733 
-273.47083194017813 
-273.47083225110083 
-273.470832862805 
-273.47083314954324 
-273.47083384277045 
-273.4708342643632 
-273.47084139758493 
-273.4895956873374 
-273.6593146381993 
-273.70147820550454 
-273.8211754927625 
-273.84322252205067 
-273.9016160938241 
-273.913265760594 
-273.9432393217398 
-273.9499297968735 
-273.96689031145553 
-273.9710417934702 
-273.9814817220159 
-273.9842291384219 
-273.9910868587128 
-273.99300237420056 
-273.9977339993053 
-273.9991261922955 
-274.0025175019112 
-274.0035637696206 
-274.0060688548297 
-274.0068770051045 
-274.00877313160225 
-274.0094118839143 
-274.01087601453577 
-274.01139100202903 
-274.01254018886374 
-274.0129627363081 
-274.0138766884891 
-274.0142288373965 
-274.01496346480286 
-274.015261084287 
-274.015856142548 
-274.0161107874035 
-274.01659528056035 
-274.0168154210416 
-274.0172109524589 
-274.0174028014248 
-274.01772568285224 
-274.01789374264587 
-274.01815659694967 
-274.0183040629094 
-274.0185168750905 
-274.0186459201978 
-274.0188167750867 
-274.0189287883159 
-274.0190643567376 
-274.01916013505496 
-274.01926602254997 
-274.01934598295946 
-274.01942687210243 
-274.019491263582 
-274.01955099755645 
-274.01960015648564 
-274.01964173916014 
-274.0196763850053 
-274.01970215842954 
-274.01972367569607 
-274.01973624589135 
-274.01974685958527 
-274.01975082270707 
-274.0197532549335 
-274.0197541354992 
-274.01975427014617 
-274.01975427092674 
-274.0197542709865 
-274.0197542709848 
-274.0197542709864 
-274.0197542709855 
-274.01975427099836 
-274.01975427099563 
-274.01975427100325 
-274.01975427102735 
-274.0197542710321 
-274.01975427110045 
-274.01975427110773 
-274.0197542711741 
-274.0197542711865 
-274.0197542712703 
-274.01975427128895 
-274.01975427139035 
-274.01975427141645 
-274.01975427153906 
-274.01975427157385 
-274.01975427171993 
-274.0197542717646 
-274.01975427193616 
-274.01975427199125 
-274.01975427219077 
-274.019754272258 
-274.0197542724844 
-274.01975427256417 
-274.0197542728177 
-274.0197542729083 
-274.01975427337055 
-274.0197542734755 
-274.0197542739791 
-274.01975427409917 
-274.01975427464765 
-274.01975427478277 
-274.0197542753814 
-274.0197542755313 
-274.01975427618805 
-274.0197542763526 
-274.0197542770759 
-274.01975427725296 
-274.01975427804774 
-274.0197542782366 
-274.0197542790973 
-274.0197542792991 
-274.0197542801454 
-274.01975428063594 
-274.01975428152804 
-274.0197542820665 
-274.0197542831849 
-274.01975428353234 
-274.0197542848213 
-274.01975428526276 
-274.0197542864558 
-274.01975428702093 
-274.0197542884655 
-274.01975428922134 
-274.01975429105306 
-274.01975429205385 
-274.019754294386 
-274.0197542955063 
-274.01975429828514 
-274.0197542992376 
-274.01975430032775 
-274.01975430179624 
-274.01975430299973 
-274.019754305214 
-274.01976353526305 
-274.02008351338316 
-274.0203466972127 
-274.02089519673086 
-274.02122706741363 
-274.0217530824901 
-274.0220498932279 
-274.0224985619877 
-274.0227479518804 
-274.02312297189115 
-274.0233308777157 
-274.0236442740885 
-274.02381818256146 
-274.02408104404145 
-274.0242273143339 
-274.0244487121167 
-274.02457247103797 
-274.02475929380506 
-274.02486589613494 
-274.02501047798233 
-274.0251017695644 
-274.02522543754543 
-274.0253040208732 
-274.0254117111943 
-274.0254722320446 
-274.02556487782266 
-274.0256171586207 
-274.0256970312183 
-274.0257423034304 
-274.0258113016268 
-274.02585059207803 
-274.02591031254536 
-274.0259444758572 
-274.0259962603589 
-274.0260260163301 
-274.0260709974223 
-274.0260969554834 
-274.0261360921948 
-274.02615877058014 
-274.02619287697945 
-274.02621271801405 
-274.0262424868791 
-274.02625986944537 
-274.02628589192915 
-274.0263011413667 
-274.0263239229519 
-274.0263373193358 
-274.02635729315574 
-274.02636907822097 
-274.0263866163198 
-274.02639699896014 
-274.02641242082626 
-274.0264215818841 
-274.0264351630215 
-274.02644325926383 
-274.02645523701136 
-274.02646240456176 
-274.02647298372466 
-274.0264793408098 
-274.0264886982488 
-274.0264943477651 
-274.02650263676225 
-274.0265076687968 
-274.0265150262905 
-274.02651952583795 
-274.0265262297717 
-274.0265299163024 
-274.02653587850403 
-274.02653933809194 
-274.02654408507624 
-274.0265471670586 
-274.0265514097243 
-274.0265541580282 
-274.0265579557213 
-274.02656040887115 
-274.0265638133639 
-274.02656600516815 
-274.0265690615806 
-274.02657102173026 
-274.02657376932603 
-274.02657552390485 
-274.02657799679554 
-274.02657956873014 
-274.0265817964768 
-274.02658320591894 
-274.0265852140904 
-274.02658647875097 
-274.0265882894013 
-274.0265894248367 
-274.02659105693334 
-274.02659207679056 
-274.02659354660335 
-274.0265944628286 
-274.02659578427887 
-274.0265966072947 
-274.02659779227 
-274.02659853111356 
-274.02659958975704 
-274.026600252215 
-274.0266011932194 
-274.0266017859163 
-274.02660261664 
-274.0266031451246 
-274.02660387199916 
-274.02660434081025 
-274.02660496943025 
-274.0266053821529 
-274.026605917519 
-274.02660627684503 
-274.026606723583 
-274.02660703137866 
-274.0266073940075 
-274.0266076514317 
-274.0266079347169 
-274.0266081424416 
-274.02660835191165 
-274.02660851050126 
-274.02660865320144 
-274.02660876435 
-274.02660884998994 
-274.02660891768534 
-274.02660895969757 
-274.02660899258916 
-274.0266090074554 
-274.0266090185491 
-274.02660902392194 
-274.0266090254184 
-274.0266090256728 
-274.0266090256736 
-274.0266090257117 
-274.0266090257102 
-274.0266090257117 
-274.02660902571057 
-274.02660902572353 
-274.02660902572103 
-274.0266090257182 
-274.0266090257209 
-274.0266090257225 
-274.02660902572376 
-274.02660902572455 
-274.0266090257253 
-274.0266090257258 
-274.0266090257264 
-274.0266090257267 
-274.0266090257273 
-274.0266090257281 
-274.0266090257291 
-274.02660902572956 
-274.02660902573047 
-274.02660902573103 
-274.02660902573194 
-274.0266090257329 
-274.026609025734 
-274.0266090257349 
-274.02660902573626 
-274.0266090257375 
-274.02660902573905 
-274.02660902574036 
-274.0266090257417 
-274.02660902574365 
-274.02660902574513 
-274.02660902574684 
-274.02660902574866 
-274.0266090257506 
-274.0266090257524 
-274.02660902575445 
-274.0266090257563 
-274.0266090257583 
-274.0266090257605 
-274.02660902576287 
-274.0266090257647 
-274.0266090257674 
-274.0266090257695 
-274.0266090257721 
-274.02660902577435 
-274.02660902577696 
-274.02660902577946 
-274.0266090257824 
-274.0266090257851 
-274.02660902578856 
-274.0266090257911 
-274.0266090257946 
-274.02660902579754 
-274.0266090258012 
-274.0266090258046 
-274.02660902580874 
-274.0266090258122 
-274.0266090258165 
-274.0266090258206 
-274.0266090258255 
-274.02660902582994 
-274.02660902583534 
-274.0266090258402 
-274.02660902584597 
-274.0266090258511 
-274.0266090258572 
-274.02660902586314 
-274.0266090258713 
-274.0266090258779 
-274.02660902588667 
-274.0266090258935 
-274.0266090259043 
-274.0266090259125 
-274.0266090259247 
-274.02660902593374 
-274.0266090259475 
-274.0266090259582 
-274.02660902597387 
-274.02660902598575 
-274.0266090260041 
-274.02660902601775 
-274.02660902603924 
-274.0266090260553 
-274.0266090260804 
-274.0266090260995 
-274.0266090261288 
-274.02660902615077 
-274.0266090261852 
-274.02660902621113 
-274.0266090262515 
-274.02660902628264 
-274.0266090264733 
-274.02660902650956 
-274.0266090267066 
-274.02660902674853 
-274.0266090269426 
-274.02660902711983 
-274.02660902732123 
-274.0266090275066 
-274.02660902771675 
-274.0266090279118 
-274.026609028132 
-274.02660902833856 
-274.02660902857014 
-274.0266090287908 
-274.02660902903546 
-274.02660902927283 
-274.0266090295333 
-274.0266090297934 
-274.0266090300784 
-274.0266090303765 
-274.0266090306748 
-274.02660903100553 
-274.02660903132374 
-274.0266090317311 
-274.02660903208067 
-274.0266090325561 
-274.02660903386374 
-274.0266090344242 
-274.02660903579664 
-274.0266090364739 
-274.0266090378677 
-274.0266090392734 
-274.026609040834 
-274.026609042483 
-274.02660904427484 
-274.0266090462142 
-274.0266090482948 
-274.02660905049646 
-274.02660905264537 
-274.0266090545677 
-274.0266090563733 
-274.0266090564631 
-274.0266090564775 
-274.02660905648247 
-274.0266090564842 
-274.02660905648565 
-274.02660905648673 
-274.0266090564873 
-274.026609056488 
-274.0266090564888 
-274.02660905648946 
-274.0266090564903 
-274.02660905649077 
-274.0266090564914 
-274.02660905649185 
-274.02660905649265 
-274.02660905649356 
-274.026609056494 
-274.0266090564947 
-274.0266090564957 
-274.02660905649617 
-274.0266090564971 
-274.02660905649793 
-274.0266090564982 
-274.02660905649924 
-274.02660905649935 
-274.0266090565002 
-274.02660905650066 
-274.0266090565016 
-274.0266090565016 
-274.0266090565024 
-274.02660905650254 
-274.0266090565037 
-274.0266090565038 
-274.02660905650424 
-274.02660905650436 
-274.02660905650504 
-274.0266090565054 
-274.02660905650606 
-274.0266090565063 
-274.0266090565065 
-274.02660905650697 
-274.02660905650737 
-274.0266090565073 
-274.0266090565072 
-274.0266090565074 
-274.02660905650765 
-274.0266090565076 
-274.02660905650765 
-274.0266090565079 
-274.0266090565079 
-274.0266090565081 
-274.0266090565082 
-274.0266090565082 
-274.02660905650833 
-274.0266090565076 
-274.0266090565072 
-274.02660905650623 
-274.02660905650527 
-274.02660905650345 
-274.02660905650083 
-274.0266090565038 
-274.026609056506 
-274.0266090564929 
-274.0266090564938 
-274.0266090564921 
-274.02660905649367 
-274.02660905649265 
-274.0266090565057 
-274.02660905650356 
-274.0266090565004 
-274.02660905650293 
-274.02660905650447 
-274.0266090565057 
-274.02660905650674 
-274.0266090565074 
-274.02660905650833 
-274.02660905650856 
-274.02660905650856 
-274.0266090565087 
-274.0266090565085 
-274.02660905650856 
-274.02660905650833 
-274.0266090565085 
-274.02660905650856 
-274.02660905650856 
-274.02660905650856 
-274.0266090565087 
-274.0266090565087 
-274.0266090565082 
-274.0266090565081 
-274.026609056508 
-274.0266090565079 
-274.02660905650777 
-274.02660905650754 
-274.0266090565075 
-274.02660905650765 
-274.02660905650777 
-274.0266090565079 
-274.0266090565077 
-274.02660905650765 
-274.02660905650754 
-274.0266090565074 
-274.0266090565072 
-274.0266090565071 
-274.0266090565072 
-274.0266090565072 
-274.0266090565069 
-274.02660905650674 
-274.02660905650686 
-274.02660905650663 
-274.02660905650674 
-274.02660905650663 
-274.0266090565065 
-274.0266090565066 
-274.0266090565065 
-274.0266090565062 
-274.0266090565061 
-274.02660905650595 
-274.02660905650595 
-274.0266090565057 
-274.0266090565055 
-274.02660905650515 
-274.0266090565049 
-274.0266090565049 
-274.02660905650487 
-274.02660905650424 
-274.0266090565043 
-274.026609056504 
-274.02660905650396 
-274.0266090565038 
-274.0266090565057 
-274.02660905650714 
-274.02660905650777 
-274.02660905650856 
-274.0266090565093 
-274.02660905651015 
-274.0266090565104 
-274.02660905651106 
-274.02660905651175 
-274.02660905651265 
-274.02660905651356 
-274.02660905651345 
-274.0266090565145 
-274.02660905651436 
-274.02660905651516 
-274.02660905651527 
-274.02660905651527 
-274.0266090565152 
-274.02660905651504 
-274.02660905651516 
-274.0266090565148 
-274.0266090565149 
-274.0266090565147 
-274.0266090565147 
-274.0266090565147 
-274.02660905651487 
-274.0266090565148 
-274.02660905651453 
-274.02660905651436 
-274.02660905651413 
-274.026609056514 
-274.0266090565137 
-274.0266090565138 
-274.0266090565138 
-274.0266090565137 
-274.0266090565137 
-274.02660905651356 
-274.0266090565132 
-274.0266090565131 
-274.0266090565131 
-274.026609056513 
-274.02660905651277 
-274.02660905651254 
-274.0266090565124 
-274.0266090565124 
-274.02660905651254 
-274.0266090565125 
-274.0266090565122 
-274.0266090565123 
-274.0266090565123 
-274.0266090565123 
-274.0266090565124 
-274.0266090565122 
-274.0266090565122 
-274.02660905651254 
-274.0266090565124 
-274.0266090565123 
-274.0266090565124 
-274.0266090565121 
-274.02660905651163 
-274.0266090565113 
-274.02660905651135 
-274.02660905651163 
-274.02660905651163 
-274.02660905651163 
-274.0266090565115 
-274.02660905651163 
-274.0266090565114 
-274.02660905651106 
-274.02660905651084 
-274.0266090565107 
-274.0266090565106 
-274.0266090565105 
-274.02660905651015 
-274.02660905651015 
-274.02660905651027 
-274.02660905651015 
-274.02660905651004 
-274.02660905651015 
-274.02660905651027 
-274.02660905651015 
-274.02660905651015 
-274.02660905651004 
-274.0266090565102 
-274.0266090565102 
-274.02660905651027 
-274.0266090565104 
-274.0266090565106 
-274.0266090565106 
-274.0266090565107 
-274.0266090565105 
-274.0266090565107 
-274.0266090565106 
-274.0266090565105 
-274.0266090565105 
-274.0266090565106 
-274.0266090565105 
-274.02660905651015 
-274.02660905651015 
-274.02660905651027 
-274.02660905651004 
-274.0266090565099 
-274.0266090565097 
-274.0266090565098 
-274.0266090565099 
-274.0266090565099 
-274.02660905651015 
-274.0266090565098 
-274.0266090565098 
-274.0266090565097 
-274.0266090565097 
-274.0266090565096 
-274.0266090565098 
-274.0266090565097 
-274.02660905650976 
-274.02660905650947 
-274.02660905650947 
-274.02660905650936 
-274.02660905650913 
-274.0266090565088 
-274.0266090565082 
-274.0266090565074 
-274.02660905650663 
-274.0266090565054 
-274.0266090565039 
-274.0266090565013 
-274.0266090565039 
-274.0266090565064 
-274.0266090564932 
-274.0266090564947 
-274.0266090564932 
-274.0266090564948 
-274.0266090564933 
-274.0266090565064 
-274.0266090565041 
-274.0266090565016 
-274.02660905650424 
-274.02660905650583 
-274.02660905650725 
-274.0266090565081 
-274.0266090565088 
-274.0266090565096 
-274.0266090565098 
-274.02660905651027 
-274.02660905651027 
-274.0266090565104 
-274.02660905651067 
-274.0266090565107 
-274.0266090565107 
-274.0266090565105 
-274.0266090565105 
-274.02660905651044 
-274.0266090565104 
-274.0266090565105 
-274.0266090565105 
-274.0266090565105 
-274.02660905651055 
-274.02660905651055 
-274.0266090565107 
-274.0266090565108 
-274.02660905651084 
-274.02660905651095 
-274.02660905651106 
-274.02660905651095 
-274.02660905651106 
-274.0266090565112 
-274.0266090565112 
-274.0266090565113 
-274.0266090565111 
-274.0266090565112 
-274.02660905651106 
-274.02660905651084 
-274.0266090565106 
-274.0266090565107 
-274.0266090565105 
-274.0266090565105 
-274.0266090565107 
-274.02660905651084 
-274.02660905651084 
-274.0266090565107 
-274.0266090565113 
-274.0266090565112 
-274.0266090565114 
-274.0266090565113 
-274.0266090565113 
-274.0266090565112 
-274.02660905651135 
-274.02660905651146 
-274.02660905651186 
-274.02660905651175 
-274.02660905651163 
-274.0266090565115 
-274.02660905651163 
-274.026609056512 
-274.02660905651237 
-274.0266090565123 
-274.0266090565122 
-274.0266090565124 
-274.02660905651254 
-274.02660905651254 
-274.02660905651265 
-274.0266090565129 
-274.02660905651345 
-274.0266090565138 
-274.0266090565137 
-274.0266090565139 
-274.0266090565137 
-274.02660905651356 
-274.0266090565136 
-274.0266090565137 
-274.0266090565137 
-274.0266090565139 
-274.026609056514 
-274.026609056514 
-274.02660905651425 
-274.02660905651425 
-274.02660905651425 
-274.02660905651425 
-274.02660905651425 
-274.02660905651425 
-274.0266090565145 
-274.0266090565149 
-274.0266090565149 
-274.02660905651516 
-274.0266090565155 
-274.02660905651555 
-274.0266090565156 
-274.0266090565155 
-274.0266090565155 
-274.0266090565156 
-274.0266090565158 
-274.0266090565157 
-274.0266090565154 
-274.0266090565154 
-274.0266090565157 
-274.02660905651584 
-274.0266090565157 
-274.0266090565155 
-274.0266090565156 
-274.0266090565156 
-274.0266090565155 
-274.0266090565157 
-274.0266090565157 
-274.0266090565156 
-274.0266090565157 
-274.0266090565157 
-274.0266090565159 
-274.02660905651584 
-274.02660905651595 
-274.02660905651584 
-274.02660905651607 
-274.02660905651607 
-274.02660905651607 
-274.02660905651624 
-274.0266090565163 
-274.02660905651663 
-274.02660905651675 
-274.0266090565171 
-274.0266090565171 
-274.0266090565172 
-274.0266090565173 
-274.0266090565173 
-274.02660905651754 
-274.0266090565175 
-274.02660905651766 
-274.02660905651766 
-274.0266090565181 
-274.02660905651845 
-274.02660905651845 
-274.0266090565187 
-274.0266090565188 
-274.026609056519 
-274.02660905651925 
-274.02660905651965 
-274.0266090565195 
-274.0266090565198 
-274.0266090565198 
-274.02660905651993 
-274.02660905652016 
-274.0266090565203 
-274.0266090565203 
-274.0266090565203 
-274.0266090565204 
-274.0266090565205 
-274.0266090565207 
-274.0266090565207 
-274.02660905652095 
-274.026609056521 
-274.02660905652107 
-274.02660905652095 
-274.02660905652095 
-274.0266090565212 
-274.02660905652107 
-274.0266090565212 
-274.0266090565213 
-274.0266090565212 
-274.0266090565212 
-274.0266090565213 
-274.0266090565215 
-274.02660905652164 
-274.02660905652164 
-274.02660905652175 
-274.02660905652164 
-274.0266090565221 
-274.0266090565221 
-274.02660905652226 
-274.0266090565225 
-274.02660905652266 
-274.02660905652255 
-274.0266090565223 
-274.0266090565223 
-274.02660905652226 
-274.0266090565221 
-274.02660905652186 
-274.0266090565215 
-274.02660905652107 
-274.0266090565205 
-274.02660905651993 
-274.026609056519 
-274.02660905651766 
-274.0266090565162 
-274.0266090565136 
-274.02660905651663 
-274.02660905651913 
-274.02660905650606 
-274.0266090565072 
-274.0266090565056 
-274.02660905650714 
-274.02660905650595 
-274.026609056519 
-274.02660905651686 
-274.0266090565138 
-274.0266090565164 
-274.0266090565179 
-274.02660905651925 
-274.0266090565199 
-274.0266090565205 
-274.02660905652084 
-274.02660905652107 
-274.0266090565215 
-274.02660905652164 
-274.02660905652164 
-274.02660905652164 
-274.0266090565218 
-274.0266090565221 
-274.0266090565222 
-274.0266090565222 
-274.026609056522 
-274.026609056522 
-274.02660905652186 
-274.02660905652164 
-274.02660905652175 
-274.02660905652175 
-274.02660905652175 
-274.0266090565216 
-274.0266090565215 
-274.0266090565213 
-274.0266090565213 
-274.0266090565213 
-274.02660905652107 
-274.02660905652095 
-274.0266090565212 
-274.0266090565207 
-274.0266090565207 
-274.02660905652107 
-274.0266090565208 
-274.0266090565205 
-274.0266090565204 
-274.02660905652016 
-274.02660905652004 
-274.02660905652004 
-274.02660905652004 
-274.0266090565198 
-274.0266090565197 
-274.0266090565197 
-274.0266090565195 
-274.0266090565195 
-274.02660905651925 
-274.0266090565188 
-274.0266090565187 
-274.02660905651834 
-274.026609056518 
-274.02660905651794 
-274.02660905651777 
-274.0266090565176 
-274.02660905651743 
-274.02660905651715 
-274.026609056517 
-274.02660905651715 
-274.026609056517 
-274.02660905651675 
-274.0266090565165 
-274.0266090565164 
-274.0266090565163 
-274.0266090565164 
-274.0266090565162 
-274.02660905651595 
-274.02660905651584 
-274.02660905651567 
-274.0266090565154 
-274.02660905651516 
-274.0266090565151 
-274.0266090565152 
-274.0266090565148 
-274.0266090565148 
-274.02660905651476 
-274.0266090565144 
-274.02660905651413 
-274.02660905651413 
-274.0266090565138 
-274.026609056514 
-274.02660905651356 
-274.0266090565131 
-274.026609056513 
-274.02660905651277 
-274.0266090565122 
-274.0266090565123 
-274.0266090565122 
-274.0266090565122 
-274.0266090565118 
-274.0266090565115 
-274.02660905651175 
-274.02660905651186 
-274.02660905651186 
-274.0266090565115 
-274.0266090565115 
-274.0266090565113 
-274.02660905651106 
-274.02660905651084 
-274.0266090565107 
-274.0266090565104 
-274.0266090565105 
-274.02660905651015 
-274.0266090565097 
-274.0266090565097 
-274.0266090565098 
-274.0266090565096 
-274.0266090565096 
-274.0266090565094 
-274.02660905650913 
-274.0266090565089 
-274.0266090565087 
-274.02660905650856 
-274.02660905650833 
-274.0266090565082 
-274.0266090565081 
-274.02660905650816 
-274.026609056508 
-274.02660905650765 
-274.02660905650765 
-274.0266090565072 
-274.02660905650686 
-274.02660905650663 
-274.0266090565064 
-274.0266090565062 
-274.02660905650595 
-274.02660905650583 
-274.02660905650583 
-274.0266090565056 
-274.0266090565053 
-274.02660905650504 
-274.02660905650504 
-274.02660905650504 
-274.02660905650504 
-274.0266090565048 
-274.02660905650447 
-274.02660905650436 
-274.0266090565041 
-274.02660905650436 
-274.02660905650436 
-274.02660905650436 
-274.026609056504 
-274.0266090565039 
-274.02660905650356 
-274.02660905650345 
-274.02660905650345 
-274.02660905650333 
-274.0266090565031 
-274.026609056503 
-274.02660905650276 
-274.0266090565024 
-274.0266090565027 
-274.02660905650265 
-274.0266090565028 
-274.02660905650276 
-274.0266090565029 
-274.02660905650276 
-274.02660905650254 
-274.02660905650254 
-274.02660905650265 
-274.02660905650265 
-274.02660905650254 
-274.02660905650265 
-274.0266090565024 
-274.0266090565024 
-274.0266090565021 
-274.02660905650185 
-274.0266090565016 
-274.0266090565014 
-274.0266090565015 
-274.0266090565014 
-274.0266090565014 
-274.0266090565015 
-274.0266090565015 
-274.0266090565017 
-274.0266090565017 
-274.0266090565016 
-274.0266090565014 
-274.0266090565013 
-274.0266090565012 
-274.0266090565009 
-274.0266090565007 
-274.02660905650026 
-274.0266090564999 
-274.026609056499 
-274.0266090564978 
-274.02660905649606 
-274.0266090564933 
-274.02660905649617 
-274.02660905649844 
-274.0266090564854 
-274.0266090564866 
-274.0266090564848 
-274.0266090564866 
-274.0266090564857 
-274.02660905649844 
-274.02660905649583 
-274.02660905649265 
-274.0266090564952 
-274.0266090564971 
-274.02660905649844 
-274.0266090564997 
-274.0266090565005 
-274.02660905650094 
-274.0266090565013 
-274.0266090565014 
-274.0266090565013 
-274.0266090565013 
-274.0266090565013 
-274.0266090565014 
-274.0266090565015 
-274.0266090565015 
-274.0266090565015 
-274.0266090565015 
-274.0266090565016 
-274.02660905650185 
-274.0266090565021 
-274.0266090565022 
-274.0266090565021 
-274.0266090565024 
-274.02660905650265 
-274.02660905650265 
-274.02660905650276 
-274.02660905650265 
-274.02660905650265 
-274.02660905650254 
-274.02660905650276 
-274.02660905650265 
-274.026609056503 
-274.0266090565032 
-274.0266090565032 
-274.0266090565031 
-274.0266090565031 
-274.0266090565032 
-274.0266090565032 
-274.0266090565037 
-274.026609056504 
-274.026609056504 
-274.026609056504 
-274.0266090565037 
-274.0266090565039 
-274.02660905650436 
-274.0266090565041 
-274.02660905650436 
-274.0266090565045 
-274.0266090565046 
-274.0266090565047 
-274.0266090565049 
-274.0266090565049 
-274.0266090565049 
-274.02660905650515 
-274.0266090565055 
-274.0266090565057 
-274.02660905650595 
-274.0266090565062 
-274.0266090565064 
-274.0266090565064 
-274.02660905650663 
-274.02660905650674 
-274.0266090565069 
-274.02660905650697 
-274.0266090565073 
-274.02660905650754 
-274.02660905650765 
-274.02660905650777 
-274.0266090565079 
-274.026609056508 
-274.02660905650805 
-274.02660905650845 
-274.02660905650856 
-274.02660905650856 
-274.0266090565087 
-274.026609056509 
-274.026609056509 
-274.026609056509 
-274.02660905650924 
-274.0266090565098 
-274.02660905651027 
-274.0266090565104 
-274.0266090565106 
-274.0266090565107 
-274.0266090565108 
-274.02660905651084 
-274.0266090565112 
-274.02660905651106 
-274.0266090565112 
-274.0266090565113 
-274.0266090565114 
-274.02660905651146 
-274.02660905651175 
-274.02660905651175 
-274.026609056512 
-274.02660905651175 
-274.026609056512 
-274.026609056512 
-274.0266090565124 
-274.0266090565124 
-274.0266090565123 
-274.0266090565124 
-274.0266090565123 
-274.0266090565125 
-274.02660905651277 
-274.026609056513 
-274.02660905651345 
-274.0266090565138 
-274.0266090565138 
-274.02660905651413 
-274.02660905651436 
-274.0266090565147 
-274.0266090565149 
-274.0266090565149 
-274.0266090565148 
-274.02660905651516 
-274.02660905651516 
-274.02660905651527 
-274.02660905651527 
-274.0266090565155 
-274.0266090565154 
-274.0266090565157 
-274.0266090565157 
-274.02660905651607 
-274.02660905651595 
-274.02660905651607 
-274.02660905651595 
-274.026609056516 
-274.0266090565162 
-274.0266090565163 
-274.0266090565164 
-274.0266090565165 
-274.0266090565165 
-274.0266090565167 
-274.02660905651686 
-274.026609056517 
-274.0266090565171 
-274.02660905651766 
-274.0266090565181 
-274.02660905651834 
-274.0266090565185 
-274.026609056519 
-274.0266090565189 
-274.0266090565188 
-274.0266090565188 
-274.026609056519 
-274.02660905651936 
-274.0266090565195 
-274.02660905651925 
-274.02660905651913 
-274.02660905651936 
-274.0266090565194 
-274.02660905651936 
-274.02660905651965 
-274.0266090565195 
-274.02660905651936 
-274.0266090565197 
-274.0266090565197 
-274.0266090565196 
-274.0266090565198 
-274.02660905651993 
-274.02660905652004 
-274.02660905652016 
-274.02660905652004 
-274.02660905652016 
-274.0266090565203 
-274.02660905652016 
-274.0266090565204 
-274.0266090565204 
-274.0266090565203 
-274.0266090565203 
-274.0266090565204 
-274.0266090565204 
-274.02660905652004 
-274.0266090565198 
-274.0266090565198 
-274.0266090565198 
-274.02660905652004 
-274.0266090565198 
-274.0266090565196 
-274.02660905651936 
-274.0266090565188 
-274.0266090565182 
-274.02660905651766 
-274.0266090565162 
-274.0266090565149 
-274.0266090565123 
-274.02660905651516 
-274.02660905651743 
-274.0266090565043 
-274.0266090565057 
-274.0266090565041 
-274.0266090565057 
-274.02660905650447 
-274.02660905651754 
-274.0266090565153 
-274.02660905651265 
-274.0266090565154 
-274.02660905651686 
-274.02660905651834 
-274.02660905651913 
-274.0266090565196 
-274.02660905652033 
-274.0266090565205 
-274.0266090565206 
-274.02660905652095 
-274.02660905652095 
-274.02660905652095 
-274.02660905652084 
-274.02660905652084 
-274.0266090565212 
-274.0266090565212 
-274.02660905652095 
-274.02660905652095 
-274.02660905652095 
-274.02660905652095 
-274.0266090565207 
-274.02660905652084 
-274.0266090565205 
-274.0266090565206 
-274.0266090565206 
-274.0266090565205 
-274.02660905652016 
-274.02660905652016 
-274.02660905651993 
-274.02660905652004 
-274.02660905651993 
-274.0266090565198 
-274.02660905651993 
-274.02660905651993 
-274.0266090565197 
-274.0266090565196 
-274.0266090565196 
-274.0266090565197 
-274.0266090565197 
-274.0266090565198 
-274.02660905651936 
-274.026609056519 
-274.0266090565189 
-274.0266090565187 
-274.02660905651857 
-274.02660905651845 
-274.02660905651805 
-274.026609056518 
-274.02660905651777 
-274.0266090565173 
-274.026609056517 
-274.02660905651663 
-274.0266090565165 
-274.0266090565164 
-274.0266090565162 
-274.0266090565163 
-274.0266090565159 
-274.0266090565156 
-274.0266090565154 
-274.0266090565152 
-274.02660905651516 
-274.02660905651527 
-274.02660905651504 
-274.02660905651504 
-274.0266090565147 
-274.0266090565146 
-274.02660905651425 
-274.02660905651425 
-274.026609056514 
-274.0266090565138 
-274.02660905651356 
-274.02660905651345 
-274.0266090565131 
-274.02660905651317 
-274.026609056513 
-274.026609056513 
-274.0266090565128 
-274.0266090565124 
-274.0266090565122 
-274.0266090565121 
-274.02660905651186 
-274.0266090565115 
-274.0266090565115 
-274.02660905651106 
-274.02660905651095 
-274.02660905651084 
-274.0266090565107 
-274.0266090565107 
-274.02660905651084 
-274.0266090565106 
-274.02660905651095 
-274.0266090565107 
-274.0266090565106 
-274.0266090565105 
-274.0266090565104 
-274.02660905651027 
-274.0266090565103 
-274.02660905651027 
-274.0266090565099 
-274.0266090565099 
-274.0266090565098 
-274.0266090565096 
-274.0266090565097 
-274.02660905650936 
-274.02660905650913 
-274.0266090565088 
-274.0266090565087 
-274.02660905650833 
-274.0266090565079 
-274.0266090565077 
-274.0266090565074 
-274.0266090565074 
-274.02660905650714 
-274.02660905650714 
-274.02660905650697 
-274.02660905650686 
-274.0266090565065 
-274.0266090565064 
-274.0266090565063 
-274.0266090565062 
-274.026609056506 
-274.02660905650583 
-274.0266090565056 
-274.0266090565054 
-274.02660905650527 
-274.02660905650504 
-274.02660905650504 
-274.02660905650487 
-274.0266090565047 
-274.02660905650447 
-274.026609056504 
-274.0266090565038 
-274.02660905650345 
-274.0266090565032 
-274.0266090565032 
-274.026609056503 
-274.02660905650276 
-274.0266090565025 
-274.0266090565022 
-274.026609056502 
-274.02660905650185 
-274.0266090565016 
-274.0266090565015 
-274.0266090565013 
-274.0266090565009 
-274.02660905650106 
-274.02660905650094 
-274.02660905650094 
-274.02660905650106 
-274.02660905650083 
-274.0266090565006 
-274.02660905650026 
-274.02660905650015 
-274.0266090565 
-274.0266090564999 
-274.0266090564996 
-274.02660905649947 
-274.0266090564996 
-274.0266090564991 
-274.02660905649924 
-274.0266090564994 
-274.02660905649935 
-274.02660905649924 
-274.02660905649935 
-274.02660905649924 
-274.02660905649884 
-274.0266090564991 
-274.0266090564991 
-274.0266090564989 
-274.0266090564988 
-274.02660905649844 
-274.0266090564984 
-274.0266090564982 
-274.0266090564982 
-274.0266090564982 
-274.0266090564982 
-274.0266090564982 
-274.0266090564981 
-274.02660905649833 
-274.02660905649844 
-274.026609056498 
-274.02660905649753 
-274.0266090564965 
-274.02660905649526 
-274.02660905649395 
-274.02660905649196 
-274.0266090564896 
-274.0266090564929 
-274.0266090564956 
-274.026609056483 
-274.0266090564839 
-274.0266090564821 
-274.02660905648366 
-274.0266090564825 
-274.0266090564955 
-274.026609056493 
-274.0266090564899 
-274.0266090564924 
-274.0266090564941 
-274.0266090564954 
-274.0266090564964 
-274.0266090564967 
-274.02660905649697 
-274.0266090564976 
-274.0266090564974 
-274.0266090564974 
-274.02660905649753 
-274.02660905649753 
-274.0266090564974 
-274.02660905649736 
-274.0266090564972 
-274.0266090564974 
-274.0266090564974 
-274.02660905649776 
-274.0266090564979 
-274.02660905649776 
-274.02660905649776 
-274.02660905649776 
-274.0266090564979 
-274.0266090564981 
-274.0266090564982 
-274.0266090564984 
-274.0266090564982 
-274.0266090564982 
-274.0266090564984 
-274.0266090564988 
-274.026609056499 
-274.026609056499 
-274.02660905649924 
-274.0266090564996 
-274.0266090564998 
-274.0266090564999 
-274.02660905650043 
-274.0266090565005 
-274.0266090565007 
-274.02660905650094 
-274.02660905650094 
-274.0266090565012 
-274.0266090565014 
-274.0266090565014 
-274.02660905650185 
-274.0266090565023 
-274.0266090565024 
-274.02660905650276 
-274.0266090565029 
-274.026609056503 
-274.02660905650276 
-274.0266090565031 
-274.0266090565034 
-274.0266090565037 
-274.0266090565038 
-274.02660905650436 
-274.02660905650447 
-274.0266090565048 
-274.02660905650527 
-274.0266090565055 
-274.0266090565057 
-274.02660905650583 
-274.02660905650606 
-274.0266090565063 
-274.0266090565064 
-274.0266090565064 
-274.0266090565067 
-274.02660905650697 
-274.0266090565071 
-274.02660905650697 
-274.0266090565071 
-274.0266090565073 
-274.0266090565074 
-274.0266090565077 
-274.02660905650777 
-274.02660905650833 
-274.02660905650833 
-274.0266090565087 
-274.02660905650856 
-274.0266090565088 
-274.0266090565089 
-274.02660905650913 
-274.0266090565095 
-274.0266090565096 
-274.02660905651027 
-274.02660905651027 
-274.0266090565104 
-274.02660905651055 
-274.0266090565106 
-274.02660905651084 
-274.02660905651106 
-274.0266090565112 
-274.02660905651135 
-274.02660905651163 
-274.026609056512 
-274.02660905651203 
-274.0266090565121 
-274.02660905651186 
-274.0266090565115 
-274.0266090565115 
-274.02660905651186 
-274.0266090565122 
-274.0266090565123 
-274.0266090565122 
-274.0266090565124 
-274.02660905651277 
-274.02660905651277 
-274.02660905651277 
-274.02660905651317 
-274.0266090565132 
-274.0266090565134 
-274.0266090565135 
-274.0266090565137 
-274.0266090565138 
-274.0266090565139 
-274.0266090565142 
-274.0266090565142 
-274.02660905651425 
-274.0266090565146 
-274.0266090565147 
-274.0266090565147 
-274.0266090565152 
-274.02660905651516 
-274.02660905651527 
-274.0266090565155 
-274.0266090565157 
-274.02660905651584 
-274.0266090565157 
-274.02660905651595 
-274.0266090565162 
-274.0266090565165 
-274.02660905651663 
-274.02660905651675 
-274.026609056517 
-274.0266090565171 
-274.0266090565173 
-274.02660905651743 
-274.0266090565173 
-274.02660905651754 
-274.02660905651766 
-274.0266090565177 
-274.02660905651766 
-274.026609056518 
-274.02660905651834 
-274.02660905651845 
-274.02660905651845 
-274.0266090565187 
-274.0266090565188 
-274.02660905651925 
-274.02660905651936 
-274.02660905651913 
-274.02660905651953 
-274.02660905651993 
-274.02660905651993 
-274.02660905652016 
-274.0266090565203 
-274.02660905652016 
-274.0266090565203 
-274.02660905651993 
-274.02660905652004 
-274.0266090565203 
-274.0266090565204 
-274.02660905652056 
-274.0266090565204 
-274.0266090565205 
-274.0266090565206 
-274.0266090565205 
-274.0266090565207 
-274.0266090565206 
-274.02660905652095 
-274.02660905652095 
-274.02660905652095 
-274.02660905652107 
-274.026609056521 
-274.02660905652107 
-274.0266090565211 
-274.02660905652095 
-274.02660905652107 
-274.02660905652084 
-274.0266090565206 
-274.0266090565205 
-274.0266090565198 
-274.0266090565196 
-274.02660905651845 
-274.0266090565171 
-274.0266090565154 
-274.02660905651265 
-274.0266090565154 
-274.02660905651777 
-274.0266090565047 
-274.026609056506 
-274.0266090565045 
-274.02660905650595 
-274.02660905650515 
-274.02660905651777 
-274.0266090565154 
-274.0266090565124 
-274.02660905651527 
-274.026609056517 
-274.0266090565181 
-274.0266090565189 
-274.026609056519 
-274.0266090565196 
-274.0266090565196 
-274.0266090565198 
-274.02660905651993 
-274.0266090565198 
-274.02660905652 
-274.02660905651993 
-274.0266090565198 
-274.0266090565198 
-274.02660905651976 
-274.0266090565197 
-274.02660905651953 
-274.02660905651925 
-274.02660905651936 
-274.02660905651925 
-274.02660905651936 
-274.02660905651936 
-274.026609056519 
-274.02660905651925 
-274.02660905651925 
-274.0266090565189 
-274.0266090565188 
-274.0266090565187 
-274.02660905651913 
-274.026609056519 
-274.0266090565192 
-274.026609056519 
-274.0266090565188 
-274.0266090565188 
-274.02660905651857 
-274.0266090565181 
-274.0266090565182 
-274.0266090565182 
-274.0266090565179 
-274.02660905651754 
-274.02660905651743 
-274.0266090565173 
-274.0266090565173 
-274.0266090565171 
-274.02660905651675 
-274.02660905651675 
-274.02660905651663 
-274.0266090565166 
-274.0266090565164 
-274.0266090565164 
-274.02660905651607 
-274.02660905651595 
-274.02660905651584 
-274.0266090565157 
-274.02660905651567 
-274.0266090565156 
-274.02660905651527 
-274.0266090565149 
-274.0266090565147 
-274.0266090565145 
-274.02660905651436 
-274.0266090565143 
-274.02660905651425 
-274.026609056514 
-274.02660905651413 
-274.0266090565136 
-274.02660905651345 
-274.02660905651334 
-274.0266090565131 
-274.0266090565131 
-274.026609056513 
-274.02660905651265 
-274.02660905651277 
-274.0266090565128 
-274.02660905651265 
-274.0266090565123 
-274.026609056512 
-274.02660905651186 
-274.0266090565115 
-274.0266090565113 
-274.02660905651106 
-274.0266090565107 
-274.0266090565107 
-274.02660905651084 
-274.0266090565107 
-274.02660905651027 
-274.02660905651 
-274.0266090565097 
-274.0266090565097 
-274.0266090565097 
-274.0266090565096 
-274.0266090565095 
-274.02660905650913 
-274.0266090565091 
-274.0266090565088 
-274.0266090565087 
-274.0266090565082 
-274.026609056508 
-274.02660905650777 
-274.0266090565073 
-274.0266090565071 
-274.0266090565071 
-274.02660905650663 
-274.02660905650663 
-274.0266090565063 
-274.02660905650595 
-274.02660905650566 
-274.0266090565054 
-274.02660905650527 
-274.02660905650504 
-274.0266090565049 
-274.0266090565045 
-274.0266090565041 
-274.0266090565038 
-274.02660905650345 
-274.0266090565032 
-274.0266090565032 
-274.02660905650333 
-274.02660905650333 
-274.026609056503 
-274.02660905650276 
-274.026609056503 
-274.0266090565028 
-274.0266090565029 
-274.02660905650254 
-274.0266090565025 
-274.0266090565023 
-274.0266090565023 
-274.0266090565021 
-274.02660905650185 
-274.02660905650185 
-274.0266090565015 
-274.0266090565012 
-274.02660905650094 
-274.02660905650083 
-274.0266090565006 
-274.0266090565006 
-274.0266090565004 
-274.0266090565003 
-274.02660905650015 
-274.02660905650004 
-274.0266090564996 
-274.0266090564991 
-274.02660905649907 
-274.0266090564989 
-274.0266090564988 
-274.02660905649867 
-274.0266090564982 
-274.02660905649805 
-274.0266090564979 
-274.02660905649765 
-274.02660905649765 
-274.0266090564977 
-274.0266090564972 
-274.0266090564972 
-274.02660905649697 
-274.02660905649674 
-274.0266090564965 
-274.0266090564964 
-274.02660905649634 
-274.0266090564964 
-274.0266090564963 
-274.0266090564961 
-274.02660905649594 
-274.02660905649583 
-274.02660905649594 
-274.02660905649617 
-274.0266090564962 
-274.02660905649617 
-274.026609056496 
-274.02660905649606 
-274.02660905649594 
-274.02660905649617 
-274.0266090564964 
-274.0266090564964 
-274.0266090564965 
-274.0266090564965 
-274.0266090564964 
-274.0266090564964 
-274.02660905649594 
-274.02660905649554 
-274.02660905649526 
-274.0266090564941 
-274.026609056493 
-274.0266090564915 
-274.0266090564888 
-274.0266090564915 
-274.026609056494 
-274.0266090564809 
-274.02660905648185 
-274.02660905648037 
-274.02660905648196 
-274.0266090564808 
-274.0266090564938 
-274.0266090564913 
-274.02660905648855 
-274.02660905649117 
-274.02660905649276 
-274.02660905649367 
-274.0266090564946 
-274.02660905649515 
-274.0266090564956 
-274.02660905649594 
-274.02660905649617 
-274.02660905649606 
-274.02660905649594 
-274.02660905649617 
-274.02660905649594 
-274.02660905649594 
-274.02660905649583 
-274.0266090564957 
-274.02660905649554 
-274.02660905649583 
-274.0266090564957 
-274.0266090564957 
-274.0266090564956 
-274.02660905649583 
-274.02660905649606 
-274.02660905649606 
-274.02660905649617 
-274.0266090564965 
-274.02660905649645 
-274.02660905649645 
-274.0266090564964 
-274.0266090564963 
-274.0266090564965 
-274.0266090564965 
-274.0266090564967 
-274.026609056497 
-274.02660905649714 
-274.02660905649753 
-274.0266090564974 
-274.02660905649776 
-274.026609056498 
-274.0266090564982 
-274.02660905649833 
-274.02660905649844 
-274.02660905649867 
-274.0266090564989 
-274.0266090564991 
-274.02660905649947 
-274.02660905649947 
-274.0266090564997 
-274.0266090564996 
-274.0266090564997 
-274.02660905650004 
-274.02660905650015 
-274.02660905650015 
-274.0266090565004 
-274.0266090565006 
-274.02660905650083 
-274.02660905650106 
-274.02660905650094 
-274.02660905650094 
-274.0266090565014 
-274.0266090565015 
-274.02660905650174 
-274.0266090565021 
-274.02660905650197 
-274.0266090565023 
-274.02660905650237 
-274.02660905650265 
-274.026609056503 
-274.0266090565029 
-274.0266090565029 
-274.026609056503 
-274.0266090565032 
-274.02660905650345 
-274.0266090565037 
-274.026609056504 
-274.02660905650424 
-274.0266090565046 
-274.0266090565048 
-274.02660905650504 
-274.0266090565053 
-274.02660905650583 
-274.02660905650606 
-274.0266090565064 
-274.02660905650674 
-274.02660905650674 
-274.02660905650697 
-274.0266090565073 
-274.02660905650777 
-274.0266090565081 
-274.0266090565085 
-274.02660905650873 
-274.0266090565089 
-274.02660905650913 
-274.02660905650913 
-274.02660905650913 
-274.02660905650936 
-274.0266090565096 
-274.0266090565098 
-274.02660905651004 
-274.0266090565104 
-274.0266090565105 
-274.0266090565107 
-274.02660905651084 
-274.0266090565113 
-274.0266090565111 
-274.0266090565114 
-274.02660905651163 
-274.026609056512 
-274.0266090565121 
-274.0266090565123 
-274.02660905651254 
-274.026609056513 
-274.0266090565131 
-274.0266090565129 
-274.026609056513 
-274.0266090565131 
-274.02660905651334 
-274.02660905651345 
-274.02660905651356 
-274.0266090565138 
-274.026609056514 
-274.0266090565141 
-274.026609056514 
-274.0266090565142 
-274.02660905651425 
-274.02660905651436 
-274.0266090565146 
-274.0266090565149 
-274.0266090565149 
-274.02660905651516 
-274.0266090565156 
-274.0266090565157 
-274.02660905651584 
-274.02660905651595 
-274.02660905651607 
-274.0266090565162 
-274.0266090565165 
-274.02660905651686 
-274.0266090565171 
-274.0266090565173 
-274.02660905651743 
-274.02660905651754 
-274.0266090565178 
-274.026609056518 
-274.0266090565179 
-274.0266090565182 
-274.02660905651834 
-274.0266090565187 
-274.0266090565187 
-274.0266090565188 
-274.026609056519 
-274.02660905651925 
-274.0266090565193 
-274.0266090565193 
-274.02660905651936 
-274.0266090565196 
-274.02660905651936 
-274.0266090565195 
-274.02660905651913 
-274.02660905651936 
-274.0266090565196 
-274.0266090565196 
-274.0266090565195 
-274.0266090565197 
-274.0266090565197 
-274.0266090565197 
-274.02660905651976 
-274.0266090565198 
-274.0266090565198 
-274.02660905651976 
-274.02660905652004 
-274.02660905651993 
-274.02660905652004 
-274.02660905652004 
-274.02660905652004 
-274.0266090565203 
-274.0266090565203 
-274.0266090565203 
-274.0266090565201 
-274.0266090565197 
-274.0266090565196 
-274.02660905651936 
-274.0266090565188 
-274.02660905651834 
-274.0266090565173 
-274.02660905651544 
-274.02660905651254 
-274.0266090565157 
-274.02660905651817 
-274.02660905650504 
-274.0266090565057 
-274.0266090565042 
-274.0266090565057 
-274.0266090565048 
-274.0266090565179 
-274.0266090565152 
-274.0266090565121 
-274.02660905651504 
-274.02660905651686 
-274.0266090565179 
-274.0266090565185 
-274.0266090565195 
-274.0266090565198 
-274.0266090565198 
-274.0266090565204 
-274.0266090565205 
-274.0266090565203 
-274.0266090565204 
-274.0266090565204 
-274.0266090565205 
-274.0266090565206 
-274.0266090565206 
-274.0266090565205 
-274.0266090565204 
-274.02660905652044 
-274.0266090565206 
-274.0266090565205 
-274.0266090565204 
-274.0266090565204 
-274.0266090565204 
-274.02660905652004 
-274.02660905652004 
-274.02660905652004 
-274.02660905651993 
-274.0266090565196 
-274.0266090565198 
-274.0266090565198 
-274.0266090565198 
-274.0266090565197 
-274.0266090565196 
-274.0266090565195 
-274.02660905651925 
-274.026609056519 
-274.02660905651874 
-274.02660905651845 
-274.02660905651845 
-274.0266090565181 
-274.0266090565181 
-274.02660905651766 
-274.02660905651777 
-274.02660905651766 
-274.02660905651754 
-274.0266090565171 
-274.0266090565171 
-274.02660905651675 
-274.0266090565165 
-274.0266090565162 
-274.0266090565157 
-274.02660905651567 
-274.0266090565155 
-274.0266090565154 
-274.02660905651516 
-274.0266090565149 
-274.0266090565146 
-274.0266090565145 
-274.02660905651436 
-274.0266090565143 
-274.0266090565139 
-274.0266090565137 
-274.02660905651345 
-274.0266090565133 
-274.0266090565131 
-274.0266090565131 
-274.026609056513 
-274.0266090565128 
-274.02660905651254 
-274.0266090565123 
-274.0266090565122 
-274.02660905651226 
-274.026609056512 
-274.0266090565119 
-274.0266090565116 
-274.0266090565113 
-274.02660905651106 
-274.0266090565108 
-274.0266090565106 
-274.0266090565104 
-274.0266090565104 
-274.0266090565099 
-274.02660905650987 
-274.0266090565096 
-274.02660905650964 
-274.02660905650936 
-274.0266090565092 
-274.0266090565089 
-274.0266090565087 
-274.02660905650833 
-274.0266090565081 
-274.02660905650794 
-274.0266090565078 
-274.02660905650765 
-274.0266090565074 
-274.0266090565073 
-274.02660905650714 
-274.02660905650663 
-274.0266090565064 
-274.0266090565062 
-274.0266090565057 
-274.02660905650544 
-274.0266090565054 
-274.0266090565049 
-274.0266090565046 
-274.02660905650436 
-274.0266090565042 
-274.0266090565039 
-274.0266090565038 
-274.02660905650333 
-274.0266090565032 
-274.0266090565031 
-274.02660905650293 
-274.0266090565029 
-274.02660905650265 
-274.02660905650254 
-274.02660905650254 
-274.0266090565025 
-274.0266090565023 
-274.0266090565021 
-274.02660905650197 
-274.02660905650185 
-274.02660905650146 
-274.0266090565013 
-274.02660905650106 
-274.0266090565007 
-274.0266090565004 
-274.0266090564999 
-274.0266090564999 
-274.0266090564999 
-274.0266090564996 
-274.0266090564991 
-274.02660905649884 
-274.0266090564985 
-274.02660905649833 
-274.02660905649833 
-274.0266090564906 
-274.0266090564907 
-274.02660905649105 
-274.0266090564907 
-274.02660905649094 
-274.0266090564906 
-274.02660905649026 
-274.02660905649014 
-274.0266090564901 
-274.0266090564899 
-274.02660905649003 
-274.0266090564899 
-274.0266090564897 
-274.02660905648946 
-274.0266090564896 
-274.02660905648935 
-274.0266090564891 
-274.026609056489 
-274.02660905648867 
-274.02660905648855 
-274.0266090564883 
-274.0266090564885 
-274.0266090564883 
-274.0266090564881 
-274.02660905648844 
-274.02660905648844 
-274.02660905648844 
-274.02660905648855 
-274.0266090564883 
-274.02660905648776 
-274.02660905648776 
-274.02660905648776 
-274.02660905648787 
-274.02660905648776 
-274.02660905648776 
-274.02660905648787 
-274.026609056488 
-274.0266090564879 
-274.0266090564882 
-274.02660905648787 
-274.02660905648787 
-274.026609056488 
-274.02660905648776 
-274.0266090564872 
-274.02660905648696 
-274.0266090564865 
-274.0266090564856 
-274.0266090564846 
-274.0266090564832 
-274.0266090564807 
-274.02660905648366 
-274.02660905648617 
-274.0266090564732 
-274.0266090564744 
-274.0266090564728 
