2 -0.29124025964133937 
3 0.33201846026967013 
4 -0.35102983029408796 
5 0.3458313021486398 
6 -0.34030612193996107 
7 0.3365091684374172 
8 -0.3349735650052129 
9 0.3361165341561676 
10 -0.3381658739482704 
11 0.3398344564920868 
12 -0.3407317635113139 
13 0.3409361466398605 
14 -0.34077299817270673 
15 0.3405484988419615 
16 -0.34042599917347915 
17 0.3404317994304461 
18 -0.3405147172263036 
19 0.34060966063233244 
20 -0.3406751840544419 
21 0.3407013315115369 
22 -0.340699322079816 
23 0.3406865937916515 
24 -0.34067621128942244 
25 0.34067329154234716 
26 -0.3406766785889327 
27 0.3406825948741571 
28 -0.3406876939809351 
29 0.34069043946640054 
30 -0.340690984392379 
31 0.3406903320907795 
32 -0.34068950325592184 
33 0.3406890766291749 
34 -0.3406891433501802 
35 0.3406895043028542 
36 -0.34068990189583026 
37 0.3406901696200253 
38 -0.3406902691182886 
39 0.34069025029760885 
40 -0.3406901895723218 
41 0.3406901435517391 
42 -0.3406901336574218 
43 0.34069015291571175 
44 -0.34069018284982566 
45 0.3406902076116342 
46 -0.3406902202554099 
47 0.34069022202898674 
48 -0.34069021823063717 
49 0.3406902139500002 
50 -0.3406902119714188 
51 0.34069021259663995 
52 -0.3406902146833234 
53 0.3406902168539667 
54 -0.34069021828083407 
55 0.34069021877834776 
56 -0.34069021860880894 
57 0.3406902181860299 
58 -0.34069021780838543 
59 0.34069021760595153 
60 -0.3406902176124223 
61 0.3406902178244769 
62 -0.34069021820249645 
63 0.3406902186172578 
64 -0.3406902187664053 
65 0.34069021827841756 
66 -0.34069021686412804 
67 0.34069021470692784 
68 -0.3406902126436827 
69 0.34069021203192823 
70 -0.3406902140108349 
71 0.3406902182869398 
72 -0.3406902220826708 
73 0.3406902202846575 
74 -0.34069020763211 
75 0.340690182885086 
76 -0.3406901529795653 
77 0.3406901337729658 
78 -0.34069014368520417 
79 0.3406901896243058 
80 -0.34069025033921974 
81 0.34069026905570976 
82 -0.3406901695421432 
83 0.3406899018020942 
84 -0.34068950441637513 
85 0.34068914356808006 
86 -0.34068907699576195 
87 0.34068950394227915 
88 -0.34069033214064465 
89 0.34069098362199063 
90 -0.340690439405839 
91 0.3406876943147534 
92 -0.3406825946300868 
93 0.3406766785379204 
94 -0.34067329152993725 
95 0.34067621136504206 
96 -0.3406865944116494 
97 0.3406993223555537 
98 -0.3407013314995046 
99 0.3406751840585906 
100 -0.34060966057361897 
101 0.34051471709514397 
102 -0.3404317993718458 
103 0.3404259995833232 
104 -0.34054849908978935 
105 0.34077299835809366 
106 -0.34093614657017657 
107 0.3407317630379555 
108 -0.3398344560522003 
109 0.33816587352015565 
110 -0.33611653430882216 
111 0.3349735647178057 
112 -0.3365091682558901 
113 0.34030612165261526 
114 -0.3458313017446489 
115 0.3510298297245365 
116 -0.332018459928631 
117 0.29124025973524137 
