2 3 0.05274949652263931 
3 4 0.0465623576397936 
4 5 0.045221788799317375 
5 6 0.04865305904941693 
6 7 0.049577017650515455 
7 8 0.048796944593234054 
8 9 0.04853729995145556 
9 10 0.04876416462381418 
10 11 0.0488637099726024 
11 12 0.04881871165141485 
12 13 0.04879482891712592 
13 14 0.048807823439576854 
14 15 0.048816059533979224 
15 16 0.04881377779445431 
16 17 0.04881185140363925 
17 18 0.04881252013398707 
18 19 0.04881314237311854 
19 20 0.04881304644175293 
20 21 0.048812903469794416 
21 22 0.048812932401145655 
22 23 0.04881297696967619 
23 24 0.048812974799399306 
24 25 0.04881296495538989 
25 26 0.048812965441905214 
26 27 0.04881296898397626 
27 28 0.04881296877922748 
28 29 0.04881296790613809 
29 30 0.04881296795475037 
30 31 0.04881296819433542 
31 32 0.04881296821109455 
32 33 0.04881296818235532 
33 34 0.04881296818286799 
34 35 0.04881296803832536 
35 36 0.04881296864713608 
36 37 0.04881296956137176 
37 38 0.04881296687719234 
38 39 0.048812967408492516 
39 40 0.04881296880437727 
40 41 0.048812968522691444 
41 42 0.048812968186462975 
42 43 0.04881296815482612 
43 44 0.048812968200562565 
44 45 0.048812968196082364 
45 46 0.048812968188168444 
46 47 0.0488129681870064 
47 48 0.04881296815085506 
48 49 0.04881296816015116 
49 50 0.04881296819992798 
50 51 0.048812968191013835 
51 52 0.04881296782499389 
52 53 0.04881296867132894 
53 54 0.048812967970072646 
54 55 0.04881296831784042 
55 56 0.04881296831572523 
56 57 0.04881296813561126 
57 58 0.04881296811573696 
58 59 0.04881296807398977 
59 60 0.04881296803816476 
60 61 0.04881296776259937 
61 62 0.04881296828116248 
62 63 0.0488129717589249 
63 64 0.04881296879080472 
64 65 0.048812966463740524 
65 66 0.04881296802562363 
66 67 0.04881296931239572 
67 68 0.0488129681825823 
68 69 0.04881296811515624 
69 70 0.04881296825353889 
70 71 0.04881296820438119 
71 72 0.048812968233678554 
72 73 0.04881296781133342 
73 74 0.04881296825199526 
74 75 0.048812968262625746 
75 76 0.04881296847479442 
76 77 0.04881296847931339 
77 78 0.04881296809365835 
78 79 0.048812967942752694 
79 80 0.04881296823326349 
80 81 0.04881296842010832 
81 82 0.04881296815706793 
82 83 0.04881296819872495 
83 84 0.04881296820473717 
84 85 0.048812968193069926 
85 86 0.04881296817235677 
86 87 0.04881296817972022 
87 88 0.048812968224747066 
88 89 0.048812968197427746 
89 90 0.048812967997944476 
90 91 0.04881296801587732 
91 92 0.04881296869082237 
92 93 0.04881296855425688 
93 94 0.0488129655202294 
94 95 0.04881296467905169 
95 96 0.04881297473723489 
96 97 0.048812976972049504 
97 98 0.04881293257584926 
98 99 0.04881290349347368 
99 100 0.04881304638286185 
100 101 0.04881314188038327 
101 102 0.04881252028445987 
102 103 0.04881185306593547 
103 104 0.04881377194506324 
104 105 0.04881605377075865 
105 106 0.048807824144005425 
106 107 0.04879482901593627 
107 108 0.0488187110351227 
108 109 0.04886370859864304 
109 110 0.04876416290087972 
110 111 0.04853730209893288 
111 112 0.0487969458245669 
112 113 0.04957701797582218 
113 114 0.04865305904807839 
114 115 0.04522178886803729 
115 116 0.04656235772368805 
116 117 0.05274949655048892 
117 118 0.053271597831703515 
