2 -0.11876730640419453 
3 -0.08447569471762209 
4 0.15478859349219234 
5 -0.10974791703137089 
6 0.03700245487754843 
7 0.0176643433459326 
8 -0.03709381258165635 
9 0.029210584980467573 
10 -0.011353951178012515 
11 -0.003102334511148953 
12 0.008958732430812348 
13 -0.00766686145171718 
14 0.0033664608324422193 
15 0.00041496223657183184 
16 -0.0021350363089149256 
17 0.001991943504700987 
18 -0.0009721778116813802 
19 -7.208252876647766e-06 
20 0.0005003874176335252 
21 -0.0005125151232230483 
22 0.0002749605366628879 
23 -2.3760684516991893e-05 
24 -0.00011491228957410696 
25 0.00013058256219105173 
26 -7.643279173149872e-05 
27 1.2631904250898963e-05 
28 2.572289078469105e-05 
29 -3.293925513404012e-05 
30 2.0934850677670334e-05 
31 -4.892200807597613e-06 
32 -5.569355090712136e-06 
33 8.226521326728249e-06 
34 -5.661408782267787e-06 
35 1.6658021081254642e-06 
36 1.1552943850716408e-06 
37 -2.040569077030403e-06 
38 1.5177590555318475e-06 
39 -5.181328426839855e-07 
40 -2.4223961796626243e-07 
41 5.158799197746714e-07 
42 -4.05281352683053e-07 
43 1.5741283403843691e-07 
44 4.0442919873730166e-08 
45 -1.2139439817458508e-07 
46 1.0522806187196526e-07 
47 -4.725737774549516e-08 
48 -4.526338517531334e-09 
49 2.872545333691748e-08 
50 -2.7394813402368703e-08 
51 1.3062687290899517e-08 
52 1.1943397286197648e-09 
53 -8.473262513105076e-09 
54 6.688997157737854e-09 
55 -2.5150551184568164e-10 
56 -5.7476841952298445e-09 
57 7.920824687448623e-09 
58 -2.436365099962633e-09 
59 -5.886505803087114e-09 
60 1.1127774036339685e-08 
61 -7.579911471237723e-09 
62 -8.015757379670186e-09 
63 2.1284235638252226e-08 
64 -7.444304934982259e-08 
65 3.066269280888876e-08 
66 1.510352962299016e-08 
67 -3.3162907212694146e-08 
68 2.4537675359636677e-08 
69 7.575300984974132e-10 
70 -1.5790258374127935e-08 
71 3.105758746904881e-09 
72 3.946694225541401e-08 
73 -9.50061889995532e-08 
74 1.1318387805199343e-07 
75 -3.9043627065529724e-08 
76 -1.507115247905068e-07 
77 3.9220937980763e-07 
78 -4.94417166538175e-07 
79 2.2470490810258332e-07 
80 5.259322186373542e-07 
81 -1.5110620509340336e-06 
82 2.0310819367868555e-06 
83 -1.1516894365085109e-06 
84 -1.6662056630223627e-06 
85 5.659732775967725e-06 
86 -8.225314019946924e-06 
87 5.569587525805208e-06 
88 4.891788031301467e-06 
89 -2.0935710085982173e-05 
90 3.2942871671674515e-05 
91 -2.572852959803018e-05 
92 -1.262791898083419e-05 
93 7.643056120133247e-05 
94 -0.00013058249059713737 
95 0.0001149174076767455 
96 2.3747427638015902e-05 
97 -0.00027494669037899196 
98 0.0005125051187449357 
99 -0.0005003770511181803 
100 7.199348036665944e-06 
101 0.0009721792888318105 
102 -0.0019919541612017917 
103 0.002135054465777742 
104 -0.000414960548423411 
105 -0.003366463691553544 
106 0.007666866726089249 
107 -0.008958737606082394 
108 0.0031023342302568375 
109 0.011353949144734681 
110 -0.02921058525193724 
111 0.03709381329355432 
112 -0.017664343401333705 
113 -0.03700245529521262 
114 0.10974791726948402 
115 -0.15478859349596436 
116 0.08447569462733333 
117 0.11876730639310498 
