2 0.005668173597323433 
3 -0.0013544114296468218 
4 0.000351139218354377 
5 -5.216855989167389e-05 
6 -1.7815877962768663e-05 
7 1.0451309301383012e-05 
8 -2.5810232135545658e-06 
9 1.0162147421294049e-07 
10 1.9859869357086338e-07 
11 -8.577601069165652e-08 
12 1.4382498628561567e-08 
13 2.7417487961303192e-09 
14 -2.695165122975947e-09 
15 1.0809611653359942e-09 
16 -4.777912995819933e-10 
17 4.0210959845880473e-10 
18 -4.2394900348005845e-10 
19 4.4991673658881405e-10 
20 -4.5404384103321606e-10 
21 4.5391913903761947e-10 
22 -4.5355130246241515e-10 
23 4.531069474444536e-10 
24 -4.531271276538694e-10 
25 4.532028763910581e-10 
26 -4.532643233396776e-10 
27 4.533855552923258e-10 
28 -4.534129747334172e-10 
29 4.531300902940104e-10 
30 -4.531021662164359e-10 
31 4.5322139920077617e-10 
32 -4.531896438698118e-10 
33 4.535251551763043e-10 
34 -4.553928212625046e-10 
35 4.5769790093641817e-10 
36 -4.452268050112641e-10 
37 3.6277261979715357e-10 
38 -6.099921217814354e-10 
39 8.336056224027764e-10 
40 -5.436355397821613e-10 
41 4.733079758188562e-10 
42 -4.572654421656777e-10 
43 4.543350676266547e-10 
44 -4.5356494415077387e-10 
45 4.5338630536207133e-10 
46 -4.5334259461390253e-10 
47 4.533660943599703e-10 
48 -4.533281881285407e-10 
49 4.5336239964542734e-10 
50 -4.53326891454976e-10 
51 4.533321554397539e-10 
52 -4.533224604663272e-10 
53 4.5333424984962796e-10 
54 -4.533421787041858e-10 
55 4.5335030448833425e-10 
56 -4.5322290219718305e-10 
57 4.5329397773232053e-10 
58 -4.534210376700632e-10 
59 4.5338191524064606e-10 
60 -4.5319711521367395e-10 
61 4.536055268808803e-10 
62 -4.534748070365298e-10 
63 4.534349765079454e-10 
64 -4.5383376810161736e-10 
65 4.535240094622348e-10 
66 -4.535802360105721e-10 
67 4.5301201499253454e-10 
68 -4.50538774368379e-10 
69 4.367570598711088e-10 
70 -4.5631370495042015e-10 
71 5.081640585759814e-10 
72 1.8935595165120186e-09 
73 -1.889874259929718e-09 
74 -4.956719605265699e-10 
75 4.833347967400204e-10 
76 -4.5598681173775127e-10 
77 4.497335096138479e-10 
78 -4.4253058681705177e-10 
79 5.029165635114226e-10 
80 -6.119223583674256e-10 
81 4.719508478619594e-10 
82 -4.561860329018049e-10 
83 4.533590341791227e-10 
84 -4.5353014429114334e-10 
85 4.53404815205238e-10 
86 -4.53323496760784e-10 
87 4.533088606705724e-10 
88 -4.5334811340933356e-10 
89 4.533384489696634e-10 
90 -4.53317934517398e-10 
91 4.5328512488701177e-10 
92 -4.53317022755874e-10 
93 4.533205364276574e-10 
94 -4.5332702455546684e-10 
95 4.5334392774411623e-10 
96 -4.5335438040534183e-10 
97 4.531929144909963e-10 
98 -4.5332772190088736e-10 
99 4.5331609060973044e-10 
100 -4.5332761428214025e-10 
101 4.533302418351096e-10 
102 -4.533211467323151e-10 
103 4.533168962278328e-10 
104 -4.532368723688614e-10 
105 4.531722752154603e-10 
106 -4.537980242027681e-10 
107 4.4847168718491535e-10 
108 -4.60175686558371e-10 
109 4.534360485201488e-10 
110 -4.5325919716871674e-10 
111 4.533236161456681e-10 
112 -4.5350972826149683e-10 
113 4.537635334877275e-10 
114 -4.5423919133867336e-10 
115 4.532643331865055e-10 
116 -4.4132699892570594e-10 
117 4.1427973063665396e-10 
118 -3.409423258378598e-10 
119 -3.7524525615310944e-11 
120 -1.794044800614203e-09 
121 5.098838960152987e-10 
122 -3.567251810037798e-10 
123 1.638191370542793e-09 
124 1.485999948253775e-10 
125 4.842472789388449e-10 
126 -4.660878349013595e-10 
127 4.6143799340420686e-10 
128 -4.5390299169291594e-10 
129 4.5391956864280694e-10 
130 -4.5151827062347695e-10 
131 4.5290378373531096e-10 
132 -4.532529567298151e-10 
133 4.5333427327479855e-10 
134 -4.533310220728046e-10 
135 4.533557320139527e-10 
136 -4.533600143103347e-10 
137 4.533797751359914e-10 
138 -4.531250663792066e-10 
139 4.5241781838905013e-10 
140 -4.5324855511450163e-10 
141 4.5331794378381613e-10 
142 -4.5330658824010714e-10 
143 4.5330440245867943e-10 
144 -4.533069241632811e-10 
145 4.5332632701289635e-10 
146 -4.5332858943501336e-10 
147 4.5333799470002375e-10 
148 -4.5332693504144983e-10 
149 4.533226399448509e-10 
150 -4.533430447088019e-10 
151 4.5340728847048914e-10 
152 -4.5322438185383674e-10 
153 4.531954038829814e-10 
154 -4.520300528486927e-10 
155 4.521492250770452e-10 
156 -4.6001138081426516e-10 
157 4.673498683582806e-10 
158 -5.023004536109669e-10 
159 -1.0912961257623363e-10 
160 -3.12434276832363e-10 
161 5.020929090860026e-10 
162 -4.659616888073327e-10 
163 4.558815348104838e-10 
164 -4.537408689178374e-10 
165 4.534273447373146e-10 
166 -4.532768321900642e-10 
167 4.532357577576398e-10 
168 -4.5331882426607266e-10 
169 4.53463852758033e-10 
170 -4.531115239950615e-10 
171 4.5327348646380124e-10 
172 -4.5332541755502843e-10 
173 4.533313048897099e-10 
174 -4.5332865840505997e-10 
175 4.533311972175464e-10 
176 -4.532772946139356e-10 
177 4.5321078972441964e-10 
178 -4.5273083932200836e-10 
179 4.5232244185025275e-10 
180 -4.560033312233744e-10 
181 4.737997688940019e-10 
182 -5.035580880804902e-10 
183 4.3013413729223836e-10 
184 1.739830243564512e-10 
185 -1.7930935285415741e-09 
186 1.8519667088412767e-09 
187 1.5259772178379278e-08 
188 -8.666893892068472e-08 
189 1.9955302465484543e-07 
190 1.006783964821444e-07 
191 -2.580236634155244e-06 
192 1.0450549566768493e-05 
193 -1.781534189084757e-05 
194 -5.216939069099294e-05 
195 0.0003511397147752549 
196 -0.0013544116407198203 
197 0.005668173727269523 
