-79.88715995803305 
-79.8878196347999 
-79.89324559374636 
-79.8940393607093 
-79.89413386303096 
-79.89459511484601 
-79.89459741875423 
-79.89459741875426 
-79.89459741875405 
-79.89459741875419 
-79.89459741875416 
-79.89459741879153 
-79.8945982979641 
-79.89460005892502 
-79.89460326102633 
-79.89460326102657 
-79.89472485242196 
-79.8985508175777 
-79.92983716091746 
-79.93677399513315 
-79.93721937876381 
-79.93905821527547 
-79.93927635365635 
-79.93927635365606 
-79.93927635365598 
-79.93927635365651 
-79.93927635365598 
-79.93927635511835 
-79.93927923835336 
-79.93928332505945 
-79.93929951259884 
-79.93932606209997 
-79.93934559893387 
-79.9393592910808 
-79.93935941652533 
-79.93935944662984 
-79.9393594466303 
-79.93935944663016 
-79.93935944663006 
-79.93935944663055 
-79.93935944663006 
-79.9393594466301 
-79.93935944663004 
-79.93935944663032 
-79.9393594466301 
-79.93935944663032 
-79.93935944665036 
-79.93935944665022 
-79.9393594818226 
-79.93935951577684 
-79.93935954547726 
-79.93935957940435 
-79.93935957940764 
-79.93935957940766 
-79.93935957940782 
-79.9393595794078 
-79.93935957940779 
-79.93935957940816 
-79.93935957940796 
-79.93935957940793 
-79.93935957940818 
-79.93935957940792 
-79.93935957944967 
-79.9393595795217 
-79.93935957958632 
-79.9393595796441 
-79.93935957964423 
-79.93935957964415 
-79.93935957964423 
-79.93935957964449 
-79.93935957964447 
-79.93935957964445 
-79.93935957964436 
-79.93935957964446 
-79.93935957964443 
-79.93935957964455 
-79.93935957964433 
-79.9393595796443 
-79.93935957964435 
-79.93935957964433 
-79.93935957964429 
-79.93935957964423 
-79.93935957964415 
-79.93935957964402 
-79.93935957964395 
-79.9393595796443 
-79.93935957964369 
-79.93935957964386 
-79.93935957964366 
-79.93935957964369 
-79.93935957964368 
-79.9393595796437 
-79.9393595796439 
-79.93935957964405 
-79.93935957964396 
-79.93935957964409 
-79.93935957964412 
-79.93935957964418 
-79.93935957964403 
-79.93935957964392 
-79.93935957964393 
-79.93935957964399 
-79.93935957964418 
-79.93935957964402 
-79.93935957964388 
-79.93935957964413 
-79.93935957964398 
-79.93935957964383 
-79.93935957964413 
-79.93935957964392 
-79.93935957964392 
-79.93935957964429 
-79.93935957964382 
-79.93935957964386 
-79.93935957964376 
-79.93935957964426 
-79.93935957964383 
-79.93935957964374 
-79.93935957964393 
-79.93935957964369 
-79.93935957964362 
