2 -0.9998354059319036 
3 0.9997980245613651 
4 -0.9997995380061108 
5 0.9997998434850875 
6 -0.9997998623060683 
7 0.9997998594862726 
8 -0.9997998594412877 
9 0.9997998594707374 
10 -0.999799859471725 
11 0.9997998594715396 
12 -0.999799859471533 
13 0.9997998594715335 
14 -0.9997998594715332 
15 0.9997998594715307 
16 -0.999799859471536 
17 0.9997998594715424 
18 -0.9997998594715333 
19 0.999799859471536 
20 -0.9997998594715339 
21 0.9997998594715327 
22 -0.9997998594715375 
23 0.9997998594715372 
24 -0.9997998594715337 
25 0.9997998594715343 
26 -0.9997998594715343 
27 0.9997998594715342 
28 -0.9997998594715349 
29 0.9997998594715377 
30 -0.9997998594715238 
31 0.9997998594713706 
32 -0.9997998594717871 
33 0.9997998594720156 
34 -0.999799859469048 
35 0.9997998594691598 
36 -0.9997998594715551 
37 0.9997998594715354 
38 -0.9997998594715337 
39 0.99979985947153 
40 -0.9997998594715247 
41 0.9997998594715493 
42 -0.9997998594715815 
43 0.9997998594717407 
44 -0.9997998594717408 
45 0.9997998594715364 
46 -0.9997998594715217 
47 0.9997998594715073 
48 -0.9997998594716437 
49 0.999799859471669 
50 -0.9997998594715735 
51 0.9997998594713454 
52 -0.9997998594712796 
53 0.9997998594739108 
54 -0.9997998594715293 
55 0.9997998594714229 
56 -0.9997998594705891 
57 0.9997998594707369 
58 -0.9997998594715827 
59 0.9997998594714318 
60 -0.9997998594714749 
61 0.9997998594715334 
62 -0.9997998594715385 
63 0.9997998594715318 
64 -0.9997998594715105 
65 0.9997998594715473 
66 -0.999799859471534 
67 0.9997998594715458 
68 -0.9997998594715337 
69 0.9997998594715333 
70 -0.9997998594715385 
71 0.9997998594715339 
72 -0.999799859471532 
73 0.9997998594715365 
74 -0.9997998594715755 
75 0.9997998594715509 
76 -0.9997998594715332 
77 0.9997998594715356 
78 -0.9997998594715315 
79 0.9997998594715313 
80 -0.9997998594715315 
81 0.9997998594715368 
82 -0.9997998594715474 
83 0.9997998594715459 
84 -0.9997998594715344 
85 0.9997998594715328 
86 -0.9997998594715343 
87 0.9997998594715374 
88 -0.9997998594714755 
89 0.9997998594716556 
90 -0.9997998594715318 
91 0.999799859471493 
92 -0.9997998594715413 
93 0.9997998594715579 
94 -0.9997998594715429 
95 0.9997998594715322 
96 -0.9997998594715334 
97 0.9997998594715352 
98 -0.9997998594715355 
99 0.9997998594715106 
100 -0.9997998594714991 
101 0.9997998594716834 
102 -0.999799859471535 
103 0.9997998594715173 
104 -0.9997998594715358 
105 0.9997998594715577 
106 -0.9997998594715078 
107 0.999799859471554 
108 -0.999799859471691 
109 0.9997998594712897 
110 -0.9997998594715299 
111 0.9997998594715871 
112 -0.9997998594714596 
113 0.9997998594710724 
114 -0.9997998594715315 
115 0.9997998594715903 
116 -0.9997998594718137 
117 0.9997998594712435 
118 -0.9997998594715319 
119 0.9997998594715654 
120 -0.9997998594715325 
121 0.9997998594715397 
122 -0.9997998594715317 
123 0.9997998594715312 
124 -0.9997998594715517 
125 0.9997998594715646 
126 -0.9997998594715308 
127 0.9997998594715252 
128 -0.9997998594715417 
129 0.9997998594715517 
130 -0.9997998594715582 
131 0.9997998594714246 
132 -0.999799859470999 
133 0.9997998594715355 
134 -0.999799859471532 
135 0.9997998594715426 
136 -0.9997998594715318 
137 0.9997998594715393 
138 -0.9997998594715374 
139 0.9997998594714766 
140 -0.9997998594715296 
141 0.9997998594715245 
142 -0.999799859471534 
143 0.9997998594715334 
144 -0.9997998594715343 
145 0.9997998594715354 
146 -0.999799859471534 
147 0.999799859471533 
148 -0.9997998594715335 
149 0.9997998594715337 
150 -0.999799859471533 
151 0.9997998594715343 
152 -0.9997998594715377 
153 0.99979985947154 
154 -0.9997998594714682 
155 0.9997998594710272 
156 -0.999799859472505 
157 0.9997998594720111 
158 -0.9997998594576489 
159 0.9997998594609656 
160 -0.9997998594716516 
161 0.9997998594715557 
162 -0.999799859471557 
163 0.9997998594715333 
164 -0.9997998594715336 
165 0.999799859471534 
166 -0.9997998594715346 
167 0.9997998594715298 
168 -0.9997998594715174 
169 0.9997998594715402 
170 -0.9997998594715894 
171 0.9997998594715786 
172 -0.9997998594715392 
173 0.9997998594715308 
174 -0.9997998594715325 
175 0.999799859471612 
176 -0.9997998594717181 
177 0.9997998594710182 
178 -0.9997998594693897 
179 0.9997998594753678 
180 -0.9997998594852638 
181 0.9997998594717148 
182 -0.9997998594715636 
183 0.9997998594715226 
184 -0.9997998594715277 
185 0.9997998594715584 
186 -0.9997998594715857 
187 0.9997998594715498 
188 -0.9997998594714594 
189 0.9997998594716977 
190 -0.9997998594709134 
191 0.9997998594460491 
192 -0.9997998595365999 
193 0.9997998622897599 
194 -0.9997998437086729 
195 0.9997995380459049 
196 -0.9997980245615449 
197 0.9998354059704707 
