2 -0.9098581073381464 
3 0.9047674759542462 
4 -0.9025125457364717 
5 0.9019292562069233 
6 -0.9017952477557307 
7 0.9017799657847753 
8 -0.9017871779897421 
9 0.9017934491650149 
10 -0.9017965670824085 
11 0.9017977821321534 
12 -0.9017981697439713 
13 0.9017982655909045 
14 -0.9017982778911663 
15 0.901798273252941 
16 -0.901798268610023 
17 0.9017982662560389 
18 -0.9017982653682379 
19 0.9017982651261696 
20 -0.901798265104335 
21 0.9017982651347651 
22 -0.9017982651657444 
23 0.9017982651868466 
24 -0.9017982651994728 
25 0.901798265206646 
26 -0.9017982652105736 
27 0.9017982652127345 
28 -0.9017982652139926 
29 0.9017982652146755 
30 -0.9017982652151142 
31 0.901798265215308 
32 -0.9017982652154277 
33 0.9017982652154383 
34 -0.9017982652155369 
35 0.9017982652156 
36 -0.9017982652155389 
37 0.9017982652155321 
38 -0.9017982652155376 
39 0.9017982652155399 
40 -0.9017982652155642 
41 0.901798265215606 
42 -0.9017982652155493 
43 0.9017982652153356 
44 -0.9017982652154883 
45 0.9017982652391207 
46 -0.90179826520907 
47 0.9017982651638761 
48 -0.9017982651862374 
49 0.9017982651762636 
50 -0.9017982651938856 
51 0.90179826515193 
52 -0.9017982651881169 
53 0.9017982652018415 
54 -0.9017982651830774 
55 0.9017982651494799 
56 -0.9017982652032052 
57 0.9017982651918792 
58 -0.9017982652007287 
59 0.9017982651833997 
60 -0.9017982651987324 
61 0.9017982652260551 
62 -0.901798265222856 
63 0.9017982650225731 
64 -0.9017982641506253 
65 0.9017982647329676 
66 -0.9017982652652823 
67 0.9017982653108002 
68 -0.9017982652359038 
69 0.901798265610433 
70 -0.9017982648587093 
71 0.9017982652346017 
72 -0.9017982657205157 
73 0.9017982656886723 
74 -0.9017982654467598 
75 0.9017982654609399 
76 -0.9017982652482126 
77 0.9017982650648961 
78 -0.9017982650458235 
79 0.9017982651347237 
80 -0.9017982651872352 
81 0.9017982652708378 
82 -0.9017982652364311 
83 0.9017982652568761 
84 -0.9017982660416097 
85 0.9017982643133604 
86 -0.9017982611235364 
87 0.9017982661958412 
88 -0.9017982673539976 
89 0.9017982658670983 
90 -0.9017982645347895 
91 0.901798264247404 
92 -0.9017982645111791 
93 0.9017982648486249 
94 -0.9017982650830394 
95 0.901798265205048 
96 -0.9017982652518147 
97 0.9017982652584112 
98 -0.9017982652496365 
99 0.9017982652496398 
100 -0.9017982653183416 
101 0.9017982655972443 
102 -0.9017982665365465 
103 0.9017982688037716 
104 -0.9017982731505723 
105 0.9017982774058825 
106 -0.9017982650489152 
107 0.9017981694464339 
108 -0.9017977821327536 
109 0.9017965670769148 
110 -0.9017934491615534 
111 0.9017871779895237 
112 -0.9017799657825145 
113 0.9017952477542059 
114 -0.9019292562063395 
115 0.9025125457360442 
116 -0.9047674759540788 
117 0.9098581073382521 
