2 -0.39923470573533154 
3 -0.4062864776876498 
4 -0.4090313970281651 
5 -0.409498060295745 
6 -0.4095588968590343 
7 -0.409543064853915 
8 -0.4095253417604988 
9 -0.40951649891869324 
10 -0.40951304949194883 
11 -0.40951194374996025 
12 -0.4095116665924279 
13 -0.40951162730245455 
14 -0.4095116371193897 
15 -0.409511648747578 
16 -0.4095116550282875 
17 -0.4095116575178868 
18 -0.40951165828362623 
19 -0.40951165843287357 
20 -0.4095116584136918 
21 -0.4095116583711027 
22 -0.40951165833908715 
23 -0.4095116583199924 
24 -0.4095116583094529 
25 -0.40951165830373154 
26 -0.40951165830074643 
27 -0.4095116582991424 
28 -0.40951165829813185 
29 -0.40951165829765895 
30 -0.40951165829730246 
31 -0.40951165829718433 
32 -0.4095116582970844 
33 -0.40951165829715097 
34 -0.4095116582969886 
35 -0.4095116582968821 
36 -0.4095116582970094 
37 -0.4095116582970002 
38 -0.4095116582969951 
39 -0.409511658297014 
40 -0.4095116582969925 
41 -0.40951165829689573 
42 -0.4095116582970204 
43 -0.4095116582974133 
44 -0.4095116582916504 
45 -0.4095116582215407 
46 -0.4095116582852331 
47 -0.40951165839485315 
48 -0.40951165833325587 
49 -0.40951165833706593 
50 -0.40951165829877967 
51 -0.40951165840513426 
52 -0.40951165833367786 
53 -0.4095116583208834 
54 -0.40951165835876846 
55 -0.40951165841146964 
56 -0.4095116582829941 
57 -0.4095116583116081 
58 -0.40951165829484126 
59 -0.409511658341291 
60 -0.40951165831733705 
61 -0.4095116582754438 
62 -0.4095116583227306 
63 -0.4095116586500195 
64 -0.40951166050704035 
65 -0.4095116595459505 
66 -0.40951165827513525 
67 -0.40951165791152955 
68 -0.4095116580395312 
69 -0.4095116569241879 
70 -0.40951165873257955 
71 -0.4095116582560311 
72 -0.4095116576890512 
73 -0.4095116579030101 
74 -0.4095116582237789 
75 -0.4095116578559718 
76 -0.40951165817546675 
77 -0.40951165856243055 
78 -0.40951165846351884 
79 -0.40951165825510044 
80 -0.40951165828315034 
81 -0.4095116583004375 
82 -0.4095116583679736 
83 -0.4095116582975089 
84 -0.4095116565460261 
85 -0.40951165914017196 
86 -0.40951166618038487 
87 -0.40951165699472064 
88 -0.4095116558917957 
89 -0.4095116576557349 
90 -0.40951165915948295 
91 -0.40951165942059203 
92 -0.40951165909530735 
93 -0.40951165872528655 
94 -0.4095116584773495 
95 -0.4095116583470958 
96 -0.40951165829265257 
97 -0.4095116582795917 
98 -0.40951165828594865 
99 -0.4095116582993398 
100 -0.40951165826214453 
101 -0.4095116580889207 
102 -0.4095116572413672 
103 -0.4095116548490249 
104 -0.40951164891897757 
105 -0.40951163780489636 
106 -0.40951162819195724 
107 -0.40951166731444805 
108 -0.40951194380583983 
109 -0.4095130494956374 
110 -0.40951649892259695 
111 -0.4095253417571277 
112 -0.40954306485591463 
113 -0.40955889686045477 
114 -0.4094980602962217 
115 -0.4090313970290847 
116 -0.40628647768754667 
117 -0.3992347057348553 
