-14814.596379218223 
-14816.270056123634 
-14818.261782923377 
-14818.578971850302 
-14819.73325472067 
-14821.594348182085 
-14822.2398578392 
-14823.078166987614 
-14825.171961403305 
-14826.447971158652 
-14826.818865776135 
-14828.747453422508 
-14830.298548552071 
-14830.623846753422 
-14832.092042161274 
-14834.14369501041 
-14834.626833437642 
-14835.86108126784 
-14837.765291441798 
-14838.749085313448 
-14839.211954689234 
-14841.196323556442 
-14842.552408976948 
-14842.859829051942 
-14844.50233097677 
-14846.383413185187 
-14846.757833861586 
-14848.337682729236 
-14850.089793644254 
-14850.85821430367 
-14851.438803017081 
-14853.447873789193 
-14854.63892447512 
-14854.957344140674 
-14856.694752011625 
-14858.391861683152 
-14858.701787441352 
-14860.522043618079 
-14862.130958617023 
-14862.773623564035 
-14863.502465854923 
-14865.473049104656 
-14866.573766845822 
-14866.925739994369 
-14868.604033703214 
-14870.180877468993 
-14870.487915676551 
-14872.333963008168 
-14874.030631565618 
-14874.596075840305 
-14875.444536871768 
-14877.629813267542 
-14879.167919425285 
-14879.81313906087 
-14882.284038938933 
-14884.558152989308 
-14886.595907214758 
-14886.59590721479 
-14886.59590721479 
-14886.595907214816 
-14886.595907214785 
-14886.670038685728 
-14886.741537319911 
-14886.807111861433 
-14886.858403031207 
-14886.953403946252 
-14887.054197502146 
-14887.117435367734 
-14887.20683602084 
-14887.30531079865 
-14887.391454658746 
-14887.467981277112 
-14887.566674379434 
-14887.64156715265 
-14887.717091808463 
-14887.820579235195 
-14887.910713778458 
-14887.983213660533 
-14888.08403364799 
-14888.192328417737 
-14888.27074751216 
-14888.352056700505 
-14888.473567589604 
-14888.553787040217 
-14888.644038558508 
-14888.77453134134 
-14888.866904939427 
-14888.947017851076 
-14889.06545014848 
-14889.178613556134 
-14889.26202166879 
-14889.362644867235 
-14889.493257352397 
-14889.584769056073 
-14889.68143975396 
-14889.824226980916 
-14889.915242526742 
-14889.998523695838 
-14890.133096176729 
-14890.248657092803 
-14890.337137951405 
-14890.46204248953 
-14890.598292400991 
-14890.705336662182 
-14890.805729593243 
-14890.94634956575 
-14891.037166862858 
-14891.117485925968 
-14891.25802743911 
-14891.364041157829 
-14891.448719900001 
-14891.569790603331 
-14891.659010863912 
-14891.749352730154 
-14891.80756503916 
-14891.807565039166 
-14892.289200083527 
-14894.286442374076 
-14895.898342056926 
-14896.201459528997 
-14897.90412314227 
-14899.50831605045 
-14899.937394939085 
-14901.311386363615 
-14903.170050242637 
-14904.064153521374 
-14904.548298590402 
-14906.485805046857 
-14907.785996921502 
-14908.095947850457 
-14909.871876513424 
-14911.667571234846 
-14912.025125791048 
-14913.63684721995 
-14915.382727554746 
-14916.139585390167 
-14916.692214789775 
-14918.653756015112 
-14919.837586858335 
-14920.147202794913 
-14921.968937640691 
-14923.685180816625 
-14923.994324572608 
-14925.83012457861 
-14927.486062222546 
-14928.12766814052 
-14928.782532697587 
-14930.76129693373 
-14931.840735311464 
-14932.170277894777 
-14934.004563707053 
-14935.603443286374 
-14935.88317126759 
-14937.86747009385 
-14939.417140559792 
-14939.988688992551 
-14940.774934425039 
-14942.714370196096 
-14943.743005975131 
-14944.105464983684 
-14945.825956893032 
-14947.363861122623 
-14947.661335472003 
-14949.598461212872 
-14951.2542703454 
-14951.780656284214 
-14952.672147741961 
-14954.827387878095 
-14956.302769742535 
-14956.968706781698 
-14959.429505725122 
-14961.7045282114 
-14963.723018374063 
-14963.723018374098 
-14963.723018374005 
-14963.723018374101 
-14963.723018374052 
-14963.796868178597 
-14963.868913679751 
-14963.933503327975 
-14963.985233332576 
-14964.079313350237 
-14964.180778325255 
-14964.244693594375 
-14964.330945668602 
-14964.429040939982 
-14964.512837625409 
-14964.588145926878 
-14964.686507320825 
-14964.760392833876 
-14964.836670300225 
-14964.935748293865 
-14965.027651548626 
-14965.099661997006 
-14965.192973031975 
-14965.30168849789 
-14965.376361715684 
-14965.450323539306 
-14965.569913817562 
-14965.645801224877 
-14965.736261467351 
-14965.857525892521 
-14965.95188795695 
-14966.030847815311 
-14966.134284916983 
-14966.246952434178 
-14966.326591079333 
-14966.410854948812 
-14966.538289612903 
-14966.619824403328 
-14966.7158694682 
-14966.847545661447 
-14966.940769431554 
-14967.023221438207 
-14967.133545007648 
-14967.249760833029 
-14967.334325925382 
-14967.429911713749 
-14967.565520454487 
-14967.65305980815 
-14967.753500731824 
-14967.895139968297 
-14967.989069413557 
-14968.075581978455 
-14968.205213286048 
-14968.33040681475 
-14968.422309835514 
-14968.545765895376 
-14968.676877490636 
-14968.772549539106 
-14968.868087778515 
-14969.084703887904 
-14969.21530665204 
-14969.484660577831 
-14969.512905424897 
-14969.548473608376 
-14969.579188902593 
-14969.60183790149 
-14969.630774655609 
-14969.661939492333 
-14969.681065000037 
-14969.70919052426 
-14969.736293531838 
-14969.756288660757 
-14969.778666758133 
-14969.804503316655 
-14969.827427821923 
-14969.846586924397 
-14969.874119848482 
-14969.902801903158 
-14969.922106262002 
-14969.949436409303 
-14969.97699204742 
-14969.99527806878 
-14970.019671106278 
-14970.045931942032 
-14970.066665949033 
-14970.087174566415 
-14970.115996572806 
-14970.142812604901 
-14970.162220636992 
-14970.189684971812 
-14970.217494288838 
-14970.23465889135 
-14970.261202663907 
-14970.287067677305 
-14970.305882943821 
-14970.326945998699 
-14970.354980495891 
-14970.37768539074 
-14970.396948685493 
-14970.422075760653 
-14970.446743285727 
-14970.462942082911 
-14970.487477109613 
-14970.509072247725 
-14970.525264043314 
-14970.546416325833 
-14970.571346674215 
-14970.591016482655 
-14970.614665950394 
-14970.644782009478 
-14970.670577284543 
-14970.696172343414 
-14970.716265037774 
-14970.7368380156 
-14970.746896841893 
-14970.74689684187 
-14970.746896841883 
-14970.746896841887 
-14970.74689684185 
-14970.746896841894 
-14970.746896841909 
-14970.746896841889 
-14970.74689684191 
-14970.746989213669 
-14970.747305153654 
-14970.747790156342 
-14970.748834010103 
-14970.750357883093 
-14970.752652840187 
-14970.755061503824 
-14970.757644253266 
-14970.761135778417 
-14970.765144457178 
-14970.768359250967 
-14970.771926816411 
-14970.77612127597 
-14970.77959467647 
-14970.782985826196 
-14970.787520051028 
-14970.791624589165 
-14970.795477319689 
-14970.80020420386 
-14970.805094450543 
-14970.809007504791 
-14970.813316303565 
-14970.818039614138 
-14970.82188540154 
-14970.82579338854 
-14970.830968659213 
-14970.835296448875 
-14970.839657657118 
-14970.845133289675 
-14970.85010760329 
-14970.854247837415 
-14970.859112310864 
-14970.86398879497 
-14970.867988339432 
-14970.872215313462 
-14970.877589088244 
-14970.881773361833 
-14970.886292820094 
-14970.89217245691 
-14970.896749173862 
-14970.900993277055 
-14970.905842054035 
-14970.910463545266 
-14970.914196304315 
-14970.91805062594 
-14970.922465204394 
-14970.925745737111 
-14970.929047566766 
-14970.9327865514 
-14970.935217963235 
-14970.936982727506 
-14970.93844661243 
-14970.938446612463 
-14970.9608470154 
-14970.978482942368 
-14971.000906177942 
-14971.032393794863 
-14971.054833667105 
-14971.07700763427 
-14971.107715542681 
-14971.138930720823 
-14971.159448770717 
-14971.191068835267 
-14971.22269072021 
-14971.241882225722 
-14971.269549693685 
-14971.300953004727 
-14971.323712743497 
-14971.346282375318 
-14971.380939602377 
-14971.411210443524 
-14971.432732218213 
-14971.465037851836 
-14971.497234618875 
-14971.515957006544 
-14971.546286609324 
-14971.5779330377 
-14971.599381279075 
-14971.622478613057 
-14971.657138728091 
-14971.68490158031 
-14971.706468987353 
-14971.737125251437 
-14971.767444325624 
-14971.78535725519 
-14971.815837346961 
-14971.844786749236 
-14971.864036403284 
-14971.886637667567 
-14971.918087892938 
-14971.941138632823 
-14971.962151969725 
-14971.989040674163 
-14972.014556299262 
-14972.031619827325 
-14972.058335044178 
-14972.081492727655 
-14972.098136740107 
-14972.121413353834 
-14972.148932817823 
-14972.169305098409 
-14972.194690370112 
-14972.227798644402 
-14972.255030300526 
-14972.282432288644 
-14972.30394765673 
-14972.326069674502 
-14972.336728173754 
-14972.336728173737 
-14972.336728173757 
-14972.336728173745 
-14972.336728173746 
-14972.336728173746 
-14972.336728173756 
-14972.336728173743 
-14972.336728173766 
-14972.336822308878 
-14972.337151148015 
-14972.337653545294 
-14972.338720851618 
-14972.340274206526 
-14972.34266436754 
-14972.34516967302 
-14972.347787407287 
-14972.35142767881 
-14972.355702335215 
-14972.35911708963 
-14972.362806156858 
-14972.367410178982 
-14972.371095572315 
-14972.374601586322 
-14972.379328137064 
-14972.38367213412 
-14972.387539993724 
-14972.392571953114 
-14972.397778672848 
-14972.40184832938 
-14972.406216170637 
-14972.411490007069 
-14972.415436073848 
-14972.419435630645 
-14972.424973536412 
-14972.4295115444 
-14972.43379773257 
-14972.439857990526 
-14972.445454193761 
-14972.449706776977 
-14972.45478535499 
-14972.460819661554 
-14972.46492004519 
-14972.469520973078 
-14972.476119567558 
-14972.480848624242 
-14972.485640888483 
-14972.493074929662 
-14972.499068827838 
-14972.503783385762 
-14972.509912938578 
-14972.516799543871 
-14972.521264608691 
-14972.526777514262 
-14972.534907636533 
-14972.54003778118 
-14972.545989126089 
-14972.554977536789 
-14972.562080552389 
-14972.568271003674 
-14972.577087172756 
-14972.587380098694 
-14972.595694075562 
-14972.615501092216 
-14972.618056615696 
-14972.620793816412 
-14972.622989929454 
-14972.624638316385 
-14972.626305448122 
-14972.628111369995 
-14972.629435419369 
-14972.630699663197 
-14972.63233745843 
-14972.633625515426 
-14972.634802582079 
-14972.636246633547 
-14972.637531863542 
-14972.63860262799 
-14972.639986626808 
-14972.641349462681 
-14972.642531752459 
-14972.643732010109 
-14972.645161829196 
-14972.646323152654 
-14972.647413305302 
-14972.64884045167 
-14972.649964287875 
-14972.651029866784 
-14972.652385856318 
-14972.653644475706 
-14972.654776729154 
-14972.656011202622 
-14972.657336573986 
-14972.658426396154 
-14972.659484738608 
-14972.660823318047 
-14972.66185353475 
-14972.662859719898 
-14972.664239607358 
-14972.665404706933 
-14972.666440607069 
-14972.667653124143 
-14972.668799065012 
-14972.669770574345 
-14972.67074780352 
-14972.6718537227 
-14972.672626478576 
-14972.673330682901 
-14972.674022526833 
-14972.674507664291 
-14972.674863769662 
-14972.675063815062 
-14972.675146594862 
-14972.67517564052 
-14972.675182326098 
-14972.675182271509 
-14972.675182271492 
-14972.67518227151 
-14972.675182271498 
-14972.675182271585 
-14972.675182271463 
-14972.675182271598 
-14972.675182271489 
-14972.675182271469 
-14972.675182271456 
-14972.675182271452 
-14972.67518232604 
-14972.675182682926 
-14972.675183258461 
-14972.6751845015 
-14972.675186363202 
-14972.675188926245 
-14972.675193235904 
-14972.675200006834 
-14972.67520899601 
-14972.675221054202 
-14972.675239849848 
-14972.675263759455 
-14972.675291885376 
-14972.675327191759 
-14972.67537323973 
-14972.675424193778 
-14972.67547984705 
-14972.675548228044 
-14972.675620302936 
-14972.675694874673 
-14972.675778161367 
-14972.67586376561 
-14972.675955998784 
-14972.676048856883 
-14972.676150468538 
-14972.676257738849 
-14972.676358437207 
-14972.676471352934 
-14972.676579033463 
-14972.676679039152 
-14972.676793471928 
-14972.676903747024 
-14972.677010760584 
-14972.677121491586 
-14972.677230388339 
-14972.677346299586 
-14972.677453652619 
-14972.677565975338 
-14972.677671008905 
-14972.677764438811 
-14972.677867568967 
-14972.677966685314 
-14972.678057914087 
-14972.678152121805 
-14972.678235768597 
-14972.678314429453 
-14972.678388838827 
-14972.678454202709 
-14972.678514184281 
-14972.678561188364 
-14972.678607763371 
-14972.678628328687 
-14972.679174687692 
-14972.679784680104 
-14972.680482523336 
-14972.681358045404 
-14972.682154279535 
-14972.682956045906 
-14972.683868644834 
-14972.684783447183 
-14972.685615869235 
-14972.686479124623 
-14972.687366048744 
-14972.688160528349 
-14972.68893523022 
-14972.689882120214 
-14972.690687954062 
-14972.691454856049 
-14972.692393835036 
-14972.693302577614 
-14972.694134603966 
-14972.695031176074 
-14972.695964244025 
-14972.696782835766 
-14972.69758503423 
-14972.698549816861 
-14972.699361340561 
-14972.70016791829 
-14972.701193105837 
-14972.702111792447 
-14972.702973335703 
-14972.703921729457 
-14972.704879032612 
-14972.705730527798 
-14972.706578133559 
-14972.707582064948 
-14972.70841363006 
-14972.709259950841 
-14972.710378002084 
-14972.711310452642 
-14972.712176224602 
-14972.713199579666 
-14972.714132431209 
-14972.714949799589 
-14972.715793858613 
-14972.716689074025 
-14972.717346165497 
-14972.71794819871 
-14972.718509647522 
-14972.718899480524 
-14972.71918875892 
-14972.719353104178 
-14972.719421171503 
-14972.719445032444 
-14972.719450784682 
-14972.719450729652 
-14972.719450729677 
-14972.719450729717 
-14972.719450729723 
-14972.719450729768 
-14972.719450729668 
-14972.719450729752 
-14972.719450729743 
-14972.719450729715 
-14972.719450729668 
-14972.719450729639 
-14972.719450784693 
-14972.719451144523 
-14972.719451724633 
-14972.719452977588 
-14972.719454840333 
-14972.719457345082 
-14972.719461518125 
-14972.719467907236 
-14972.71947638753 
-14972.719487626086 
-14972.719504825176 
-14972.719527520358 
-14972.719553533487 
-14972.719586068235 
-14972.719628378927 
-14972.719675024679 
-14972.719725286992 
-14972.71978696148 
-14972.719853174987 
-14972.719920574618 
-14972.719994812498 
-14972.72007329246 
-14972.720155775953 
-14972.720238017575 
-14972.720329233316 
-14972.720421082788 
-14972.720510080208 
-14972.720610039883 
-14972.720706103073 
-14972.720797127182 
-14972.720897029618 
-14972.720995765016 
-14972.721091407246 
-14972.721187139716 
-14972.721287793187 
-14972.7213896745 
-14972.721489316576 
-14972.721597765652 
-14972.721699059402 
-14972.721795573534 
-14972.721901940738 
-14972.722006342878 
-14972.722107037029 
-14972.722211764445 
-14972.722318705999 
-14972.722427808672 
-14972.722539847078 
-14972.722661484351 
-14972.722779741593 
-14972.722895754001 
-14972.723031178486 
-14972.723169361574 
-14972.723314338562 
-14972.723472067897 
-14972.723575615999 
-14972.723654623454 
-14972.72371288378 
-14972.723761099236 
-14972.723802681006 
-14972.72383804013 
-14972.723868487423 
-14972.723897001777 
-14972.723924594491 
-14972.723949604882 
-14972.723973837548 
-14972.723998031415 
-14972.724019896557 
-14972.724041548448 
-14972.724063443668 
-14972.724084528798 
-14972.72410545757 
-14972.724127249288 
-14972.724148163059 
-14972.724168133733 
-14972.72418830761 
-14972.724208533113 
-14972.724227697854 
-14972.72424641451 
-14972.724265092329 
-14972.7242833068 
-14972.724301255741 
-14972.724318955265 
-14972.724335854742 
-14972.724351437764 
-14972.724366632368 
-14972.72438016223 
-14972.724392398775 
-14972.72440363416 
-14972.724413065414 
-14972.72442155227 
-14972.724428740703 
-14972.724434296772 
-14972.724438739933 
-14972.72444235739 
-14972.724444336083 
-14972.724444899402 
-14972.724445563577 
-14972.72444530752 
-14972.724443951975 
-14972.724442465915 
-14972.724441224105 
-14972.724439786143 
-14972.724438589132 
-14972.724438016026 
-14972.724437646135 
-14972.724437588913 
-14972.724437588917 
-14972.724437588915 
-14972.724437588931 
-14972.724437588933 
-14972.72443758887 
-14972.72443758895 
-14972.724437588937 
-14972.724437588946 
-14972.724437588937 
-14972.724437588948 
-14972.724437646159 
-14972.724438016305 
-14972.724438592737 
-14972.724439805284 
-14972.724441294797 
-14972.724442670102 
-14972.724444446178 
-14972.724446400212 
-14972.724447757815 
-14972.724448573035 
-14972.724450139287 
-14972.724451252614 
-14972.72445167259 
-14972.724452440454 
-14972.724453547946 
-14972.72445413486 
-14972.724454860107 
-14972.724456067326 
-14972.72445707875 
-14972.724458231512 
-14972.72445948442 
-14972.72446105684 
-14972.724462620103 
-14972.724464045852 
-14972.724466280997 
-14972.724468093751 
-14972.724469981387 
-14972.724472514787 
-14972.724474852363 
-14972.724477080517 
-14972.724479597462 
-14972.724482358053 
-14972.724484978777 
-14972.72448747294 
-14972.724490437931 
-14972.724493244603 
-14972.724495745597 
-14972.72449879587 
-14972.724501649045 
-14972.724504137015 
-14972.724507088014 
-14972.724510000124 
-14972.724512465782 
-14972.724515291622 
-14972.724518128392 
-14972.724520801228 
-14972.72452332996 
-14972.724526181499 
-14972.724529103374 
-14972.724531893871 
-14972.724535737332 
-14972.724540249428 
-14972.7245469553 
-14972.72455638686 
-14972.72456746359 
-14972.724579821968 
-14972.724592508743 
-14972.724606295176 
-14972.724620564091 
-14972.724634418353 
-14972.724648933627 
-14972.724663554427 
-14972.724677449496 
-14972.72469227148 
-14972.724706423818 
-14972.724720826896 
-14972.724735264625 
-14972.7247498131 
-14972.72476475792 
-14972.724779436801 
-14972.72479451679 
-14972.724810192229 
-14972.724824727846 
-14972.724839552622 
-14972.724854461363 
-14972.724869353116 
-14972.72488448972 
-14972.724899031089 
-14972.724913538726 
-14972.724928259084 
-14972.7249427438 
-14972.724956881553 
-14972.724970534173 
-14972.724983513905 
-14972.724996231047 
-14972.725007379064 
-14972.725017821194 
-14972.725027335004 
-14972.72503522176 
-14972.725042501257 
-14972.725048621172 
-14972.7250531997 
-14972.725056949641 
-14972.725060015022 
-14972.725061570378 
-14972.725061769557 
-14972.72506218936 
-14972.725061737316 
-14972.72506024696 
-14972.725058694366 
-14972.725057416203 
-14972.725055962597 
-14972.725054760445 
-14972.725054186 
-14972.725053816059 
-14972.725053758804 
-14972.72505375881 
-14972.725053758819 
-14972.725053758815 
-14972.725053758795 
-14972.725053758768 
-14972.725053758799 
-14972.725053758822 
-14972.725053758808 
-14972.725053758799 
-14972.725053758792 
-14972.725053816006 
-14972.725054186147 
-14972.72505476277 
-14972.725055975778 
-14972.725057465645 
-14972.725058841917 
-14972.725060619983 
-14972.725062575102 
-14972.725063930404 
-14972.725064746704 
-14972.725066309098 
-14972.725067413654 
-14972.725067835694 
-14972.725068585965 
-14972.7250696848 
-14972.725070260327 
-14972.725070970431 
-14972.725072150593 
-14972.725073128915 
-14972.725074256097 
-14972.72507545623 
-14972.72507697402 
-14972.725078484233 
-14972.725079815142 
-14972.725081960516 
-14972.725083658685 
-14972.725085418462 
-14972.725087810686 
-14972.725089990783 
-14972.725092120354 
-14972.725094484924 
-14972.725097071661 
-14972.725099532085 
-14972.72510186288 
-14972.72510458223 
-14972.725107199192 
-14972.725109499615 
-14972.725112382785 
-14972.725115106394 
-14972.725117570082 
-14972.725120429508 
-14972.725123255188 
-14972.725125755122 
-14972.725128525906 
-14972.725131365232 
-14972.725134252036 
-14972.72513682975 
-14972.725139717766 
-14972.725142633039 
-14972.725145233895 
-14972.72514839093 
-14972.725151250364 
-14972.725153890922 
-14972.725156735394 
-14972.725159095171 
-14972.725160888696 
-14972.72516263312 
-14972.72516398313 
-14972.725165269994 
-14972.725166346041 
-14972.725167146462 
-14972.725168021789 
-14972.72516865168 
-14972.725169523794 
-14972.725170148182 
-14972.725170550773 
-14972.725171271528 
-14972.725171762471 
-14972.725172088456 
-14972.725172712071 
-14972.725173035678 
-14972.725173458477 
-14972.725173841152 
-14972.725174045083 
-14972.725174286412 
-14972.725174423971 
-14972.72517465295 
-14972.725174850784 
-14972.72517462926 
-14972.725174777106 
-14972.725174892277 
-14972.725174483361 
-14972.725174501604 
-14972.725174235538 
-14972.725173891564 
-14972.725173498013 
-14972.725173062816 
-14972.725172656863 
-14972.725171855594 
-14972.725171428025 
-14972.725171042242 
-14972.725170115236 
-14972.725169381654 
-14972.725168975561 
-14972.725167871378 
-14972.725166248823 
-14972.725165380176 
-14972.725163984973 
-14972.725161982868 
-14972.725160168402 
-14972.725158774338 
-14972.72515727445 
-14972.725156056018 
-14972.725155477392 
-14972.725155106695 
-14972.725155049398 
-14972.725155049391 
-14972.725155049422 
-14972.725155049437 
-14972.725155049418 
-14972.72515504938 
-14972.72515504943 
-14972.725155049424 
-14972.725155049406 
-14972.72515504937 
-14972.725155049364 
-14972.72515510666 
-14972.725155477361 
-14972.725156055985 
-14972.72515727442 
-14972.725158773563 
-14972.72516016793 
-14972.72516198204 
-14972.725163981591 
-14972.725165378486 
-14972.725166240532 
-14972.72516786817 
-14972.725168979005 
-14972.725169397308 
-14972.725170161964 
-14972.725171113016 
-14972.72517155658 
-14972.725172077688 
-14972.725172970673 
-14972.72517352697 
-14972.725174174775 
-14972.72517479022 
-14972.725175407279 
-14972.7251760233 
-14972.725176397988 
-14972.725177190097 
-14972.72517754384 
-14972.725177910243 
-14972.725178616764 
-14972.725178961173 
-14972.725179406209 
-14972.72517983023 
-14972.725180229047 
-14972.72518074564 
-14972.72518102784 
-14972.725181287078 
-14972.725181777249 
-14972.725181921325 
-14972.725182332977 
-14972.725182624743 
-14972.725182793458 
-14972.725183198478 
-14972.725183415909 
-14972.725183540762 
-14972.725183814799 
-14972.72518391702 
-14972.725184307423 
-14972.725184391018 
-14972.725184393306 
-14972.725184681245 
-14972.725184681727 
-14972.725185044374 
-14972.725185208077 
-14972.725185362737 
-14972.725185726144 
-14972.72518609998 
-14972.725186311789 
-14972.7251867672 
-14972.72518710136 
-14972.72518763123 
-14972.725188055896 
-14972.72518833551 
-14972.72518881507 
-14972.725189029594 
-14972.725189590697 
-14972.725189937713 
-14972.725190116586 
-14972.725190617579 
-14972.725190917865 
-14972.725191079997 
-14972.725191505064 
-14972.725191693657 
-14972.725191989066 
-14972.725192197206 
-14972.725192286094 
-14972.725192412046 
-14972.725192427155 
-14972.725192565144 
-14972.725192667274 
-14972.725192372578 
-14972.725192445372 
-14972.725192496397 
-14972.725192026075 
-14972.725191991141 
-14972.725191680316 
-14972.725191296628 
-14972.725190875171 
-14972.725190417576 
-14972.7251899845 
-14972.72518916977 
-14972.725188727938 
-14972.725188325916 
-14972.725187390202 
-14972.725186651707 
-14972.725186236064 
-14972.72518513003 
-14972.725183503342 
-14972.725182631571 
-14972.725181234853 
-14972.725179231995 
-14972.725177416918 
-14972.725176022508 
-14972.725174522808 
-14972.725173304385 
-14972.725172725775 
-14972.725172355058 
-14972.725172297782 
-14972.725172297822 
-14972.725172297844 
-14972.725172297858 
-14972.725172297969 
-14972.72517229781 
-14972.725172297916 
-14972.725172297862 
-14972.72517229786 
-14972.725172297829 
-14972.725172297793 
-14972.725172355096 
-14972.725172725792 
-14972.725173304409 
-14972.725174522811 
-14972.725176021808 
-14972.725177416272 
-14972.725179230569 
-14972.725181230053 
-14972.725182626313 
-14972.725183489394 
-14972.725185116493 
-14972.725186224965 
-14972.725186647274 
-14972.72518740944 
-14972.725188359958 
-14972.725188805316 
-14972.725189326962 
-14972.725190221749 
-14972.725190776155 
-14972.72519142414 
-14972.725192037271 
-14972.725192656348 
-14972.725193273824 
-14972.72519364768 
-14972.725194442948 
-14972.72519479691 
-14972.725195164197 
-14972.725195868614 
-14972.725196212232 
-14972.725196659116 
-14972.725197092315 
-14972.725197474594 
-14972.72519798916 
-14972.725198286811 
-14972.725198530572 
-14972.72519901129 
-14972.725199170394 
-14972.725199575492 
-14972.725199870572 
-14972.725200058023 
-14972.725200450826 
-14972.725200672461 
-14972.725200819163 
-14972.725201115098 
-14972.725201198236 
-14972.72520163046 
-14972.72520171593 
-14972.725201698493 
-14972.725201996429 
-14972.725202023383 
-14972.725202274873 
-14972.725202341104 
-14972.725202461874 
-14972.725202549676 
-14972.72520264209 
-14972.725202575348 
-14972.725202668375 
-14972.725202478327 
-14972.725202678348 
-14972.725202661648 
-14972.72520231158 
-14972.725202343066 
-14972.725202155283 
-14972.725202062735 
-14972.72520194983 
-14972.72520165861 
-14972.725201520137 
-14972.725201315141 
-14972.72520098029 
-14972.725200861107 
-14972.72520041361 
-14972.725200255976 
-14972.725199987013 
-14972.725199474524 
-14972.725199150304 
-14972.72519873781 
-14972.725198270155 
-14972.725197948084 
-14972.725197245598 
-14972.725196865711 
-14972.72519648347 
-14972.725195690738 
-14972.725195283127 
-14972.725194630515 
-14972.725194020562 
-14972.725193358126 
-14972.725192670861 
-14972.725192096608 
-14972.725191163432 
-14972.725190611414 
-14972.725190134386 
-14972.725189169667 
-14972.725188375873 
-14972.72518793635 
-14972.725186812244 
-14972.725185170446 
-14972.725184297262 
-14972.725182894279 
-14972.725180887499 
-14972.725179069637 
-14972.725177673647 
-14972.725176173903 
-14972.725174955185 
-14972.725174376395 
-14972.725174005638 
-14972.725173948362 
-14972.72517394836 
-14972.725173948385 
-14972.7251739484 
-14972.725173948422 
-14972.725173948385 
-14972.725173948436 
-14972.72517394841 
-14972.725173948416 
-14972.72517394837 
-14972.725173948387 
-14972.725174005687 
-14972.725174376446 
-14972.725174955236 
-14972.725176173966 
-14972.725177673541 
-14972.725179069605 
-14972.725180887266 
-14972.725182893295 
-14972.725184296105 
-14972.725185165882 
-14972.725186806365 
-14972.725187927812 
-14972.725188362723 
-14972.725189154868 
-14972.72519010976 
-14972.725190582381 
-14972.725191129626 
-14972.725192052296 
-14972.725192608841 
-14972.725193293849 
-14972.725193939967 
-14972.725194539491 
-14972.725195181607 
-14972.725195589448 
-14972.725196357946 
-14972.725196734205 
-14972.725197114152 
-14972.725197796735 
-14972.725198097034 
-14972.725198575037 
-14972.725198955779 
-14972.725199247676 
-14972.72519975888 
-14972.725200014844 
-14972.725200139665 
-14972.725200596786 
-14972.72520071802 
-14972.725201029596 
-14972.72520120286 
-14972.725201352567 
-14972.725201645246 
-14972.725201733512 
-14972.72520184824 
-14972.725202003396 
-14972.72520193336 
-14972.725202348249 
-14972.725202350086 
-14972.7252021307 
-14972.725202362002 
-14972.725202299443 
-14972.725202387306 
-14972.72520233243 
-14972.725202362844 
-14972.725202325712 
-14972.72520230447 
-14972.72520217618 
-14972.72520217744 
-14972.725201910362 
-14972.725202067699 
-14972.72520201642 
-14972.725201612466 
-14972.725201630636 
-14972.725201411533 
-14972.725201290807 
-14972.725201152702 
-14972.7252008591 
-14972.725200699653 
-14972.725200480505 
-14972.72520014607 
-14972.72519999987 
-14972.725199551796 
-14972.725199392044 
-14972.725199106775 
-14972.725198588985 
-14972.725198269134 
-14972.725197843036 
-14972.725197370355 
-14972.725197042151 
-14972.725196339403 
-14972.725195955018 
-14972.72519556998 
-14972.72519477398 
-14972.725194363542 
-14972.72519370801 
-14972.725193094506 
-14972.725192430667 
-14972.725191742671 
-14972.72519116908 
-14972.725190234703 
-14972.725189682387 
-14972.725189203198 
-14972.72518823942 
-14972.725187445978 
-14972.725187004526 
-14972.72518588141 
-14972.725184239409 
-14972.72518336572 
-14972.725181962815 
-14972.725179956167 
-14972.725178138337 
-14972.725176742271 
-14972.725175242582 
-14972.725174023884 
-14972.7251734451 
-14972.725173074405 
-14972.725173017083 
-14972.725173017056 
-14972.725173017081 
-14972.725173017081 
-14972.725173017154 
-14972.725173017097 
