0.0 
-176.44118519340975 
-176.44206435760447 
-176.44207388931758 
-176.44306695965975 
-176.44307629634525 
-176.4440761658044 
-176.44408549621556 
-176.44508578444032 
-176.44509511597536 
-176.44609549602316 
-176.44610482872875 
-176.44710529093604 
-176.44711462491097 
-176.44811517410082 
-176.44812450945292 
-176.44912515424994 
-176.44913449114497 
-176.45013524309 
-176.45014458159014 
-176.45114544891555 
-176.4511547892453 
-176.45215578556616 
-176.45216512787937 
-176.45316626733185 
-176.45317561186073 
-176.4541769119556 
-176.4541862589496 
-176.45518774003511 
-176.45519708980237 
-176.45619877723797 
-176.456208130124 
-176.45721005397422 
-176.4572194104191 
-176.4582216082467 
-176.4582309687871 
-176.459233488247 
-176.4592428535306 
-176.4602457555937 
-176.4602551264502 
-176.4612584916707 
-176.46126786916847 
-176.46227180591325 
-176.46228119145547 
-176.46328585449598 
-176.46329524993263 
-176.4643008475811 
-176.4643102559168 
-176.46531716081964 
-176.4653265853851 
-176.46633542041968 
-176.46634486655933 
-176.4673566692843 
-176.4673661472841 
-176.4683835087489 
-176.46839304016265 
-176.46943548139848 
-176.46944491639726 
-176.4704777926285 
-176.47048771025084 
-176.47048771661363 
-176.47048812689786 
-176.47048821930292 
-176.500696995205 
-176.5067203920663 
-176.50747842245863 
-176.50781674244124 
-176.50800392958115 
-176.50807663982633 
-176.50823277103504 
-176.50828935919176 
-176.50842657870012 
-176.508476228689 
-176.5085869677004 
-176.5086656523262 
-176.5087033715885 
-176.50872495065545 
-176.50878813991017 
-176.50881428987196 
-176.50886385172475 
-176.5088844623373 
-176.50893352579914 
-176.50895385881017 
-176.50899833550454 
-176.50901482889705 
-176.50904310353295 
-176.50905347914855 
-176.50908243526152 
-176.5090920392994 
-176.5091186572316 
-176.50912684340554 
-176.50914863331616 
-176.50915501909446 
-176.50917333236973 
-176.50917828465845 
-176.50919348050215 
-176.5091974004689 
-176.50920953690562 
-176.50921250550223 
-176.50922200603299 
-176.5092243309985 
-176.50923160262025 
-176.50923327303792 
-176.50923857037978 
-176.50924121732933 
-176.5092442385194 
-176.50924522594974 
-176.50924709176286 
-176.5092481911262 
-176.50924861825814 
-176.5092488118383 
-176.50924955188077 
-176.50924969440518 
-176.50924993600904 
-176.50924993623585 
-176.50924993622928 
-176.50924993622866 
-176.50924993622914 
-176.50924993622928 
-176.5092499362294 
-176.5092499362296 
-176.50924993623036 
-176.50924993623025 
-176.5092499362301 
-176.50924993623016 
-176.5092499362305 
-176.50924993622976 
-176.50924993622962 
-176.5092499362292 
-176.50924993622934 
-176.50924993622903 
-176.509249936229 
-176.50924993622888 
-176.50924993622885 
-176.50924993622866 
-176.50924993622843 
-176.50924993622857 
-176.5092499362283 
-176.50924993622849 
-176.50924993622792 
-176.5092499362279 
-176.50924993622766 
-176.50924993622712 
-176.50924993622704 
-176.5092499362265 
-176.5092499362264 
-176.5092499362265 
-176.50924993622675 
-176.5092499362268 
-176.50924993622675 
-176.50924993622672 
-176.50924993622635 
-176.5092499362263 
-176.50924993622758 
-176.5092499362278 
-176.50924993622894 
-176.50924993622914 
-176.50924993622877 
-176.5092499362287 
-176.50924993622908 
-176.50924993623101 
-176.50924993623119 
-176.50924993623198 
-176.50924993623198 
-176.50924993623318 
-176.50924993623724 
-176.50924993623758 
-176.50924993623798 
-176.5092499362389 
-176.50924993624014 
-176.50924993624207 
-176.50924993624213 
-176.50924993624247 
-176.50924993624236 
-176.50924993630696 
-176.50924993633092 
-176.5092499363887 
-176.50924993641257 
-176.5092499364704 
-176.50924993649411 
-176.50924993655119 
-176.5092499365741 
-176.50924993663094 
-176.5092499366539 
-176.5092499367105 
-176.50924993673365 
-176.50924993679013 
-176.50924993681258 
-176.50924993687005 
-176.50924993689233 
-176.50924993694846 
-176.50924993697143 
-176.50924993702742 
-176.50924993705092 
-176.50924993710726 
-176.5092499371293 
-176.50924993718615 
-176.50924993720827 
-176.50924993726437 
-176.50924993728722 
-176.50924993734318 
-176.50924993736626 
-176.5092499374219 
-176.5092499374447 
-176.5092499375008 
-176.50924993752412 
-176.50924993757945 
-176.50924993760336 
-176.50924993765827 
-176.50924993768058 
-176.5092499377375 
-176.5092499377589 
-176.5092499378145 
-176.50924993783755 
-176.5092499378934 
-176.5092499379157 
-176.5092499379721 
-176.509249937995 
-176.5092499380508 
-176.50924993807357 
-176.50924993812998 
-176.50924993815224 
-176.50924993820811 
-176.50924993823088 
-176.50924993828662 
-176.50924993830873 
-176.50924993836372 
-176.50924993838683 
-176.50924993843486 
-176.50924993845678 
-176.50924993845666 
-176.50924993845697 
-176.5092499384552 
-176.5092499384573 
-176.5092499384565 
-176.50924993845632 
-176.50924993845507 
-176.5092499384561 
-176.50924993845626 
-176.50924993845595 
-176.5092499384563 
-176.50924993845592 
-176.50924993845652 
-176.50924993845635 
-176.50924993845615 
-176.5092499384557 
-176.50924993845533 
-176.50924993845564 
-176.50924993845547 
-176.50924993845518 
-176.5092499384554 
-176.5092499384558 
-176.5092499384555 
-176.50924993845516 
-176.50924993845516 
-176.50924993845533 
-176.50924993845538 
-176.5092499384554 
-176.50924993845535 
-176.5092499384554 
-176.50924993845555 
-176.50924993845504 
-176.50924993845527 
-176.50924993845555 
-176.5092499384555 
-176.509249938455 
-176.50924993845518 
-176.50924993845476 
-176.5092499384549 
-176.50924993845464 
-176.5092499384549 
-176.50924993845484 
-176.50924993845462 
-176.50924993845496 
-176.50924993845467 
-176.50924993845473 
-176.50924993845527 
-176.5092499384549 
-176.50924993845504 
-176.5092499384548 
-176.50924993845513 
-176.50924993845436 
-176.50924993845408 
-176.50924993845396 
-176.5092499384534 
-176.50924993845354 
-176.50924993845402 
-176.50924993845388 
-176.50924993845413 
-176.50924993845382 
-176.50924993845388 
-176.50924993845373 
-176.509249938454 
-176.50924993845413 
-176.50924993845405 
-176.5092499384541 
-176.50924993845436 
-176.50924993845402 
-176.5092499384539 
-176.50924993845408 
-176.509249938454 
-176.5092499384543 
-176.50924993845445 
-176.50924993845436 
-176.50924993845427 
-176.50924993845462 
-176.50924993845442 
-176.50924993845453 
-176.50924993845413 
-176.50924993845413 
-176.50924993845405 
-176.50924993845413 
-176.5092499384542 
-176.5092499384542 
-176.5092499384541 
-176.5092499384542 
-176.50924993845445 
-176.5092499384547 
-176.5092499384549 
-176.50924993845504 
-176.50924993845456 
-176.5092499384548 
-176.50924993845484 
-176.50924993845567 
-176.5092499384552 
-176.50924993845527 
-176.50924993845595 
-176.50924993845575 
-176.50924993845513 
-176.5092499384554 
-176.50924993845527 
-176.5092499384549 
-176.50924993845513 
-176.5092499384556 
-176.50924993845527 
-176.50924993845527 
-176.50924993845518 
-176.50924993845513 
-176.5092499384548 
-176.5092499384548 
-176.50924993845518 
-176.5092499384551 
-176.50924993845533 
-176.50924993845547 
-176.5092499384551 
-176.50924993845493 
-176.5092499384569 
-176.50924993845496 
-176.50924993845473 
-176.5092499384562 
-176.5092499384557 
-176.50924993845751 
-176.50924993845504 
-176.50924993845535 
-176.50924993845544 
-176.5092499384553 
-176.50924993845504 
-176.50924993845516 
-176.50924993845535 
-176.5092499384555 
-176.50924993845587 
-176.50924993845575 
-176.50924993845575 
-176.50924993845584 
-176.50924993845555 
-176.50924993845535 
-176.50924993845544 
-176.50924993845518 
-176.50924993845496 
-176.50924993845535 
-176.50924993845555 
-176.50924993845524 
-176.5092499384555 
-176.50924993845553 
-176.5092499384556 
-176.50924993845553 
-176.50924993845558 
-176.5092499384563 
-176.509249938456 
-176.5092499384558 
-176.5092499384557 
-176.5092499384555 
-176.50924993845598 
-176.50924993845575 
-176.50924993845575 
-176.50924993845567 
-176.50924993845558 
-176.50924993845555 
-176.5092499384561 
-176.5092499384559 
-176.50924993845564 
-176.50924993845572 
-176.5092499384555 
-176.50924993845572 
-176.50924993845547 
-176.50924993845595 
-176.50924993845547 
-176.50924993845558 
-176.50924993845524 
-176.5092499384551 
-176.50924993845553 
-176.50924993845527 
-176.50924993845524 
-176.50924993845553 
-176.50924993845507 
-176.50924993845533 
-176.50924993845553 
-176.5092499384554 
-176.5092499384555 
-176.50924993845513 
-176.5092499384551 
-176.50924993845507 
-176.5092499384552 
-176.50924993845535 
-176.50924993845533 
-176.5092499384557 
-176.50924993845572 
-176.50924993845584 
-176.5092499384558 
-176.50924993845643 
-176.50924993845638 
-176.50924993845643 
-176.50924993845638 
-176.50924993845615 
-176.50924993845592 
-176.5092499384557 
-176.50924993845635 
-176.50924993845612 
-176.50924993845632 
-176.5092499384558 
-176.50924993845598 
-176.50924993845575 
-176.50924993845607 
-176.50924993845607 
-176.50924993845638 
-176.50924993845686 
-176.50924993845652 
-176.50924993845686 
-176.50924993845672 
-176.50924993845686 
-176.50924993845663 
-176.50924993845686 
-176.50924993845737 
-176.5092499384574 
-176.50924993845743 
-176.5092499384578 
-176.50924993845777 
-176.50924993845746 
-176.50924993845774 
-176.50924993845786 
-176.50924993845794 
-176.5092499384572 
-176.50924993845672 
-176.50924993845697 
-176.50924993845712 
-176.50924993845703 
-176.50924993845766 
-176.5092499384577 
-176.50924993845715 
-176.50924993845734 
-176.50924993845615 
-176.5092499384601 
-176.5092499384568 
-176.50924993845717 
-176.50924993845655 
