2 -0.5639451139578281 
3 -0.5867629750803292 
4 -0.5989458408612165 
5 -0.6062827974617434 
6 -0.6111851819401799 
7 -0.6146895484186203 
8 -0.6173182960917267 
9 -0.619362353438587 
10 -0.6209963898529084 
11 -0.6223316999193823 
12 -0.6234425891277025 
13 -0.6243805769265623 
14 -0.6251825148543348 
15 -0.6258754626115208 
16 -0.6264797377095809 
17 -0.6270108923924261 
18 -0.6274810326402163 
19 -0.6278997223329351 
20 -0.6282746166814497 
21 -0.6286119150785242 
22 -0.6289166909309518 
23 -0.6291931356490809 
24 -0.6294447417794238 
25 -0.6296744424074606 
26 -0.6298847184715398 
27 -0.6300776760172432 
28 -0.6302551411940778 
29 -0.630418651322949 
30 -0.6305695595121114 
31 -0.6307090395836975 
32 -0.630838115131443 
33 -0.630957682870193 
34 -0.6310685315282581 
35 -0.6311713572015595 
36 -0.6312667759189624 
37 -0.6313553346035287 
38 -0.6314375197346322 
39 -0.6315137649711151 
40 -0.6315844575865475 
41 -0.6316499439670457 
42 -0.6317105340562957 
43 -0.6317665056817843 
44 -0.6318181077872828 
45 -0.6318655634382367 
46 -0.6319090723872821 
47 -0.6319488132890329 
48 -0.631984945615283 
49 -0.6320176113115142 
50 -0.6320469362292163 
51 -0.6320730313623439 
52 -0.6320959939111364 
53 -0.6321159081929356 
54 -0.6321328464167691 
55 -0.632146869334667 
56 -0.6321580267811728 
57 -0.6321663581101461 
58 -0.6321718925360605 
59 -0.6321746493850475 
60 -0.6321746382600277 
61 -0.6321718591224438 
62 -0.6321663022919408 
63 -0.6321579483639052 
64 -0.6321467680437517 
65 -0.6321327218949286 
66 -0.6321157599971428 
67 -0.6320958215087209 
68 -0.632072834126036 
69 -0.6320467134312148 
70 -0.6320173621165975 
71 -0.6319846690725469 
72 -0.6319485083221 
73 -0.6319087377829806 
74 -0.6318651978333649 
75 -0.6318177096532211 
76 -0.6317660733073497 
77 -0.6317100655302458 
78 -0.631649437163642 
79 -0.6315839101786087 
80 -0.6315131742425959 
81 -0.6314368827116223 
82 -0.6313546479512054 
83 -0.6312660358496583 
84 -0.6311705593557912 
85 -0.6310676711685146 
86 -0.6309567543671545 
87 -0.6308371120545367 
88 -0.6307079545569981 
89 -0.6305683841419173 
90 -0.6304173766099253 
91 -0.6302537590448236 
92 -0.6300761821180568 
93 -0.6298830867418098 
94 -0.6296726621337367 
95 -0.6294427936240715 
96 -0.6291909974456822 
97 -0.628914336376224 
98 -0.6286093128398946 
99 -0.6282717285852034 
100 -0.6278965018989666 
101 -0.6274774225527779 
102 -0.6270068217543485 
103 -0.6264751167327818 
104 -0.6258701759221006 
105 -0.6251764121322357 
106 -0.6243734587583315 
107 -0.623434184331732 
108 -0.6223216300483317 
109 -0.6209841099684721 
110 -0.6193470480005846 
111 -0.617298686725932 
112 -0.6146635268725794 
113 -0.6111490490304314 
114 -0.6062304347906843 
115 -0.5988680819445373 
116 -0.5866308725731222 
117 -0.5642632938766783 
