2 -0.9978640938340055 
3 0.9975382586046392 
4 -0.9975184489804539 
5 0.9975271620940083 
6 -0.9975288552177722 
7 0.9975286043589083 
8 -0.9975285552645173 
9 0.9975285660997114 
10 -0.9975285678739356 
11 0.9975285672597392 
12 -0.9975285672461293 
13 0.9975285673319011 
14 -0.9975285673170043 
15 0.9975285673957854 
16 -0.9975285673294491 
17 0.9975285672852863 
18 -0.9975285671155684 
19 0.9975285673567986 
20 -0.9975285673411955 
21 0.9975285673129648 
22 -0.9975285673255617 
23 0.9975285673255606 
24 -0.9975285673267532 
25 0.9975285673261312 
26 -0.9975285673470524 
27 0.9975285670564876 
28 -0.9975285673138068 
29 0.9975285673249036 
30 -0.9975285673232924 
31 0.9975285673258389 
32 -0.9975285673252519 
33 0.9975285673113324 
34 -0.9975285671132951 
35 0.9975285673179822 
36 -0.9975285673217381 
37 0.9975285673228852 
38 -0.9975285673238772 
39 0.9975285673258786 
40 -0.9975285673170382 
41 0.9975285673260522 
42 -0.9975285673338535 
43 0.9975285673199694 
44 -0.9975285673290889 
45 0.9975285673201743 
46 -0.9975285673243146 
47 0.9975285673255817 
48 -0.9975285673285088 
49 0.9975285673294874 
50 -0.9975285670531296 
51 0.9975285672989739 
52 -0.9975285673216931 
53 0.9975285673324131 
54 -0.9975285671936138 
55 0.9975285673250103 
56 -0.997528567325317 
57 0.9975285673228762 
58 -0.9975285673250337 
59 0.9975285673252853 
60 -0.9975285673274904 
61 0.9975285673044517 
62 -0.9975285673287849 
63 0.9975285673032106 
64 -0.9975285673256776 
65 0.9975285673236506 
66 -0.9975285673249448 
67 0.9975285673187794 
68 -0.9975285673303418 
69 0.9975285675118436 
70 -0.9975285672070664 
71 0.9975285676971324 
72 -0.9975285673200058 
73 0.9975285673193441 
74 -0.9975285673278171 
75 0.9975285676695048 
76 -0.9975285673011455 
77 0.9975285673262805 
78 -0.9975285673223677 
79 0.9975285673225979 
80 -0.9975285676907003 
81 0.9975285673498738 
82 -0.9975285673507946 
83 0.9975285673224468 
84 -0.9975285673176008 
85 0.9975285673151004 
86 -0.9975285679062603 
87 0.9975285673544795 
88 -0.9975285673244667 
89 0.9975285673556549 
90 -0.9975285673179904 
91 0.9975285673247676 
92 -0.9975285673216256 
93 0.9975285673791034 
94 -0.9975285674814437 
95 0.9975285673259762 
96 -0.9975285673266188 
97 0.9975285673312692 
98 -0.9975285673240142 
99 0.997528567324579 
100 -0.997528567314292 
101 0.9975285673269816 
102 -0.9975285673049102 
103 0.9975285673117769 
104 -0.997528567319677 
105 0.9975285673261866 
106 -0.9975285673260398 
107 0.9975285673347091 
108 -0.9975285673276025 
109 0.9975285673251368 
110 -0.9975285673251595 
111 0.9975285673249488 
112 -0.997528567324737 
113 0.9975285673253302 
114 -0.9975285673447859 
115 0.9975285673189916 
116 -0.9975285674572513 
117 0.9975285673214446 
118 -0.9975285673257703 
119 0.9975285673239659 
120 -0.9975285673284594 
121 0.9975285673257459 
122 -0.9975285673267767 
123 0.9975285673251886 
124 -0.9975285673260729 
125 0.9975285673328224 
126 -0.997528567323548 
127 0.9975285673227671 
128 -0.997528567305951 
129 0.9975285673880829 
130 -0.9975285673230052 
131 0.9975285673244523 
132 -0.9975285673144578 
133 0.9975285672338801 
134 -0.9975285673408246 
135 0.997528567325146 
136 -0.9975285673248585 
137 0.9975285673264361 
138 -0.997528567325536 
139 0.997528567413547 
140 -0.9975285673516641 
141 0.9975285666961887 
142 -0.9975285672772983 
143 0.9975285673278245 
144 -0.9975285672813793 
145 0.9975285677356274 
146 -0.9975285674277807 
147 0.9975285672993001 
148 -0.9975285674967738 
149 0.9975285672862912 
150 -0.9975285673343377 
151 0.9975285673284267 
152 -0.9975285673181064 
153 0.9975285673905326 
154 -0.9975285672801671 
155 0.9975285673386045 
156 -0.9975285673231555 
157 0.9975285673352904 
158 -0.9975285674667942 
159 0.997528567309973 
160 -0.9975285673121398 
161 0.997528567324858 
162 -0.9975285673226608 
163 0.9975285673242676 
164 -0.9975285673249589 
165 0.9975285672727999 
166 -0.9975285673142925 
167 0.997528567331179 
168 -0.9975285673260499 
169 0.9975285673263143 
170 -0.9975285673253474 
171 0.9975285673247604 
172 -0.9975285673251276 
173 0.9975285673061978 
174 -0.9975285673236484 
175 0.9975285674349176 
176 -0.9975285673965308 
177 0.9975285673447516 
178 -0.9975285673706138 
179 0.9975285672828563 
180 -0.9975285673695067 
181 0.9975285673179721 
182 -0.9975285673252631 
183 0.997528567323542 
184 -0.9975285673206569 
185 0.9975285674370215 
186 -0.9975285672954828 
187 0.997528568048525 
188 -0.9975285674263054 
189 0.9975285678737004 
190 -0.997528566106763 
191 0.997528555302093 
192 -0.9975286042128544 
193 0.9975288529890455 
194 -0.9975271624280153 
195 0.997518449062374 
196 -0.9975382585431996 
197 0.9978640939577421 
