2 3 0.01968192611197522 
3 4 0.022884064605790917 
4 5 0.02450344086582079 
5 6 0.025349563798442405 
6 7 0.025803029683816193 
7 8 0.026050908013969407 
8 9 0.026188551269393245 
9 10 0.026265964777139824 
10 11 0.02630996723795334 
11 12 0.026335202981016697 
12 13 0.026349786924815325 
13 14 0.026358271110469223 
14 15 0.026363235474564067 
15 16 0.02636615519845309 
16 17 0.02636788024469505 
17 18 0.02636890361934288 
18 19 0.02636951297348 
19 20 0.026369877018337564 
20 21 0.026370095175189005 
21 22 0.02637022627418152 
22 23 0.026370305255480342 
23 24 0.026370352948892457 
24 25 0.026370381811479725 
25 26 0.026370399313830728 
26 27 0.026370409947602466 
27 28 0.026370416419881627 
28 29 0.026370420365852635 
29 30 0.026370422775367316 
30 31 0.026370424248867513 
31 32 0.026370425151188804 
32 33 0.026370425704452447 
33 34 0.02637042604408841 
34 35 0.026370426252806715 
35 36 0.026370426381243994 
36 37 0.026370426460344883 
37 38 0.026370426509097558 
38 39 0.02637042653919483 
39 40 0.026370426557784137 
40 41 0.026370426569275948 
41 42 0.02637042657639073 
42 43 0.026370426580783868 
43 44 0.0263704265834808 
44 45 0.026370426585142222 
45 46 0.026370426586158388 
46 47 0.02637042658545458 
47 48 0.026370426453301187 
48 49 0.026370426509291552 
49 50 0.02637042707737829 
50 51 0.026370426671780307 
51 52 0.02637042711576504 
52 53 0.026370426933484792 
53 54 0.026370426327127404 
54 55 0.02637042578945272 
55 56 0.026370425523334177 
56 57 0.02637042550538969 
57 58 0.026370425635550504 
58 59 0.02637042582348929 
59 60 0.02637042601205447 
60 61 0.026370426173725033 
61 62 0.02637042630025381 
62 63 0.026370426393462744 
63 64 0.026370426459273247 
64 65 0.02637042650426787 
65 66 0.02637042653426499 
66 67 0.026370426553890935 
67 68 0.026370426566503666 
68 69 0.0263704265744841 
69 70 0.026370426579462387 
70 71 0.02637042658247702 
71 72 0.026370426584189335 
72 73 0.026370426585001126 
73 74 0.02637042658510431 
74 75 0.026370426584513478 
75 76 0.026370426583078862 
76 77 0.026370426580521307 
77 78 0.02637042657623735 
78 79 0.026370426569212332 
79 80 0.02637042655775168 
80 81 0.026370426539249245 
81 82 0.026370426509243733 
82 83 0.026370426460545906 
83 84 0.026370426381539462 
84 85 0.0263704262532473 
85 86 0.026370426044699274 
86 87 0.026370425705287352 
87 88 0.026370425152350857 
88 89 0.02637042425036242 
89 90 0.02637042277722588 
90 91 0.026370420367952258 
91 92 0.02637041642193404 
92 93 0.02637040994915634 
93 94 0.026370399314169908 
94 95 0.026370381809958772 
95 96 0.02637035294535614 
96 97 0.026370305251086294 
97 98 0.02637022627170677 
98 99 0.02637009517718763 
99 100 0.026369877021675602 
100 101 0.02636951297486543 
101 102 0.026368903619857796 
102 103 0.026367880244374427 
103 104 0.02636615519842994 
104 105 0.02636323547447558 
105 106 0.02635827111042699 
106 107 0.026349786924795567 
107 108 0.02633520298102877 
108 109 0.02630996723794925 
109 110 0.02626596477705436 
110 111 0.026188551269265812 
111 112 0.026050908013790897 
112 113 0.02580302968366283 
113 114 0.02534956379847417 
114 115 0.024503440865507174 
115 116 0.022884064605765593 
116 117 0.019681926111965023 
117 118 0.013115544531123432 
