2 0.011033828655125866 
3 -0.013945540507265389 
4 0.019125028032884253 
5 -0.026603582882609618 
6 0.03586536142044368 
7 -0.04584001639338538 
8 0.05584184056533026 
9 -0.06552771991554447 
10 0.0746058612519901 
11 -0.08274687473008092 
12 0.08965850477542786 
13 -0.09512077657229885 
14 0.09897449540809183 
15 -0.10111475203486511 
16 0.10150016723948958 
17 -0.10015062098003791 
18 0.09713043592703449 
19 -0.09253719255096796 
20 0.08649856828137735 
21 -0.07917004333576586 
22 0.07071242863819502 
23 -0.061301488034555984 
24 0.05112013840349849 
25 -0.04033422258781468 
26 0.029125337272382368 
27 -0.017661100769520863 
28 0.006110918859708587 
29 0.005352971309608661 
30 -0.016562493620512382 
31 0.027348969693303905 
32 -0.03755136406613904 
33 0.047014240603016094 
34 -0.05557177290143521 
35 0.06310320065322725 
36 -0.06950943112252125 
37 0.07462520213721786 
38 -0.07838393303272294 
39 0.0807329166103069 
40 -0.08164030400416532 
41 0.08109694540900883 
42 -0.07913567649520847 
43 0.07580123397084773 
44 -0.07117452989426343 
45 0.06535375315668998 
46 -0.05845767198850255 
47 0.05061261936770781 
48 -0.04197085379351201 
49 0.03267314771032771 
50 -0.02291253996756193 
51 0.012833448381656096 
52 -0.0026010110653162527 
53 -0.00759931877758936 
54 0.017603668655022782 
55 -0.02725322000067059 
56 0.03635470739257781 
57 -0.044787186287191715 
58 0.05240175876209765 
59 -0.059061711420336976 
60 0.06465779883944142 
61 -0.06905822042006118 
62 0.07226385568679757 
63 -0.0741891325101038 
64 0.0747653506544243 
65 -0.07402509106949476 
66 0.0719542355900466 
67 -0.06866815953778384 
68 0.06415338695156382 
69 -0.05853776731972457 
70 0.05191292712673459 
71 -0.04442786816881418 
72 0.03618647200052963 
73 -0.02735639754738473 
74 0.018087180829447064 
75 -0.008545031945049238 
76 -0.0011269471568069065 
77 0.010757694190252477 
78 -0.02018004727707636 
79 0.02922767084045378 
80 -0.037732548067903826 
81 0.045585385841207915 
82 -0.052626569679187676 
83 0.05873486486289708 
84 -0.06378447325489985 
85 0.0676925254956815 
86 -0.07039277274242038 
87 0.07185001522120396 
88 -0.07204201181693562 
89 0.07094010854653711 
90 -0.0685868081216555 
91 0.06502810961026896 
92 -0.06034326338614939 
93 0.054544216244985635 
94 -0.04781566759157282 
95 0.04026962360401511 
96 -0.03201592061430045 
97 0.023218823822481888 
98 -0.014035186253776193 
99 0.004596555217596702 
100 0.0049233007158934385 
101 -0.01434360882844981 
102 0.02353042244939353 
103 -0.03231302424329229 
104 0.04053578939304115 
105 -0.04805017792324451 
106 0.05473376434590358 
107 -0.06046372452121298 
108 0.06512825065945507 
109 -0.068653458114333 
110 0.07096516459015842 
111 -0.0720202350027604 
112 0.07179940700226856 
113 -0.07030537979717752 
114 0.06756687931723972 
115 -0.06368195131450381 
116 0.05858466667732959 
117 -0.05248645439497616 
118 0.04544061684572922 
119 -0.03757995249323884 
120 0.029047489887175343 
121 -0.01997668635221252 
122 0.01053275085636786 
123 -0.0008917894448837549 
124 -0.008793292103367701 
125 0.01835026124167856 
126 -0.027634636887650096 
127 0.036465966345226836 
128 -0.04468561863261439 
129 0.05215316063099476 
130 -0.05874015478383672 
131 0.06431650623184809 
132 -0.06877682639470209 
133 0.07205428261951141 
134 -0.07407827274818811 
135 0.07478544915827072 
136 -0.07415985291073254 
137 0.07221785357913656 
138 -0.06901169502199844 
139 0.06454444246522739 
140 -0.05892041137346467 
141 0.05223616299188562 
142 -0.04461356909543322 
143 0.0361541167039442 
144 -0.027018024870329126 
145 0.01737260935871611 
146 -0.007374556467511304 
147 -0.0028310312115328367 
148 0.013067101255885998 
149 -0.02314216624120697 
150 0.032890697024019325 
151 -0.04215811546586552 
152 0.05078687006492123 
153 -0.05861687317643886 
154 0.06547793094907803 
155 -0.07125523908525777 
156 0.07585073447336535 
157 -0.07915239102833033 
158 0.08107271941951713 
159 -0.0815749449310425 
160 0.08064274628180879 
161 -0.0782734767431616 
162 0.07449214357358909 
163 -0.06936439620723617 
164 0.06297840479446232 
165 -0.05543719369575185 
166 0.046858659503892786 
167 -0.03739093003200287 
168 0.02719032700585744 
169 -0.0164088070424207 
170 0.005201532594633848 
171 0.006260058154111649 
172 -0.017794223787983624 
173 0.029236263715525568 
174 -0.040435440745539314 
175 0.05121473288731015 
176 -0.06138404282533498 
177 0.07076424205695545 
178 -0.07919772166761864 
179 0.08651767037972612 
180 -0.09254096018143763 
181 0.09711243274852904 
182 -0.1001157231428782 
183 0.1014528230647487 
184 -0.10105592800304418 
185 0.09890440638136642 
186 -0.09504213287321936 
187 0.08957765155633476 
188 -0.08266912344721891 
189 0.07453267534216305 
190 -0.06545686386792031 
191 0.055778326340623505 
192 -0.04578823368000983 
193 0.03582375162087278 
194 -0.026571199386884636 
195 0.019102844410315054 
196 -0.013932006292788804 
197 0.011026355446200871 
