2 0.18272611576282483 
3 -0.24205524226050923 
4 -0.07742583020730831 
5 0.25231310689721564 
6 -0.28650544177191867 
7 0.07861784074750823 
8 0.17844779431210325 
9 -0.3110342362980727 
10 0.20437796378346818 
11 0.05322904447035295 
12 -0.27606532275538437 
13 0.2925470892898179 
14 -0.09110574206702857 
15 -0.1803420523878326 
16 0.3211691959502062 
17 -0.22313739220893866 
18 -0.04069440049026582 
19 0.27865898611737405 
20 -0.31193098415773374 
21 0.11428514641063317 
22 0.1703781484915593 
23 -0.3334592261609385 
24 0.25075144564630836 
25 0.01792141001584239 
26 -0.278076678191249 
27 0.33610673732765906 
28 -0.1462005258219021 
29 -0.15450957446103886 
30 0.34677085482931036 
31 -0.28506615163786636 
32 0.012054558053968208 
33 0.2754641524700296 
34 -0.36468289081038735 
35 0.18564257042772353 
36 0.13406344890324068 
37 -0.3622477445933927 
38 0.3266839521595081 
39 -0.04890598476600704 
40 -0.2725787750851077 
41 0.4003364671752151 
42 -0.23435253081138416 
43 -0.11000978049229866 
44 0.3844445079898871 
45 -0.38097916568247775 
46 0.0945773796041531 
47 0.27449104031325655 
48 -0.454145467517812 
49 0.30145621438386033 
50 0.0837828513803908 
51 -0.4316295700618009 
52 0.4731238116609951 
53 -0.1649255859646891 
54 -0.3030731947314064 
55 0.5776865863512819 
56 -0.4653533018247228 
57 -0.06850332104057229 
