0.0 
111.02235431060755 
108.97942120268618 
106.79316376691699 
104.84082190182211 
102.69442992065434 
100.89564942913206 
98.60747814824475 
96.92671467449486 
94.40982970014493 
92.70864291743202 
90.20948064571225 
88.51415244691623 
86.00879269007932 
84.31322506609881 
81.80814035916474 
80.11272372014137 
77.60747963298145 
75.91206250162763 
73.40681897304624 
71.71140363937376 
69.20615820353065 
67.51074298104085 
65.00549742829615 
63.310082242051266 
60.804836650998546 
59.109421468312604 
56.60417587350576 
54.908760691644154 
52.40351509596627 
50.708099914209136 
48.20285431842101 
46.507439136683324 
44.00219354087459 
42.30677835913974 
39.80153276332809 
38.10611758159373 
35.60087198578152 
33.90545680404722 
31.400211208234918 
29.704796026500656 
27.199550430688348 
25.50413524895408 
22.998889653141777 
21.303474471407508 
18.79822887559521 
17.102813693860952 
14.597568098048653 
12.902152916314382 
10.396907320502073 
8.701492138767806 
6.196246542955501 
4.500831361221225 
1.9955857654089248 
0.3001705836746492 
-2.2050750121376543 
-3.9004901938719296 
-6.405735789684241 
-8.10115097141851 
-10.606396567230822 
-12.3018117489651 
-14.807057344777402 
-16.502472526511678 
-19.007718122323976 
-20.70313330405825 
-23.208378899870556 
-24.903794081604833 
-27.409039677417173 
-29.104454859151442 
-31.609700454963768 
-33.30511563669804 
-35.810361232510346 
-37.5057764142446 
-40.01102201005694 
-41.70643719179122 
-44.211682787603515 
-45.907097969337805 
-48.412343565150074 
-50.107758746884365 
-52.613004342696634 
-54.30841952443096 
-56.81366512024329 
-58.50908030197756 
-61.01432589778991 
-62.70974107952419 
-65.21498667533653 
-66.9104018570708 
-69.41564745288312 
-71.11106263461743 
-73.61630823042974 
-75.31172341216401 
-77.81696900797631 
-79.51238418971063 
-82.01762978552294 
-83.71304496725723 
-86.21829056306949 
-87.91370574480385 
-90.41895134061592 
-92.11436652235157 
-94.61961211815755 
-96.31502729992111 
-98.82027289560037 
-100.51568807795456 
-103.02093367095439 
-104.71634886579247 
-107.22159440215619 
-108.91700986081672 
-111.42225420045541 
-113.11767520678586 
-115.6228944811837 
-117.31842110040279 
-119.8232072760119 
-121.51679165426768 
-124.04326083548372 
-124.62556506564026 
-131.46471406070026 
-134.61994236013214 
-134.6201738059991 
-134.62309148928844 
-134.62318326874592 
-134.6285386044631 
-134.62864293930298 
-134.63402426129946 
-134.63413085775636 
-134.63951308864887 
-134.63961950656255 
-134.6450017528201 
-134.64510821641326 
-134.65049047869152 
-134.65059693517026 
-134.65597919250808 
-134.65608564989518 
-134.66146790878915 
-134.66157436617138 
-134.66695662462595 
-134.667063081958 
-134.67244534052978 
-134.6725517978858 
-134.6779340564278 
-134.67804051377547 
-134.68342277232148 
-134.6835292296671 
-134.68891148821754 
-134.6890179455685 
-134.69440020411602 
-134.69450666146525 
-134.69988892001317 
-134.6999953773628 
-134.70537763591062 
-134.70548409326014 
-134.71086635180794 
-134.7109728091576 
-134.71635506770528 
-134.71646152505488 
-134.7218437836028 
-134.72195024095245 
-134.72733249950014 
-134.72743895684957 
-134.73282121539756 
-134.73292767274725 
-134.73830993129516 
-134.73841638864693 
-134.7437986471929 
-134.74390510454108 
-134.74928736308928 
-134.74939382043928 
-134.7547760789869 
-134.75488253633662 
-134.76026479488456 
-134.7603712522343 
-134.76575351078216 
-134.76585996813182 
-134.7712422266798 
-134.7713486840294 
-134.7767309425773 
-134.7768373999269 
-134.78221965847482 
-134.7823261158243 
-134.78770837437222 
-134.78781483172185 
-134.79319709026967 
-134.79330354761944 
-134.7986858061673 
-134.79879226351582 
-134.80417452206427 
-134.80428097941453 
-134.80966323796227 
-134.80976969531162 
-134.8151519538596 
-134.81525841120927 
-134.82064066975718 
-134.82074712710684 
-134.8261293856547 
-134.82623584300447 
-134.83161810155246 
-134.8317245589022 
-134.83710681745006 
-134.8372132747998 
-134.84259553334763 
-134.8427019906972 
-134.84808424924537 
-134.8481907065951 
-134.85357296514422 
-134.8536794224938 
-134.85906168104853 
-134.85916813839808 
-134.86455039699888 
-134.86465685434703 
-134.87003911314113 
-134.87014557048647 
-134.87552783128902 
-134.875634288577 
-134.88101655509243 
-134.88112301230288 
-134.8865053880726 
-134.88661184182445 
-134.89199413116484 
-134.8921006006132 
-134.89749121801847 
-134.8975973833682 
-134.90295583415215 
-134.9030634799336 
-134.90873059509576 
-134.9088192788753 
-134.91698573324376 
-134.91734083069252 
-135.0393977810867 
-135.04206305022822 
-135.15300213947643 
-135.15548337148797 
-135.16319278937405 
-135.16319278937397 
-171.40298186805583 
-171.40537766069264 
-171.40546692090763 
-171.4055286727327 
-171.4055522483254 
-171.40556696869092 
-171.40556851534964 
-171.40557700556528 
-171.40557763103945 
-171.4055783729905 
-171.4055784143684 
-171.40557848905738 
-171.4055785257228 
-171.40557862497408 
-171.40557866132477 
-171.40557875752566 
-171.4055787937988 
-171.40557889016523 
-171.40557892645646 
-171.4055790227998 
-171.40557905908324 
-171.4055791554227 
-171.40557919170837 
-171.40557928804995 
-171.40557932433492 
-171.40557942067548 
-171.40557945696077 
-171.4055795533017 
-171.40557958958675 
-171.40557968592756 
-171.40557972221274 
-171.40557981855343 
-171.40557985483846 
-171.40557995117922 
-171.40557998746422 
-171.405580083805 
-171.40558012009004 
-171.40558021643065 
-171.4055802527159 
-171.40558034905675 
-171.40558038534155 
-171.40558048168228 
-171.40558051796745 
-171.40558061430826 
-171.4055806505933 
-171.4055807469343 
-171.40558078321934 
-171.40558087956006 
-171.40558091584515 
-171.40558101218542 
-171.40558104847102 
-171.40558114481175 
-171.40558118109672 
-171.40558127743762 
-171.4055813137226 
-171.40558141006332 
-171.40558144634858 
-171.4055815426893 
-171.40558157897445 
-171.40558167531518 
-171.40558171160015 
-171.4055818079409 
-171.4055818442259 
-171.40558194056663 
-171.40558197685183 
-171.40558207319268 
-171.40558210947765 
-171.4055822058185 
-171.40558224210363 
-171.40558233844447 
-171.4055823747295 
-171.40558247107177 
-171.40558250735634 
-171.40558260369713 
-171.40558263998227 
-171.40558273632294 
-171.4055827726082 
-171.4055828689492 
-171.40558290523435 
-171.40558300157508 
-171.40558303786023 
-171.40558313420107 
-171.40558317048627 
-171.4055832668271 
-171.40558330311237 
-171.40558339945315 
-171.40558343573838 
-171.4055835320792 
-171.40558356836428 
-171.40558366470484 
-171.40558370098998 
-171.40558379733076 
-171.40558383361505 
-171.40558392996084 
-171.4055839662458 
-171.4055840625863 
-171.4055840988714 
-171.40558419521366 
-171.4055842314996 
-171.4055843278334 
-171.40558436411433 
-171.40558446048496 
-171.40558449679062 
-171.40558459301175 
-171.4055846292018 
-171.40558472600387 
-171.40558476271875 
-171.40558485745535 
-171.40558489209647 
-171.40558499439052 
-171.40558503953872 
-171.40558512199604 
-171.40558515705456 
-171.40558527892543 
-171.40558527939814 
-171.4055852796781 
-171.40558527965234 
-171.405585279678 
-171.40558527965786 
-171.40558527965473 
-171.40558527996794 
-171.40558528016592 
-171.4055852806159 
-171.40558528145604 
-171.40558528184735 
-171.40558528206316 
-171.4055852823744 
-171.40558528255244 
-171.40558528279857 
-171.40558528286087 
-171.40558528302648 
-171.40558528309455 
-171.405585283278 
-171.40558528334222 
-171.40558528351542 
-171.40558528358017 
-171.4055852837576 
-171.40558528382243 
-171.40558528399814 
-171.40558528406305 
-171.40558528423938 
-171.40558528430418 
-171.4055852844805 
-171.40558528454525 
-171.40558528472164 
-171.4055852847861 
-171.40558528496237 
-171.405585285027 
-171.4055852852034 
-171.40558528526807 
-171.4055852854443 
-171.40558528550903 
-171.40558528568528 
-171.40558528575 
-171.4055852859261 
-171.40558528599072 
-171.40558528616705 
-171.40558528623166 
-171.40558528640778 
-171.4055852864725 
-171.4055852866487 
-171.40558528671332 
-171.4055852868893 
-171.4055852869541 
-171.4055852871302 
-171.40558528719478 
-171.40558528737114 
-171.40558528743557 
-171.40558528761156 
-171.40558528767616 
-171.40558528785235 
-171.40558528791726 
-171.40558528809342 
-171.4055852881581 
-171.40558528833432 
-171.40558528839878 
-171.40558528857505 
-171.40558528863951 
-171.40558528881584 
-171.40558528888076 
-171.4055852890568 
-171.40558528912155 
-171.4055852892977 
-171.40558528936234 
-171.4055852895386 
-171.40558528960335 
-171.40558528977945 
-171.40558528984414 
-171.40558529002018 
-171.405585290085 
-171.4055852902611 
-171.40558529032572 
-171.40558529050188 
-171.40558529056673 
-171.4055852907429 
-171.40558529080747 
-171.40558529098394 
-171.40558529104865 
-171.40558529122498 
-171.4055852912899 
-171.405585291466 
-171.40558529153057 
-171.4055852917069 
-171.40558529177153 
-171.40558529194777 
-171.40558529201238 
-171.40558529218853 
-171.405585292253 
-171.40558529242932 
-171.40558529249395 
-171.40558529267008 
-171.40558529273486 
-171.40558529291096 
-171.40558529297564 
-171.4055852931518 
-171.40558529321643 
-171.40558529339322 
-171.40558529345768 
-171.40558529363238 
-171.40558529369756 
-171.405585293886 
-171.40558529395886 
-171.40558529402935 
-171.4055852940999 
-171.40558529427662 
-171.40558529456248 
-171.40558529628888 
-171.4055852969221 
-171.405585297312 
-171.40558529749504 
-171.40558529757024 
-171.40558529755197 
-171.4055852975441 
-171.4055852975521 
-171.40558529757402 
-171.40558529754725 
-171.40558529755575 
-171.40558529755018 
-171.40558529756171 
-171.405585297572 
-171.40558529761879 
-171.40558529765443 
-171.40558529768512 
-171.4055852976911 
-171.40558529769388 
-171.40558529769615 
-171.40558529769564 
-171.40558529769484 
-171.40558529769456 
-171.40558529769535 
-171.4055852976954 
-171.40558529769564 
-171.40558529769547 
-171.40558529769632 
-171.40558529769626 
-171.40558529769677 
-171.40558529769677 
-171.40558529769706 
-171.4055852976973 
-171.40558529769788 
-171.4055852976979 
-171.4055852976983 
-171.40558529769825 
-171.40558529769876 
-171.4055852976987 
-171.40558529769922 
-171.40558529769922 
-171.40558529769956 
-171.4055852976994 
-171.4055852977 
-171.40558529769973 
-171.40558529770007 
-171.40558529770007 
-171.40558529770053 
-171.40558529770047 
-171.40558529770104 
-171.40558529770098 
-171.40558529770172 
-171.4055852977016 
-171.40558529770226 
-171.40558529770223 
-171.4055852977028 
-171.40558529770286 
-171.40558529770354 
-171.4055852977036 
-171.405585297704 
-171.4055852977037 
-171.4055852977042 
-171.4055852977042 
-171.40558529770456 
-171.40558529770462 
-171.4055852977052 
-171.4055852977053 
-171.40558529770593 
-171.4055852977057 
-171.40558529770627 
-171.40558529770615 
-171.40558529770678 
-171.405585297707 
-171.40558529770735 
-171.4055852977073 
-171.4055852977078 
-171.4055852977078 
-171.4055852977083 
-171.40558529770837 
-171.40558529770865 
-171.40558529770854 
-171.40558529770905 
-171.40558529770922 
-171.40558529770956 
-171.40558529770954 
-171.40558529771013 
-171.40558529771002 
-171.40558529771036 
-171.4055852977103 
-171.40558529771081 
-171.4055852977107 
-171.40558529771093 
-171.40558529771087 
-171.40558529771133 
-171.40558529771167 
-171.40558529771212 
-171.40558529771207 
-171.40558529771235 
-171.4055852977123 
-171.40558529771263 
-171.4055852977124 
-171.40558529771292 
-171.40558529771263 
-171.40558529771337 
-171.40558529771354 
-171.40558529771377 
-171.4055852977136 
-171.4055852977149 
-171.4055852977166 
-171.4055852977182 
-171.40558529772275 
-171.4055852977444 
-171.40558529775043 
-171.40558529777738 
-171.4055852977829 
-171.40558529781677 
-171.4055852978161 
-171.40558529781762 
-171.4055852978316 
-171.4055852978145 
-171.405585297817 
-171.40558529783706 
-171.40558529781143 
-171.40558529783706 
-171.40558529781708 
-171.4055852978145 
-171.40558529783183 
-171.40558529781944 
-171.40558529782 
-171.40558529782416 
-171.40558529782479 
-171.40558529782513 
-171.405585297824 
-171.40558529782393 
-171.4055852978362 
-171.40558529784707 
-171.40558529784758 
-171.40558529784542 
-171.40558529784082 
-171.4055852978402 
-171.40558529784042 
-171.4055852978404 
-171.4055852978402 
-171.40558529784047 
-171.4055852978406 
-171.4055852978407 
-171.405585297841 
-171.40558529784116 
-171.40558529784133 
-171.40558529784138 
-171.40558529784144 
-171.40558529784138 
-171.40558529784167 
-171.40558529784195 
-171.40558529784224 
-171.4055852978423 
-171.40558529784235 
-171.40558529784244 
-171.4055852978427 
-171.4055852978428 
-171.40558529784292 
-171.4055852978431 
-171.40558529784326 
-171.40558529784343 
-171.40558529784366 
-171.40558529784394 
-171.40558529784417 
-171.40558529784423 
-171.40558529784434 
-171.40558529784434 
-171.4055852978444 
-171.40558529784462 
-171.40558529784474 
-171.40558529784474 
-171.40558529784474 
-171.4055852978449 
-171.40558529784502 
-171.4055852978452 
-171.4055852978453 
-171.4055852978453 
-171.4055852978453 
-171.4055852978456 
-171.4055852978457 
-171.40558529784576 
-171.40558529784582 
-171.405585297846 
-171.40558529784627 
-171.40558529784633 
-171.40558529784633 
-171.40558529784627 
-171.40558529784633 
-171.40558529784633 
-171.40558529784644 
-171.4055852978466 
-171.4055852978466 
-171.40558529784667 
-171.40558529784673 
-171.40558529784695 
-171.40558529784707 
-171.40558529784707 
-171.4055852978474 
-171.40558529784764 
-171.40558529784775 
-171.40558529784798 
-171.4055852978482 
-171.4055852978483 
-171.4055852978485 
-171.40558529784872 
-171.40558529784883 
-171.405585297849 
-171.40558529784917 
-171.40558529784946 
-171.4055852978495 
-171.4055852978494 
-171.40558529784957 
-171.40558529784957 
-171.40558529784957 
-171.40558529784963 
-171.40558529784963 
-171.40558529784968 
-171.40558529784985 
-171.40558529784997 
-171.4055852978498 
-171.40558529785002 
-171.4055852978511 
-171.4055852978523 
-171.40558529785343 
-171.40558529785486 
-171.4055852978585 
-171.40558529785196 
-171.40558529785463 
-171.4055852978561 
-171.40558529786907 
-171.40558529786657 
-171.40558529787145 
-171.40558529786264 
-171.40558529788922 
-171.40558529786725 
-171.40558529785923 
-171.4055852978672 
-171.40558529788908 
-171.40558529786247 
-171.40558529787128 
-171.4055852978665 
-171.40558529786878 
-171.40558529786804 
-171.40558529786742 
-171.40558529786674 
-171.4055852978761 
-171.40558529787322 
-171.40558529787242 
-171.40558529787117 
-171.40558529786958 
-171.4055852978681 
-171.40558529786747 
-171.40558529786762 
-171.40558529786747 
-171.4055852978673 
-171.40558529786747 
-171.4055852978673 
-171.40558529786725 
-171.40558529786736 
-171.40558529786753 
-171.40558529786736 
-171.40558529786736 
-171.40558529786736 
-171.40558529786708 
-171.4055852978669 
-171.40558529786674 
-171.40558529786657 
-171.40558529786662 
-171.4055852978664 
-171.40558529786622 
-171.405585297866 
-171.40558529786577 
-171.4055852978656 
-171.40558529786554 
-171.40558529786554 
-171.40558529786549 
-171.40558529786549 
-171.40558529786537 
-171.40558529786512 
-171.40558529786503 
-171.40558529786503 
-171.40558529786497 
-171.40558529786475 
-171.40558529786475 
-171.40558529786463 
-171.40558529786463 
-171.40558529786458 
-171.40558529786452 
-171.40558529786452 
-171.40558529786452 
-171.40558529786452 
-171.40558529786458 
-171.40558529786446 
-171.40558529786423 
-171.4055852978644 
-171.4055852978643 
-171.40558529786435 
-171.40558529786418 
-171.40558529786406 
-171.405585297864 
-171.40558529786406 
-171.40558529786406 
-171.40558529786372 
-171.40558529786372 
-171.4055852978636 
-171.40558529786372 
-171.4055852978636 
-171.4055852978635 
-171.40558529786355 
-171.40558529786338 
-171.40558529786298 
-171.4055852978628 
-171.40558529786273 
-171.4055852978626 
-171.40558529786247 
-171.4055852978623 
-171.40558529786202 
-171.40558529786196 
-171.40558529786168 
-171.40558529786156 
-171.40558529786128 
-171.40558529786128 
-171.40558529786105 
-171.40558529786088 
-171.4055852978607 
-171.40558529786082 
-171.4055852978607 
-171.40558529786037 
-171.40558529786026 
-171.40558529786009 
-171.4055852978598 
-171.40558529785963 
-171.40558529785957 
-171.4055852978597 
-171.4055852978593 
-171.40558529785986 
-171.40558529786483 
-171.40558529786696 
-171.40558529787958 
-171.40558529788197 
-171.4055852978835 
-171.40558529788288 
-171.40558529788362 
-171.40558529788322 
-171.40558529788237 
-171.4055852978784 
-171.40558529787754 
-171.40558529789007 
-171.4055852978727 
-171.40558529787538 
-171.40558529789544 
-171.4055852978698 
-171.40558529789533 
-171.4055852978752 
-171.40558529787248 
-171.40558529788976 
-171.40558529787722 
-171.4055852978781 
-171.40558529788197 
-171.40558529788282 
-171.40558529788322 
-171.4055852978826 
-171.40558529788345 
-171.4055852978818 
-171.4055852978798 
-171.40558529787856 
-171.4055852978877 
-171.40558529789277 
-171.40558529788953 
-171.40558529788953 
-171.40558529788936 
-171.40558529788942 
-171.4055852978896 
-171.40558529788981 
-171.40558529788993 
-171.40558529789004 
-171.40558529789027 
-171.40558529789038 
-171.40558529789035 
-171.40558529789044 
-171.4055852978906 
-171.40558529789072 
-171.40558529789055 
-171.40558529789072 
-171.405585297891 
-171.40558529789135 
-171.4055852978913 
-171.40558529789163 
-171.40558529789175 
-171.40558529789186 
-171.40558529789203 
-171.4055852978922 
-171.4055852978922 
-171.4055852978925 
-171.40558529789263 
-171.4055852978925 
-171.40558529789266 
-171.40558529789277 
-171.40558529789283 
-171.40558529789283 
-171.40558529789283 
-171.40558529789305 
-171.4055852978931 
-171.40558529789305 
-171.4055852978931 
-171.40558529789317 
-171.40558529789334 
-171.40558529789317 
-171.4055852978933 
-171.40558529789317 
-171.40558529789328 
-171.40558529789345 
-171.40558529789354 
-171.40558529789357 
-171.40558529789368 
-171.40558529789357 
-171.4055852978938 
-171.4055852978938 
-171.40558529789402 
-171.4055852978939 
-171.40558529789402 
-171.40558529789413 
-171.4055852978942 
-171.4055852978942 
-171.40558529789425 
-171.40558529789428 
-171.4055852978943 
-171.4055852978943 
-171.40558529789448 
-171.40558529789442 
-171.40558529789453 
-171.4055852978946 
-171.40558529789482 
-171.405585297895 
-171.4055852978951 
-171.40558529789521 
-171.40558529789516 
-171.40558529789533 
-171.40558529789547 
-171.40558529789573 
-171.4055852978959 
-171.40558529789584 
-171.405585297896 
-171.40558529789612 
-171.40558529789618 
-171.40558529789612 
-171.40558529789624 
-171.40558529789618 
-171.40558529789615 
-171.40558529789635 
-171.40558529789647 
-171.4055852978964 
-171.40558529789692 
-171.4055852978984 
-171.40558529790027 
-171.40558529790187 
-171.4055852979026 
-171.40558529790516 
-171.40558529790482 
-171.40558529790516 
-171.40558529790562 
-171.40558529790601 
-171.40558529790357 
-171.40558529790846 
-171.40558529789965 
-171.4055852979263 
-171.40558529790437 
-171.40558529789644 
