-216.16309617582985 
-216.16785875660963 
-216.2136930999598 
-216.23316989589807 
-216.2359152445479 
-216.24077770016513 
-216.29504537871608 
-216.30376117272584 
-216.30703704127137 
-216.31323076794462 
-216.33977769854764 
-216.34262075719099 
-216.34451930528576 
-216.35379012773916 
-216.367683429241 
-216.3728989327018 
-216.3739998622413 
-216.38275267335143 
-216.39244720082343 
-216.39623950622294 
-216.3970201270456 
-216.40153862071182 
-216.40733557802403 
-216.40903422120826 
-216.40960743643203 
-216.4111147722558 
-216.41114551545186 
-216.41114551545178 
-216.41114551545172 
-216.41114551545127 
-216.41114551545147 
-216.4111455198006 
-216.4111548080974 
-216.41117789842008 
-216.41121903467595 
-216.41130162252506 
-216.41136713981723 
-216.41146616866416 
-216.41159735722027 
-216.411800506527 
-216.41199667646544 
-216.41228279351446 
-216.41256697815498 
-216.4130346399494 
-216.4134392394562 
-216.4140751977051 
-216.41439543629295 
-216.41493923187065 
-216.41554334701775 
-216.4163081971281 
-216.41683479928327 
-216.41742162392006 
-216.41836476182814 
-216.41900305603963 
-216.4197109098294 
-216.41971090982943 
-216.42550302607447 
-216.42866961765506 
-216.44062713147147 
-216.4536185660652 
-216.46097398506797 
-216.46293350342646 
-216.48669989286182 
-216.4930404255329 
-216.49789960507835 
-216.49987856680207 
-216.53251522226054 
-216.54243594767917 
-216.54485979267983 
-216.55031869782133 
-216.5719368269152 
-216.590067839523 
-216.59167525582555 
-216.60287938366307 
-216.61969574825554 
-216.63219337976238 
-216.63384457237495 
-216.64904612704152 
-216.66966605354003 
-216.67983576585857 
-216.68333273436002 
-216.69905235327093 
-216.6992019368038 
-216.69920193680395 
-216.6992019368039 
-216.69920193680517 
-216.69920193680392 
-216.69920194325778 
-216.69924135443142 
-216.69930355274585 
-216.6994427088965 
-216.69956081681593 
-216.6997401321994 
-216.69995924667703 
-216.70027544076217 
-216.7005323126052 
-216.7009267440203 
-216.70140213023905 
-216.70188316740456 
-216.7023570142995 
-216.70291418262283 
-216.70361988919217 
-216.7040700935334 
-216.7048873851617 
-216.7058521684939 
-216.7070104727109 
-216.70782872558533 
-216.70984583676707 
-216.71208830980268 
-216.7140563578622 
-216.71682167867488 
-216.72101076273117 
-216.7284615914238 
-216.747567057962 
-216.75093078547545 
-216.75514142743282 
-216.7576157582211 
-216.75931339649483 
-216.7609294132717 
-216.76310471310572 
-216.76400819954722 
-216.7648185514476 
-216.76547818320626 
-216.76631535925875 
-216.7665991122347 
-216.76692756340034 
-216.76720611733484 
-216.76748520828917 
-216.76756798907525 
-216.76765853891732 
-216.76772542700806 
-216.76778183129557 
-216.76779758419957 
-216.7678107721261 
-216.76781684301417 
-216.7678199592202 
-216.76781995969333 
-216.76781995969304 
-216.76781995969347 
-216.7678199596935 
-216.76781995969313 
-216.7678199596937 
-216.7678199596936 
-216.76781995969318 
-216.76781995969355 
-216.767819959693 
-216.76781996222567 
-216.76781996837204 
-216.7678199812421 
-216.76782000142663 
-216.76782003694123 
-216.7678201009873 
-216.7678201890624 
-216.76782029969056 
-216.76782054064395 
-216.7678208921526 
-216.7678213955005 
-216.76782193992278 
-216.76782326447352 
-216.76782498615037 
-216.76782711755044 
-216.76782951867276 
-216.76783425420118 
-216.76784036517105 
-216.7678456522835 
-216.7678523774093 
-216.76786030075266 
-216.76786030075277 
-216.76916808810654 
-216.77093965954327 
-216.77255037145687 
-216.77613617086905 
-216.78098988533563 
-216.78428326664138 
-216.78772275171212 
-216.79283255332896 
-216.79918640244395 
-216.8028545357951 
-216.80670745309976 
-216.81122484738444 
-216.81577456554834 
-216.8185421069797 
-216.82134009871365 
-216.8246915773872 
-216.82688756426097 
-216.8282536743887 
-216.82936777470576 
-216.83036682208473 
-216.83085785301466 
-216.83116766876782 
-216.83128806978246 
-216.8313543636662 
-216.83135438282238 
-216.83135438282227 
-216.83135438282264 
-216.83135438282312 
-216.83135438282224 
-216.83135438282216 
-216.83135438282198 
-216.83135438282218 
-216.83135438282233 
-216.83135438282244 
-216.83135439478102 
-216.83135442694183 
-216.8313545152099 
-216.83135467101482 
-216.831354989057 
-216.831355787937 
-216.83135704917282 
-216.83135886490385 
-216.83136312547296 
-216.83137007226176 
-216.83137787598673 
-216.83138914554866 
-216.8314083102377 
-216.8314287525859 
-216.83144963577624 
-216.83148394998358 
-216.8315281143818 
-216.83156791082064 
-216.83160376128887 
-216.83165328911713 
-216.83170572464562 
-216.83174551663646 
-216.8317846222401 
-216.83184821229298 
-216.83185237181294 
-216.8318546005537 
-216.83185581923675 
-216.83185643465754 
-216.83185687202086 
-216.83185711730897 
-216.8318572664981 
-216.83185735551857 
-216.8318574147593 
-216.8318574466769 
-216.83185746465668 
-216.83185747534958 
-216.83185748126286 
-216.8318574847285 
-216.83185748666534 
-216.8318574875597 
-216.83185748795233 
-216.83185748814313 
-216.83185748821444 
-216.83185748823317 
-216.83185748823323 
-216.83185748823308 
-216.83185748823325 
-216.83185748823297 
-216.8318574882336 
-216.83185748823297 
-216.8318574882329 
-216.831857488234 
-216.8318574882328 
-216.83185748823274 
-216.83185748823286 
-216.83185748823283 
-216.83185748823288 
-216.83185748823277 
-216.83185748823308 
-216.83185748823377 
-216.83185748823527 
-216.83185748823766 
-216.83185748824104 
-216.83185748824596 
-216.83185748825255 
-216.83185748826205 
-216.8318574882728 
-216.8318574882878 
-216.83185748830513 
-216.83185748833043 
-216.83185748835757 
-216.83185748839225 
-216.83185748843252 
-216.8318574884841 
-216.83185748854095 
-216.83185748859705 
-216.83185748867268 
-216.83185748870247 
-216.8318574963868 
-216.8318575055706 
-216.83185751721678 
-216.83185753105806 
-216.831857544623 
-216.83185755976425 
-216.83185757366275 
-216.83185758819897 
-216.83185760027627 
-216.8318576117204 
-216.8318576205169 
-216.83185762850093 
-216.83185763458226 
-216.83185763902222 
-216.8318576426796 
-216.83185764536694 
-216.83185764711294 
-216.8318576482082 
-216.831857648989 
-216.83185764938523 
-216.83185764957443 
-216.8318576496412 
-216.8318576496406 
-216.83185764964063 
-216.83185764964045 
-216.8318576496406 
-216.83185764964128 
-216.8318576496409 
-216.831857649641 
-216.83185764964364 
-216.83185764964136 
-216.8318576496413 
-216.8318576496408 
-216.83185764964077 
-216.83185764964074 
-216.8318576496416 
-216.83185764964512 
-216.83185764965035 
-216.83185764965762 
-216.83185764966572 
-216.83185764967877 
-216.83185764969474 
-216.83185764971492 
-216.83185764973527 
-216.83185764976037 
-216.83185764979447 
-216.8318576498242 
-216.8318576498603 
-216.83185764989946 
-216.8318576499464 
-216.8318576499832 
-216.8318576500283 
-216.83185765007966 
-216.8318576501213 
-216.8318576501624 
-216.83185765020497 
-216.8318576502513 
-216.83185765027375 
-216.83185765027596 
-216.83185765026545 
-216.8318576502574 
-216.83185765024038 
-216.83185765022554 
-216.83185765021196 
-216.8318576501979 
-216.83185765018592 
-216.83185765017262 
-216.83185765016293 
-216.83185765015304 
-216.83185765014565 
-216.83185765013874 
-216.83185765013351 
-216.83185765012917 
-216.8318576501265 
-216.83185765012414 
-216.83185765012308 
-216.8318576501218 
-216.83185765012104 
-216.8318576501211 
-216.83185765012075 
-216.83185765012095 
-216.83185765012118 
-216.83185765012124 
-216.83185765012254 
-216.83185765012058 
-216.8318576501224 
-216.83185765012178 
-216.83185765012155 
-216.8318576501213 
-216.83185765012098 
-216.83185765012186 
-216.83185765012212 
-216.8318576501226 
-216.83185765012354 
-216.8318576501244 
-216.8318576501267 
-216.8318576501291 
-216.83185765013323 
-216.83185765013818 
-216.83185765014466 
-216.83185765015193 
-216.83185765016182 
-216.8318576501715 
-216.83185765018487 
-216.83185765019687 
-216.83185765021105 
-216.8318576502247 
-216.8318576502398 
-216.83185765025732 
-216.83185765026752 
-216.8318576502822 
-216.8318576502892 
-216.83185765030404 
-216.83185765030382 
-216.8318576503121 
-216.83185765031394 
-216.83185765031175 
-216.83185765030325 
-216.83185765029648 
-216.83185765029253 
-216.8318576502726 
-216.83185765026008 
-216.8318576502444 
-216.8318576502305 
-216.83185765020917 
-216.83185765019368 
-216.83185765018106 
-216.83185765016572 
-216.83185765015304 
-216.83185765014267 
-216.8318576501357 
-216.83185765012914 
-216.83185765012442 
-216.83185765012055 
-216.83185765011982 
-216.8318576501201 
-216.83185765011984 
-216.8318576501204 
-216.83185765012095 
-216.83185765012223 
-216.83185765011888 
-216.8318576501212 
-216.83185765012104 
-216.83185765011987 
-216.83185765011913 
-216.8318576501194 
-216.83185765011933 
-216.83185765011976 
-216.8318576501238 
-216.83185765012857 
-216.83185765013494 
-216.83185765014184 
-216.83185765015213 
-216.83185765016475 
-216.83185765017947 
-216.8318576501925 
-216.83185765020747 
-216.8318576502286 
-216.83185765024234 
-216.83185765025794 
-216.83185765027054 
-216.83185765029054 
-216.83185765029427 
-216.83185765030055 
-216.8318576503091 
-216.83185765031126 
-216.83185765030933 
-216.8318576503008 
-216.83185765030098 
-216.8318576502859 
-216.83185765027866 
-216.8318576502632 
-216.83185765025303 
-216.83185765023495 
-216.8318576502196 
-216.83185765020602 
-216.83185765019098 
-216.8318576501792 
-216.8318576501653 
-216.83185765015594 
-216.83185765014622 
-216.83185765013886 
-216.831857650133 
-216.83185765012777 
-216.8318576501238 
-216.83185765012112 
-216.83185765011908 
-216.83185765011788 
-216.8318576501172 
-216.83185765011683 
-216.83185765011683 
-216.83185765011626 
-216.83185765011666 
-216.8318576501162 
-216.8318576501162 
-216.83185765011638 
-216.83185765011584 
-216.83185765011635 
-216.83185765011623 
-216.83185765011598 
-216.83185765011638 
-216.83185765011586 
-216.83185765011612 
-216.8318576501161 
-216.83185765011663 
-216.83185765011754 
-216.83185765011885 
-216.831857650121 
-216.83185765012388 
-216.8318576501282 
-216.831857650133 
-216.8318576501392 
-216.8318576501467 
-216.83185765015622 
-216.83185765016574 
-216.83185765017967 
-216.83185765019192 
-216.8318576502065 
-216.83185765021994 
-216.83185765023518 
-216.83185765025317 
-216.8318576502634 
-216.83185765027855 
-216.83185765028568 
-216.8318576503006 
-216.83185765030083 
-216.83185765030896 
-216.8318576503106 
-216.8318576503082 
-216.83185765029927 
-216.83185765029276 
-216.83185765028895 
-216.8318576502688 
-216.83185765025598 
-216.8318576502397 
-216.831857650226 
-216.83185765020454 
-216.83185765018965 
-216.83185765017615 
-216.8318576501612 
-216.8318576501485 
-216.83185765013832 
-216.83185765013116 
-216.83185765012428 
-216.83185765011976 
-216.83185765011635 
-216.83185765011558 
-216.8318576501155 
-216.83185765011564 
-216.83185765011615 
-216.83185765011618 
-216.8318576501167 
-216.83185765011572 
