2 3 0.7529833827341181 
3 4 0.6910047830817205 
4 5 0.6625767360242879 
5 6 0.7400891831547954 
6 7 0.7828718455024908 
7 8 0.7542018186716604 
8 9 0.7576315411014025 
9 10 0.8056773058037474 
10 11 0.8076223818469536 
11 12 0.7865494039994982 
12 13 0.8067925141428438 
13 14 0.8303902513840429 
14 15 0.8153597246492534 
15 16 0.8066964001718594 
16 17 0.8303362746875971 
17 18 0.8332793064835645 
18 19 0.8143314817266576 
19 20 0.818013687998882 
20 21 0.8349522976076293 
21 22 0.8237381575422524 
22 23 0.8083155178129712 
23 24 0.8203824580421474 
24 25 0.8250609825406542 
25 26 0.8064768713533098 
26 27 0.7993071273332002 
27 28 0.812315662795049 
28 29 0.804568718398767 
29 30 0.7846332565048556 
30 31 0.7868010231249648 
31 32 0.7934838176815412 
32 33 0.7763195351692093 
33 34 0.760527437919241 
34 35 0.7684243840275757 
35 36 0.7649269924687248 
36 37 0.7423344075695387 
37 38 0.7346465022479381 
38 39 0.7417990660421466 
39 40 0.7275345267806792 
40 41 0.7042529969368112 
41 42 0.704858482939974 
42 43 0.705255145382044 
43 44 0.680978363710317 
44 45 0.6622308014206999 
45 46 0.6669612923313616 
46 47 0.6559512252942968 
47 48 0.6232503589086823 
48 49 0.6125981867065428 
49 50 0.6141651985153285 
50 51 0.5855226556953584 
51 52 0.5483862006298308 
52 53 0.5443065418070925 
53 54 0.5290594141427347 
54 55 0.47028422349426047 
55 56 0.43295236505907586 
56 57 0.4475754363144742 
57 58 0.33420964109397683 
