0.0 
118.71626432441131 
117.33185503978814 
115.05721368770698 
114.05248700378544 
111.40732263203655 
110.85186009454148 
107.7487955918719 
107.16427977427786 
104.09027251487066 
103.50510634094479 
100.43174983082775 
99.84679494725044 
96.7732270724331 
96.18826544216988 
93.1147043166112 
92.52974262844428 
89.45618156078834 
88.87121988623765 
85.79765880496076 
85.2126971298634 
82.13913604913355 
81.55417437402012 
78.48061329330632 
77.89565161821348 
74.82209053747907 
74.2371288623854 
71.16356778165182 
70.57860610655642 
67.50504502582453 
66.92008335119063 
63.84652226999684 
63.26156059521145 
60.18799951416953 
59.603037839041214 
56.5294767583423 
55.94451508326795 
52.87095400251502 
52.285992327510044 
49.212431246687785 
48.6274695715759 
45.55390849086052 
44.96894681559528 
41.89538573503331 
41.31042406009342 
38.23686297920601 
37.651901304116045 
34.578340223378724 
33.993378548282756 
30.919817467551475 
30.334855792493713 
27.261294711724148 
26.676333036626158 
23.602771955896916 
23.017810280801253 
19.944249200069653 
19.359287524975887 
16.28572644424239 
15.700764769148254 
12.627203688415115 
12.042242013327062 
8.968680932587853 
8.383719257493384 
5.310158176760595 
4.725196501666555 
1.651635420933325 
1.0666737458390076 
-2.006887334893946 
-2.591849009988044 
-5.665410090721218 
-6.2503717658152915 
-9.323932846548486 
-9.908894521642518 
-12.982455602375765 
-13.567417277468655 
-16.640978358203046 
-17.225940033296997 
-20.29950111403033 
-20.884462789125298 
-23.958023869857602 
-24.542985544965056 
-27.61654662568488 
-28.20150830077967 
-31.275069381512157 
-31.86003105660595 
-34.933592137339446 
-35.518553812433744 
-38.59211489316675 
-39.177076568239336 
-42.250637648994015 
-42.835599324087134 
-45.909160404821314 
-46.49412207991546 
-49.567683160648656 
-50.15264483574385 
-53.22620591647595 
-53.81116759156974 
-56.884728672303254 
-57.469690347397155 
-60.543251428130574 
-61.12821310320639 
-64.20177418395791 
-64.78673585904899 
-67.86029693978523 
-68.44525861488326 
-71.51881969561258 
-72.10378137059708 
-75.1773424514399 
-75.76230412654313 
-78.83586520726722 
-79.42082688209042 
-82.49438796309441 
-83.0793496381455 
-86.15291071892175 
-86.73787239404648 
-89.81143347474898 
-90.396395150136 
-93.46995623057623 
-94.05491790562864 
-97.12847898640351 
-97.7134406615264 
-100.78700174223079 
-101.37196341707129 
-104.44552449805809 
-105.03048617315376 
-108.10404725388528 
-108.68900892893184 
-111.76257000971259 
-112.34753168480883 
-115.4210927655399 
-116.00605444063409 
-119.07961552136726 
-119.66457719646125 
-122.73813827719451 
-123.32309995342692 
-126.39666103302146 
-126.98162270804373 
-130.05518378884886 
-130.64014546332785 
-133.7137065446763 
-134.29866821985595 
-137.37222930050356 
-137.95719097559314 
-141.0307520563308 
-141.6157137314274 
-144.68927481215806 
-145.27423648725565 
-148.34779756798534 
-148.93275924308082 
-152.00632032381256 
-152.59128199890645 
-155.66484307963967 
-156.24980475473453 
-159.323365835467 
-159.90832751057266 
-162.98188859129428 
-163.56685026603813 
-166.64041134712147 
-167.225373022492 
-170.29893410294866 
-170.88389577789118 
-173.95745685877594 
-174.54241853376058 
-177.61597961460296 
-178.20094129073428 
-181.27450237042964 
-181.85946404546038 
-184.93302512625687 
-185.51798680160957 
-188.59154788208383 
-189.176509557167 
-192.25007063791114 
-192.83503231300213 
-195.90859339373833 
-196.49355506883896 
-199.56711614956575 
-200.15207782469867 
-203.22563890539354 
-203.81060058048428 
-206.8841616612361 
-207.46912333631704 
-210.54268441746905 
-211.12764609058337 
-214.20120718400705 
-214.78616882221792 
-217.8597302225043 
-218.44469092025972 
-221.51826043872907 
-222.10319630887406 
-225.1769800443093 
-225.76126188131266 
-228.84067254340593 
-229.40876930977797 
-232.62313059913728 
-233.2584881926875 
-235.8201588699515 
-238.100726144529 
-238.10073256836122 
-238.10073279998798 
-238.10073282937668 
-238.10074280302035 
-238.10074282517695 
-238.10075578081543 
-238.1007558029409 
-238.1007688862942 
-238.10076890841896 
-238.100781996632 
-238.10078201875677 
-238.10079510715371 
-238.10079512927825 
-238.1008082176816 
-238.10080823980627 
-238.10082132820054 
-238.100821350325 
-238.1008344387292 
-238.10083446085403 
-238.10084754925833 
-238.100847571383 
-238.1008606597772 
-238.1008606819019 
-238.10087377030595 
-238.10087379243072 
-238.1008868808252 
-238.10088690294987 
-238.10089999135428 
-238.10090001347916 
-238.10091310187354 
-238.10091312399828 
-238.10092621240307 
-238.10092623452783 
-238.1009393229322 
-238.10093934505701 
-238.1009524334611 
-238.10095245558583 
-238.10096554398027 
-238.10096556610486 
-238.10097865450905 
-238.1009786766338 
-238.10099176502794 
-238.10099178715268 
-238.10100487554706 
-238.1010048976715 
-238.10101798607593 
-238.10101800820073 
-238.10103109659514 
-238.10103111872002 
-238.10104420712423 
-238.10104422924886 
-238.10105731765316 
-238.10105733977787 
-238.10107042818225 
-238.10107045030685 
-238.1010835387111 
-238.10108356083595 
-238.10109664923985 
-238.10109667136456 
-238.10110975976858 
-238.10110978189311 
-238.10112287028772 
-238.10112289241277 
-238.1011359808168 
-238.10113600294164 
-238.10114909134572 
-238.10114911347046 
-238.1011622018647 
-238.10116222398926 
-238.10117531239365 
-238.10117533451827 
-238.10118842291268 
-238.1011884450373 
-238.10120153344158 
-238.1012015555664 
-238.10121464397068 
-238.10121466609547 
-238.1012277544997 
-238.10122777662428 
-238.10124086501847 
-238.10124088714343 
-238.10125397554782 
-238.10125399767244 
-238.10126708607677 
-238.1012671082015 
-238.10128019660596 
-238.10128021873072 
-238.10129330713488 
-238.1012933292597 
-238.1013064176638 
-238.10130643978852 
-238.10131952819265 
-238.10131955031733 
-238.10133263872154 
-238.10133266084603 
-238.10134574924996 
-238.10134577137484 
-238.10135885977908 
-238.10135888190385 
-238.10137197029795 
-238.1013719924227 
-238.10138508082707 
-238.1013851029519 
-238.10139819134596 
-238.10139821347084 
-238.101411301875 
-238.10141132399997 
-238.1014244123944 
-238.1014244345192 
-238.1014375229232 
-238.10143754504793 
-238.10145063345234 
-238.10145065557708 
-238.10146374398133 
-238.101463766106 
-238.10147685451008 
-238.10147687663493 
-238.1014899650394 
-238.10148998716437 
-238.10150307556853 
-238.10150309769318 
-238.10151618609729 
-238.10151620822214 
-238.10152929661658 
-238.1015293187414 
-238.10154240713584 
-238.10154242926066 
-238.10155551766488 
-238.1015555397899 
-238.1015686281941 
-238.10156865031902 
-238.10158173872333 
-238.10158176084826 
-238.1015948492524 
-238.10159487137707 
-238.10160795978146 
-238.1016079819065 
-238.10162107031084 
-238.10162109243572 
-238.10163418083977 
-238.1016342029646 
-238.10164729136886 
-238.10164731349366 
-238.10166040188784 
-238.1016604240126 
-238.10167351241714 
-238.10167353454207 
-238.10168662294626 
-238.1016866450712 
-238.10169973347547 
-238.10169975560035 
-238.10171284400437 
-238.10171286612896 
-238.10172595453315 
-238.1017259766582 
-238.10173906506262 
-238.1017390871874 
-238.10175217558185 
-238.10175219770656 
-238.10176528610086 
-238.10176530822565 
-238.10177839662992 
-238.1017784187548 
-238.1017915071491 
-238.1017915292741 
-238.10180461767783 
-238.10180463980274 
-238.10181772820704 
-238.10181775033197 
-238.10183083872616 
-238.1018308608509 
-238.10184394925508 
-238.10184397137985 
-238.10185705978432 
-238.10185708190915 
-238.10187017030327 
-238.10187019242815 
-238.1018832808325 
-238.10188330295742 
-238.1018963913555 
-238.1018964134804 
-238.10190950188633 
-238.10190952401115 
-238.10192261015442 
-238.10192263228515 
-238.10193578546904 
-238.1019358074968 
-238.10194865490985 
-238.10194867696683 
-238.1019517571277 
-238.1019518130997 
-238.11060232740203 
-238.11060268520205 
-238.11060337868446 
-238.11060337868383 
-240.27469037336618 
-240.27469390961602 
-240.2746939134606 
-240.27469391350726 
-240.27469391351323 
-240.27469391358431 
-240.27469391359887 
-240.2746939136084 
-240.27469391360833 
-240.27469391360842 
-240.27469391360864 
-240.27469391361856 
-240.2746939136187 
-240.27469391361873 
-240.27469391361873 
-240.27469391361848 
-240.27469391361873 
-240.2746939136288 
-240.27469391362894 
-240.27469391362874 
-240.27469391362865 
-240.2746939136387 
-240.27469391363897 
-240.27469391363877 
-240.27469391363894 
-240.27469391363923 
-240.27469391363928 
-240.274693913649 
-240.27469391364914 
-240.27469391364895 
-240.27469391364906 
-240.27469391364906 
-240.27469391364903 
-240.2746939136587 
-240.27469391365867 
-240.27469391365855 
-240.27469391365867 
-240.27469391366887 
-240.2746939136689 
-240.27469391367876 
-240.27469391367876 
-240.27469391367882 
-240.27469391367868 
-240.2746939136786 
-240.27469391367876 
-240.27469391367887 
-240.27469391367882 
-240.2746939136789 
-240.2746939136789 
-240.27469391367885 
-240.27469391367868 
-240.2746939136785 
-240.2746939136785 
-240.27469391368834 
-240.2746939136885 
-240.27469391368848 
-240.27469391368857 
-240.2746939136887 
-240.2746939136888 
-240.27469391368876 
-240.2746939136884 
-240.2746939136883 
-240.27469391368834 
-240.27469391368803 
-240.2746939136879 
-240.27469391368788 
-240.27469391368766 
-240.2746939136876 
-240.27469391368734 
-240.27469391368754 
-240.27469391368757 
-240.27469391369735 
-240.27469391369738 
-240.27469391370715 
-240.27469391370732 
-240.27469391370735 
-240.27469391370744 
-240.27469391370747 
-240.27469391370735 
-240.27469391370727 
-240.27469391370724 
-240.2746939137072 
-240.27469391370744 
-240.27469391370755 
-240.2746939137077 
-240.2746939137076 
-240.27469391370758 
-240.2746939137075 
-240.27469391370744 
-240.2746939137172 
-240.27469391371727 
-240.27469391371724 
-240.27469391371727 
-240.27469391372705 
-240.27469391372702 
-240.27469391372702 
-240.2746939137271 
-240.27469391373728 
-240.27469391373734 
-240.2746939137372 
-240.27469391373737 
-240.2746939137373 
-240.27469391373762 
-240.2746939137374 
-240.27469391373742 
-240.27469391373742 
-240.27469391373765 
-240.27469391373782 
-240.2746939137378 
-240.27469391373756 
-240.27469391373756 
-240.27469391373717 
-240.27469391373714 
-240.2746939137372 
-240.27469391373688 
-240.2746939137368 
-240.27469391373688 
-240.27469391374697 
-240.2746939137474 
-240.27469391374734 
-240.27469391374726 
-240.2746939137474 
-240.27469391374706 
-240.27469391374703 
-240.27469391374734 
-240.2746939137572 
-240.2746939137572 
-240.27469391375703 
-240.27469391375723 
-240.2746939137672 
-240.27469391376724 
-240.27469391376758 
-240.27469391376758 
-240.27469391376772 
-240.2746939137674 
-240.27469391377744 
-240.2746939137776 
-240.27469391377772 
-240.2746939137779 
-240.2746939137778 
-240.27469391377753 
-240.27469391377753 
-240.27469391377764 
-240.27469391377755 
-240.27469391377747 
-240.27469391377747 
-240.27469391377753 
-240.2746939137776 
-240.27469391377755 
-240.2746939137874 
-240.27469391378742 
-240.27469391378753 
-240.2746939137877 
-240.2746939137973 
-240.27469391379748 
-240.27469391380754 
-240.27469391380802 
-240.27469391380802 
-240.27469391380814 
-240.27469391381788 
-240.2746939138179 
-240.274693913818 
-240.27469391381808 
-240.274693913818 
-240.27469391381794 
-240.27469391381828 
-240.27469391381817 
-240.27469391382803 
-240.274693913828 
-240.2746939138279 
-240.27469391382792 
-240.27469391383784 
-240.27469391383787 
-240.27469391383792 
-240.2746939138381 
-240.27469391384795 
-240.27469391384807 
-240.27469391384804 
-240.274693913848 
-240.27469391384795 
-240.27469391384807 
-240.274693913858 
-240.2746939138579 
-240.27469391385785 
-240.2746939138578 
-240.27469391385773 
-240.27469391385787 
-240.27469391385785 
-240.2746939138581 
-240.27469391385804 
-240.27469391385836 
-240.27469391386788 
-240.2746939138681 
-240.27469391386822 
-240.27469391387675 
-240.27469391387504 
-240.2746939138688 
-240.27469391387507 
-240.27469391387666 
-240.27469391386907 
-240.27469391386896 
-240.27469391386873 
-240.27469391386904 
-240.274693913869 
-240.27469391386904 
-240.2746939138689 
-240.27469391386904 
-240.2746939138688 
-240.27469391386884 
-240.27469391386893 
-240.2746939138691 
-240.27469391386916 
-240.27469391386924 
-240.27469391386927 
-240.2746939138695 
-240.27469391386924 
-240.27469391386938 
-240.27469391386927 
-240.27469391386938 
-240.27469391386927 
-240.27469391386938 
-240.27469391386936 
-240.27469391386924 
-240.27469391386927 
-240.27469391386956 
-240.27469391386947 
-240.27469391386938 
-240.2746939138695 
-240.2746939138692 
-240.2746939138693 
-240.27469391386958 
-240.2746939138693 
-240.27469391386927 
-240.27469391386927 
-240.2746939138695 
-240.27469391386938 
-240.2746939138695 
-240.2746939138692 
-240.27469391386904 
-240.27469391386884 
-240.2746939138691 
-240.27469391386913 
-240.274693913869 
-240.27469391386896 
-240.2746939138691 
-240.2746939138692 
-240.27469391386904 
-240.27469391386916 
-240.27469391386916 
-240.2746939138692 
-240.27469391386927 
-240.27469391386927 
-240.27469391386919 
-240.27469391386944 
-240.27469391386956 
-240.27469391386953 
-240.2746939138695 
-240.27469391386947 
-240.27469391386936 
-240.27469391386938 
-240.27469391386944 
-240.27469391386944 
-240.2746939138692 
-240.274693913869 
-240.274693913869 
-240.27469391386887 
-240.27469391386904 
-240.27469391386904 
-240.27469391386916 
-240.2746939138689 
-240.27469391386896 
-240.27469391386907 
-240.27469391386893 
-240.27469391386902 
-240.27469391386896 
-240.2746939138688 
-240.2746939138687 
-240.27469391386882 
-240.27469391386867 
-240.27469391386882 
-240.27469391386904 
-240.274693913869 
-240.2746939138691 
-240.2746939138691 
-240.27469391386916 
-240.2746939138692 
-240.2746939138692 
-240.27469391386907 
-240.27469391386916 
-240.2746939138691 
-240.2746939138691 
-240.27469391386907 
-240.27469391386916 
-240.27469391386902 
-240.27469391386936 
-240.27469391386938 
-240.2746939138693 
-240.2746939138693 
-240.27469391386919 
-240.27469391386907 
-240.27469391386916 
-240.27469391386933 
-240.2746939138694 
-240.2746939138694 
-240.27469391386944 
-240.27469391386956 
-240.27469391386978 
-240.27469391386987 
-240.27469391386987 
-240.27469391386973 
-240.27469391386956 
-240.2746939138695 
-240.27469391386958 
-240.2746939138696 
-240.27469391386956 
-240.27469391386944 
-240.2746939138695 
-240.27469391386947 
-240.27469391386956 
-240.27469391386938 
-240.27469391386944 
-240.27469391386938 
-240.27469391386936 
-240.2746939138694 
-240.27469391386936 
-240.2746939138695 
-240.27469391386927 
-240.27469391386947 
-240.27469391386944 
-240.27469391386944 
-240.2746939138696 
-240.27469391386967 
-240.27469391386973 
-240.2746939138699 
-240.27469391386992 
-240.27469391386987 
-240.2746939138698 
-240.27469391386975 
-240.27469391386978 
-240.2746939138696 
-240.27469391386978 
-240.27469391387004 
-240.27469391387015 
-240.27469391387018 
-240.27469391387032 
-240.27469391387027 
-240.27469391387027 
-240.27469391387035 
-240.2746939138704 
-240.27469391387055 
-240.2746939138704 
-240.27469391387064 
-240.27469391387075 
-240.27469391387052 
-240.27469391387064 
-240.27469391387072 
-240.2746939138706 
-240.27469391387072 
-240.27469391387086 
-240.2746939138708 
-240.2746939138709 
-240.27469391387098 
-240.27469391387103 
-240.27469391387086 
-240.274693913871 
-240.27469391387098 
-240.2746939138712 
-240.27469391387123 
-240.27469391387118 
-240.27469391387115 
-240.27469391387112 
-240.27469391387098 
-240.27469391387095 
-240.27469391387095 
-240.27469391387118 
-240.27469391387112 
-240.27469391387115 
-240.27469391387098 
-240.27469391387112 
-240.274693913871 
-240.27469391387106 
-240.27469391387098 
-240.27469391387098 
-240.2746939138708 
-240.27469391387106 
-240.27469391387086 
-240.2746939138707 
-240.2746939138706 
-240.2746939138707 
-240.27469391387083 
-240.27469391387822 
-240.27469391387655 
-240.27469391387012 
-240.2746939138765 
-240.2746939138782 
-240.27469391387058 
-240.27469391387058 
-240.27469391387064 
-240.27469391387064 
-240.27469391387052 
-240.2746939138704 
-240.27469391387035 
-240.2746939138703 
-240.27469391387058 
-240.27469391387058 
-240.2746939138704 
-240.27469391387032 
-240.27469391387024 
-240.27469391387027 
-240.27469391387018 
-240.27469391387046 
-240.27469391387018 
-240.27469391387018 
-240.27469391387032 
-240.27469391387027 
-240.27469391387015 
-240.2746939138702 
-240.27469391386995 
-240.2746939138699 
-240.27469391386998 
-240.27469391386975 
-240.2746939138699 
-240.27469391386995 
-240.2746939138701 
-240.27469391387018 
-240.2746939138703 
-240.27469391387007 
-240.27469391387004 
-240.27469391387 
-240.27469391386992 
-240.2746939138698 
-240.27469391386973 
-240.27469391386964 
-240.2746939138697 
-240.2746939138697 
-240.27469391386987 
-240.2746939138697 
-240.27469391386992 
-240.27469391386967 
-240.27469391386973 
-240.27469391386944 
-240.27469391386933 
-240.27469391386938 
-240.27469391386933 
-240.27469391386927 
-240.27469391386919 
-240.2746939138693 
-240.27469391386938 
-240.27469391386938 
-240.2746939138692 
-240.27469391386924 
-240.27469391386924 
-240.27469391386919 
-240.27469391386902 
-240.27469391386919 
-240.2746939138692 
-240.2746939138691 
-240.27469391386916 
-240.27469391386907 
-240.2746939138691 
-240.27469391386916 
-240.27469391386927 
-240.27469391386933 
-240.27469391386947 
-240.27469391386933 
-240.27469391386933 
-240.2746939138693 
-240.2746939138691 
-240.27469391386887 
-240.27469391386887 
-240.2746939138689 
-240.27469391386893 
-240.27469391386913 
-240.27469391386893 
-240.274693913869 
-240.274693913869 
-240.27469391386913 
-240.27469391386904 
-240.2746939138692 
-240.27469391386924 
-240.27469391386933 
-240.27469391386938 
-240.27469391386924 
-240.2746939138691 
-240.2746939138691 
-240.27469391386904 
-240.27469391386907 
-240.27469391386919 
-240.27469391386924 
-240.2746939138691 
-240.274693913869 
-240.27469391386896 
-240.27469391386884 
-240.27469391386904 
-240.274693913869 
-240.27469391386893 
-240.2746939138689 
-240.2746939138689 
-240.2746939138692 
-240.27469391386916 
-240.2746939138691 
-240.27469391386902 
-240.27469391386896 
-240.27469391386907 
-240.274693913869 
-240.274693913869 
-240.27469391386884 
-240.27469391386893 
-240.2746939138689 
-240.27469391386876 
-240.27469391386882 
-240.27469391386853 
-240.27469391386853 
-240.27469391386862 
-240.27469391386842 
-240.27469391386842 
-240.27469391386865 
-240.27469391386845 
-240.2746939138683 
-240.27469391386833 
-240.27469391386845 
-240.27469391386848 
-240.27469391386867 
-240.27469391386862 
-240.2746939138686 
-240.27469391386862 
-240.27469391386876 
-240.27469391386845 
-240.27469391386842 
-240.2746939138683 
-240.27469391386836 
-240.27469391386825 
-240.2746939138682 
-240.27469391386828 
-240.27469391386842 
-240.27469391386842 
-240.27469391386828 
-240.27469391386836 
-240.27469391386802 
-240.27469391386796 
-240.27469391386794 
-240.27469391386774 
-240.2746939138678 
-240.27469391386796 
-240.27469391386796 
-240.27469391386808 
-240.27469391386802 
-240.27469391386805 
-240.274693913868 
-240.274693913868 
-240.27469391386796 
-240.27469391386802 
-240.274693913868 
-240.27469391386796 
-240.27469391386794 
-240.27469391386782 
-240.27469391386776 
-240.27469391386776 
-240.2746939138678 
-240.27469391386774 
-240.2746939138677 
-240.27469391386768 
-240.27469391386768 
-240.27469391386762 
-240.27469391386757 
-240.2746939138677 
-240.27469391386768 
-240.27469391386765 
-240.27469391386762 
-240.27469391386788 
-240.27469391386816 
-240.27469391386796 
-240.27469391386802 
-240.27469391386794 
-240.2746939138676 
-240.2746939138675 
-240.27469391386734 
-240.2746939138674 
-240.27469391386722 
-240.27469391386725 
-240.27469391386728 
-240.27469391386725 
-240.274693913867 
-240.27469391386683 
-240.274693913867 
-240.27469391386703 
-240.27469391387461 
-240.2746939138733 
-240.27469391386688 
-240.27469391387328 
-240.27469391387473 
-240.274693913867 
-240.274693913867 
-240.27469391386674 
-240.27469391386688 
-240.2746939138672 
-240.27469391386717 
-240.27469391386722 
-240.27469391386728 
-240.27469391386742 
-240.27469391386734 
-240.27469391386757 
-240.2746939138678 
-240.27469391386822 
-240.27469391386822 
-240.27469391386825 
-240.27469391386836 
-240.27469391386808 
-240.27469391386785 
-240.27469391386785 
-240.27469391386802 
-240.27469391386774 
-240.27469391386774 
-240.2746939138677 
-240.2746939138678 
-240.27469391386776 
-240.27469391386785 
-240.27469391386776 
-240.27469391386782 
-240.2746939138678 
-240.2746939138679 
-240.27469391386788 
-240.27469391386802 
-240.27469391386808 
-240.27469391386805 
-240.27469391386808 
-240.2746939138679 
-240.27469391386813 
-240.27469391386813 
-240.27469391386808 
-240.27469391386816 
-240.27469391386825 
-240.27469391386816 
-240.27469391386802 
-240.27469391386802 
-240.274693913868 
-240.2746939138678 
-240.27469391386794 
-240.27469391386796 
-240.2746939138682 
-240.2746939138681 
-240.27469391386825 
-240.2746939138683 
-240.2746939138683 
-240.2746939138682 
-240.2746939138682 
-240.27469391386813 
-240.2746939138682 
-240.27469391386828 
-240.27469391386828 
-240.27469391386842 
-240.27469391386845 
-240.27469391386842 
-240.27469391386842 
-240.27469391386845 
-240.27469391386842 
-240.27469391386848 
-240.2746939138683 
-240.27469391386836 
-240.27469391386845 
-240.2746939138686 
-240.2746939138683 
-240.27469391386845 
-240.27469391386853 
-240.27469391386825 
-240.27469391386833 
-240.27469391386833 
-240.27469391386848 
-240.27469391386882 
-240.27469391386865 
-240.27469391386853 
-240.27469391386873 
-240.27469391386865 
-240.27469391386884 
-240.27469391386882 
-240.2746939138688 
-240.27469391386893 
-240.27469391386887 
-240.27469391386896 
-240.27469391386873 
-240.27469391386876 
-240.27469391386873 
-240.2746939138688 
-240.27469391386884 
-240.27469391386867 
-240.2746939138688 
-240.27469391386876 
-240.27469391386873 
-240.27469391386884 
-240.27469391386882 
-240.27469391386876 
-240.27469391386876 
-240.27469391386884 
-240.27469391386876 
-240.27469391386887 
-240.27469391386893 
-240.274693913869 
-240.2746939138689 
-240.27469391386882 
-240.2746939138687 
-240.27469391386896 
-240.27469391386876 
-240.27469391386887 
-240.2746939138688 
-240.27469391386876 
-240.27469391386882 
-240.27469391386876 
-240.27469391386882 
-240.27469391386882 
-240.2746939138689 
-240.27469391386904 
-240.2746939138692 
-240.27469391386924 
-240.27469391386927 
-240.2746939138691 
-240.2746939138691 
-240.27469391386904 
-240.27469391386896 
-240.27469391386893 
-240.27469391386902 
-240.274693913869 
-240.27469391386927 
-240.2746939138691 
-240.27469391386893 
-240.27469391386902 
-240.274693913869 
-240.27469391386904 
-240.27469391386893 
-240.27469391386924 
-240.2746939138692 
-240.27469391386936 
-240.2746939138691 
-240.27469391386904 
-240.27469391386907 
-240.2746939138691 
-240.27469391386904 
-240.27469391386924 
-240.27469391386953 
-240.27469391386947 
-240.27469391386944 
-240.27469391386947 
-240.27469391386956 
-240.27469391386947 
-240.27469391386944 
-240.27469391386933 
-240.27469391386936 
-240.27469391386938 
-240.27469391386956 
-240.2746939138696 
-240.27469391386944 
-240.2746939138695 
-240.2746939138697 
-240.27469391386967 
-240.27469391386973 
-240.2746939138695 
-240.2746939138694 
-240.27469391386927 
-240.27469391386947 
-240.27469391386944 
-240.27469391386947 
-240.2746939138696 
-240.27469391386964 
-240.27469391386944 
-240.2746939138694 
-240.27469391386947 
-240.27469391386933 
-240.2746939138695 
-240.27469391386944 
-240.27469391386938 
-240.27469391386936 
-240.27469391386938 
-240.27469391386956 
-240.27469391386978 
-240.2746939138698 
-240.2746939138694 
-240.2746939138693 
-240.27469391386933 
-240.27469391386947 
-240.27469391386964 
-240.2746939138695 
-240.27469391386956 
-240.27469391386978 
-240.2746939138773 
-240.2746939138757 
-240.27469391386916 
-240.27469391387564 
-240.27469391387717 
-240.27469391386947 
-240.27469391386944 
-240.27469391386936 
-240.2746939138696 
-240.27469391386924 
-240.27469391386919 
-240.27469391386916 
-240.2746939138692 
-240.2746939138694 
-240.27469391386938 
-240.2746939138692 
-240.27469391386904 
-240.274693913869 
-240.2746939138689 
-240.27469391386907 
-240.2746939138691 
-240.27469391386904 
-240.27469391386904 
-240.27469391386893 
-240.27469391386887 
-240.2746939138691 
-240.2746939138689 
-240.274693913869 
-240.27469391386882 
-240.27469391386887 
-240.27469391386882 
-240.274693913869 
-240.27469391386916 
-240.27469391386902 
-240.27469391386902 
-240.27469391386907 
-240.27469391386887 
-240.27469391386893 
-240.27469391386904 
-240.2746939138691 
-240.27469391386907 
-240.274693913869 
-240.27469391386904 
-240.274693913869 
-240.27469391386916 
-240.27469391386916 
-240.2746939138692 
-240.27469391386913 
-240.2746939138691 
-240.2746939138692 
-240.27469391386913 
-240.27469391386904 
-240.27469391386887 
-240.274693913869 
-240.27469391386876 
-240.27469391386884 
-240.27469391386887 
-240.2746939138688 
-240.27469391386893 
-240.2746939138687 
-240.27469391386867 
-240.27469391386876 
-240.2746939138689 
-240.2746939138688 
-240.27469391386884 
-240.27469391386873 
-240.2746939138688 
-240.27469391386876 
-240.27469391386853 
-240.27469391386853 
-240.27469391386856 
-240.2746939138685 
-240.2746939138686 
-240.27469391386862 
-240.27469391386873 
-240.27469391386865 
-240.27469391386862 
-240.2746939138687 
-240.27469391386876 
-240.2746939138688 
-240.2746939138687 
-240.2746939138688 
-240.27469391386862 
-240.2746939138687 
-240.27469391386867 
-240.27469391386865 
-240.2746939138686 
-240.27469391386856 
-240.27469391386848 
-240.27469391386836 
-240.27469391386845 
-240.2746939138685 
-240.2746939138682 
-240.2746939138683 
-240.2746939138682 
-240.27469391386822 
-240.2746939138682 
-240.27469391386805 
-240.2746939138678 
-240.2746939138678 
-240.27469391386774 
-240.2746939138676 
-240.2746939138675 
-240.2746939138675 
-240.27469391386748 
-240.2746939138676 
-240.2746939138675 
-240.27469391386754 
-240.27469391386757 
-240.27469391386757 
-240.27469391386768 
-240.27469391386757 
-240.2746939138675 
-240.2746939138677 
-240.27469391386782 
-240.2746939138678 
-240.2746939138679 
-240.2746939138679 
-240.27469391386785 
-240.2746939138678 
-240.27469391386757 
-240.27469391386768 
-240.2746939138677 
-240.27469391386762 
-240.2746939138678 
-240.2746939138676 
-240.27469391386774 
-240.27469391386757 
-240.27469391386757 
-240.27469391386762 
-240.27469391386782 
-240.27469391386768 
-240.27469391386774 
-240.27469391386768 
-240.27469391386768 
-240.2746939138676 
-240.27469391386748 
-240.2746939138674 
-240.27469391386714 
-240.27469391386722 
-240.27469391386737 
-240.27469391386722 
-240.27469391386725 
-240.2746939138671 
-240.27469391386694 
-240.274693913867 
-240.274693913867 
-240.2746939138671 
-240.2746939138671 
-240.27469391386717 
-240.27469391386722 
-240.2746939138671 
-240.27469391386708 
-240.27469391386697 
-240.27469391386705 
-240.27469391386694 
-240.2746939138669 
-240.27469391386688 
-240.27469391386683 
-240.2746939138667 
-240.2746939138665 
-240.27469391386663 
-240.2746939138666 
-240.2746939138666 
-240.2746939138669 
-240.27469391386666 
-240.27469391386674 
-240.27469391386694 
-240.27469391386705 
-240.27469391386717 
-240.2746939138672 
-240.27469391386717 
-240.27469391386725 
-240.2746939138673 
-240.27469391386717 
-240.27469391386722 
-240.27469391386705 
-240.27469391386725 
-240.2746939138671 
-240.2746939138673 
-240.27469391386734 
-240.27469391386728 
-240.27469391386717 
-240.27469391386708 
-240.27469391386708 
-240.27469391386708 
-240.27469391386705 
-240.2746939138673 
-240.27469391386737 
-240.2746939138674 
-240.27469391386725 
-240.2746939138673 
-240.27469391386717 
-240.27469391386708 
-240.27469391386703 
-240.27469391386717 
-240.27469391387456 
-240.27469391387305 
-240.27469391386683 
-240.27469391387305 
-240.27469391387456 
-240.27469391386705 
-240.27469391386708 
-240.27469391386717 
-240.27469391386728 
-240.27469391386734 
-240.27469391386734 
-240.2746939138675 
-240.27469391386737 
-240.27469391386722 
-240.27469391386717 
-240.27469391386714 
-240.27469391386705 
-240.27469391386703 
-240.27469391386708 
-240.27469391386705 
-240.27469391386714 
-240.27469391386705 
-240.27469391386688 
-240.27469391386703 
-240.2746939138668 
-240.27469391386686 
-240.27469391386688 
-240.274693913867 
-240.27469391386694 
-240.27469391386703 
-240.274693913867 
-240.274693913867 
-240.27469391386688 
-240.27469391386677 
-240.27469391386666 
-240.27469391386657 
-240.27469391386677 
-240.2746939138666 
-240.27469391386657 
-240.2746939138666 
-240.27469391386654 
-240.27469391386668 
-240.27469391386677 
-240.27469391386688 
-240.27469391386697 
-240.27469391386694 
-240.27469391386717 
-240.27469391386705 
-240.2746939138672 
-240.27469391386722 
-240.27469391386754 
-240.2746939138675 
-240.2746939138674 
-240.2746939138674 
-240.27469391386725 
-240.27469391386725 
-240.27469391386737 
-240.27469391386754 
-240.27469391386745 
-240.27469391386774 
-240.27469391386762 
-240.27469391386757 
-240.2746939138675 
-240.27469391386774 
-240.27469391386794 
-240.27469391386805 
-240.27469391386805 
-240.274693913868 
-240.27469391386808 
-240.2746939138679 
-240.27469391386802 
-240.27469391386788 
-240.2746939138678 
-240.2746939138679 
-240.27469391386808 
-240.27469391386785 
-240.27469391386805 
-240.27469391386808 
-240.2746939138681 
-240.2746939138682 
-240.27469391386816 
-240.27469391386836 
-240.27469391386842 
-240.2746939138685 
-240.27469391386853 
-240.27469391386845 
-240.27469391386836 
-240.27469391386825 
-240.27469391386816 
-240.2746939138682 
-240.27469391386813 
-240.2746939138681 
-240.2746939138682 
-240.27469391386816 
-240.2746939138681 
-240.27469391386825 
-240.27469391386816 
-240.27469391386816 
-240.27469391386816 
-240.2746939138682 
-240.27469391386842 
-240.27469391386853 
-240.27469391386867 
-240.2746939138687 
-240.2746939138689 
-240.27469391386902 
-240.27469391386887 
-240.27469391386893 
-240.2746939138688 
-240.274693913869 
-240.27469391386907 
-240.2746939138689 
-240.27469391386927 
-240.27469391386902 
-240.27469391386904 
-240.2746939138691 
-240.2746939138691 
-240.2746939138692 
-240.27469391386924 
-240.27469391386933 
-240.2746939138693 
-240.27469391386933 
-240.2746939138693 
-240.27469391386916 
-240.27469391386902 
-240.2746939138691 
-240.2746939138692 
-240.27469391386933 
-240.2746939138693 
-240.2746939138692 
-240.2746939138692 
-240.27469391386933 
-240.27469391386927 
-240.27469391386938 
-240.27469391386956 
-240.27469391386956 
-240.27469391386975 
-240.27469391386978 
-240.27469391387004 
-240.27469391387004 
-240.2746939138698 
-240.2746939138699 
-240.27469391386992 
-240.27469391386975 
-240.27469391386992 
-240.27469391386995 
-240.2746939138698 
-240.27469391387 
-240.2746939138698 
-240.27469391387007 
-240.27469391387015 
-240.27469391387018 
-240.27469391387018 
-240.2746939138702 
-240.2746939138702 
-240.27469391387024 
-240.27469391387018 
-240.27469391387015 
-240.2746939138701 
-240.27469391387032 
-240.27469391387035 
-240.27469391387044 
-240.27469391387032 
-240.2746939138704 
-240.27469391387018 
-240.2746939138702 
-240.27469391387015 
-240.27469391387007 
-240.2746939138703 
-240.27469391387007 
-240.27469391386995 
-240.2746939138702 
-240.27469391387007 
-240.27469391387018 
-240.27469391387012 
-240.2746939138703 
-240.27469391387038 
-240.27469391387032 
-240.2746939138704 
-240.27469391387052 
-240.27469391387035 
-240.27469391387024 
-240.27469391387024 
-240.27469391387032 
-240.27469391387035 
-240.27469391387052 
-240.2746939138706 
-240.27469391387058 
-240.27469391387044 
-240.27469391387052 
-240.27469391387044 
-240.27469391387038 
-240.27469391387064 
-240.27469391387052 
-240.27469391387052 
-240.27469391387058 
-240.27469391387845 
-240.27469391387706 
-240.27469391387072 
-240.27469391387694 
-240.2746939138783 
-240.2746939138706 
-240.2746939138704 
-240.27469391387046 
-240.27469391387066 
-240.27469391387044 
-240.27469391387055 
-240.27469391387055 
-240.2746939138707 
-240.2746939138708 
-240.2746939138708 
-240.2746939138708 
-240.2746939138708 
-240.2746939138707 
-240.27469391387075 
-240.2746939138705 
-240.27469391387046 
-240.27469391387064 
-240.27469391387055 
-240.27469391387052 
-240.27469391387055 
-240.27469391387052 
-240.27469391387055 
-240.27469391387046 
-240.27469391387035 
-240.2746939138703 
-240.27469391387038 
-240.27469391387024 
-240.27469391387035 
-240.27469391387046 
-240.2746939138703 
-240.27469391387038 
-240.2746939138703 
-240.2746939138703 
-240.27469391387027 
-240.27469391387032 
-240.2746939138703 
-240.2746939138702 
-240.2746939138701 
-240.27469391387018 
-240.2746939138702 
-240.27469391387038 
-240.27469391387024 
-240.2746939138701 
-240.27469391387 
-240.27469391387015 
-240.27469391387018 
-240.27469391387024 
-240.2746939138703 
-240.2746939138703 
-240.27469391387044 
-240.27469391387032 
-240.2746939138704 
-240.27469391387032 
-240.27469391387046 
-240.27469391387024 
-240.2746939138702 
-240.27469391387035 
-240.27469391387024 
-240.27469391387018 
-240.2746939138701 
-240.27469391386984 
-240.27469391387004 
-240.27469391386984 
-240.27469391386987 
-240.27469391386984 
-240.27469391386975 
-240.27469391386947 
-240.2746939138694 
-240.27469391386924 
-240.27469391386904 
-240.27469391386887 
-240.27469391386882 
-240.274693913869 
-240.27469391386882 
-240.27469391386893 
-240.27469391386904 
-240.2746939138691 
-240.27469391386907 
-240.2746939138691 
-240.27469391386919 
-240.27469391386893 
-240.27469391386893 
-240.27469391386887 
-240.27469391386887 
-240.27469391386904 
-240.27469391386893 
-240.27469391386882 
-240.27469391386882 
-240.27469391386904 
-240.27469391386893 
-240.27469391386902 
-240.27469391386916 
-240.27469391386916 
-240.27469391386927 
-240.27469391386927 
-240.27469391386933 
-240.27469391386927 
-240.2746939138693 
-240.2746939138692 
-240.27469391386944 
-240.27469391386936 
-240.27469391386938 
-240.27469391386956 
-240.2746939138696 
-240.2746939138697 
-240.2746939138699 
-240.27469391387 
-240.2746939138701 
-240.27469391387027 
-240.27469391387027 
-240.27469391387044 
-240.27469391387027 
-240.27469391387035 
-240.27469391387046 
-240.27469391387035 
-240.27469391387018 
-240.27469391387032 
-240.27469391387035 
-240.27469391387035 
-240.2746939138704 
-240.27469391387012 
-240.27469391387035 
-240.27469391387044 
-240.27469391387038 
-240.2746939138702 
-240.2746939138703 
-240.27469391387038 
-240.2746939138703 
-240.27469391387027 
-240.2746939138705 
-240.27469391387046 
-240.27469391387038 
-240.27469391387046 
-240.27469391387072 
-240.27469391387083 
-240.27469391387092 
-240.2746939138711 
-240.2746939138711 
-240.2746939138711 
-240.27469391387115 
-240.2746939138712 
-240.27469391387112 
-240.27469391387137 
-240.27469391387137 
-240.27469391387143 
-240.27469391387157 
-240.27469391387146 
-240.2746939138714 
-240.27469391387132 
-240.27469391387154 
-240.2746939138713 
-240.27469391387152 
-240.27469391387166 
-240.27469391387152 
-240.2746939138716 
-240.27469391387177 
-240.27469391387183 
-240.2746939138717 
-240.2746939138717 
-240.27469391387154 
-240.2746939138716 
-240.27469391387163 
-240.27469391387143 
-240.2746939138714 
-240.27469391387146 
-240.27469391387152 
-240.27469391387154 
-240.27469391387174 
-240.2746939138717 
-240.27469391387174 
-240.2746939138717 
-240.27469391387174 
-240.27469391387166 
-240.2746939138716 
-240.27469391387143 
-240.27469391387143 
-240.2746939138713 
-240.27469391387115 
-240.27469391387126 
-240.27469391387126 
-240.27469391387135 
-240.27469391387137 
-240.27469391387143 
-240.27469391387154 
-240.27469391387137 
-240.27469391387146 
-240.27469391387154 
-240.27469391387163 
-240.27469391387163 
-240.27469391387172 
-240.27469391387177 
-240.27469391387947 
-240.27469391387774 
-240.27469391387135 
-240.27469391387777 
-240.27469391387933 
-240.2746939138714 
-240.27469391387118 
-240.2746939138711 
-240.27469391387118 
-240.27469391387123 
-240.27469391387098 
-240.27469391387095 
-240.2746939138712 
-240.27469391387115 
-240.27469391387115 
-240.27469391387103 
-240.27469391387092 
-240.27469391387092 
-240.27469391387092 
-240.27469391387103 
-240.2746939138711 
-240.2746939138712 
-240.27469391387163 
-240.27469391387154 
-240.27469391387163 
-240.27469391387166 
-240.2746939138717 
-240.2746939138718 
-240.2746939138716 
-240.2746939138715 
-240.27469391387135 
-240.27469391387126 
-240.27469391387118 
-240.27469391387126 
-240.2746939138714 
-240.27469391387143 
-240.27469391387132 
-240.27469391387135 
-240.27469391387146 
-240.27469391387154 
-240.27469391387143 
-240.2746939138712 
-240.27469391387123 
-240.27469391387112 
-240.27469391387112 
-240.27469391387103 
-240.27469391387106 
-240.2746939138709 
-240.27469391387086 
-240.27469391387103 
-240.27469391387092 
-240.27469391387075 
-240.27469391387075 
-240.2746939138707 
-240.27469391387052 
-240.2746939138705 
-240.2746939138705 
-240.27469391387038 
-240.2746939138704 
-240.27469391387046 
-240.27469391387035 
-240.27469391387018 
-240.27469391386995 
-240.27469391386987 
-240.27469391386984 
-240.2746939138699 
-240.2746939138699 
-240.27469391386973 
-240.27469391386975 
-240.2746939138698 
-240.27469391386975 
-240.27469391386967 
-240.2746939138698 
-240.2746939138698 
-240.27469391386967 
-240.27469391386978 
-240.27469391387004 
-240.2746939138698 
-240.27469391386984 
-240.27469391386984 
-240.27469391386964 
-240.27469391386967 
-240.27469391386984 
-240.27469391386967 
-240.27469391386964 
-240.27469391386973 
-240.27469391386973 
-240.27469391386964 
-240.2746939138695 
-240.27469391386947 
-240.2746939138694 
-240.2746939138692 
-240.27469391386904 
-240.27469391386887 
-240.27469391386873 
-240.27469391386862 
-240.27469391386862 
-240.2746939138685 
-240.27469391386848 
-240.27469391386845 
-240.27469391386865 
-240.27469391386848 
-240.27469391386842 
-240.27469391386833 
-240.2746939138683 
-240.2746939138682 
-240.27469391386813 
-240.27469391386825 
-240.2746939138681 
-240.27469391386808 
-240.27469391386813 
-240.27469391386822 
-240.27469391386822 
-240.2746939138682 
-240.2746939138682 
-240.27469391386825 
-240.27469391386853 
-240.27469391386833 
-240.2746939138683 
-240.27469391386842 
-240.27469391386856 
-240.27469391386828 
-240.27469391386808 
-240.2746939138682 
-240.2746939138681 
-240.27469391386822 
-240.27469391386825 
-240.2746939138685 
-240.2746939138686 
-240.27469391386862 
-240.27469391386893 
-240.27469391386896 
-240.27469391386904 
-240.27469391386896 
-240.27469391386904 
-240.27469391386902 
-240.2746939138692 
-240.2746939138692 
-240.27469391386938 
-240.27469391386936 
-240.27469391386933 
-240.27469391386927 
-240.27469391386956 
-240.27469391386956 
-240.27469391386958 
-240.27469391386964 
-240.27469391386967 
-240.27469391386956 
-240.27469391386953 
-240.27469391386956 
-240.27469391386947 
-240.27469391386938 
-240.27469391386927 
-240.27469391386927 
-240.2746939138695 
-240.2746939138696 
-240.27469391386944 
-240.2746939138694 
-240.27469391386927 
-240.27469391386938 
-240.27469391386944 
-240.2746939138695 
-240.27469391386956 
-240.27469391386956 
-240.2746939138697 
-240.27469391386973 
-240.27469391386975 
-240.2746939138699 
-240.27469391386967 
-240.27469391386964 
-240.27469391386967 
-240.27469391386958 
-240.27469391386967 
-240.27469391386967 
-240.2746939138697 
-240.27469391386956 
-240.27469391386967 
-240.27469391386964 
-240.27469391386967 
-240.27469391386967 
-240.27469391386964 
-240.27469391386973 
-240.27469391387007 
-240.27469391387007 
-240.27469391387007 
-240.27469391387024 
-240.2746939138703 
-240.27469391387024 
-240.27469391387015 
-240.27469391387004 
-240.27469391386995 
-240.2746939138698 
-240.27469391387 
-240.27469391386992 
-240.2746939138699 
-240.27469391387012 
-240.27469391387734 
-240.27469391387595 
-240.27469391386967 
-240.27469391387586 
-240.27469391387743 
-240.27469391386984 
-240.27469391386998 
-240.27469391387007 
-240.27469391387018 
-240.27469391387004 
-240.2746939138701 
-240.27469391387 
-240.27469391387018 
-240.27469391387018 
-240.2746939138699 
-240.27469391386992 
-240.2746939138699 
-240.27469391387018 
-240.2746939138701 
-240.2746939138701 
-240.27469391387007 
-240.27469391387004 
-240.27469391387 
-240.27469391387027 
-240.27469391387018 
-240.27469391387027 
-240.27469391387007 
-240.2746939138699 
-240.27469391387007 
-240.27469391387004 
-240.27469391387004 
-240.27469391386995 
-240.27469391387012 
-240.27469391387015 
-240.2746939138701 
-240.27469391387 
-240.27469391387004 
-240.2746939138698 
-240.27469391386978 
-240.27469391386973 
-240.27469391386978 
-240.27469391386973 
-240.27469391386964 
-240.27469391386967 
-240.2746939138697 
-240.2746939138697 
-240.2746939138697 
-240.27469391386956 
-240.27469391386953 
-240.27469391386975 
-240.27469391386992 
-240.27469391386992 
-240.27469391387 
-240.2746939138698 
-240.2746939138696 
-240.27469391386956 
-240.27469391386958 
-240.2746939138696 
-240.27469391386947 
-240.27469391386936 
-240.27469391386916 
-240.27469391386916 
-240.27469391386916 
-240.27469391386936 
-240.27469391386916 
-240.27469391386919 
-240.27469391386919 
-240.27469391386916 
-240.27469391386902 
-240.27469391386904 
-240.274693913869 
-240.27469391386916 
-240.27469391386916 
-240.27469391386916 
-240.27469391386913 
-240.27469391386893 
-240.27469391386902 
-240.274693913869 
-240.27469391386893 
-240.27469391386919 
-240.27469391386893 
-240.2746939138688 
-240.27469391386862 
-240.2746939138687 
-240.27469391386865 
-240.2746939138686 
-240.27469391386867 
-240.27469391386884 
-240.27469391386884 
-240.2746939138688 
-240.27469391386904 
-240.27469391386907 
-240.27469391386902 
-240.27469391386902 
-240.2746939138689 
-240.27469391386893 
-240.27469391386884 
-240.27469391386887 
-240.2746939138689 
-240.2746939138688 
-240.27469391386893 
-240.27469391386884 
-240.27469391386887 
-240.27469391386876 
-240.27469391386884 
-240.27469391386862 
-240.27469391386873 
-240.27469391386848 
-240.27469391386848 
-240.27469391386836 
-240.27469391386848 
-240.2746939138683 
-240.27469391386836 
-240.27469391386836 
-240.2746939138683 
-240.2746939138684 
-240.2746939138684 
-240.2746939138682 
-240.27469391386828 
-240.27469391386816 
-240.2746939138683 
-240.27469391386836 
-240.2746939138682 
-240.27469391386802 
-240.2746939138681 
-240.2746939138681 
-240.27469391386808 
-240.27469391386805 
-240.27469391386836 
-240.27469391386822 
-240.2746939138682 
-240.27469391386836 
-240.27469391386836 
-240.27469391386833 
-240.2746939138685 
-240.2746939138683 
-240.27469391386828 
-240.274693913868 
-240.27469391386774 
-240.27469391386782 
-240.2746939138677 
-240.27469391386768 
-240.27469391386768 
-240.2746939138676 
-240.27469391386754 
-240.27469391386745 
-240.2746939138675 
-240.27469391386757 
-240.2746939138678 
-240.27469391386782 
-240.27469391386782 
-240.27469391386776 
-240.27469391386754 
-240.27469391386757 
-240.27469391386757 
-240.27469391386765 
-240.27469391386762 
-240.2746939138678 
-240.2746939138677 
-240.2746939138678 
-240.27469391386768 
-240.27469391386765 
-240.27469391386762 
-240.27469391386782 
-240.27469391386785 
-240.27469391386782 
-240.27469391386776 
-240.2746939138678 
-240.27469391386776 
-240.27469391386776 
-240.27469391386782 
-240.27469391386788 
-240.27469391386785 
-240.27469391386808 
-240.2746939138682 
-240.27469391386813 
-240.27469391386802 
-240.27469391386788 
-240.274693913868 
-240.27469391386776 
-240.2746939138676 
-240.27469391386768 
-240.2746939138678 
-240.27469391386782 
-240.27469391386788 
-240.2746939138678 
-240.27469391386782 
-240.27469391386774 
-240.274693913868 
-240.27469391386754 
-240.27469391386757 
-240.27469391386776 
-240.2746939138675 
-240.27469391386734 
-240.2746939138673 
-240.27469391386737 
-240.27469391387527 
-240.27469391387382 
-240.27469391386742 
-240.27469391387376 
-240.2746939138752 
-240.27469391386742 
-240.27469391386737 
-240.2746939138673 
-240.27469391386745 
-240.2746939138677 
-240.2746939138675 
-240.27469391386757 
-240.27469391386782 
-240.2746939138678 
-240.27469391386776 
-240.27469391386785 
-240.27469391386782 
-240.2746939138677 
-240.27469391386776 
-240.2746939138677 
-240.27469391386782 
-240.27469391386782 
-240.27469391386796 
-240.27469391386774 
-240.2746939138678 
-240.27469391386785 
-240.274693913868 
-240.27469391386788 
-240.2746939138678 
-240.2746939138678 
-240.27469391386794 
-240.27469391386776 
-240.27469391386782 
-240.27469391386768 
-240.2746939138677 
-240.27469391386757 
-240.27469391386762 
-240.27469391386762 
-240.27469391386754 
-240.27469391386757 
-240.27469391386768 
-240.27469391386768 
-240.27469391386765 
-240.2746939138676 
-240.27469391386757 
-240.27469391386776 
-240.27469391386748 
-240.27469391386745 
-240.2746939138675 
-240.2746939138677 
-240.27469391386768 
-240.27469391386782 
-240.27469391386774 
-240.27469391386745 
-240.27469391386748 
-240.2746939138675 
-240.27469391386742 
-240.2746939138675 
-240.27469391386757 
-240.27469391386757 
-240.27469391386757 
-240.27469391386765 
-240.2746939138678 
-240.27469391386808 
-240.2746939138683 
-240.27469391386833 
-240.27469391386848 
-240.27469391386842 
-240.2746939138685 
-240.27469391386848 
-240.2746939138683 
-240.27469391386836 
-240.27469391386828 
-240.27469391386825 
-240.2746939138683 
-240.27469391386828 
-240.2746939138684 
-240.27469391386822 
-240.27469391386825 
-240.2746939138684 
-240.27469391386833 
-240.27469391386825 
-240.2746939138683 
-240.27469391386825 
-240.27469391386828 
-240.27469391386833 
-240.27469391386825 
-240.27469391386836 
-240.27469391386836 
-240.27469391386836 
-240.27469391386853 
-240.27469391386856 
-240.27469391386856 
-240.27469391386848 
-240.2746939138688 
-240.27469391386882 
-240.27469391386884 
-240.2746939138688 
-240.27469391386902 
-240.27469391386893 
-240.2746939138691 
-240.27469391386902 
-240.27469391386913 
-240.27469391386913 
-240.27469391386902 
-240.27469391386907 
-240.27469391386907 
-240.2746939138691 
-240.27469391386913 
-240.27469391386907 
-240.27469391386907 
-240.27469391386893 
-240.27469391386884 
-240.27469391386887 
-240.27469391386876 
-240.2746939138688 
-240.27469391386873 
-240.27469391386876 
-240.27469391386865 
-240.27469391386887 
-240.27469391386907 
-240.27469391386924 
-240.27469391386904 
-240.2746939138691 
-240.2746939138691 
-240.2746939138691 
-240.2746939138691 
-240.2746939138692 
-240.27469391386924 
-240.27469391386924 
-240.27469391386916 
-240.27469391386924 
-240.27469391386919 
-240.27469391386924 
-240.27469391386927 
-240.2746939138692 
-240.2746939138692 
-240.27469391386933 
-240.2746939138691 
-240.27469391386924 
-240.274693913869 
-240.2746939138692 
-240.27469391386919 
-240.27469391386938 
-240.27469391386944 
-240.27469391386953 
-240.27469391386958 
-240.2746939138697 
-240.27469391386998 
-240.2746939138699 
-240.27469391386973 
-240.2746939138696 
-240.27469391386953 
-240.2746939138695 
-240.27469391386964 
-240.2746939138696 
-240.27469391386958 
-240.2746939138696 
-240.2746939138696 
-240.27469391386956 
-240.2746939138697 
-240.27469391386978 
-240.2746939138697 
-240.27469391386967 
-240.27469391386987 
-240.27469391386984 
-240.2746939138699 
-240.2746939138699 
-240.27469391386995 
-240.27469391386998 
-240.27469391386995 
-240.27469391387004 
-240.27469391387004 
-240.27469391386992 
-240.27469391387007 
-240.27469391387018 
-240.27469391387018 
-240.27469391387032 
-240.27469391387015 
-240.27469391387018 
-240.27469391387012 
-240.27469391387007 
-240.27469391387007 
-240.27469391386998 
-240.27469391387 
-240.27469391386984 
-240.27469391386967 
-240.27469391386992 
-240.27469391386995 
-240.27469391386984 
-240.27469391386998 
-240.2746939138699 
-240.27469391386984 
-240.27469391386984 
-240.27469391386978 
-240.27469391386973 
-240.2746939138774 
-240.27469391387572 
-240.2746939138695 
-240.27469391387572 
-240.27469391387743 
-240.2746939138699 
-240.27469391386973 
-240.27469391386987 
-240.27469391386995 
-240.2746939138698 
-240.27469391386975 
-240.27469391386964 
-240.27469391386964 
-240.27469391386944 
-240.2746939138696 
-240.2746939138697 
-240.27469391386958 
-240.27469391386953 
-240.27469391386967 
-240.27469391386967 
-240.27469391386975 
-240.2746939138698 
-240.27469391386964 
-240.27469391386958 
-240.27469391386956 
-240.27469391386953 
-240.27469391386933 
-240.27469391386947 
-240.2746939138693 
-240.27469391386927 
-240.27469391386919 
-240.27469391386913 
-240.2746939138692 
-240.27469391386913 
-240.2746939138693 
-240.27469391386916 
-240.27469391386924 
-240.2746939138694 
-240.2746939138694 
-240.27469391386944 
-240.2746939138695 
-240.27469391386947 
-240.27469391386944 
-240.27469391386933 
-240.27469391386916 
-240.2746939138691 
-240.27469391386902 
-240.274693913869 
-240.27469391386904 
-240.27469391386876 
-240.2746939138687 
-240.2746939138689 
-240.2746939138686 
-240.27469391386865 
-240.2746939138686 
-240.27469391386853 
-240.27469391386836 
-240.27469391386813 
-240.274693913868 
-240.27469391386802 
-240.27469391386794 
-240.27469391386828 
-240.27469391386825 
-240.27469391386845 
-240.27469391386848 
-240.27469391386845 
-240.27469391386848 
-240.27469391386842 
-240.27469391386848 
-240.27469391386856 
-240.27469391386882 
-240.2746939138687 
-240.27469391386848 
-240.27469391386856 
-240.27469391386876 
-240.27469391386833 
-240.27469391386822 
-240.27469391386805 
-240.27469391386802 
-240.27469391386813 
-240.27469391386813 
-240.2746939138679 
-240.27469391386768 
-240.27469391386774 
-240.27469391386762 
-240.2746939138679 
-240.27469391386796 
-240.27469391386788 
-240.2746939138679 
-240.27469391386785 
-240.2746939138678 
-240.27469391386785 
-240.2746939138677 
-240.2746939138677 
-240.2746939138678 
-240.27469391386776 
-240.27469391386776 
-240.2746939138677 
-240.2746939138678 
-240.27469391386782 
-240.2746939138679 
-240.27469391386788 
-240.27469391386776 
-240.27469391386776 
-240.2746939138678 
-240.2746939138678 
-240.27469391386788 
-240.27469391386796 
-240.274693913868 
-240.27469391386796 
-240.2746939138681 
-240.27469391386796 
-240.27469391386782 
-240.27469391386762 
-240.2746939138674 
-240.27469391386765 
-240.27469391386765 
-240.27469391386762 
-240.27469391386762 
-240.2746939138677 
-240.27469391386757 
-240.27469391386774 
-240.27469391386774 
-240.2746939138678 
-240.27469391386796 
-240.27469391386816 
-240.27469391386794 
-240.27469391386808 
-240.274693913868 
-240.274693913868 
-240.274693913868 
-240.27469391386782 
-240.2746939138678 
-240.27469391386757 
-240.27469391386757 
-240.27469391386762 
-240.2746939138674 
-240.27469391386725 
-240.27469391386717 
-240.27469391386728 
-240.27469391386728 
-240.27469391386734 
-240.27469391386734 
-240.27469391386734 
-240.27469391386725 
-240.27469391386745 
-240.27469391386745 
-240.27469391386745 
-240.27469391386742 
-240.27469391386754 
-240.27469391386734 
-240.27469391386745 
-240.27469391386734 
-240.27469391386737 
-240.2746939138675 
-240.27469391386745 
-240.27469391386734 
-240.27469391386745 
-240.2746939138675 
-240.27469391386768 
-240.27469391386757 
-240.2746939138675 
-240.27469391386745 
-240.27469391386757 
-240.27469391386768 
-240.27469391386757 
-240.2746939138676 
-240.27469391386762 
-240.27469391386776 
-240.27469391386774 
-240.27469391386794 
-240.27469391386788 
-240.27469391386774 
-240.27469391386788 
-240.2746939138678 
-240.2746939138679 
-240.27469391386802 
-240.27469391386816 
-240.2746939138682 
-240.27469391386796 
-240.27469391386802 
-240.27469391386802 
-240.27469391386805 
-240.27469391386805 
-240.2746939138681 
-240.27469391386794 
-240.274693913868 
-240.27469391386802 
-240.27469391386813 
-240.2746939138681 
-240.27469391386802 
-240.27469391386808 
-240.2746939138681 
-240.2746939138679 
-240.2746939138682 
-240.2746939138682 
-240.274693913876 
-240.2746939138746 
-240.2746939138684 
-240.27469391387467 
-240.2746939138762 
-240.27469391386853 
-240.27469391386853 
-240.2746939138684 
-240.2746939138687 
-240.27469391386853 
-240.2746939138686 
-240.27469391386853 
-240.27469391386865 
-240.27469391386842 
-240.2746939138685 
-240.27469391386836 
-240.27469391386853 
-240.2746939138683 
-240.27469391386828 
-240.2746939138682 
-240.27469391386822 
-240.27469391386808 
-240.27469391386825 
-240.2746939138683 
-240.27469391386825 
-240.27469391386825 
-240.274693913868 
-240.274693913868 
-240.27469391386794 
-240.27469391386805 
-240.27469391386802 
-240.2746939138679 
-240.27469391386794 
-240.27469391386802 
-240.27469391386802 
-240.27469391386805 
-240.27469391386808 
-240.27469391386805 
-240.27469391386802 
-240.2746939138681 
-240.27469391386813 
-240.2746939138683 
-240.27469391386816 
-240.2746939138681 
-240.2746939138679 
-240.27469391386805 
-240.2746939138682 
-240.27469391386816 
-240.27469391386808 
-240.2746939138682 
-240.2746939138682 
-240.27469391386825 
-240.2746939138683 
-240.27469391386828 
-240.27469391386813 
-240.27469391386813 
-240.2746939138678 
-240.2746939138678 
-240.2746939138678 
-240.27469391386788 
-240.2746939138677 
-240.2746939138677 
-240.2746939138677 
-240.27469391386768 
-240.27469391386782 
-240.2746939138679 
-240.27469391386794 
-240.2746939138679 
-240.2746939138681 
-240.27469391386808 
-240.2746939138682 
-240.27469391386825 
-240.2746939138682 
-240.2746939138683 
-240.27469391386813 
-240.27469391386833 
-240.27469391386816 
-240.274693913868 
-240.27469391386808 
-240.274693913868 
-240.27469391386808 
-240.274693913868 
-240.27469391386802 
-240.27469391386796 
-240.274693913868 
-240.274693913868 
-240.2746939138677 
-240.27469391386796 
-240.2746939138681 
-240.27469391386825 
-240.27469391386836 
-240.2746939138683 
-240.27469391386836 
-240.2746939138683 
-240.27469391386828 
-240.27469391386816 
-240.2746939138682 
-240.27469391386822 
-240.2746939138681 
-240.27469391386822 
-240.2746939138682 
-240.27469391386813 
-240.27469391386813 
-240.27469391386805 
-240.27469391386813 
-240.27469391386822 
-240.27469391386825 
-240.27469391386825 
-240.2746939138682 
-240.27469391386842 
-240.27469391386853 
-240.27469391386845 
-240.27469391386853 
-240.27469391386853 
-240.27469391386865 
-240.2746939138686 
-240.27469391386845 
-240.27469391386845 
-240.27469391386848 
-240.27469391386873 
-240.27469391386902 
-240.27469391386887 
-240.27469391386882 
-240.27469391386876 
-240.27469391386904 
-240.27469391386916 
-240.2746939138693 
-240.27469391386944 
-240.27469391386936 
-240.27469391386944 
-240.27469391386956 
-240.27469391386936 
-240.27469391386927 
-240.2746939138691 
-240.27469391386927 
-240.2746939138693 
-240.27469391386933 
-240.27469391386936 
-240.27469391386919 
-240.27469391386919 
-240.2746939138691 
-240.27469391386919 
-240.2746939138691 
-240.2746939138693 
-240.27469391386944 
-240.27469391386944 
-240.27469391386947 
-240.27469391386958 
-240.27469391386953 
-240.27469391386978 
-240.2746939138697 
-240.27469391386967 
-240.2746939138698 
-240.27469391386987 
-240.27469391386992 
-240.27469391387007 
-240.27469391387007 
-240.27469391387007 
-240.2746939138703 
-240.27469391387046 
-240.27469391387044 
-240.27469391387044 
-240.27469391387024 
-240.27469391387035 
-240.27469391387024 
-240.27469391387018 
-240.2746939138703 
-240.27469391387038 
-240.2746939138703 
-240.27469391387018 
-240.27469391387018 
-240.27469391387032 
-240.27469391387038 
-240.27469391387046 
-240.2746939138705 
-240.2746939138704 
-240.2746939138707 
-240.27469391387075 
-240.2746939138708 
-240.2746939138709 
-240.2746939138708 
-240.27469391387075 
-240.27469391387092 
-240.27469391387083 
-240.27469391387075 
-240.2746939138708 
-240.27469391387075 
-240.27469391387058 
-240.27469391387066 
-240.2746939138707 
-240.274693913871 
-240.27469391387106 
-240.27469391387112 
-240.2746939138712 
-240.274693913871 
-240.2746939138712 
-240.27469391387876 
-240.274693913877 
-240.2746939138707 
