2 -0.9480198447172188 
3 0.9464325016542061 
4 -0.9457068307705876 
5 0.9456666249216052 
6 -0.9456963992243039 
7 0.9457133910992886 
8 -0.9457183427185337 
9 0.9457187622962042 
10 -0.9457184604028025 
11 0.9457182904674151 
12 -0.9457182482239346 
13 0.9457182474451171 
14 -0.9457182513917656 
15 0.9457182531128032 
16 -0.9457182533828942 
17 0.9457182531768699 
18 -0.9457182537690352 
19 0.9457182525976906 
20 -0.9457182535030358 
21 0.9457182534163828 
22 -0.945718253338907 
23 0.9457182533101565 
24 -0.9457182533013911 
25 0.9457182532987932 
26 -0.9457182532980057 
27 0.9457182532977761 
28 -0.9457182532976698 
29 0.9457182532977113 
30 -0.9457182532977118 
31 0.9457182532978639 
32 -0.9457182532977291 
33 0.9457182532960641 
34 -0.9457182532928629 
35 0.9457182533001322 
36 -0.9457182534659258 
37 0.9457182532201793 
38 -0.9457182533070189 
39 0.945718253305482 
40 -0.9457182533007489 
41 0.9457182532986854 
42 -0.9457182532964616 
43 0.9457182533031226 
44 -0.9457182532962222 
45 0.9457182532939975 
46 -0.9457182532982304 
47 0.9457182532984066 
48 -0.9457182532979808 
49 0.9457182532912818 
50 -0.94571825329986 
51 0.9457182533206507 
52 -0.9457182531918298 
53 0.9457182531258386 
54 -0.9457182532166627 
55 0.9457182532764014 
56 -0.9457182533152515 
57 0.9457182533535295 
58 -0.9457182529634737 
59 0.9457182520230942 
60 -0.9457182529299243 
61 0.9457182532056259 
62 -0.9457182532762767 
63 0.9457182532922169 
64 -0.9457182532962206 
65 0.9457182532972981 
66 -0.9457182532975847 
67 0.9457182532977696 
68 -0.945718253297698 
69 0.9457182532977394 
70 -0.9457182532977925 
71 0.9457182532971159 
72 -0.9457182532966313 
73 0.9457182532975499 
74 -0.9457182532977254 
75 0.9457182532977048 
76 -0.9457182532974263 
77 0.9457182532960874 
78 -0.9457182532946182 
79 0.9457182532974263 
80 -0.9457182532978241 
81 0.9457182532988129 
82 -0.945718253298547 
83 0.9457182532973126 
84 -0.9457182532975361 
85 0.9457182532977066 
86 -0.9457182532977275 
87 0.9457182532977296 
88 -0.9457182532977271 
89 0.945718253297708 
90 -0.945718253297714 
91 0.9457182532977095 
92 -0.9457182532977213 
93 0.9457182532977011 
94 -0.9457182532977023 
95 0.9457182532977116 
96 -0.9457182532977272 
97 0.9457182532977205 
98 -0.9457182532976895 
99 0.9457182532977044 
100 -0.9457182532976856 
101 0.9457182532976894 
102 -0.9457182532977252 
103 0.9457182532977103 
104 -0.9457182532977022 
105 0.9457182532976943 
106 -0.9457182532977212 
107 0.9457182532976821 
108 -0.9457182532977254 
109 0.9457182532976278 
110 -0.9457182532976126 
111 0.9457182532976257 
112 -0.9457182532976592 
113 0.9457182532979244 
114 -0.9457182532977785 
115 0.9457182532977602 
116 -0.9457182532976557 
117 0.9457182532976536 
118 -0.9457182532977084 
119 0.9457182532977125 
120 -0.9457182532976749 
121 0.9457182532976927 
122 -0.9457182532976752 
123 0.9457182532978533 
124 -0.9457182532981363 
125 0.9457182532980629 
126 -0.9457182532977996 
127 0.9457182532978213 
128 -0.9457182532978307 
129 0.9457182532978342 
130 -0.9457182532977441 
131 0.945718253297704 
132 -0.9457182532976988 
133 0.9457182532976989 
134 -0.9457182532977175 
135 0.9457182532976991 
136 -0.9457182532976952 
137 0.9457182532976671 
138 -0.9457182532977694 
139 0.9457182532980829 
140 -0.9457182532985813 
141 0.9457182532977937 
142 -0.9457182532901901 
143 0.945718253279312 
144 -0.945718253316818 
145 0.9457182535536816 
146 -0.945718253487597 
147 0.9457182536095895 
148 -0.9457182530491215 
149 0.9457182531881423 
150 -0.9457182532619729 
151 0.9457182532847139 
152 -0.9457182532918814 
153 0.9457182533025404 
154 -0.9457182533247815 
155 0.9457182531971121 
156 -0.945718253482434 
157 0.9457182533174614 
158 -0.9457182532979633 
159 0.9457182532963428 
160 -0.9457182532953329 
161 0.9457182532951738 
162 -0.9457182533078577 
163 0.9457182532914234 
164 -0.9457182534479152 
165 0.945718253341672 
166 -0.9457182536221773 
167 0.945718253907236 
168 -0.9457182535440836 
169 0.9457182533756897 
170 -0.9457182533199078 
171 0.9457182533041396 
172 -0.9457182532991366 
173 0.9457182532984704 
174 -0.9457182532987858 
175 0.9457182532986986 
176 -0.9457182532930292 
177 0.9457182532695471 
178 -0.9457182533054499 
179 0.9457182532024687 
180 -0.9457182532841629 
181 0.9457182533352078 
182 -0.945718253372699 
183 0.9457182534144506 
184 -0.9457182531016575 
185 0.945718251385144 
186 -0.9457182474394411 
187 0.9457182481849269 
188 -0.9457182904631699 
189 0.9457184604177518 
190 -0.945718762340507 
191 0.9457183427455746 
192 -0.9457133910628501 
193 0.9456964006047665 
194 -0.9456666259539666 
195 0.9457068317040805 
196 -0.946432502292035 
197 0.9480198450859258 
