2 0.00660612056118293 
3 -2.97591707313526e-06 
4 -0.00016015834735708765 
5 2.1238929689501812e-06 
6 4.994825019326674e-06 
7 -2.509153910497411e-07 
8 -1.4669444505435702e-07 
9 1.6855404154512118e-08 
10 3.759775674498566e-09 
11 -9.06422724157247e-10 
12 -4.877932517086206e-11 
13 3.8437247550769796e-11 
14 -4.691806126827887e-13 
15 -1.1278208954373673e-12 
16 3.4544567369205346e-13 
17 2.863264844956677e-13 
18 1.4660494033349308e-13 
19 -5.317968356720813e-14 
20 4.1466829922748254e-14 
21 1.3933298793770239e-14 
22 7.716050018448901e-15 
23 -4.699453977240825e-15 
24 -5.494024412251205e-15 
25 -6.9182659286130534e-15 
26 -2.813708928942216e-15 
27 4.082185856500084e-15 
28 1.2364225325184989e-14 
29 6.716514396403134e-15 
30 1.0878518814543992e-15 
31 -4.856463220952234e-15 
32 -4.8564632209522335e-15 
33 -2.0631891679420947e-16 
34 1.6968404492771162e-15 
35 -1.39899162040569e-15 
36 -4.098355519365415e-15 
37 6.559505150534773e-15 
38 -1.879543565836233e-15 
39 -7.23228442034981e-15 
40 -1.4275642438818803e-15 
41 -2.222134681049161e-15 
42 -2.2371143170757567e-17 
43 -2.8137089289422065e-15 
44 -1.6033197338834418e-16 
45 9.117942199352294e-16 
46 1.2908480707286138e-15 
47 -6.04421183238409e-16 
48 -2.379143926917539e-15 
49 1.7618758083337697e-15 
50 -3.3638963490752543e-16 
51 -1.584573489750255e-15 
52 1.3098964863794167e-15 
53 -9.279638828005569e-16 
54 -7.709546369321809e-16 
55 2.837572364617192e-16 
56 -4.86598742877763e-15 
57 2.3629742640522044e-15 
58 3.0100596631764335e-15 
59 -5.189530128339783e-15 
60 -2.036552811704596e-15 
61 2.519983509920588e-15 
62 1.401870373191153e-15 
63 7.872724364434148e-15 
64 8.121707497114234e-15 
65 -4.393325595451385e-15 
66 -4.532920521390082e-15 
67 4.3962043482368374e-15 
68 2.4739965665147236e-15 
69 -4.107879727190828e-15 
70 3.1069576421678953e-16 
71 -4.264888973059214e-15 
72 -1.5750492819248614e-15 
73 -9.374880906259534e-16 
74 1.8919465264470673e-15 
75 -2.8501716645226745e-15 
76 5.136919534910287e-16 
77 3.1210819656390214e-15 
78 2.251951961589693e-15 
79 -5.3465393742081765e-15 
80 3.7951058925183984e-15 
81 3.7681673647633294e-15 
82 8.029733610302544e-15 
83 -2.6471754752484346e-15 
84 -3.3638963490752144e-16 
85 -6.732684059268499e-15 
86 2.3629742640522063e-15 
87 7.357365584160505e-16 
88 -1.908116189312406e-15 
89 -7.370245250567403e-15 
90 -7.423820134560018e-16 
91 3.3050297392624683e-15 
92 -5.660557865945311e-15 
93 5.644388203079573e-15 
94 1.8728981107962838e-15 
95 -5.032520882471405e-15 
96 -6.4186655681423555e-15 
97 6.161737785936481e-15 
98 2.831068701294009e-15 
99 -1.1102230605516204e-15 
100 -5.1347815502313605e-14 
101 -3.26849661213009e-13 
102 -3.114064600206316e-12 
103 2.5956292439333723e-11 
104 2.0897911067409877e-10 
105 -2.436630811933947e-09 
106 -2.5715501939941553e-08 
107 2.0439340799699282e-09 
108 2.6664157036961236e-10 
109 3.776075881502642e-09 
110 1.7168157228949167e-08 
111 -1.4662242158181986e-07 
112 -2.508519997800549e-07 
113 4.994825164993362e-06 
114 2.1256047331372208e-06 
115 -0.0001601580862424025 
116 -2.9729057343542302e-06 
117 0.006606117449638129 
