0.0 
58.45089168264269 
54.88043317185334 
53.23107693240082 
49.84553786945279 
48.29555513326138 
44.735131509643786 
43.13454449258793 
39.62313435894976 
38.04210743655256 
34.507750459729145 
32.91811247281061 
29.39310920722858 
27.806625737075194 
24.277938558111636 
22.690229411522022 
19.162977949819986 
17.575738530364386 
14.047924688549173 
12.460507255527151 
8.932909346314721 
7.345560035316985 
3.8178784218604704 
2.230503045891918 
-1.2971463042504632 
-2.884511751993777 
-6.41217353021611 
-7.999542788407887 
-11.527199772326599 
-13.114567575785042 
-16.64222640541435 
-18.229594766625233 
-21.7572528851108 
-23.34462103286818 
-26.872279425183947 
-28.459647654764762 
-31.98730594164718 
-33.57467413988251 
-37.10233246735201 
-38.689700677608116 
-42.21735898945465 
-43.80472719510308 
-47.3323855129619 
-48.919753720377955 
-52.44741203592309 
-54.03478024266124 
-57.562438559096556 
-59.14980676609484 
-62.677465082187666 
-64.26483328908616 
-67.7924916053107 
-69.37985981224755 
-72.90751812842144 
-74.49488633534351 
-78.02254465153693 
-79.60991285846468 
-83.13757117465057 
-84.72493938157614 
-88.25259769776493 
-89.83996590469128 
-93.36762422087897 
-94.95499242780507 
-98.48265074399318 
-100.0700189509193 
-103.5976772671073 
-105.1850454740334 
-108.71270379022143 
-110.30007199714763 
-113.8277303133356 
-115.41509852026174 
-118.94275683644975 
-120.53012504337588 
-124.05778335956394 
-125.64515156649009 
-129.17280988267814 
-130.7601780896043 
-134.28783640579238 
-135.87520461271862 
-139.40286292890667 
-140.9902311358329 
-144.51788945202097 
-146.10525765894724 
-149.63291597513543 
-151.22028418206153 
-154.74794249824967 
-156.33531070517577 
-159.86296902136385 
-161.45033722829004 
-164.97799554447812 
-166.5653637514043 
-170.0930220675924 
-171.68039027451871 
-175.20804859070674 
-176.79541679763287 
-180.32307511382098 
-181.9104433207472 
-185.43810163693527 
-187.0254698438615 
-190.55312816004957 
-192.14049636697587 
-195.66815468316403 
-197.2555228900904 
-200.78318120627833 
-202.37054941320807 
-205.89820772938558 
-207.4855759367043 
-211.01323425180962 
-212.60060250311145 
-216.12826071065354 
-217.71563385915567 
-221.24328175491402 
-222.8311442988645 
-226.35818920594141 
-227.9509310935259 
-231.40569801510227 
-231.97359636479732 
-233.43510077230084 
-233.4574568044746 
-233.51032155960917 
-233.57591903249335 
-233.60837860728404 
-233.63170449518728 
-233.65226493177923 
-233.6745762013341 
-233.68684871401842 
-233.70684794192047 
-233.7149542582343 
-233.73029376091657 
-233.73641573816295 
-233.75229720578025 
-233.75725639030367 
-233.7722117331215 
-233.77696476997087 
-233.7920504555176 
-233.79669424093305 
-233.8116903352739 
-233.81630849670722 
-233.83131979054727 
-233.83593350490003 
-233.85093586105174 
-233.85554566288005 
-233.87054983714302 
-233.8751598382574 
-233.89016309380662 
-233.89477259009598 
-233.90977605181422 
-233.914385613148 
-233.92938898327697 
-233.93399848861338 
-233.94900187994176 
-233.95361139376922 
-233.96861477645564 
-233.97322428481763 
-233.98822766947296 
-233.99283717865927 
-234.00784056255247 
-234.01245007126175 
-234.02745345532117 
-234.03206296409502 
-234.04706634809207 
-234.05167585682995 
-234.0666792408408 
-234.07128874958164 
-234.08629213358893 
-234.09090164232651 
-234.10590502633198 
-234.11051453507017 
-234.1255179190753 
-234.1301274278128 
-234.14513081181929 
-234.1497403205572 
-234.16474370457425 
-234.1693532133087 
-234.1843565973152 
-234.18896610605304 
-234.20396949005817 
-234.2085789987952 
-234.22358238280094 
-234.2281918915187 
-234.24319527555173 
-234.2478047842809 
-234.2628081682911 
-234.26741767702842 
-234.28242106103076 
-234.28703056976767 
-234.30203395378268 
-234.30664346252053 
-234.32164684649644 
-234.32625635523368 
-234.34125973930307 
-234.34586924804282 
-234.36087263187713 
-234.3654821406086 
-234.38048552506018 
-234.38509503382477 
-234.40009841666367 
-234.40470792536075 
-234.41971131240953 
-234.42432082125907 
-234.43932419727435 
-234.44393370573772 
-234.4589371105247 
-234.46354662007113 
-234.47854994969532 
-234.48315945637404 
-234.49816298241495 
-234.50277249715987 
-234.51777550816286 
-234.5223850021561 
-234.53738935981673 
-234.5419989132011 
-234.55699974801496 
-234.56160914557765 
-234.57661930008277 
-234.58122913888047 
-234.59621525333694 
-234.60082391545794 
-234.61587450330592 
-234.62048696847188 
-234.63536743391808 
-234.63997273972717 
-234.65528908688793 
-234.6599345753823 
-234.67395768429932 
-234.67858730228227 
-234.6961100714717 
-234.7010479770414 
-234.7102504161498 
-234.7167588282166 
-234.77694657481797 
-234.77981498119232 
-234.779814981192 
-266.68998527252444 
-266.7910293861703 
-266.836560438921 
-266.86829235445026 
-266.88564927515307 
-266.8939930516539 
-266.91332460437917 
-266.92462081943194 
-266.9304130259849 
-266.9382419303385 
-266.946584125695 
-266.9516038564465 
-266.9556711380806 
-266.9602567734009 
-266.963998437513 
-266.9665958937932 
-266.9691266015473 
-266.9713874592682 
-266.97311116522343 
-266.97450149482887 
-266.9758153134764 
-266.97687441125726 
-266.97773994932123 
-266.978492527489 
-266.97918514171397 
-266.9797742933933 
-266.98032407347756 
-266.98083041818194 
-266.98132764634823 
-266.98179250514505 
-266.9822628232749 
-266.9827127933592 
-266.98317348639233 
-266.9836169043111 
-266.98407385394506 
-266.98451505099047 
-266.984970530109 
-266.98541079887417 
-266.9858657561936 
-266.9863056905522 
-266.98676042931714 
-266.98720023111645 
-266.98765489356214 
-266.9880946448947 
-266.9885492753812 
-266.9889890074699 
-266.989443626527 
-266.98988335108487 
-266.990337965498 
-266.99077768722617 
-266.9912322999184 
-266.99167202053474 
-266.99212663254906 
-266.99256635275464 
-266.9930209644828 
-266.99346068453775 
-266.99391529620027 
-266.9943550161708 
-266.9948096277945 
-266.99524934774087 
-266.99570395935024 
-266.99614367929195 
-266.9965982908821 
-266.99703801081574 
-266.99749262242 
-266.9979323423524 
-266.99838695395357 
-266.9988266738854 
-266.99928128548703 
-266.9997210054194 
-267.0001756170172 
-267.00061533694907 
-267.0010699485486 
-267.0015096684804 
-267.00196428008144 
-267.00240400001707 
-267.002858611642 
-267.00329833160373 
-267.0037529432088 
-267.004192663197 
-267.0046472750875 
-267.0050869953329 
-267.0055416069716 
-267.0059813276666 
-267.00643594257684 
-267.0068756657901 
-267.0073302779983 
-267.007770007612 
-267.0082246557297 
-267.0086644112929 
-267.00911903584364 
-267.00955887597223 
-267.0100138829143 
-267.01045399656033 
-267.01090887062486 
-267.01135008975785 
-267.0118090259294 
-267.0122530100405 
-267.01271279834117 
-267.01317416237083 
-267.0136784510474 
-267.0141762291143 
-267.0147572094783 
-267.01550687586 
-267.0165112604016 
-267.01762209881787 
-267.01928446002756 
-267.021961157627 
-267.0251417410546 
-267.02853736130754 
-267.03523122473706 
-267.05060784202436 
-267.062324388645 
-267.0779030645959 
-267.07794959181916 
-267.07794959181916 
-267.07794959181905 
-267.07794959181894 
-267.0779495918189 
-267.07794959654717 
-267.0781340225506 
-267.0784016917683 
-267.0790490090922 
-267.07996119833393 
-267.08061659014464 
-267.0817527561914 
-267.0825927467877 
-267.0838526728899 
-267.0850832774117 
-267.0867546296003 
-267.0885462425262 
-267.09065194699457 
-267.09304311737304 
-267.095451073413 
-267.09762677071984 
-267.0997312666199 
-267.1016596958083 
-267.10348079368333 
-267.1051093227151 
-267.10664046226776 
-267.1080183932018 
-267.109312433654 
-267.110471002191 
-267.11155681182 
-267.1125282183796 
-267.1134375115369 
-267.1142504080615 
-267.1150099354414 
-267.11568613489334 
-267.11631630212975 
-267.1168768094453 
-267.1173978091727 
-267.1178588749005 
-267.11828582935306 
-267.1186625517246 
-267.1190100449889 
-267.11931495229595 
-267.1195947969995 
-267.1198390350053 
-267.12006196188395 
-267.12025522747837 
-267.120430482804 
-267.1205812542237 
-267.1207169744503 
-267.1208327419451 
-267.1209360998841 
-267.1210233932624 
-267.12110063395886 
-267.12116518980946 
-267.12122178768715 
-267.12126856939955 
-267.12130923267847 
-267.1213425068974 
-267.12137125489727 
-267.1213946159301 
-267.12141479487417 
-267.12143119918113 
-267.1214455194898 
-267.1214573147217 
-267.12146788161834 
-267.12147684234594 
-267.12148519851524 
-267.1214925746172 
-267.1214997586898 
-267.1215063435758 
-267.121512973954 
-267.12151920457535 
-267.12152559702275 
-267.12153168002163 
-267.1215379755327 
-267.1215439995388 
-267.121550258123 
-267.12155626158705 
-267.1215625114499 
-267.12156851629896 
-267.1215747815232 
-267.1215808122768 
-267.1215871307115 
-267.1215932476089 
-267.1215997334478 
-267.1216060853522 
-267.1216130634477 
-267.1216202233217 
-267.12162879909755 
-267.12163839124895 
-267.12165285783027 
-267.12167084867394 
-267.12169896928077 
-267.12173891895867 
-267.1218152328369 
-267.1219006226815 
-267.12203130031315 
-267.12224240713016 
-267.12257241259823 
-267.1228765269298 
-267.12341181969305 
-267.1242621144133 
-267.1251724132107 
-267.1260279462941 
-267.1280514448296 
-267.1303188216845 
-267.1319493319475 
-267.13427505535043 
-267.13991208463455 
-267.14319628659024 
-267.1455402312899 
-267.14994920046394 
-267.15709454583606 
-267.16048245989856 
-267.1604855744019 
-267.16048557427763 
-267.1604855742777 
-267.160485574278 
-267.16048557427786 
-267.16048557427774 
-267.1604855744019 
-267.16048557436187 
-267.16048878311454 
-267.16050014112244 
-267.1605402765943 
-267.1605818511321 
-267.1606188782336 
-267.1607170603381 
-267.16084600834216 
-267.1609903501039 
-267.16111580575557 
-267.16136012471094 
-267.1615978050217 
-267.16184982441007 
-267.1621083806992 
-267.1624269180625 
-267.16271757704413 
-267.1630317343538 
-267.1633502804638 
-267.1636794358754 
-267.16401624342296 
-267.16438468220593 
-267.16476616591797 
-267.1652754931586 
-267.16578283610744 
-267.1664951855343 
-267.1671892012118 
-267.1680081094502 
-267.16874013921944 
-267.1695424251954 
-267.1702384807401 
-267.17097329929294 
-267.1716064378082 
-267.17226970032476 
-267.172841811384 
-267.1734436486193 
-267.17396837908694 
-267.17452975407735 
-267.1750340233222 
-267.17560170400606 
-267.17615692010327 
-267.1768835465818 
-267.17782041109575 
-267.179976511487 
-267.19354436454825 
-267.4672316430726 
-267.9708879874708 
-268.5415703622866 
-269.05274149693236 
-269.45430861226413 
-269.78448549552485 
-270.0174587929425 
-270.21718689258745 
-270.3536367321789 
-270.4781144923941 
-270.5625818968255 
-270.64404357228256 
-270.69944172376137 
-270.7553602053068 
-270.79351769114686 
-270.83351474129284 
-270.8608779625293 
-270.8904641756201 
-270.91071035286626 
-270.9332036116544 
-270.94860626044016 
-270.96608052842765 
-270.97804772280773 
-270.99187650945595 
-271.0013664826102 
-271.0124687512227 
-271.02011021789343 
-271.0291395677337 
-271.03537547057596 
-271.0427920977207 
-271.04795081550293 
-271.0540937985451 
-271.05837888216934 
-271.06350421385633 
-271.067122965363 
-271.0714153613175 
-271.07445018625407 
-271.078066105599 
-271.0806628714966 
-271.0837080333224 
-271.0859023069607 
-271.0884765317032 
-271.0903528780605 
-271.09252291650614 
-271.0941320915024 
-271.0959624980307 
-271.097306284582 
-271.09883471188897 
-271.10001633449286 
-271.1013027731646 
-271.10223419079483 
-271.1032323110198 
-271.1040400078603 
-271.10488516552067 
-271.10540766689957 
-271.1057515759952 
-271.10601350414055 
-271.1062390820537 
-271.10638650731744 
-271.1064667135011 
-271.1065324630653 
-271.1065982370831 
-271.1066417321876 
-271.10666287299887 
-271.10666288014573 
-271.10666288356623 
-271.10666288346323 
-271.10666288346334 
-271.10666288346346 
-271.10666288346346 
-271.10666288346346 
-271.10666288356657 
-271.1066628834698 
-271.1066628835691 
-271.10666288421754 
-271.10666288535623 
-271.1066628869003 
-271.10666288827093 
-271.10666289032935 
-271.10666289299064 
-271.10666289512125 
-271.10666289790316 
-271.1066629009758 
-271.1066629039136 
-271.10666290697503 
-271.1066629106091 
-271.1066629139447 
-271.1066629176128 
-271.10666292143327 
-271.106662925301 
-271.10666292921843 
-271.10666293355297 
-271.1066629377746 
-271.1066629423115 
-271.10666294721756 
-271.1066629525881 
-271.1066629578161 
-271.10666296357823 
-271.1066629691195 
-271.1066629758537 
-271.10666298180826 
-271.1066629889745 
-271.1066629960754 
-271.1066630038503 
-271.10666301145193 
-271.106663020839 
-271.10666302916303 
-271.1066630391728 
-271.1066630489086 
-271.1066630598787 
-271.1066630704748 
-271.10666308327365 
-271.10666309579375 
-271.1066631097945 
-271.1066631236716 
-271.10666313927396 
-271.1066631537985 
-271.1066631712816 
-271.10666318761724 
-271.106663207087 
-271.10666322568017 
-271.1066632473915 
-271.1066632686964 
-271.10666329337784 
-271.1066633178256 
-271.10666334563376 
-271.1066633731587 
-271.10666340761776 
-271.1066634341093 
-271.1066634685811 
-271.1066634943644 
-271.1066635274728 
-271.10666355422023 
-271.1066635875076 
-271.1066636234929 
-271.1066636864602 
-271.10666380916933 
-271.1066655924141 
-271.10667595026854 
-271.10669439116674 
-271.1067254421508 
-271.1067585039587 
-271.1067976599389 
-271.1068339313744 
-271.1068738559388 
-271.10690911142075 
-271.10694696452765 
-271.1069797642951 
-271.1070146936932 
-271.1070446029675 
-271.1070765420474 
-271.10710042702493 
-271.1071288675616 
-271.1071496765323 
-271.10717394193836 
-271.1071906189332 
-271.1072065996247 
-271.107217606622 
-271.1072267085888 
-271.10723301283 
-271.10723782669714 
-271.1072415213177 
-271.10724412143526 
-271.10724627847236 
-271.1072478639151 
-271.10724917940894 
-271.1072501602884 
-271.107251175543 
-271.10725197749457 
-271.1072525873905 
-271.1072530950203 
-271.10725369027847 
-271.1072539903375 
-271.10725426776736 
-271.1072545348114 
-271.10725478199305 
-271.10725490165663 
-271.107254993765 
-271.1072550714527 
-271.1072550800132 
-271.10725508009926 
-271.10725508034744 
-271.1072550802448 
-271.1072550802448 
-271.10725508024467 
-271.10725508024495 
-271.107255080245 
-271.1072550803478 
-271.1072550802508 
-271.1072550803555 
-271.107255080376 
-271.10725508040747 
-271.1072550804243 
-271.10725508046943 
-271.1072550805263 
-271.1072550806122 
-271.1072550807136 
-271.1072550807817 
-271.10725508087836 
-271.10725508099273 
-271.10725508110744 
-271.1072550812284 
-271.10725508135056 
-271.1072550815224 
-271.10725508170054 
-271.1072550818862 
-271.1072550820663 
-271.1072550822984 
-271.10725508254166 
-271.10725508278523 
-271.10725508303346 
-271.10725508329807 
-271.1072550835582 
-271.10725508389675 
-271.1072550841588 
-271.1072550845044 
-271.1072550848417 
-271.1072550851933 
-271.1072550856092 
-271.1072550860543 
-271.1072550864747 
-271.1072550870327 
-271.10725508758804 
-271.10725508815796 
-271.107255088719 
-271.1072550893976 
-271.1072550900661 
-271.1072550907592 
-271.10725509144294 
-271.1072550921461 
-271.1072550928482 
-271.10725509345633 
-271.10725509373805 
-271.1072550937999 
-271.10725509384827 
-271.1072550938541 
-271.10725509385867 
-271.10725509386253 
-271.1072550938653 
-271.1072550939029 
-271.1072550939421 
-271.1072550939827 
-271.10725509402704 
-271.10725509407297 
-271.10725509411856 
-271.1072550941637 
-271.1072550942095 
-271.1072550942526 
-271.10725509429705 
-271.10725509433865 
-271.10725509438197 
-271.10725509442324 
-271.10725509446553 
-271.107255094506 
-271.1072550945484 
-271.1072550945897 
-271.10725509463265 
-271.10725509467426 
-271.107255094717 
-271.1072550947567 
-271.10725509479863 
-271.10725509483876 
-271.1072550948804 
-271.10725509491937 
-271.10725509496064 
-271.10725509499906 
-271.1072550950392 
-271.10725509507796 
-271.1072550951183 
-271.10725509515584 
-271.1072550951954 
-271.10725509523326 
-271.1072550952728 
-271.10725509531113 
-271.1072550953526 
-271.107255095359 
-271.1072550953665 
-271.10725509537207 
-271.107255095379 
-271.10725509538446 
-271.1072550953914 
-271.1072550953949 
-271.1072550954007 
-271.10725509540777 
-271.1072550954134 
-271.10725509541516 
-271.10725509542124 
-271.1072550954305 
-271.1072550954586 
-271.10725509545654 
-271.10725509549167 
-271.1072550955419 
-271.1072550955359 
-271.10725509556124 
-271.1072550955333 
-271.1072550955126 
-271.10725509540754 
-271.10725509550474 
-271.1072550954015 
-271.1072550954014 
-271.1072550954013 
-271.1072550954013 
-271.1072550954014 
-271.1072550955044 
-271.1072550954072 
-271.10725509551213 
-271.1072550955329 
-271.1072550955618 
-271.1072550955385 
-271.1072550955461 
-271.107255095526 
-271.10725509555044 
-271.10725509555283 
-271.10725509552793 
-271.107255095552 
-271.10725509554885 
-271.10725509555056 
-271.10725509555067 
-271.10725509557454 
-271.1072550955733 
-271.1072550955741 
-271.10725509557363 
-271.1072550955734 
-271.1072550955735 
-271.1072550955735 
-271.1072550955734 
-271.1072550955737 
-271.1072550955741 
-271.1072550955742 
-271.10725509557443 
-271.10725509557466 
-271.1072550955752 
-271.10725509557545 
-271.10725509557557 
-271.1072550955757 
-271.107255095576 
-271.10725509557636 
-271.1072550955766 
-271.10725509557693 
-271.10725509557693 
-271.10725509557693 
-271.10725509557716 
-271.1072550955776 
-271.1072550955779 
-271.10725509557795 
-271.10725509557807 
-271.1072550955781 
-271.107255095578 
-271.1072550955783 
-271.10725509557875 
-271.107255095579 
-271.1072550955789 
-271.1072550955792 
-271.1072550955793 
-271.10725509557943 
-271.1072550955794 
-271.10725509557955 
-271.10725509557955 
-271.10725509557966 
-271.10725509558 
-271.10725509558023 
-271.10725509558034 
-271.1072550955806 
-271.1072550955808 
-271.1072550955811 
-271.10725509558114 
-271.10725509558114 
-271.10725509558125 
-271.10725509558125 
-271.1072550955818 
-271.10725509558296 
-271.10725509558466 
-271.1072550955866 
-271.1072550955883 
-271.10725509558995 
-271.10725509559165 
-271.1072550955933 
-271.1072550955949 
-271.10725509559614 
-271.1072550955973 
-271.10725509559865 
-271.10725509559956 
-271.10725509560046 
-271.10725509560126 
-271.10725509560183 
-271.1072550956025 
-271.1072550956032 
-271.1072550956039 
-271.10725509560496 
-271.1072550956057 
-271.1072550956065 
-271.1072550956074 
-271.1072550956083 
-271.10725509560876 
-271.10725509560933 
-271.10725509561047 
-271.1072550956114 
-271.1072550956115 
-271.1072550956123 
-271.1072550956149 
-271.10725509564196 
-271.1072550956396 
-271.10725509564344 
-271.1072550956198 
-271.1072550956448 
-271.10725509564253 
-271.1072550956184 
-271.1072550956382 
-271.1072550956303 
-271.1072550956532 
-271.1072550956239 
-271.1072550956033 
-271.1072550954987 
-271.10725509559603 
-271.10725509549303 
-271.1072550954932 
-271.1072550954929 
-271.10725509549354 
-271.1072550954931 
-271.10725509559626 
-271.10725509549883 
-271.1072550956034 
-271.1072550956239 
-271.1072550956529 
-271.10725509563 
-271.10725509563804 
-271.10725509561865 
-271.1072550956429 
-271.10725509564526 
-271.10725509562064 
-271.1072550956446 
-271.107255095641 
-271.1072550956433 
-271.1072550956173 
-271.10725509564105 
-271.1072550956394 
-271.1072550956397 
-271.107255095639 
-271.1072550956383 
-271.1072550956383 
-271.1072550956384 
-271.107255095638 
-271.10725509563764 
-271.10725509563764 
-271.1072550956374 
-271.1072550956372 
-271.10725509563684 
-271.1072550956372 
-271.1072550956371 
-271.10725509563684 
-271.10725509563673 
-271.10725509563616 
-271.10725509563616 
-271.10725509563616 
-271.10725509563594 
-271.10725509563616 
-271.10725509563594 
-271.1072550956358 
-271.10725509563594 
-271.10725509563594 
-271.1072550956359 
-271.10725509563537 
-271.10725509563525 
-271.107255095635 
-271.1072550956348 
-271.1072550956347 
-271.1072550956348 
-271.10725509563446 
-271.10725509563406 
-271.1072550956339 
-271.1072550956338 
-271.10725509563366 
-271.10725509563366 
-271.10725509563355 
-271.10725509563343 
-271.1072550956334 
-271.1072550956333 
-271.1072550956332 
-271.107255095633 
-271.10725509563264 
-271.1072550956325 
-271.10725509563224 
-271.1072550956322 
-271.10725509563184 
-271.1072550956319 
-271.10725509563173 
-271.1072550956314 
-271.1072550956315 
-271.1072550956314 
-271.1072550956313 
-271.1072550956313 
-271.1072550956313 
-271.10725509563105 
-271.1072550956307 
-271.10725509563036 
-271.1072550956298 
-271.1072550956298 
-271.10725509562957 
-271.1072550956292 
-271.10725509562945 
-271.10725509562945 
-271.1072550956292 
-271.1072550956289 
-271.1072550956289 
-271.1072550956288 
-271.10725509562866 
-271.1072550956283 
-271.1072550956282 
-271.10725509562786 
-271.1072550956275 
-271.10725509562695 
-271.1072550956272 
-271.10725509562764 
-271.10725509562695 
-271.1072550956283 
-271.10725509560433 
-271.1072550956299 
-271.10725509562684 
-271.1072550956302 
-271.10725509560626 
-271.1072550956307 
-271.10725509562786 
-271.1072550956034 
-271.107255095623 
-271.1072550956148 
-271.1072550956381 
-271.107255095609 
-271.1072550955884 
-271.1072550954835 
-271.1072550955807 
-271.1072550954779 
-271.107255095478 
-271.1072550954779 
-271.10725509547814 
-271.1072550954781 
-271.1072550955808 
-271.1072550954836 
-271.1072550955884 
-271.1072550956091 
-271.107255095638 
-271.1072550956149 
-271.1072550956231 
-271.10725509560353 
-271.1072550956281 
-271.1072550956308 
-271.10725509560615 
-271.10725509563014 
-271.10725509562684 
-271.10725509563 
-271.10725509560456 
-271.1072550956284 
-271.10725509562695 
-271.1072550956275 
-271.1072550956272 
-271.10725509562684 
-271.10725509562775 
-271.1072550956281 
-271.10725509562843 
-271.10725509562855 
-271.1072550956289 
-271.107255095629 
-271.10725509562917 
-271.1072550956291 
-271.10725509562934 
-271.10725509562934 
-271.10725509562934 
-271.1072550956288 
-271.1072550956292 
-271.10725509562934 
-271.10725509562957 
-271.10725509563 
-271.10725509563025 
-271.1072550956307 
-271.1072550956308 
-271.107255095631 
-271.10725509563116 
-271.1072550956311 
-271.10725509563116 
-271.1072550956313 
-271.1072550956313 
-271.1072550956314 
-271.1072550956312 
-271.1072550956315 
-271.1072550956316 
-271.10725509563207 
-271.1072550956323 
-271.10725509563264 
-271.10725509563275 
-271.10725509563275 
-271.10725509563275 
-271.10725509563287 
-271.10725509563315 
-271.1072550956331 
-271.1072550956331 
-271.1072550956332 
-271.1072550956332 
-271.10725509563343 
-271.10725509563383 
-271.10725509563434 
-271.10725509563423 
-271.10725509563457 
-271.10725509563486 
-271.1072550956349 
-271.10725509563514 
-271.1072550956355 
-271.1072550956357 
-271.1072550956357 
-271.1072550956357 
-271.10725509563594 
-271.1072550956363 
-271.10725509563616 
-271.10725509563645 
-271.1072550956365 
-271.1072550956366 
-271.10725509563696 
-271.1072550956373 
-271.1072550956375 
-271.10725509563775 
-271.1072550956374 
-271.10725509563775 
-271.107255095638 
-271.1072550956382 
-271.1072550956381 
-271.10725509563844 
-271.1072550956389 
-271.1072550956388 
-271.1072550956388 
-271.10725509563946 
-271.10725509564014 
-271.10725509563986 
-271.1072550956415 
-271.1072550956178 
-271.1072550956438 
-271.1072550956414 
-271.10725509564503 
-271.10725509562104 
-271.1072550956457 
-271.1072550956431 
-271.10725509561877 
-271.1072550956381 
-271.10725509563 
-271.10725509565293 
-271.107255095624 
-271.1072550956037 
-271.10725509549894 
-271.1072550955958 
-271.1072550954928 
-271.1072550954929 
-271.10725509549246 
