2 3 0.2271336415796272 
3 4 0.26027797596869395 
4 5 0.2961995847165324 
5 6 0.36584147310442106 
6 7 0.45205008356446663 
7 8 0.5159136765135315 
8 9 0.5198502433343215 
9 10 0.4867995354214173 
10 11 0.46611114317218827 
11 12 0.4858092203810158 
12 13 0.5347264542022201 
13 14 0.5774182536648842 
14 15 0.5924392438424831 
15 16 0.580229523760887 
16 17 0.5580824443607982 
17 18 0.5496240601778163 
18 19 0.5660905961890109 
19 20 0.599484203444384 
20 21 0.6264016428975667 
21 22 0.6284617765024297 
22 23 0.6098880557077027 
23 24 0.58996961515699 
24 25 0.5869358055014608 
25 26 0.6043306843326233 
26 27 0.6296615767029281 
27 28 0.6447290457574185 
28 29 0.6379834018971354 
29 30 0.615429492886805 
30 31 0.5962140376369137 
31 32 0.5960092960730407 
32 33 0.6147082247817737 
33 34 0.6360265614996736 
34 35 0.6414324945355903 
35 36 0.6249485032805804 
36 37 0.5972851227390159 
37 38 0.5782917751191237 
38 39 0.5811407702820134 
39 40 0.6014599819198599 
40 41 0.6194506342089787 
41 42 0.6148923949808847 
42 43 0.5853697214836097 
43 44 0.5489949359859175 
44 45 0.5294374218887934 
45 46 0.537559611121668 
46 47 0.5619259220234242 
47 48 0.5752674685244444 
48 49 0.5542968357633935 
49 50 0.5004409681098729 
50 51 0.4444577829290878 
51 52 0.42270622751727527 
52 53 0.44464846886022125 
53 54 0.48112831165351266 
54 55 0.47747478191058595 
55 56 0.39508650806706525 
56 57 0.24766110745075484 
57 58 0.10028181664907491 
