2 3 0.5156036097350056 
3 4 0.45316146269803215 
4 5 0.5142398746751229 
5 6 0.5817121883342521 
6 7 0.5796855651907298 
7 8 0.591404984255707 
8 9 0.6397370059778968 
9 10 0.6581776001033517 
10 11 0.6571143080793814 
11 12 0.680127118779745 
12 13 0.7104160958328174 
13 14 0.7114033894314191 
14 15 0.7184579295121636 
15 16 0.7424481875223369 
16 17 0.7548740653075348 
17 18 0.7547280121069074 
18 19 0.7677432895673348 
19 20 0.785070266328557 
20 21 0.7875028512171095 
21 22 0.7919032395608318 
22 23 0.8055828352031689 
23 24 0.8142606474988818 
24 25 0.8148371953279957 
25 26 0.8226453383983031 
26 27 0.8329479926276727 
27 28 0.8357880536645143 
28 29 0.8383673155542739 
29 30 0.8464125746114531 
30 31 0.8522252004980087 
31 32 0.8532666703117927 
32 33 0.8576193939082456 
33 34 0.8637375209768607 
34 35 0.8663545340585772 
35 36 0.8678636192349465 
36 37 0.872331594895861 
37 38 0.8761285092922787 
38 39 0.8774467871233271 
39 40 0.8795357303358657 
40 41 0.8830862679775373 
41 42 0.8852630977068136 
42 43 0.8862855790662517 
43 44 0.8883524328298211 
44 45 0.8908793940018269 
45 46 0.8922042838311961 
46 47 0.8929668005218447 
47 48 0.8947913836814652 
48 49 0.8965219514409061 
49 50 0.8972325780384345 
50 51 0.8976898315973388 
51 52 0.899310764377468 
52 53 0.9003510528492636 
53 54 0.900343684733959 
54 55 0.9008075895345447 
55 56 0.902062469770435 
56 57 0.9023330374366253 
57 58 0.9017446433004811 
58 59 0.9024250519570751 
59 60 0.9029950330082906 
60 61 0.902425060689127 
61 62 0.9017446652622576 
62 63 0.9023330703379953 
63 64 0.9020625106573502 
64 65 0.9008076390244402 
65 66 0.9003437466039375 
66 67 0.9003511209283295 
67 68 0.8993108386984289 
68 69 0.8976899142977088 
69 70 0.8972326687791281 
70 71 0.8965220473869995 
71 72 0.8947914839898101 
72 73 0.8929669072411882 
73 74 0.8922043954048035 
74 75 0.8908795081538964 
75 76 0.8883525478739239 
76 77 0.8862856965387338 
77 78 0.8852632172786837 
78 79 0.8830863856164843 
79 80 0.8795358464068193 
80 81 0.8774469033986998 
81 82 0.8761286251884282 
82 83 0.8723317050253254 
83 84 0.8678637254042616 
84 85 0.8663546395963129 
85 86 0.863737619617489 
86 87 0.8576194849416202 
87 88 0.8532667586398929 
88 89 0.8522252852701093 
89 90 0.8464126489161069 
90 91 0.8383673845413394 
91 92 0.8357881218415673 
92 93 0.8329480514062174 
93 94 0.8226453892677902 
94 95 0.814837247524285 
95 96 0.814260693983472 
96 97 0.8055828750906936 
97 98 0.7919032813168689 
98 99 0.787502895766387 
99 100 0.7850703037108692 
100 101 0.7677433352234331 
101 102 0.7547280670679157 
102 103 0.7548741096926824 
103 104 0.7424482393211719 
104 105 0.7184579854749298 
105 106 0.711403436057117 
106 107 0.7104161378933046 
107 108 0.6801271459776804 
108 109 0.6571143381108898 
109 110 0.6581776315610051 
110 111 0.6397370281081806 
111 112 0.5914050026259926 
112 113 0.5796855817704957 
113 114 0.5817122003325979 
114 115 0.5142398830416985 
115 116 0.45316146991697703 
116 117 0.5156036139032218 
117 118 0.400843358915476 
