2 -0.113263985441281 
3 -0.41100591347754806 
4 0.612458282767105 
5 -0.39205926504389976 
6 -0.057848776704746446 
7 0.43369412580247296 
8 -0.5036823014428158 
9 0.23425109229780988 
10 0.17202098456729562 
11 -0.4449660082630159 
12 0.4110070527086487 
13 -0.10288543502654919 
14 -0.2591325527699392 
15 0.4380121053373349 
16 -0.3166650591987954 
17 -0.011843759001248082 
18 0.32279630481234256 
19 -0.4103178038437966 
20 0.21940000684657962 
21 0.11281442025226332 
22 -0.3630186828726426 
23 0.3640209479135007 
24 -0.12041150294517233 
25 -0.19916181062112293 
26 0.3801814289270984 
27 -0.3018943548908418 
28 0.0220944944240481 
29 0.26890289429072434 
30 -0.37506033806455735 
31 0.2268116096681181 
32 0.07232292107726454 
33 -0.31985134415154 
34 0.348792287999525 
35 -0.14196322493371535 
36 -0.15892927545549085 
37 0.3501451234822378 
38 -0.3029628636546617 
39 0.05126681772835981 
40 0.23354436659831904 
41 -0.3585484214817185 
42 0.23993041129259685 
43 0.04055455683356628 
44 -0.2922409106417782 
45 0.34470465831446845 
46 -0.16312721449066053 
47 -0.12832189360194982 
48 0.3317696166009298 
49 -0.30940829632017197 
50 0.0770409318155607 
51 0.2069192652701489 
52 -0.34986088511035784 
53 0.2547787440029641 
54 0.013141263215541123 
55 -0.2717178714014105 
56 0.34545571914495266 
57 -0.18419236326559502 
58 -0.10199161610002419 
59 0.31885424033132925 
60 -0.31885424812049823 
61 0.10199163459457883 
62 0.1841923466538264 
63 -0.3454557141461254 
64 0.2717178813959038 
65 -0.01314128169306749 
66 -0.2547787300710578 
67 0.34986088493318324 
68 -0.20691927931945292 
69 -0.0770409135489242 
70 0.3094082853767212 
71 -0.3317696216652783 
72 0.12832191051064543 
73 0.16312719744172963 
74 -0.34470465315629495 
75 0.2922409226668063 
76 -0.0405545764183549 
77 -0.23993039801314767 
78 0.35854842513480933 
79 -0.23354438457755008 
80 -0.05126680055437133 
81 0.30296285919200927 
82 -0.35014513696963345 
83 0.1589292951165133 
84 0.14196321351666566 
85 -0.348792295269014 
86 0.3198513654782522 
87 -0.07232293864016576 
88 -0.22681160840642742 
89 0.3750603569489474 
90 -0.2689029174973892 
91 -0.022094484348245055 
92 0.30189436704932676 
93 -0.3801814542357038 
94 0.19916183019781233 
95 0.1204115037132118 
96 -0.3640209683193988 
97 0.3630187064290497 
98 -0.1128144325189096 
99 -0.21940001089342795 
100 0.4103178156525047 
101 -0.32279631976555195 
102 0.011843769123214807 
103 0.3166650482753769 
104 -0.43801209673312264 
105 0.2591325572959873 
106 0.10288542518253029 
107 -0.41100704472220256 
108 0.4449659903161313 
109 -0.17202097368935312 
110 -0.23425109373340247 
111 0.503682292993073 
112 -0.4336941128546856 
113 0.05784876844054972 
114 0.3920592678778139 
115 -0.6124582768427093 
116 0.41100590581129176 
117 0.11326398909990765 
