2 -0.2229762655210567 
3 -0.1767286583529935 
4 -0.21324896603575128 
5 -0.2321092734978924 
6 -0.25756377388662255 
7 -0.24263026522100095 
8 -0.235490814292703 
9 -0.25074327921413564 
10 -0.26419591114871344 
11 -0.24062304308948063 
12 -0.2445162371061249 
13 -0.2665698001772701 
14 -0.2515462231299177 
15 -0.2395410529012978 
16 -0.2609896434962772 
17 -0.2609732330320941 
18 -0.24040964012055555 
19 -0.25269112440068975 
20 -0.26499047349446825 
21 -0.24650648883387477 
22 -0.2457252954426113 
23 -0.26360377828194387 
24 -0.2540903179420368 
25 -0.2428195335210505 
26 -0.25837382017321986 
27 -0.26001884314172524 
28 -0.24447328110748814 
29 -0.2519641636515695 
30 -0.26222420151137327 
31 -0.2493494609478706 
32 -0.24717160218300266 
33 -0.2604192892324504 
34 -0.2548871842214213 
35 -0.2457381005765306 
36 -0.2560785819239572 
37 -0.25861130751430567 
38 -0.24764055033086088 
39 -0.2515442727587841 
40 -0.25930180999749003 
41 -0.2513283543309649 
42 -0.24880102143232444 
43 -0.25737507617041483 
44 -0.2547333443067131 
45 -0.24856552469861448 
46 -0.2543784800067317 
47 -0.25642080759547214 
48 -0.2501594441510655 
49 -0.25197133506519287 
50 -0.25621245849740537 
51 -0.2521707324516401 
52 -0.25100899178695285 
53 -0.2549911046130806 
54 -0.2534346286103347 
55 -0.2512423103441365 
56 -0.2539124429720733 
57 -0.25369807974271996 
58 -0.251747674214668 
59 -0.2535778102124502 
60 -0.25357814408785545 
61 -0.25174774753984885 
62 -0.25369757955330213 
63 -0.2539125719101621 
64 -0.2512425723473264 
65 -0.2534341720321077 
66 -0.2549910153908592 
67 -0.25100928770124065 
68 -0.2521704264470773 
69 -0.25621211496508706 
70 -0.25197153660038507 
71 -0.25015927509960034 
72 -0.25642032583134544 
73 -0.2543785326542113 
74 -0.24856545967599825 
75 -0.25473286797487166 
76 -0.25737492404168216 
77 -0.2488009404436762 
78 -0.25132790223554 
79 -0.25930155442866065 
80 -0.2515441549181804 
81 -0.24764008754734473 
82 -0.25861099468920457 
83 -0.25607846709457394 
84 -0.24573772575960526 
85 -0.25488682335643315 
86 -0.26041923563051306 
87 -0.24717126196041278 
88 -0.24934903657688068 
89 -0.26222417332000136 
90 -0.25196394295103425 
91 -0.24447289427771776 
92 -0.26001880226038154 
93 -0.25837372528691965 
94 -0.24281918994903257 
95 -0.25409026491026265 
96 -0.26360380010905593 
97 -0.24572498442549962 
98 -0.2465064267200607 
99 -0.2649905908504515 
100 -0.2526908888341469 
101 -0.24040951856611215 
102 -0.2609734358374424 
103 -0.26098950532876697 
104 -0.23954078355638525 
105 -0.2515463983794539 
106 -0.2665698438048708 
107 -0.24451589303040105 
108 -0.24062293282482683 
109 -0.26419611850203656 
110 -0.2507430480715262 
111 -0.23549040789779255 
112 -0.2426303239802484 
113 -0.25756369465408 
114 -0.23210900049815625 
115 -0.2132485242783462 
116 -0.1767288842968759 
117 -0.22297597814759496 
