2 -0.5659300478302446 
3 -0.5876324728564656 
4 -0.5991203861422559 
5 -0.6062271868904957 
6 -0.6110548312291315 
7 -0.6145460372493502 
8 -0.617186597081907 
9 -0.6192522879244612 
10 -0.6209112903651579 
11 -0.6222719981470275 
12 -0.6234074153195063 
13 -0.6243685082013275 
14 -0.6251919363576486 
15 -0.6259047425975408 
16 -0.6265273114825054 
17 -0.6270753009572619 
18 -0.6275609229450987 
19 -0.6279938761654958 
20 -0.6283819114586664 
21 -0.6287313346206145 
22 -0.6290473131261629 
23 -0.6293341227581323 
24 -0.6295953314457474 
25 -0.6298339394740788 
26 -0.6300524875440454 
27 -0.6302531410164776 
28 -0.630437756271779 
29 -0.6306079333146022 
30 -0.6307650581162466 
31 -0.6309103367771155 
32 -0.6310448231432823 
33 -0.6311694416112121 
34 -0.6312850058927415 
35 -0.6313922345881762 
36 -0.6314917627171757 
37 -0.6315841615279626 
38 -0.6316699227549195 
39 -0.6317495070059758 
40 -0.6318233089178675 
41 -0.6318916872112519 
42 -0.6319549631435016 
43 -0.6320134250989096 
44 -0.6320673304679679 
45 -0.6321169127491698 
46 -0.6321623759269241 
47 -0.632203907742137 
48 -0.6322416723387009 
49 -0.6322758182523344 
50 -0.6323064758671754 
51 -0.6323337594154746 
52 -0.6323577705123674 
53 -0.6323785969186638 
54 -0.6323963132236403 
55 -0.6324109815078677 
56 -0.6324226604894791 
57 -0.6324313786256712 
58 -0.6324371760216372 
59 -0.632440069278298 
60 -0.6324400690652671 
61 -0.6324371753341295 
62 -0.6324313788151725 
63 -0.6324226562461753 
64 -0.6324109818074188 
65 -0.632396312602487 
66 -0.6323785975633349 
67 -0.6323577715030582 
68 -0.6323337610104562 
69 -0.6323064760928966 
70 -0.6322758184211363 
71 -0.6322416724866997 
72 -0.6322039076105127 
73 -0.6321623762255605 
74 -0.6321169123965137 
75 -0.6320673313309009 
76 -0.6320134252560624 
77 -0.6319549632475743 
78 -0.631891685670386 
79 -0.6318233092074782 
80 -0.6317495099281208 
81 -0.631669922736412 
82 -0.6315841637274631 
83 -0.6314917653538926 
84 -0.6313922344724268 
85 -0.6312850056007363 
86 -0.6311694416350682 
87 -0.6310448234895364 
88 -0.6309103374134006 
89 -0.6307650588491588 
90 -0.630607934086298 
91 -0.6304377570862758 
92 -0.6302531418522204 
93 -0.6300524883601774 
94 -0.6298339403032907 
95 -0.629595332056385 
96 -0.6293341230191795 
97 -0.6290473127924976 
98 -0.6287313333666402 
99 -0.6283819093228538 
100 -0.6279938740419365 
101 -0.6275609256670651 
102 -0.6270752981689022 
103 -0.6265273112062306 
104 -0.6259047424690557 
105 -0.625191936308286 
106 -0.624368508135066 
107 -0.6234074152715899 
108 -0.6222719980898044 
109 -0.6209112903054018 
110 -0.6192522877923289 
111 -0.6171865970174204 
112 -0.6145460370399402 
113 -0.6110548308006427 
114 -0.6062271865083222 
115 -0.5991203857443443 
116 -0.5876324726341245 
117 -0.5659300482459912 
