2 0.00029029942686025937 
3 -1.8287522400492628e-05 
4 1.955318381814357e-06 
5 -2.071120051722254e-07 
6 4.595898244665879e-09 
7 3.2450333207568475e-10 
8 -6.008834548007904e-11 
9 -2.2369150338697322e-11 
10 -1.8607155137593348e-10 
11 3.0334149529503946e-12 
12 5.7178238141862175e-12 
13 1.7600541744329418e-12 
14 -3.420538548427975e-11 
15 -1.768679255146291e-10 
16 3.0699680015549474e-11 
17 -6.7815756073847225e-12 
18 6.2087709840913775e-12 
19 -6.292884687844597e-12 
20 7.89940355311324e-12 
21 -1.197190531770147e-11 
22 -2.925145189778542e-12 
23 -2.693067119001114e-12 
24 5.571991279883545e-12 
25 -6.000016682324413e-12 
26 2.376661844361437e-11 
27 2.7947654557031917e-11 
28 -7.527033692751853e-13 
29 -8.02367747496218e-12 
30 9.44225992643835e-12 
31 -7.71170944911697e-12 
32 7.0129540545054406e-12 
33 -1.0890320257805804e-12 
34 5.135766690979343e-12 
35 -6.2753501874439565e-12 
36 6.357808095397916e-12 
37 -6.7354762054234865e-12 
38 8.144754179813956e-12 
39 -3.292271420329659e-12 
40 6.234261544939649e-12 
41 -3.5388367515515675e-12 
42 1.5107584627522957e-11 
43 -6.81702878833806e-12 
44 1.0934029976283925e-11 
45 -4.4417890348058336e-13 
46 5.838142438049323e-12 
47 -1.349305252591749e-11 
48 5.39638958525396e-12 
49 5.042312449047466e-12 
50 5.513962289852149e-12 
51 -6.287706660927131e-12 
52 8.19813503379363e-12 
53 1.1137899112009671e-11 
54 1.3755329082782639e-11 
55 -2.1582140416532556e-13 
56 5.508538280891502e-11 
57 1.2808085487809402e-12 
58 6.4475584659488625e-12 
59 -7.45647455763857e-12 
60 1.5761042339230207e-11 
61 -7.465724989919982e-12 
62 6.498533986432456e-12 
63 -4.873647456427331e-11 
64 9.611684076642026e-12 
65 -2.475220522326652e-11 
66 2.759483165182209e-10 
67 2.6513588971603633e-09 
68 -2.942091017106238e-10 
69 -1.5900339163521305e-12 
70 4.81554666793438e-12 
71 -6.962648196719414e-12 
72 5.388378737811677e-12 
73 -1.1237593740195895e-11 
74 5.5820501648021355e-12 
75 3.3687825781732066e-11 
76 7.212470845703968e-12 
77 -8.940479834997019e-12 
78 6.105789477717238e-11 
79 3.3952795342158544e-10 
80 -1.440109441227594e-11 
81 -6.227820883621864e-12 
82 7.533775915430877e-12 
83 -2.6093124724882408e-11 
84 5.29827553601356e-11 
85 1.0440887803879613e-10 
86 -2.2882182112208788e-10 
87 1.4371313785597527e-11 
88 5.795775201177876e-12 
89 -6.076768721060103e-12 
90 7.796352087611368e-12 
91 -3.63012339150666e-12 
92 1.7972669906578492e-12 
93 -5.826813938744076e-12 
94 1.06906731664667e-11 
95 -5.392200580052531e-11 
96 -2.930596755642261e-10 
97 1.1165516577012275e-11 
98 6.66841154122645e-12 
99 -6.17105892819226e-12 
100 7.1883555282999915e-12 
101 -6.269584552692207e-12 
102 6.019452977895965e-12 
103 -3.837102707841385e-12 
104 1.0131519960808535e-11 
105 -1.0342457109227339e-11 
106 7.329702384242216e-12 
107 -1.600588918532765e-11 
108 -4.4401727213901906e-11 
109 5.654476160776105e-11 
110 -1.612130966448157e-10 
111 -2.940454115604953e-10 
112 1.371244196906209e-10 
113 -9.308362277505556e-12 
114 6.473895634448547e-12 
115 -6.612548174144903e-12 
116 7.404712470129464e-12 
117 -1.4107294906652701e-11 
118 5.7200628929867325e-11 
119 8.961214951772954e-11 
120 3.0568500267726326e-12 
121 -2.3201866774831265e-12 
122 1.153677097737936e-11 
123 -1.2803013656638053e-11 
124 5.663628750818082e-11 
125 1.7852821268950506e-10 
126 -4.518300858114405e-12 
127 -1.201957883754292e-11 
128 -1.648854065075051e-11 
129 -1.5435759249580823e-11 
130 -6.852405239451674e-11 
131 -3.486269620692799e-11 
132 8.887384427848824e-12 
133 -9.621021744674876e-12 
134 9.116215469705684e-12 
135 -7.415254242101053e-12 
136 6.333211765886707e-12 
137 -6.049679439543649e-12 
138 6.548071649481279e-12 
139 -5.907343388499318e-12 
140 7.913856403827329e-12 
141 3.105556551604468e-11 
142 6.954233437163755e-10 
143 5.43539729590436e-09 
144 -2.3599752176187204e-10 
145 1.1315972556344985e-10 
146 5.865339504541888e-10 
147 -6.030602949630884e-11 
148 1.2201336483000776e-11 
149 -3.128528095750698e-11 
150 -1.0492770513429907e-10 
151 1.6035374964774306e-11 
152 -1.461138839684078e-10 
153 1.899356295298696e-09 
154 1.0924958809957137e-08 
155 -7.05203702263593e-10 
156 2.2288607616741388e-11 
157 -9.317222825208081e-12 
158 -1.1983286626079626e-11 
159 -1.5119844082847204e-11 
160 -5.054212177008934e-11 
161 -2.3398362076574513e-12 
162 6.354497101663441e-12 
163 -4.2589747986965365e-12 
164 -2.3163295435798367e-12 
165 -1.852841755186812e-11 
166 -1.0809604663493793e-11 
167 -5.167229874522151e-12 
168 8.853133561674654e-12 
169 -7.0120007902250525e-12 
170 6.915402959604522e-12 
171 -1.3952497553481026e-11 
172 -1.5886824210183477e-11 
173 -7.18412141716375e-10 
174 3.958809755494685e-11 
175 -3.019311466303863e-10 
176 1.4597260522240388e-11 
177 -3.869460768618275e-12 
178 -1.692141345152893e-10 
179 1.050352976950643e-09 
180 6.519771544553889e-09 
181 -2.552510066834836e-10 
182 -1.9673722489011266e-11 
183 -9.151179134278614e-11 
184 2.3629801804911203e-11 
185 2.391815718524795e-12 
186 5.01505679989403e-12 
187 -2.3969443930542388e-11 
188 7.204075589746204e-12 
189 -6.5412561812652596e-12 
190 1.346161917942662e-11 
191 -7.273730145557016e-11 
192 3.377979475282453e-10 
193 4.5822903587032156e-09 
194 -2.0707842619909296e-07 
195 1.955321536625612e-06 
196 -1.82873657561611e-05 
197 0.0002902994404038119 
