2 -0.87619285742204 
3 0.8076273767255786 
4 -0.7020290235997789 
5 0.5616333945947637 
6 -0.3911620425001925 
7 0.20248051123462887 
8 -0.009722928044209815 
9 -0.17302413231480826 
10 0.3335410811883245 
11 -0.46207223631515865 
12 0.5515372814128541 
13 -0.5976332125931823 
14 0.5988977057652021 
15 -0.5566825233160393 
16 0.47505565081789647 
17 -0.3606464248134959 
18 0.2223468192536961 
19 -0.07074623620808265 
20 -0.08270695658995897 
21 0.22666944861518923 
22 -0.3508039447627364 
23 0.4465066143455951 
24 -0.5074391139853387 
25 0.5298734552512403 
26 -0.5128576727914752 
27 0.4582179778943608 
28 -0.37041857194185573 
29 0.25627629537651553 
30 -0.12450238667130392 
31 -0.014938688170626817 
32 0.15160675441993565 
33 -0.2754040565403454 
34 0.37733654651684995 
35 -0.4501533738540694 
36 0.48882949410182186 
37 -0.49087423885244974 
38 0.4564626681442037 
39 -0.3883988030351496 
40 0.2919190910683631 
41 -0.1743332192032907 
42 0.04449953903931732 
43 0.08784212902132296 
44 -0.21282138014953758 
45 0.32119290477941764 
46 -0.40502381658976105 
47 0.45825919538033805 
48 -0.47713277406604926 
49 0.460407278223925 
50 -0.4094429128138136 
51 0.32809850458955214 
52 -0.22246736009650805 
53 0.1004490402999349 
54 0.028829315672114744 
55 -0.15570361336402175 
56 0.27071311265407866 
57 -0.3653184461809558 
58 0.432532325146236 
59 -0.46741599396631084 
60 0.4674158656453142 
61 -0.43253196639562996 
62 0.3653179110462035 
63 -0.2707124451197883 
64 0.15570285145599938 
65 -0.028828530016587188 
66 -0.10044973658939677 
67 0.22246785970630445 
68 -0.32809876097346524 
69 0.4094429335776001 
70 -0.46040706511175267 
71 0.47713228872524915 
72 -0.45825839881377756 
73 0.4050227358022348 
74 -0.3211916463871623 
75 0.21282007635427175 
76 -0.08784087606059204 
77 -0.04450069400105185 
78 0.17433424415218282 
79 -0.2919199292641422 
80 0.38839936542155695 
81 -0.45646287281467074 
82 0.49087407392812044 
83 -0.48882904421800644 
84 0.4501527714286229 
85 -0.37733589398709855 
86 0.2754034057248604 
87 -0.15160615548463985 
88 0.014938157979363882 
89 0.12450284785511836 
90 -0.2562767136452933 
91 0.37041890597248106 
92 -0.4582181198108503 
93 0.512857653085778 
94 -0.5298733246752656 
95 0.5074388395640682 
96 -0.4465062280958108 
97 0.3508034789972331 
98 -0.22666893549825612 
99 0.0827064227515977 
100 0.07074675607624495 
101 -0.22234728587354205 
102 0.36064680417681616 
103 -0.4750559171940722 
104 0.5566826683641456 
105 -0.5988977233204933 
106 0.5976331086642206 
107 -0.5515370758470006 
108 0.46207195991733685 
109 -0.3335407585444926 
110 0.1730237754789635 
111 0.009723280218308698 
112 -0.20248082082872676 
113 0.3911623021961162 
114 -0.5616335774889268 
115 0.7020291383739946 
116 -0.8076274379198938 
117 0.876192882748492 
