2 -0.52041220974362 
3 -0.5390395852777787 
4 -0.5483388718302671 
5 -0.5526751227477049 
6 -0.5550690983228548 
7 -0.5564893953550436 
8 -0.557384332158601 
9 -0.5579768334380504 
10 -0.558383160394529 
11 -0.5586693939920985 
12 -0.5588752577905911 
13 -0.5590257729988722 
14 -0.5591373076958389 
15 -0.5592208869851362 
16 -0.5592841177079596 
17 -0.5593323445686501 
18 -0.5593693973747786 
19 -0.5593980423532003 
20 -0.5594203109945229 
21 -0.5594377097464146 
22 -0.5594513650237727 
23 -0.5594621260161023 
24 -0.5594706376091526 
25 -0.5594773927499255 
26 -0.5594827704720488 
27 -0.5594870637948085 
28 -0.5594905003526598 
29 -0.559493257773611 
30 -0.5594954752322786 
31 -0.5594972621834851 
32 -0.5594987050069664 
33 -0.5594998720895953 
34 -0.559500817733534 
35 -0.5595015851758868 
36 -0.5595022089314916 
37 -0.5595027166181213 
38 -0.5595031303842359 
39 -0.5595034680289227 
40 -0.5595037438842891 
41 -0.5595039695119889 
42 -0.5595041542548715 
43 -0.5595043056751989 
44 -0.5595044299031854 
45 -0.5595045319160182 
46 -0.5595046157597418 
47 -0.5595046847279461 
48 -0.5595047415050995 
49 -0.5595047882818694 
50 -0.5595048268478083 
51 -0.5595048586662917 
52 -0.5595048849353917 
53 -0.5595049066368845 
54 -0.5595049245759925 
55 -0.5595049394137049 
56 -0.5595049516931168 
57 -0.5595049618609398 
58 -0.5595049702845531 
59 -0.5595049772666613 
60 -0.5595049830567056 
61 -0.5595049878604458 
62 -0.5595049918476684 
63 -0.5595049951585657 
64 -0.5595049979089252 
65 -0.5595050001946448 
66 -0.5595050020948747 
67 -0.559505003675153 
68 -0.5595050049897973 
69 -0.5595050060839641 
70 -0.559505006994825 
71 -0.5595050077532959 
72 -0.5595050083851254 
73 -0.55950500891155 
74 -0.5595050093502533 
75 -0.5595050097159519 
76 -0.5595050100209176 
77 -0.5595050102752345 
78 -0.5595050104874555 
79 -0.5595050106644642 
80 -0.5595050108122148 
81 -0.5595050109354837 
82 -0.5595050110383728 
83 -0.5595050111241927 
84 -0.5595050111957884 
85 -0.5595050112555615 
86 -0.5595050113054018 
87 -0.5595050113469267 
88 -0.5595050113814752 
89 -0.5595050114101798 
90 -0.5595050114339639 
91 -0.5595050114535872 
92 -0.5595050114697712 
93 -0.5595050114828924 
94 -0.5595050114934736 
95 -0.5595050115018225 
96 -0.5595050115081884 
97 -0.559505011512809 
98 -0.559505011515834 
99 -0.5595050115173322 
100 -0.559505011517383 
101 -0.55950501151596 
102 -0.5595050115129782 
103 -0.5595050115084045 
104 -0.5595050115020714 
105 -0.5595050114937384 
106 -0.5595050114832297 
107 -0.559505011470205 
108 -0.5595050114541599 
109 -0.559505011434644 
110 -0.559505011411006 
111 -0.559505011382397 
112 -0.5595050113479556 
113 -0.5595050113066496 
114 -0.5595050112569978 
115 -0.5595050111974242 
116 -0.559505011126055 
117 -0.5595050110404818 
118 -0.5595050109379309 
119 -0.5595050108149967 
120 -0.5595050106677179 
121 -0.5595050104911697 
122 -0.5595050102795106 
123 -0.5595050100257649 
124 -0.5595050097214692 
125 -0.5595050093564802 
126 -0.5595050089186353 
127 -0.5595050083932023 
128 -0.5595050077624742 
129 -0.5595050070051535 
130 -0.5595050060957288 
131 -0.5595050050031276 
132 -0.5595050036901484 
133 -0.559505002111759 
134 -0.5595050002137308 
135 -0.5595049979304683 
136 -0.5595049951828442 
137 -0.5595049918749996 
138 -0.5595049878911174 
139 -0.5595049830911298 
140 -0.5595049773052431 
141 -0.5595049703277597 
142 -0.5595049619093119 
143 -0.5595049517472814 
144 -0.5595049394739927 
145 -0.5595049246431173 
146 -0.5595049067114114 
147 -0.5595048850180898 
148 -0.559504858757903 
149 -0.5595048269490694 
150 -0.5595047883936165 
151 -0.5595047416281042 
152 -0.5595046848630367 
153 -0.5595046159078791 
154 -0.5595045320781424 
155 -0.5595044300802284 
156 -0.5595043058680568 
157 -0.5595041544646401 
158 -0.5595039697395762 
159 -0.5595037441306663 
160 -0.559503468295012 
161 -0.5595031306710758 
162 -0.559502716926558 
163 -0.5595022092623082 
164 -0.5595015855296238 
165 -0.5595008181101874 
166 -0.5594998724883085 
167 -0.5594987054255768 
168 -0.5594972626175206 
169 -0.559495475673819 
170 -0.5594932582095272 
171 -0.5594905007618699 
172 -0.5594870641449523 
173 -0.5594827707147045 
174 -0.5594773928174775 
175 -0.5594706374114777 
176 -0.5594621254454647 
177 -0.5594513639861518 
178 -0.5594377082117307 
179 -0.5594203090764093 
180 -0.5593980404929239 
181 -0.5593693966428783 
182 -0.5593323456257847 
183 -0.5592841168216881 
184 -0.5592208873254294 
185 -0.5591373073763423 
186 -0.5590257727670396 
187 -0.5588752575297562 
188 -0.558669393964131 
189 -0.5583831597283976 
190 -0.557976832753267 
191 -0.5573843312946812 
192 -0.5564893944080077 
193 -0.5550690971308515 
194 -0.5526751210016998 
195 -0.5483388699337958 
196 -0.5390395835369824 
197 -0.5204122092162067 
