2 -0.6169844786002296 
3 0.6666515262995355 
4 -0.7381007614920911 
5 0.7267608239078982 
6 -0.7073811342099606 
7 0.7124384226121133 
8 -0.7180680326190854 
9 0.7168079307092251 
10 -0.7154022797621777 
11 0.7159161809983151 
12 -0.716284737161049 
13 0.7161383051182149 
14 -0.7160724455790952 
15 0.7161208567954406 
16 -0.7161341799386852 
17 0.7161216114777219 
18 -0.7161223547806509 
19 0.716125797231237 
20 -0.7161249503127706 
21 0.7161244671750442 
22 -0.716125070357228 
23 0.716125126972009 
24 -0.7161249282126692 
25 0.7161249961097818 
26 -0.7161250713038497 
27 0.7161250405412604 
28 -0.7161250257175825 
29 0.7161250439161316 
30 -0.7161250480846345 
31 0.7161250424178845 
32 -0.7161250430519552 
33 0.7161250454568583 
34 -0.7161250451638803 
35 0.7161250446465144 
36 -0.716125045005412 
37 0.7161250452044036 
38 -0.7161250451061036 
39 0.716125045100711 
40 -0.7161250451611207 
41 0.7161250451669423 
42 -0.7161250451560596 
43 0.716125045163544 
44 -0.7161250451701684 
45 0.7161250451690957 
46 -0.7161250451689519 
47 0.7161250451705911 
48 -0.7161250451711013 
49 0.7161250451709571 
50 -0.7161250451711523 
51 0.7161250451713584 
52 -0.7161250451713076 
53 0.7161250451712955 
54 -0.7161250451715582 
55 0.7161250451712988 
56 -0.7161250451705646 
57 0.7161250451713549 
58 -0.7161250451721216 
59 0.7161250451716656 
60 -0.7161250451713875 
61 0.7161250451715202 
62 -0.7161250451716218 
63 0.716125045171473 
64 -0.7161250451714455 
65 0.7161250451714557 
66 -0.7161250451714056 
67 0.7161250451713883 
68 -0.7161250451713876 
69 0.7161250451711594 
70 -0.7161250451709451 
71 0.7161250451711 
72 -0.7161250451706309 
73 0.7161250451689632 
74 -0.7161250451691021 
75 0.7161250451701683 
76 -0.7161250451635551 
77 0.7161250451560979 
78 -0.7161250451669631 
79 0.7161250451610855 
80 -0.7161250451006764 
81 0.716125045106194 
82 -0.716125045204338 
83 0.7161250450053909 
84 -0.7161250446467513 
85 0.7161250451640522 
86 -0.7161250454567308 
87 0.7161250430520852 
88 -0.7161250424186572 
89 0.7161250480848731 
90 -0.7161250439156588 
91 0.7161250257184489 
92 -0.7161250405426886 
93 0.7161250713030752 
94 -0.7161249961085602 
95 0.7161249282119225 
96 -0.7161251269683625 
97 0.7161250703542664 
98 -0.7161244671606181 
99 0.7161249502668982 
100 -0.7161257971928411 
101 0.7161223547689242 
102 -0.7161216113316996 
103 0.7161341795723516 
104 -0.7161208565992192 
105 0.7160724456347407 
106 -0.7161383048856031 
107 0.7162847367886845 
108 -0.7159161806306996 
109 0.7154022793795384 
110 -0.7168079306910372 
111 0.7180680323359633 
112 -0.7124384210819321 
113 0.7073811336613496 
114 -0.7267608248547782 
115 0.7381007607709564 
116 -0.6666515261761158 
117 0.6169844780182354 
