2 -0.49550692338761565 
3 -0.5087090997826751 
4 -0.5145412432536636 
5 -0.5175528505540341 
6 -0.5192595750117016 
7 -0.5202884587659063 
8 -0.5209366127944239 
9 -0.5213585775524286 
10 -0.5216403796923423 
11 -0.5218324391913419 
12 -0.5219655186052017 
13 -0.5220590055858286 
14 -0.5221254462099181 
15 -0.522173131128636 
16 -0.5222076505426984 
17 -0.522232824989544 
18 -0.5222513047322124 
19 -0.5222649487704367 
20 -0.5222750746104473 
21 -0.5222826242770943 
22 -0.5222882767231645 
23 -0.5222925247523995 
24 -0.5222957283157275 
25 -0.5222981518266357 
26 -0.5222999905209905 
27 -0.5223013892294258 
28 -0.5223024558479089 
29 -0.5223032710749015 
30 -0.5223038954737684 
31 -0.5223043746542103 
32 -0.5223047430597535 
33 -0.5223050267723102 
34 -0.5223052456317119 
35 -0.5223054147353181 
36 -0.5223055455518021 
37 -0.5223056468903469 
38 -0.5223057254939544 
39 -0.5223057865354045 
40 -0.5223058339915847 
41 -0.5223058709272791 
42 -0.5223058996967305 
43 -0.5223059221331146 
44 -0.522305939632883 
45 -0.5223059533091646 
46 -0.5223059639981854 
47 -0.5223059723231318 
48 -0.5223059784137485 
49 -0.5223059855675729 
50 -0.5223059876628828 
51 -0.5223059905056855 
52 -0.522305993076531 
53 -0.5223059951965343 
54 -0.5223059968284722 
55 -0.5223059980379824 
56 -0.5223059989067956 
57 -0.5223059994974067 
58 -0.5223059998584074 
59 -0.5223060000200728 
60 -0.5223060000011325 
61 -0.5223059998098766 
62 -0.5223059994521116 
63 -0.5223059988412451 
64 -0.522305998014924 
65 -0.5223059969103089 
66 -0.5223059954587315 
67 -0.5223059935703233 
68 -0.5223059911054699 
69 -0.5223059880759146 
70 -0.5223059840184334 
71 -0.5223059788868926 
72 -0.5223059723135357 
73 -0.522305963858849 
74 -0.522305953327591 
75 -0.5223059396870676 
76 -0.5223059221845597 
77 -0.5223058997321384 
78 -0.5223058709981646 
79 -0.5223058340338371 
80 -0.5223057865894184 
81 -0.5223057255613546 
82 -0.5223056469684682 
83 -0.5223055455951675 
84 -0.5223054148203002 
85 -0.5223052457496914 
86 -0.5223050268824146 
87 -0.5223047431552582 
88 -0.5223043747526862 
89 -0.5223038955799509 
90 -0.5223032711890548 
91 -0.5223024559722942 
92 -0.5223013893672632 
93 -0.5222999906604704 
94 -0.5222981519736755 
95 -0.5222957284793308 
96 -0.5222925249329514 
97 -0.5222882769239638 
98 -0.5222826245041206 
99 -0.5222750749030046 
100 -0.522264949163448 
101 -0.522251305262025 
102 -0.5222328257554468 
103 -0.5222076515341695 
104 -0.5221731324562705 
105 -0.5221254464329834 
106 -0.5220590069682659 
107 -0.5219655189960338 
108 -0.5218324387077633 
109 -0.5216403800367423 
110 -0.5213585779247755 
111 -0.5209366128767126 
112 -0.5202884581538829 
113 -0.5192595753458756 
114 -0.5175528506347677 
115 -0.5145412433251145 
116 -0.5087090998998015 
117 -0.49550692340624736 
