-198.36031275673236 
-198.3603127567297 
-198.36031275838215 
-198.36031276007392 
-198.3603127617862 
-198.36031276350954 
-198.3603127652383 
-198.36031276696835 
-198.36031276869645 
-198.36031277042065 
-198.36031277213868 
-198.36031277384922 
-198.36031277555026 
-198.36031277724067 
-198.36031277891817 
-198.3603127805824 
-198.36031278223155 
-198.36031278386363 
-198.3603127854782 
-198.3603127870737 
-198.36031278864866 
-198.36031279020176 
-198.36031279173184 
-198.3603127932375 
-198.3603127947173 
-198.36031279616995 
-198.36031279759393 
-198.3603127989873 
-198.36031280034936 
-198.36031280167734 
-198.36031280296984 
-198.36031280422463 
-198.36031280543858 
-198.36031280660785 
-198.36031280772676 
-198.36031280878825 
-198.36031280978503 
-198.360312810756 
-198.36031281214082 
-198.36031281493626 
-198.3603128177169 
-198.36031282046434 
-198.36031282316333 
-198.36031282579015 
-198.36031282831414 
-198.36031283069684 
-198.36031283289287 
-198.36031283485278 
-198.36031283652682 
-198.36031283787193 
-198.3603128388638 
-198.3603128395075 
-198.36031283984966 
-198.36031283997843 
-198.3603128400023 
-198.36031284000302 
-198.3603128400027 
-198.36031284000262 
-198.36031284000268 
-198.36031284000265 
-198.3603128400044 
-198.36031284000265 
-198.36031284000234 
-198.36031284000273 
-198.3603128400028 
-198.36031284000268 
-198.36031284000254 
-198.36031284000248 
-198.36031284000268 
-198.36031284000342 
-198.36031284000381 
-198.36031284000532 
-198.3603128400079 
-198.36031284001152 
-198.3603128400166 
-198.36031284002388 
-198.36031284003442 
-198.36031284005196 
-198.36031284007316 
-198.36031284007473 
-198.3603128400756 
-198.36031284007672 
-198.3603128400779 
-198.36031284007905 
-198.36031284007984 
-198.36031284008115 
-198.36031284008263 
-198.36031284008382 
-198.36031284008544 
-198.36031284008723 
-198.36031284008962 
-198.36031284009175 
-198.36031284009437 
-198.36031284009704 
-198.36031284010002 
-198.36031284010318 
-198.36031284010633 
-198.36031284011003 
-198.36031284011412 
-198.360312840118 
-198.36031284012205 
-198.36031284012614 
-198.3603128401307 
-198.36031284013535 
-198.36031284014 
-198.3603128401448 
-198.36031284014942 
-198.3603128401539 
-198.36031284015854 
-198.3603128401631 
-198.3603128401669 
-198.36031284017017 
-198.36031284017287 
-198.36031284017454 
-198.3603128401756 
-198.36031284017585 
-198.36031284197315 
-198.36031284376872 
-198.36031284556097 
-198.36031284735034 
-198.3603128491353 
-198.36031285091548 
-198.36031285268936 
-198.36031285445594 
-198.36031285621502 
-198.360312857965 
-198.36031285970495 
-198.36031286143395 
-198.36031286315074 
-198.36031286485425 
-198.3603128665438 
-198.36031286821762 
-198.3603128698751 
-198.3603128715151 
-198.360312873136 
-198.36031287473688 
-198.36031287631678 
-198.3603128778743 
-198.3603128794076 
-198.36031288091644 
-198.36031288239857 
-198.3603128838534 
-198.36031288527937 
-198.36031288667448 
-198.36031288803767 
-198.36031288936675 
-198.36031289066034 
-198.36031289191573 
-198.36031289313027 
-198.36031289429982 
-198.36031289541933 
-198.36031289648102 
-198.36031289747814 
-198.3603128984491 
-198.36031289983438 
-198.36031290263074 
-198.36031290541206 
-198.36031290816004 
-198.3603129108592 
-198.3603129134862 
-198.3603129160104 
-198.36031291839325 
-198.3603129205897 
-198.36031292254964 
-198.36031292422356 
-198.3603129255687 
-198.36031292656043 
-198.3603129272044 
-198.36031292754578 
-198.36031292767456 
-198.36031292769823 
-198.3603129276988 
-198.36031292769894 
-198.3603129276991 
-198.3603129276991 
-198.3603129276988 
-198.36031292769923 
-198.36031292769889 
-198.36031292769886 
-198.36031292769886 
-198.36031292769914 
-198.36031292769906 
-198.36031292769917 
-198.3603129276991 
-198.36031292769948 
-198.36031292769985 
-198.3603129277008 
-198.36031292770218 
-198.36031292770463 
-198.36031292770812 
-198.360312927713 
-198.36031292772046 
-198.360312927731 
-198.36031292774857 
-198.36031292776954 
-198.36031292777093 
-198.36031292777182 
-198.36031292777298 
-198.3603129277737 
-198.36031292777488 
-198.3603129277761 
-198.3603129277772 
-198.36031292777864 
-198.36031292778006 
-198.36031292778188 
-198.3603129277838 
-198.36031292778594 
-198.36031292778802 
-198.36031292779055 
-198.36031292779361 
-198.36031292779663 
-198.3603129277997 
-198.36031292780316 
-198.36031292780677 
-198.3603129278106 
-198.3603129278151 
-198.36031292781956 
-198.3603129278239 
-198.36031292782891 
-198.36031292783392 
-198.3603129278393 
-198.36031292784457 
-198.36031292785015 
-198.36031292785563 
-198.3603129278615 
-198.36031292786765 
-198.360312927874 
-198.3603129278802 
-198.36031292788655 
-198.36031292789303 
-198.36031292789977 
-198.36031292790702 
-198.36031292791486 
-198.36031292793032 
-198.36031292793052 
-198.36031292793083 
-198.3603129279311 
-198.36031292793118 
-198.36031292793106 
-198.36031292793123 
-198.3603129279312 
-198.36031292793086 
-198.36031292793106 
-198.3603129279313 
-198.36031292793143 
-198.36031292793123 
-198.3603129279311 
-198.36031292793106 
-198.36031292793137 
-198.3603129279315 
-198.3603129279313 
-198.36031292793123 
-198.36031292793118 
-198.36031292793112 
-198.3603129279312 
-198.36031292793118 
-198.36031292793118 
-198.36031292793118 
-198.36031292793103 
-198.36031292793083 
-198.3603129279312 
-198.36031292793118 
-198.36031292793146 
-198.3603129279312 
-198.3603129279311 
-198.3603129279315 
-198.36031292793157 
-198.36031292793143 
-198.36031292793126 
-198.3603129279312 
-198.360312927931 
-198.36031292793078 
-198.36031292793078 
-198.36031292793078 
-198.36031292793058 
-198.36031292793075 
-198.3603129279309 
-198.36031292793078 
-198.36031292793052 
-198.3603129279308 
-198.36031292793058 
-198.3603129279305 
-198.36031292793066 
-198.36031292793072 
-198.3603129279311 
-198.36031292793075 
-198.36031292793055 
-198.36031292793075 
-198.36031292793174 
-198.3603129279306 
-198.36031292793032 
-198.3603129279313 
-198.36031292793064 
-198.3603129279306 
-198.36031292793092 
-198.360312927931 
-198.36031292793103 
-198.3603129279308 
-198.36031292793066 
-198.3603129279307 
-198.36031292793086 
-198.36031292793092 
-198.36031292793103 
-198.36031292793086 
-198.360312927931 
-198.3603129279311 
-198.3603129279311 
-198.36031292793135 
-198.3603129279317 
-198.36031292793152 
-198.36031292793174 
-198.36031292793194 
-198.3603129279319 
-198.36031292793143 
-198.36031292793183 
-198.36031292793155 
-198.36031292793135 
-198.36031292793152 
-198.36031292793166 
-198.3603129279316 
-198.3603129279317 
-198.36031292793143 
-198.36031292793166 
-198.36031292793172 
-198.3603129279319 
-198.36031292793157 
-198.36031292793155 
-198.36031292793157 
-198.36031292793166 
-198.36031292793174 
-198.36031292793191 
-198.36031292793183 
-198.36031292793194 
-198.36031292793166 
-198.36031292793172 
-198.36031292793163 
-198.3603129279317 
-198.36031292793163 
-198.3603129279315 
-198.3603129279313 
-198.36031292793152 
-198.36031292793157 
-198.36031292793135 
-198.36031292793146 
-198.36031292793137 
-198.36031292793126 
-198.36031292793115 
-198.36031292793098 
-198.3603129279312 
-198.36031292793137 
-198.36031292793137 
-198.36031292793157 
-198.36031292793172 
-198.36031292793191 
-198.3603129279319 
-198.36031292793197 
-198.36031292793209 
-198.3603129279322 
-198.36031292793248 
-198.36031292793268 
-198.36031292793268 
-198.36031292793282 
-198.36031292793297 
-198.36031292793302 
-198.36031292793314 
-198.36031292793302 
-198.36031292793285 
-198.36031292793282 
-198.36031292793308 
-198.36031292793294 
-198.360312927933 
-198.36031292793288 
-198.36031292793297 
-198.3603129279329 
-198.36031292793274 
-198.3603129279329 
-198.360312927933 
-198.36031292793294 
-198.36031292793308 
-198.360312927933 
-198.36031292793302 
-198.36031292793308 
-198.360312927933 
-198.36031292793277 
-198.36031292793265 
-198.36031292793274 
-198.3603129279331 
-198.36031292793305 
-198.36031292793308 
-198.36031292793302 
-198.36031292793302 
-198.36031292793345 
-198.36031292793334 
-198.36031292793314 
-198.36031292793342 
-198.3603129279334 
-198.36031292793322 
-198.36031292793268 
-198.3603129279329 
-198.3603129279327 
-198.3603129279328 
-198.3603129279327 
-198.3603129279326 
-198.36031292793257 
-198.36031292793294 
-198.36031292793274 
-198.3603129279326 
