2 3 0.057298591766031554 
3 4 0.07751413541814535 
4 5 0.09398394139278136 
5 6 0.10778538489385583 
6 7 0.11963960669134838 
7 8 0.13001669282296563 
8 9 0.13923682058226802 
9 10 0.14752683096905797 
10 11 0.1550529213156528 
11 12 0.16194034301601004 
12 13 0.16828576168883713 
13 14 0.17416530357018514 
14 15 0.17963996968967122 
15 16 0.18475938200313738 
16 17 0.18956444042117054 
17 18 0.19408924959619583 
18 19 0.19836254113443083 
19 20 0.2024087436962296 
20 21 0.20624880009308585 
21 22 0.2099007985411242 
22 23 0.2133804683214098 
23 24 0.21670157115704822 
24 25 0.21987621588493672 
25 26 0.22291511220923155 
26 27 0.22582777753212752 
27 28 0.22862270693060846 
28 29 0.23130751395821753 
29 30 0.23388904815487022 
30 31 0.23637349344218214 
31 32 0.23876645095412724 
32 33 0.241073009732382 
33 34 0.24329780677105048 
34 35 0.24544507768510482 
35 36 0.24751870619930597 
36 37 0.24952225158331642 
37 38 0.25145898919072984 
38 39 0.25333194708177414 
39 40 0.2551439191326891 
40 41 0.2568974902739897 
41 42 0.2585950573998396 
42 43 0.2602388471267722 
43 44 0.2618309312925014 
44 45 0.2633732405567359 
45 46 0.26486757630561125 
46 47 0.26631562174587675 
47 48 0.26771895152252445 
48 49 0.2690790404431315 
49 50 0.2703972713264227 
50 51 0.27167494212855947 
51 52 0.2729132723130687 
52 53 0.27411340904795406 
53 54 0.2752764317404376 
54 55 0.2764033573288575 
55 56 0.2774951446186353 
56 57 0.27855269824676965 
57 58 0.27957687216040755 
58 59 0.28056847302161336 
59 60 0.2815282632418163 
60 61 0.2824569637390506 
61 62 0.2833552564820766 
62 63 0.28422378683503746 
63 64 0.2850631657174521 
64 65 0.2858739715948658 
65 66 0.286656752311931 
66 67 0.28741202678620487 
67 68 0.2881402865700875 
68 69 0.28884199729509236 
69 70 0.28951760000775145 
70 71 0.2901675124049152 
71 72 0.2907921299795403 
72 73 0.2913918270809192 
73 74 0.29196695789403154 
74 75 0.292517857373412 
75 76 0.293044842020508 
76 77 0.29354821078475435 
77 78 0.2940282456820119 
78 79 0.2944852124864202 
79 80 0.29491936134573243 
80 81 0.2953309274172552 
81 82 0.2957201314185909 
82 83 0.29608718015564967 
83 84 0.2964322668217922 
84 85 0.29675557151834864 
85 86 0.2970572616326681 
86 87 0.2973374922118912 
87 88 0.29759640626056094 
88 89 0.2978341350456816 
89 90 0.29805079844961535 
90 91 0.29824650498509647 
91 92 0.2984213523462031 
92 93 0.29857542738846354 
93 94 0.29870880632145336 
94 95 0.29882155489329476 
95 96 0.29891372851388387 
96 97 0.298985372386183 
97 98 0.29903652157305965 
98 99 0.29906720107305523 
99 100 0.2990774258667308 
100 101 0.29906720094707306 
101 102 0.2990365213255378 
102 103 0.2989853720283563 
103 104 0.29891372805993904 
104 105 0.2988215543620709 
105 106 0.2987088057384725 
106 107 0.2985754267681432 
107 108 0.29842135169429446 
108 109 0.2982465042971621 
109 110 0.29805079773854 
110 111 0.29783413438677886 
111 112 0.2975964056292971 
112 113 0.29733749162527 
113 114 0.2970572611064664 
114 115 0.2967555710426758 
115 116 0.29643226639508435 
116 117 0.296087179770501 
117 118 0.2957201310611239 
118 119 0.29533092705673936 
119 120 0.2949193610185982 
120 121 0.29448521223145396 
121 122 0.294028245545631 
122 123 0.2935482107937092 
123 124 0.2930448422348206 
124 125 0.2925178577364834 
125 126 0.2919669583928511 
126 127 0.29139182768372945 
127 128 0.29079213067169 
128 129 0.29016751316677913 
129 130 0.28951760081710615 
130 131 0.2888419981259944 
131 132 0.2881402873904813 
132 133 0.2874120275561507 
133 134 0.28665675298142496 
134 135 0.2858739721022115 
135 136 0.28506316598796 
136 137 0.28422378678143334 
137 138 0.28335525600738537 
138 139 0.2824569627414122 
139 140 0.28152826162259015 
140 141 0.28056847069717616 
141 142 0.2795768690730377 
142 143 0.27855269436895613 
143 144 0.2774951399348437 
144 145 0.2764033518163302 
145 146 0.27527642545345216 
146 147 0.2741134020777006 
147 148 0.272913264727269 
148 149 0.2716749338493044 
149 150 0.270397262514876 
150 151 0.2690790312639689 
151 152 0.26771894220289966 
152 153 0.2663156126150069 
153 154 0.26486756756192226 
154 155 0.26337323268818463 
155 156 0.2618309248384133 
156 157 0.2602388424801811 
157 158 0.2585950548877269 
158 159 0.2568974899788308 
159 160 0.2551439205900666 
160 161 0.2533319489827809 
161 162 0.25145898954988455 
162 163 0.24952224917225008 
163 164 0.24751870482181604 
164 165 0.24544507821563336 
165 166 0.24329780670861412 
166 167 0.24107300990121747 
167 168 0.23876645127093346 
168 169 0.23637349390424836 
169 170 0.233889048969017 
170 171 0.2313075147774597 
171 172 0.2286227079877256 
172 173 0.2258277790411815 
173 174 0.22291511417957352 
174 175 0.2198762182977504 
175 176 0.2167015738434438 
176 177 0.2133804711825536 
177 178 0.2099008013629818 
178 179 0.20624880257276185 
179 180 0.20240874588605218 
180 181 0.19836254304443407 
181 182 0.1940892513790838 
182 183 0.18956444206061634 
183 184 0.18475938320887492 
184 185 0.1796399707641015 
185 186 0.17416530466896435 
186 187 0.16828576286076363 
187 188 0.16194034424156004 
188 189 0.15505292191170106 
189 190 0.14752683155055038 
190 191 0.13923682122941705 
191 192 0.13001669355045312 
192 193 0.11963960749996334 
193 194 0.107785385249614 
194 195 0.09398394151458418 
195 196 0.07751413539786203 
196 197 0.057298591810324186 
197 198 0.03176433239632136 
