2 0.01043698488690855 
3 -0.0063560411498443685 
4 0.004608027215851283 
5 -0.0035904010479900594 
6 0.0029243265158998854 
7 -0.002459771875265428 
8 0.0021173428055368732 
9 -0.0018546876019175187 
10 0.0016469900459015483 
11 -0.0014787387272802272 
12 0.0013397405307735975 
13 -0.0012230238478449908 
14 0.0011236589655350378 
15 -0.001038064175283712 
16 0.0009635744270573716 
17 -0.0008981672418812073 
18 0.0008402798014816532 
19 -0.0007886854440007116 
20 0.0007424099066636781 
21 -0.000700668297919001 
22 0.0006628216084484003 
23 -0.0006283451624763948 
24 0.0005968031705775155 
25 -0.000567831374484047 
26 0.0005411229380495295 
27 -0.0005164176028301248 
28 0.0004934931411023193 
29 -0.0004721586763196577 
30 0.00045224917576247077 
31 -0.00043362218746836927 
32 0.00041615276737544713 
33 -0.0003997310851711153 
34 0.0003842613240668944 
35 -0.0003696621711117592 
36 0.00035584558763683896 
37 -0.00034276266225304384 
38 0.00033034303768007833 
39 -0.00031853422063509855 
40 0.0003072886725460934 
41 -0.0002965636617641271 
42 0.00028632028663246555 
43 -0.0002765231507778189 
44 0.0002671403317854056 
45 -0.0002581424299251012 
46 0.0002495028843596516 
47 -0.0002411974681825069 
48 0.00023320395720003548 
49 -0.00022550196427066431 
50 0.000218072749689002 
51 -0.00021089905235247315 
52 0.0002039649184439948 
53 -0.00019725580383495633 
54 0.00019075794960393775 
55 -0.00018445872402589133 
56 0.00017834637932677468 
57 -0.00017241015167474916 
58 0.00016663987285993274 
59 -0.00016102606864081874 
60 0.0001555599041648739 
61 -0.00015023311488201026 
62 0.0001450379547430174 
63 -0.0001399671537787678 
64 0.0001350138808130104 
65 -0.00013017170796515403 
66 0.0001254345806133875 
67 -0.00012079678714671654 
68 0.00011625293265682547 
69 -0.00011179791465749457 
70 0.00010742690084828116 
71 -0.00010313530776066905 
72 9.891878257898735e-05 
73 -9.47731861762159e-05 
74 9.069458369950097e-05 
75 -8.667918758316626e-05 
76 8.272344589438758e-05 
77 -7.882390450790288e-05 
78 7.497726399992684e-05 
79 -7.118038539647205e-05 
80 6.743024112272116e-05 
81 -6.372386192538568e-05 
82 6.005857617528081e-05 
83 -5.6431587014593966e-05 
84 5.284022866265961e-05 
85 -4.928194542649766e-05 
86 4.575430698390117e-05 
87 -4.225492133829106e-05 
88 3.878142870887103e-05 
89 -3.5331584170924176e-05 
90 3.1903150370808025e-05 
91 -2.849399461299342e-05 
92 2.510195690655757e-05 
93 -2.1724939566416484e-05 
94 1.8360879438198036e-05 
95 -1.5007732126740411e-05 
96 1.1663494121893262e-05 
97 -8.326155385960922e-06 
98 4.9937394777911585e-06 
99 -1.6642697169437067e-06 
100 -1.664209464567514e-06 
101 4.993678603737428e-06 
102 -8.32608646450371e-06 
103 1.1663413112357755e-05 
104 -1.5007635234698914e-05 
105 1.8360756986915338e-05 
106 -2.1724790397043033e-05 
107 2.5101775758344758e-05 
108 -2.8493777382879707e-05 
109 3.19028944087314e-05 
110 -3.533126017826424e-05 
111 3.878104629107947e-05 
112 -4.22545030624593e-05 
113 4.575383521615569e-05 
114 -4.928147787264222e-05 
115 5.2839756557417476e-05 
116 -5.643114534349332e-05 
117 6.005819287140152e-05 
118 -6.37235241923961e-05 
119 6.742985555764766e-05 
120 -7.117999455571841e-05 
121 7.497685632653492e-05 
122 -7.882348851665084e-05 
123 8.272301387916372e-05 
124 -8.667876484116573e-05 
125 9.069421221030483e-05 
126 -9.477288782170634e-05 
127 9.891851298949987e-05 
128 -0.0001031350318773666 
129 0.00010742659728109885 
130 -0.00011179757432428708 
131 0.00011625255464681032 
132 -0.00012079637600689802 
133 0.00012543414204423125 
134 -0.00013017124793191165 
135 0.00013501340303002474 
136 -0.00013996666036873232 
137 0.00014503744369439312 
138 -0.00015023258183742214 
139 0.0001555593438707028 
140 -0.0001610254768393516 
141 0.0001666392513731539 
142 -0.00017240950734274257 
143 0.00017834570746050565 
144 -0.00018445799624347163 
145 0.00019075726511700794 
146 -0.00019725522586485622 
147 0.00020396448972592323 
148 -0.00021089865595580806 
149 0.00021807239414431127 
150 -0.00022550167712792136 
151 0.0002332037519617447 
152 -0.0002411973018144643 
153 0.0002495027323316241 
154 -0.000258142423092956 
155 0.00026714036207358495 
156 -0.0002765231293076963 
157 0.00028631995793806486 
158 -0.0002965629620789926 
159 0.0003072874892714643 
160 -0.00031853254700396464 
161 0.00033034146729416013 
162 -0.0003427620446974767 
163 0.00035584776275319433 
164 -0.0003696584441163486 
165 0.0003842610031153903 
166 -0.0003997306530231197 
167 0.00041615224456892716 
168 -0.0004336220716915834 
169 0.0004522492803300641 
170 -0.000472158905160982 
171 0.0004934931828100556 
172 -0.0005164174846995514 
173 0.0005411227324027463 
174 -0.0005678310034872462 
175 0.0005968025881477663 
176 -0.0006283447554880453 
177 0.0006628213760067868 
178 -0.0007006678501781635 
179 0.000742409313552301 
180 -0.0007886846283315621 
181 0.0008402786934678869 
182 -0.0008981664888588607 
183 0.0009635738253070211 
184 -0.001038063707700886 
185 0.0011236587699866747 
186 -0.0012230236289290453 
187 0.0013397403418986317 
188 -0.0014787388529658226 
189 0.00164699004282602 
190 -0.001854687298173772 
191 0.0021173426341684226 
192 -0.0024597719803330976 
193 0.0029243268303804125 
194 -0.00359040150058559 
195 0.004608027649641598 
196 -0.0063560412277347215 
197 0.010436984800153754 
