-194.49042062442666 
-194.4904206244261 
-194.4904206275042 
-194.4904206306336 
-194.4904206337806 
-194.49042063693224 
-194.49042064008214 
-194.49042064322782 
-194.49042064636907 
-194.49042064950646 
-194.49042065264138 
-194.49042065577564 
-194.4904206589094 
-194.49042066204416 
-194.49042066517933 
-194.49042066831416 
-194.49042067145015 
-194.49042067458626 
-194.49042067772214 
-194.49042068085762 
-194.4904206839929 
-194.4904206871284 
-194.4904206902639 
-194.49042069339959 
-194.4904206965364 
-194.4904206996738 
-194.49042070281158 
-194.49042070594945 
-194.49042070908763 
-194.49042071222385 
-194.4904207153572 
-194.49042071848578 
-194.49042072160887 
-194.49042072472844 
-194.49042072784758 
-194.49042073097348 
-194.49042073411613 
-194.4904207372863 
-194.4904207404908 
-194.49042074372835 
-194.49042074698616 
-194.4904207502446 
-194.4904207534882 
-194.49042075672162 
-194.49042075998477 
-194.49042076337682 
-194.49042076711655 
-194.49042077158555 
-194.49042077712394 
-194.49042078386935 
-194.4904207919656 
-194.49042080189685 
-194.49042081448331 
-194.49042083151397 
-194.49042084603371 
-194.4904208524483 
-194.49042085267195 
-194.49042085267342 
-194.49042085267197 
-194.49042085267317 
-194.49042085267186 
-194.4904208526722 
-194.4904208526734 
-194.49042085267266 
-194.49042085267428 
-194.4904208526774 
-194.4904208526832 
-194.49042085269292 
-194.49042085270543 
-194.49042085271861 
-194.49042085273086 
-194.49042085274417 
-194.49042085276136 
-194.4904208527842 
-194.4904208528112 
-194.49042085284023 
-194.49042085286874 
-194.49042085289548 
-194.49042085291873 
-194.49042085293868 
-194.49042085295554 
-194.49042085297043 
-194.49042085298495 
-194.49042085299976 
-194.49042085301542 
-194.49042085303205 
-194.4904208530493 
-194.4904208530671 
-194.49042085308446 
-194.49042085310188 
-194.49042085311888 
-194.4904208531359 
-194.49042085315241 
-194.4904208531693 
-194.49042085318607 
-194.49042085320295 
-194.49042085321955 
-194.49042085323646 
-194.4904208532533 
-194.49042085327042 
-194.4904208532871 
-194.4904208533041 
-194.49042085332104 
-194.490420853338 
-194.4904208533548 
-194.49042085337138 
-194.490420853388 
-194.49042085340471 
-194.49042085342126 
-194.49042085343825 
-194.49042085345553 
-194.4904208534731 
-194.4904208534909 
-194.49042085350777 
-194.49042085352153 
-194.4904208535213 
-194.49042085666474 
-194.4904208598011 
-194.4904208629353 
-194.49042086606903 
-194.4904208692032 
-194.49042087233818 
-194.49042087547377 
-194.4904208786099 
-194.49042088174582 
-194.4904208848818 
-194.4904208880179 
-194.49042089115386 
-194.49042089428937 
-194.49042089742503 
-194.49042090056037 
-194.49042090369565 
-194.49042090683136 
-194.49042090996718 
-194.49042091310298 
-194.49042091623807 
-194.49042091937363 
-194.49042092250895 
-194.4904209256445 
-194.49042092878054 
-194.49042093191656 
-194.49042093505395 
-194.49042093819193 
-194.49042094133014 
-194.49042094446807 
-194.49042094760426 
-194.49042095073753 
-194.4904209538663 
-194.49042095698968 
-194.490420960109 
-194.49042096322802 
-194.49042096635407 
-194.49042096949648 
-194.49042097266678 
-194.49042097587156 
-194.49042097910885 
-194.49042098236663 
-194.49042098562492 
-194.49042098886886 
-194.49042099210212 
-194.49042099536652 
-194.49042099875848 
-194.4904210024985 
-194.4904210069671 
-194.49042101250535 
-194.490421019251 
-194.49042102734734 
-194.49042103727862 
-194.49042104986526 
-194.49042106689626 
-194.4904210814159 
-194.49042108782965 
-194.49042108805338 
-194.4904210880539 
-194.49042108805355 
-194.4904210880541 
-194.49042108805338 
-194.49042108805315 
-194.4904210880551 
-194.49042108805415 
-194.4904210880559 
-194.49042108805918 
-194.49042108806515 
-194.49042108807464 
-194.49042108808726 
-194.49042108810076 
-194.49042108811284 
-194.4904210881259 
-194.49042108814302 
-194.49042108816582 
-194.4904210881927 
-194.49042108822172 
-194.49042108825012 
-194.49042108827675 
-194.4904210883001 
-194.49042108832006 
-194.49042108833697 
-194.4904210883518 
-194.49042108836616 
-194.49042108838134 
-194.49042108839703 
-194.4904210884135 
-194.49042108843065 
-194.49042108844816 
-194.4904210884657 
-194.49042108848298 
-194.49042108850017 
-194.49042108851717 
-194.49042108853413 
-194.4904210885509 
-194.49042108856767 
-194.490421088584 
-194.49042108860098 
-194.4904210886179 
-194.49042108863466 
-194.49042108865163 
-194.49042108866837 
-194.4904210886854 
-194.4904210887023 
-194.4904210887194 
-194.4904210887361 
-194.49042108875304 
-194.49042108876992 
-194.49042108878652 
-194.49042108880323 
-194.4904210888201 
-194.4904210888367 
-194.49042108885385 
-194.49042108887085 
-194.4904210888874 
-194.49042108890413 
-194.4904210889207 
-194.4904210889373 
-194.49042108895983 
-194.4904210889603 
-194.49042108896074 
-194.49042108896086 
-194.49042108896074 
-194.49042108896094 
-194.49042108896134 
-194.49042108896145 
-194.4904210889617 
-194.4904210889617 
-194.49042108896222 
-194.49042108896265 
-194.49042108896313 
-194.49042108896325 
-194.49042108896336 
-194.49042108896347 
-194.49042108896364 
-194.49042108896367 
-194.49042108896384 
-194.49042108896398 
-194.49042108896415 
-194.49042108896447 
-194.4904210889647 
-194.4904210889649 
-194.49042108896518 
-194.49042108896543 
-194.4904210889658 
-194.49042108896577 
-194.49042108896623 
-194.49042108896617 
-194.49042108896623 
-194.49042108896677 
-194.49042108896714 
-194.490421088967 
-194.49042108896708 
-194.49042108896708 
-194.4904210889676 
-194.49042108896785 
-194.49042108896796 
-194.49042108896842 
-194.4904210889687 
-194.490421088969 
-194.4904210889693 
-194.49042108896958 
-194.4904210889695 
-194.49042108896955 
-194.49042108896958 
-194.4904210889697 
-194.49042108896955 
-194.49042108896964 
-194.49042108896992 
-194.49042108896984 
-194.49042108896973 
-194.49042108897177 
-194.49042108896984 
-194.49042108896958 
-194.49042108897098 
-194.49042108896953 
-194.49042108896992 
-194.49042108896967 
-194.49042108896992 
-194.49042108897058 
-194.49042108897012 
-194.49042108896944 
-194.49042108896973 
-194.49042108896973 
-194.4904210889696 
-194.49042108896964 
-194.49042108896964 
-194.49042108896944 
-194.49042108896924 
-194.4904210889692 
-194.4904210889689 
-194.4904210889689 
-194.4904210889687 
-194.4904210889688 
-194.49042108896867 
-194.49042108896862 
-194.49042108896873 
-194.49042108896847 
-194.49042108896865 
-194.49042108896876 
-194.49042108896913 
-194.49042108896901 
-194.49042108896882 
-194.49042108896853 
-194.49042108896876 
-194.49042108896845 
-194.4904210889684 
-194.49042108896845 
-194.49042108896836 
-194.49042108896842 
-194.4904210889685 
-194.49042108896856 
-194.4904210889684 
-194.4904210889685 
-194.4904210889685 
-194.4904210889684 
-194.49042108896836 
-194.4904210889685 
-194.49042108896853 
-194.49042108896847 
-194.49042108896865 
-194.49042108896828 
-194.49042108896805 
-194.4904210889678 
-194.49042108896793 
-194.49042108896762 
-194.4904210889677 
-194.49042108896737 
-194.49042108896728 
-194.49042108896745 
-194.49042108896717 
-194.49042108896717 
-194.49042108896705 
-194.4904210889673 
-194.49042108896737 
-194.49042108896742 
-194.4904210889676 
-194.49042108896793 
-194.49042108896808 
-194.49042108896836 
-194.4904210889686 
-194.49042108896865 
-194.49042108896887 
-194.49042108896944 
-194.49042108896947 
-194.49042108896958 
-194.4904210889698 
-194.49042108896998 
-194.49042108896992 
-194.4904210889702 
-194.49042108897038 
-194.49042108897044 
-194.4904210889706 
-194.4904210889709 
-194.49042108897086 
-194.49042108897154 
-194.4904210889713 
-194.4904210889715 
-194.4904210889716 
-194.49042108897154 
-194.49042108897163 
-194.4904210889718 
-194.49042108897189 
-194.49042108897243 
-194.4904210889727 
-194.49042108897277 
-194.49042108897314 
-194.49042108897353 
-194.49042108897353 
-194.49042108897402 
-194.49042108897422 
-194.49042108897416 
-194.49042108897433 
-194.49042108897464 
-194.49042108897527 
-194.49042108897544 
-194.49042108897578 
-194.49042108897598 
-194.49042108897606 
-194.49042108897623 
-194.49042108897652 
-194.49042108897638 
-194.49042108897623 
-194.49042108897652 
-194.49042108897657 
-194.49042108897666 
-194.4904210889765 
-194.49042108897657 
-194.4904210889764 
-194.49042108897785 
-194.49042108897706 
-194.49042108897697 
