2 3 0.03401148735740144 
3 4 0.046234842813305796 
4 5 0.05432042025788686 
5 6 0.058733892381958 
6 7 0.060661569897146994 
7 8 0.06106065102659441 
8 9 0.06068999513166589 
9 10 0.060058471924644294 
10 11 0.0594587547791473 
11 12 0.059020361432677554 
12 13 0.058766283353223425 
13 14 0.05866313902326693 
14 15 0.05865813009280569 
15 16 0.05870163910028628 
16 17 0.058757584704725814 
17 18 0.05880528751009044 
18 19 0.05883669673086604 
19 20 0.05885197762040227 
20 21 0.05885532765923155 
21 22 0.058851899379260914 
22 23 0.05884601701704026 
23 24 0.05884048189048329 
24 25 0.05883660436180978 
25 26 0.058834600571 
26 27 0.05883407689516743 
27 28 0.05883443579847717 
28 29 0.05883513674417489 
29 30 0.05883581402174491 
30 31 0.05883629000275383 
31 32 0.05883653081565932 
32 33 0.058836584697333216 
33 34 0.058836528494256884 
34 35 0.058836432505614794 
35 36 0.05883634401832749 
36 37 0.0588362850411811 
37 38 0.058836258368850716 
38 39 0.058836256122977035 
39 40 0.0588362671637931 
40 41 0.058836281848651306 
41 42 0.05883629409300511 
42 43 0.05883630143080608 
43 44 0.058836304009021415 
44 45 0.05883630329617717 
45 46 0.058836301032750636 
46 47 0.058836298597289914 
47 48 0.058836296780584676 
48 49 0.058836295830646715 
49 50 0.058836295641140485 
50 51 0.05883629592531474 
51 52 0.05883629636853165 
52 53 0.058836296743730324 
53 54 0.05883629692959947 
54 55 0.05883629686894812 
55 56 0.058836296577165215 
56 57 0.05883629613457697 
57 58 0.058836295695788896 
58 59 0.05883629545477252 
59 60 0.0588362955944252 
60 61 0.05883629619555004 
61 62 0.058836297127888744 
62 63 0.0588362979349528 
63 64 0.05883629872710673 
64 65 0.058836296783036784 
65 66 0.05883629439969515 
66 67 0.058836294151965625 
67 68 0.058836294272394826 
68 69 0.05883629490505311 
69 70 0.0588362959874922 
70 71 0.05883629721144014 
71 72 0.05883629835004538 
72 73 0.05883629945281506 
73 74 0.05883630067520172 
74 75 0.05883630176867162 
75 76 0.05883630144680806 
76 77 0.05883629826035304 
77 78 0.05883629088091134 
78 79 0.05883627903398299 
79 80 0.058836264822530716 
80 81 0.05883625389878862 
81 82 0.058836255597878806 
82 83 0.058836281069752035 
83 84 0.05883633855124604 
84 85 0.05883642586665559 
85 86 0.05883652171356216 
86 87 0.0588365792871926 
87 88 0.05883652806428858 
88 89 0.058836290126898574 
89 90 0.05883581595205777 
90 91 0.058835138847363494 
91 92 0.058834436802890924 
92 93 0.05883407636792016 
93 94 0.05883459891041312 
94 95 0.05883660239033089 
95 96 0.0588404804515793 
96 97 0.05884601665137776 
97 98 0.05885190023447642 
98 99 0.05885532948380749 
99 100 0.05885198004897169 
100 101 0.058836699445509275 
101 102 0.05880528995922815 
102 103 0.05875758621542349 
103 104 0.058701640290280827 
104 105 0.05865813125052559 
105 106 0.05866313999981971 
106 107 0.05876628379245012 
107 108 0.05902036057911088 
108 109 0.059458754433798805 
109 110 0.06005847397195921 
110 111 0.060689998857071166 
111 112 0.0610606546536232 
112 113 0.06066157192760387 
113 114 0.05873389243275752 
114 115 0.05432041930368437 
115 116 0.046234841929018625 
116 117 0.03401148726680284 
117 118 0.01932291648466874 
