2 3 0.019402276429495175 
3 4 0.023885766464341658 
4 5 0.025945097702865447 
5 6 0.026590529655051362 
6 7 0.026667612163469193 
7 8 0.02658150516145938 
8 9 0.026493428001577914 
9 10 0.02644102943061176 
10 11 0.026418419379150702 
11 12 0.026412063946638156 
12 13 0.026412130211631284 
13 14 0.02641369851829367 
14 15 0.026414977397898397 
15 16 0.026415660168933968 
16 17 0.026415916651293253 
17 18 0.02641596037046693 
18 19 0.026415936746367507 
19 20 0.02641590882202057 
20 21 0.02641589315640824 
21 22 0.026415887927370284 
22 23 0.02641588801967255 
23 24 0.0264158897563077 
24 25 0.026415891424386218 
25 26 0.026415892537110807 
26 27 0.02641589313800045 
27 28 0.026415893403855556 
28 29 0.026415893492817394 
29 30 0.02641589350567127 
30 31 0.026415893493470007 
31 32 0.026415893477220176 
32 33 0.026415893463878834 
33 34 0.02641589345420539 
34 35 0.026415893447469137 
35 36 0.026415893442920616 
36 37 0.026415893439884864 
37 38 0.02641589343782755 
38 39 0.026415893436411375 
39 40 0.026415893435419262 
40 41 0.02641589343473153 
41 42 0.026415893434252564 
42 43 0.026415893433934846 
43 44 0.026415893433722526 
44 45 0.0264158934335812 
45 46 0.026415893433477673 
46 47 0.026415893433394295 
47 48 0.026415893433359306 
48 49 0.02641589343334273 
49 50 0.026415893433334732 
50 51 0.026415893433326402 
51 52 0.026415893433312826 
52 53 0.026415893433296717 
53 54 0.026415893433293355 
54 55 0.026415893433296138 
55 56 0.026415893433292807 
56 57 0.02641589343328986 
57 58 0.026415893433286923 
58 59 0.026415893433281823 
59 60 0.026415893433282628 
60 61 0.02641589343328097 
61 62 0.026415893433271 
62 63 0.026415893433267952 
63 64 0.026415893433230267 
64 65 0.02641589343355351 
65 66 0.02641589343379197 
66 67 0.026415893433486652 
67 68 0.026415893433027388 
68 69 0.026415893432082706 
69 70 0.026415893429908112 
70 71 0.026415893427870013 
71 72 0.02641589342807754 
72 73 0.026415893444566796 
73 74 0.026415893464553898 
74 75 0.02641589357575197 
75 76 0.02641589352450028 
76 77 0.026415893044149673 
77 78 0.026415892906814675 
78 79 0.02641589255282945 
79 80 0.026415892912797573 
80 81 0.026415893746765784 
81 82 0.026415894346720148 
82 83 0.026415894446509575 
83 84 0.026415894164094574 
84 85 0.026415893777094794 
85 86 0.026415893462346317 
86 87 0.026415893196055248 
87 88 0.026415893399200557 
88 89 0.026415893242820194 
89 90 0.026415893457701723 
90 91 0.02641589184887083 
91 92 0.02641589235893022 
92 93 0.026415894452656366 
93 94 0.026415895630618587 
94 95 0.026415894336092673 
95 96 0.0264158919419903 
96 97 0.026415890873316694 
97 98 0.02641589239575575 
98 99 0.02641590155277264 
99 100 0.02641592067430291 
100 101 0.02641594998230072 
101 102 0.02641596948665435 
102 103 0.026415914531736397 
103 104 0.026415652336829888 
104 105 0.026414969636826255 
105 106 0.02641369600716665 
106 107 0.026412134079447244 
107 108 0.026412060131274367 
108 109 0.02641841586681804 
109 110 0.02644102563841777 
110 111 0.026493426026323583 
111 112 0.02658150747453515 
112 113 0.02666761370083425 
113 114 0.02659053035169358 
114 115 0.025945097923598122 
115 116 0.023885766540453823 
116 117 0.01940227643465252 
117 118 0.012474504456019539 
