2 -0.8436006275018467 
3 0.8198850501464438 
4 -0.8030999559945871 
5 0.7942810781694132 
6 -0.7899444951312966 
7 0.7883365569641834 
8 -0.788226774565792 
9 0.7887931087571728 
10 -0.789556242270261 
11 0.7902602893433328 
12 -0.7907962888541913 
13 0.791143603397612 
14 -0.7913278488238793 
15 0.791393006645303 
16 -0.7913843612660868 
17 0.7913395445573451 
18 -0.7912851961592653 
19 0.791237144212711 
20 -0.7912024534817901 
21 0.7911821428918521 
22 -0.7911737910380139 
23 0.7911736115163833 
24 -0.7911778513378727 
25 0.7911835489591404 
26 -0.7911887900136876 
27 0.7911926332456849 
28 -0.7911948686069666 
29 0.7911957389611498 
30 -0.7911956509441317 
31 0.7911950719460953 
32 -0.7911943551382903 
33 0.7911937195411057 
34 -0.7911932897800498 
35 0.7911930570869997 
36 -0.7911929905046784 
37 0.7911930327066657 
38 -0.7911931251260346 
39 0.7911932238881622 
40 -0.7911933026897147 
41 0.7911933491995575 
42 -0.7911933743768671 
43 0.7911933757618521 
44 -0.7911933635780337 
45 0.7911933481346369 
46 -0.7911933336850115 
47 0.7911933216482194 
48 -0.791193313749087 
49 0.7911933129202269 
50 -0.7911933154768415 
51 0.79119331883281 
52 -0.7911933224727664 
53 0.7911933244228767 
54 -0.791193328168597 
55 0.7911933287883893 
56 -0.7911933282089848 
57 0.7911933274334311 
58 -0.7911933263573643 
59 0.7911933262047286 
60 -0.7911933262183272 
61 0.7911933259400652 
62 -0.7911933251245552 
63 0.7911933255040761 
64 -0.7911933265409218 
65 0.791193326975449 
66 -0.7911933277363945 
67 0.791193327761681 
68 -0.7911933242612534 
69 0.7911933243936039 
70 -0.791193324136446 
71 0.7911933238764038 
72 -0.7911933238700624 
73 0.7911933243106255 
74 -0.7911933246449522 
75 0.7911933249315898 
76 -0.7911933251760993 
77 0.7911933251168011 
78 -0.7911933253048655 
79 0.7911933255663148 
80 -0.7911933261190838 
81 0.7911933277582421 
82 -0.7911933265331417 
83 0.7911933248989582 
84 -0.7911933243906876 
85 0.791193324862997 
86 -0.7911933255197546 
87 0.7911933262354316 
88 -0.7911933265469739 
89 0.7911933266853367 
90 -0.7911933265902454 
91 0.7911933263879464 
92 -0.7911933269882745 
93 0.791193325850715 
94 -0.7911933274410958 
95 0.7911933281053737 
96 -0.7911933289721811 
97 0.7911933281809613 
98 -0.7911933273459049 
99 0.7911933266767169 
100 -0.7911933265280157 
101 0.7911933239988437 
102 -0.7911933272453526 
103 0.791193325860688 
104 -0.7911933255305925 
105 0.7911933235154657 
106 -0.791193322680921 
107 0.7911933238909633 
108 -0.7911933251710203 
109 0.7911933270921198 
110 -0.7911933295252107 
111 0.7911933310286592 
112 -0.7911933305039013 
113 0.7911933391771391 
114 -0.791193308736785 
115 0.7911932983156588 
116 -0.7911932992420024 
117 0.7911933121036013 
118 -0.7911933253762806 
119 0.791193335990635 
120 -0.7911933421385947 
121 0.7911933463237972 
122 -0.7911933507141521 
123 0.7911933410749062 
124 -0.7911933345481091 
125 0.791193330932447 
126 -0.7911933289803901 
127 0.7911933283403517 
128 -0.7911933277118823 
129 0.7911933274484806 
130 -0.7911933251389206 
131 0.7911933257474713 
132 -0.7911933276099801 
133 0.791193327975488 
134 -0.7911933276962702 
135 0.7911933275968003 
136 -0.7911933272336895 
137 0.7911933273259485 
138 -0.7911933274550061 
139 0.7911933271758647 
140 -0.7911933271189919 
141 0.7911933252544909 
142 -0.7911933229342282 
143 0.791193321135565 
144 -0.7911933224946976 
145 0.7911933288469724 
146 -0.7911933232050467 
147 0.791193325079126 
148 -0.7911933256284762 
149 0.7911933241437776 
150 -0.7911933223301834 
151 0.7911933213722604 
152 -0.7911933227296084 
153 0.7911933300873776 
154 -0.7911933312797187 
155 0.7911933682574416 
156 -0.7911934033986953 
157 0.7911934079458298 
158 -0.791193381318961 
159 0.7911933181111608 
160 -0.7911932404006895 
161 0.7911931401262121 
162 -0.79119304344627 
163 0.7911929949521113 
164 -0.7911930532371456 
165 0.7911932810284026 
166 -0.7911937174736138 
167 0.7911943472037525 
168 -0.7911950651883473 
169 0.7911956431494652 
170 -0.7911957228409201 
171 0.7911948612465113 
172 -0.7911926283431379 
173 0.791188787975958 
174 -0.7911835494987299 
175 0.7911778536902236 
176 -0.7911736153012727 
177 0.7911737935100247 
178 -0.7911821431711982 
179 0.7912024504709345 
180 -0.7912371383221936 
181 0.7912851889729474 
182 -0.791339537515565 
183 0.7913843555541697 
184 -0.7913930025801261 
185 0.7913278457890136 
186 -0.7911435996445778 
187 0.790796285219137 
188 -0.7902602875505433 
189 0.7895562407768237 
190 -0.7887931072057556 
191 0.7882267729219261 
192 -0.788336555630762 
193 0.7899444941027455 
194 -0.7942810775147223 
195 0.8030999558426042 
196 -0.819885050653106 
197 0.8436006278149901 
