2 0.036572546259120965 
3 -0.021399536023006992 
4 0.013937040547141871 
5 -0.008069375109531552 
6 0.00381448170774007 
7 -0.0013142289771142528 
8 -3.570315472201756e-05 
9 0.00062793887561912 
10 -0.0007695107276578271 
11 0.0006795186534742071 
12 -0.0004982546103810407 
13 0.00030831143391080146 
14 -0.00015112455346941427 
15 4.107592003847687e-05 
16 2.338701615443004e-05 
17 -5.166150899400881e-05 
18 5.5525810112171364e-05 
19 -4.5865449780569684e-05 
20 3.107355919108563e-05 
21 -1.6628739623617324e-05 
22 5.385182256880332e-06 
23 1.77647910786431e-06 
24 -5.225105449393249e-06 
25 5.9348869504683855e-06 
26 -5.011174465451607e-06 
27 3.4022556124591142e-06 
28 -1.7705649875921243e-06 
29 4.912053133547692e-07 
30 3.2765680173788253e-07 
31 -7.018059169602849e-07 
32 7.426001311101184e-07 
33 -5.853619224393172e-07 
34 3.8251647953848447e-07 
35 -1.6679464932569735e-07 
36 1.067302324294472e-08 
37 7.80153314540993e-08 
38 -1.088569537826477e-07 
39 1.0036813289715693e-07 
40 -7.224209645172853e-08 
41 4.0670644028333576e-08 
42 -9.114713669136152e-09 
43 -4.102457899206275e-09 
44 1.2844842660498276e-08 
45 -1.1839950985259605e-08 
46 1.1926695406478907e-08 
47 -1.3073579454923607e-08 
48 3.7819554018076504e-09 
49 2.0649148217087273e-09 
50 -4.729590830227886e-09 
51 4.142196502329291e-09 
52 -3.677932128739419e-09 
53 1.8235414117452433e-09 
54 -1.5881591817266124e-09 
55 1.6327214923785119e-09 
56 -8.58614615766909e-10 
57 8.352280854366581e-11 
58 -7.15230515330001e-10 
59 -5.305863812244083e-10 
60 7.462667017688513e-10 
61 -4.763317286270473e-10 
62 8.82191399536559e-10 
63 1.0760756306324754e-09 
64 -1.5390450091387338e-09 
65 9.909861614679248e-10 
66 -4.4903985691502197e-10 
67 4.6524724427982595e-10 
68 8.021840195220076e-10 
69 -1.5796838469646285e-09 
70 -1.776026253328e-10 
71 -2.7495804332472256e-10 
72 6.600091903926386e-10 
73 -3.7933415313765416e-10 
74 3.9612994859254887e-10 
75 -5.065914235157045e-10 
76 5.62628730520271e-10 
77 -5.473581114894873e-10 
78 2.0413568678563075e-10 
79 8.45972514277796e-11 
80 -9.294158826458318e-10 
81 -5.008418490381607e-10 
82 4.116678585604283e-09 
83 -5.3521527334526146e-09 
84 2.0344358518646125e-09 
85 -1.5917389885519734e-10 
86 -6.07357570639705e-10 
87 7.3649423763658e-10 
88 -6.041673105905631e-10 
89 2.8853976151080546e-10 
90 -3.763516266077114e-10 
91 2.8224635200763053e-10 
92 -1.3041115182837037e-09 
93 2.9018441449018783e-09 
94 -5.615842471349492e-10 
95 1.845058516745904e-09 
96 1.4619424974866853e-09 
97 -1.2683863608004032e-09 
98 -3.645669950058984e-10 
99 2.5682444479918433e-10 
100 1.5902660901593283e-09 
101 3.970644168323673e-09 
102 1.259958989003554e-09 
103 -1.4851699338851005e-09 
104 2.9691028574821697e-09 
105 -1.8842857238241774e-09 
106 -2.4003381406736838e-11 
107 7.871268888306516e-10 
108 -1.8622746335144015e-09 
109 2.4395695134369365e-09 
110 -2.530515977881014e-09 
111 2.3786302495576103e-09 
112 -8.559110583204188e-09 
113 -3.462403019688934e-08 
114 -4.455976736693043e-09 
115 6.435654211165763e-09 
116 -8.592949928416096e-09 
117 3.3614344256911737e-09 
118 -5.050831925044473e-09 
119 5.5163264664460515e-09 
120 -6.472853966967163e-09 
121 4.676118289554204e-09 
122 5.11768206445417e-09 
123 -5.6644988373739595e-09 
124 3.4122771639022153e-09 
125 -8.187672274558561e-10 
126 1.109172700586562e-09 
127 1.7388695268500294e-09 
128 -9.667850114595232e-10 
129 -4.251013350451119e-10 
130 -1.4731451424671583e-09 
131 2.815098293692927e-09 
132 -2.5075881884759586e-09 
133 1.272863345104169e-09 
134 -6.065131682724422e-10 
135 9.930620145797632e-10 
136 -1.2321192332890103e-09 
137 9.947586301994573e-10 
138 -9.180583036917902e-10 
139 -9.680231771121456e-10 
140 9.289638680399047e-10 
141 8.466256988197132e-10 
142 7.084070726966611e-09 
143 -2.918728572615868e-09 
144 -2.635435639284234e-09 
145 1.9526321914957433e-09 
146 -4.000669779491349e-09 
147 -3.3068327853681733e-09 
148 4.6523880497584224e-09 
149 -4.355012188357731e-09 
150 2.7668980727432356e-09 
151 2.039618723603018e-10 
152 -2.613083157023674e-09 
153 5.844848897745392e-09 
154 -3.563448615308366e-08 
155 2.7859492642362735e-08 
156 -1.5218847969223696e-08 
157 -8.78040266912118e-09 
158 4.1660830990953126e-08 
159 -5.793718278902706e-08 
160 1.0448512205044222e-07 
161 -1.0240938101444315e-07 
162 7.244592393818502e-08 
163 1.4188681672627257e-08 
164 -1.6583767584953637e-07 
165 3.71620250127768e-07 
166 -5.863586838673275e-07 
167 7.371060192868209e-07 
168 -6.914369065211965e-07 
169 3.222976981685905e-07 
170 4.865514803914452e-07 
171 -1.7696319990845342e-06 
172 3.3997857160935394e-06 
173 -5.008982534647118e-06 
174 5.933210248731451e-06 
175 -5.224356430502007e-06 
176 1.7764772338288158e-06 
177 5.382688438445469e-06 
178 -1.6625424616329217e-05 
179 3.106944599364009e-05 
180 -4.586189453152952e-05 
181 5.552396029263765e-05 
182 -5.166102437561341e-05 
183 2.3387515170308768e-05 
184 4.107533280309614e-05 
185 -0.0001511243814697847 
186 0.0003083114332447974 
187 -0.0004982524641266954 
188 0.0006795175910190394 
189 -0.0007695100424240289 
190 0.0006279388913776317 
191 -3.5702794318390445e-05 
192 -0.0013142294763718947 
193 0.003814482443560146 
194 -0.008069375539517415 
195 0.0139370410800126 
196 -0.021399536178138882 
197 0.036572546195337785 
