-246.31938079007747 
-246.41002564916883 
-246.42723346792488 
-246.42939959613403 
-246.4296125047979 
-246.51770019217233 
-246.54817794736772 
-246.55310779910118 
-246.5534321695335 
-246.556503159556 
-246.59144650419987 
-246.59709358131371 
-246.59749575578851 
-246.59994693189608 
-246.66074121222925 
-246.67337753436698 
-246.67497474832297 
-246.67610085750096 
-246.68054442201841 
-246.69643401187798 
-246.69877190494793 
-246.6993287203117 
-246.70696644314356 
-246.7273849269048 
-246.73045024356904 
-246.73083358708803 
-246.74064117938622 
-246.76705674183552 
-246.77108365896348 
-246.7714412739394 
-246.77757780108354 
-246.82197374025571 
-246.83178236200283 
-246.83300843323556 
-246.83495458600518 
-246.84054257550036 
-246.85366408018177 
-246.85543114205942 
-246.8564493533531 
-246.86317710494774 
-246.88939029430247 
-246.89332955480995 
-246.89378564394977 
-246.8984304634574 
-246.91015888793376 
-246.91685497872402 
-246.91763854066937 
-246.91984272542382 
-246.92242299316166 
-246.93269547899538 
-246.93396807494636 
-246.9344571330244 
-246.94180824029647 
-246.948917628496 
-246.9504384205782 
-246.95076674587267 
-246.95076793628098 
-246.95076793628107 
-246.95076793628013 
-246.95076793628246 
-246.9507679362812 
-246.95076793633376 
-246.95076958694364 
-246.95077353699148 
-246.95078797123935 
-246.95080527759157 
-246.9508199183461 
-246.95084197284712 
-246.9509398729878 
-246.95098452788628 
-246.95102486759524 
-246.95106824421381 
-246.95119900853973 
-246.9513389504441 
-246.95140280071035 
-246.95146726699434 
-246.9515758415518 
-246.9525826398658 
-246.95283496853085 
-246.952995405302 
-246.953240692939 
-246.954004169941 
-246.95425535964054 
-246.95441921315384 
-246.95462216520198 
-246.9552175247034 
-246.95623929805535 
-246.95675325083948 
-246.95719460209767 
-246.95805538493497 
-246.96005599870614 
-246.9607762167638 
-246.9613303257541 
-246.9620968979568 
-246.96416177535457 
-246.96492915492604 
-246.96541800709176 
-246.9660612490165 
-246.9677997869408 
-246.96864672902788 
-246.96899022641117 
-246.96942293051708 
-246.97045644508722 
-246.9754913127385 
-246.9764240160214 
-246.97730578196365 
-246.97908769716614 
-246.98290006620496 
-246.9839111675748 
-246.98470053716832 
-246.98609261795002 
-246.98779601227614 
-246.98927273127123 
-246.98995974125125 
-246.99108120141136 
-246.99108120141156 
-247.00258415374628 
-247.02627583918013 
-247.03001291141882 
-247.03041389650303 
-247.0364720213692 
-247.06913183005082 
-247.07818152889942 
-247.079309088348 
-247.0810643830425 
-247.09307727008942 
-247.1057403832089 
-247.1073897900365 
-247.1083255223028 
-247.1161963691461 
-247.14287769811875 
-247.14730654774894 
-247.14780302281503 
-247.1526887171349 
-247.1555912894005 
-247.16253934410878 
-247.16336550202016 
-247.1651380128898 
-247.18054591434685 
-247.1909983031568 
-247.19230987565888 
-247.19317580900108 
-247.21172092680936 
-247.22662679841358 
-247.22859017257468 
-247.22905936111863 
-247.240492064604 
-247.26789348325326 
-247.27312588136024 
-247.273709377463 
-247.27805031066706 
-247.285878684322 
-247.29375959653166 
-247.2946934986749 
-247.29679405184422 
-247.30649997194828 
-247.32362059255732 
-247.32589402043885 
-247.32632812419536 
-247.3337941982766 
-247.34242567291733 
-247.34674181259908 
-247.347231675666 
-247.35075453133356 
-247.35405894134618 
-247.36138502460818 
-247.36221873383096 
-247.36291674305298 
-247.37234548423473 
-247.37799353670852 
-247.37912776616812 
-247.37944328631372 
-247.3794446393076 
-247.37944463930643 
-247.3794446393046 
-247.37944463930646 
-247.37944463930776 
-247.37944463935858 
-247.37944622277615 
-247.37944950711687 
-247.37946139680847 
-247.37947915716006 
-247.37949559255983 
-247.37951537702045 
-247.3795855663333 
-247.37962171337347 
-247.37966765576448 
-247.3797073922329 
-247.37979055455256 
-247.37988217001998 
-247.37994873182916 
-247.38001198977503 
-247.38008545623126 
-247.3806342472633 
-247.38079038231643 
-247.38091634753965 
-247.38105291226753 
-247.38146705645764 
-247.38162442792216 
-247.3817828565164 
-247.3819102425971 
-247.38218702439968 
-247.38275966669661 
-247.3830864638108 
-247.38331435074 
-247.38364013870154 
-247.38460532808594 
-247.3850377610578 
-247.38533283777443 
-247.3856390735466 
-247.38650089602373 
-247.38693293036312 
-247.38723447460373 
-247.38750537328346 
-247.3880912686257 
-247.38851038992868 
-247.388738792837 
-247.3889417973212 
-247.3892298263567 
-247.39111546420506 
-247.391578312334 
-247.39191662342816 
-247.39238701711332 
-247.39403173525076 
-247.39455567153234 
-247.39489927853106 
-247.3953147259457 
-247.39646977483753 
-247.39766892271436 
-247.39837784412435 
-247.39908282169722 
-247.40081212749593 
-247.40489725108492 
-247.41101707872156 
-247.41176089963403 
-247.41238861273973 
-247.41296970552867 
-247.41359757181192 
-247.41390549183785 
-247.41423306911932 
-247.41448887428024 
-247.41474331787944 
-247.414905374401 
-247.41506480250777 
-247.41518294656262 
-247.41533169822566 
-247.4154311983659 
-247.4155099651249 
-247.41557607539772 
-247.41565301335538 
-247.41572756366583 
-247.4157871154798 
-247.41583712657908 
-247.41588962311832 
-247.4159420692129 
-247.41598833057103 
-247.41602614943272 
-247.4160662686332 
-247.41610502008004 
-247.41614152819335 
-247.41617272326965 
-247.41620402970432 
-247.416233594224 
-247.41625979081994 
-247.41628367606415 
-247.4163028865483 
-247.41632210809846 
-247.4163360073217 
-247.41635170698933 
-247.4163640931121 
-247.41637655940102 
-247.41638522739404 
-247.41639664605077 
-247.41640319174277 
-247.4164107543632 
-247.41641534679158 
-247.4164193801689 
-247.41642174911178 
-247.41642391353025 
-247.41642559027028 
-247.41642655446753 
-247.41642721763566 
-247.41642758758175 
-247.41642783540587 
-247.41642795132026 
-247.41642799791154 
-247.41642799791185 
-247.41642799791202 
-247.41642799791202 
-247.4164279979126 
-247.41642799791234 
-247.41642799791262 
-247.41642799791197 
-247.4164279979116 
-247.41642799791234 
-247.4164279979126 
-247.4164279980013 
-247.41642799829748 
-247.4164279989668 
-247.4164280002592 
-247.41642800257645 
-247.41642800608966 
-247.41642801157317 
-247.4164280192941 
-247.4164280287427 
-247.4164280451276 
-247.41642806593322 
-247.4164280951396 
-247.4164281296813 
-247.4164281751482 
-247.41642824125125 
-247.41642830708477 
-247.41642838397908 
-247.4164284880606 
-247.41642861614426 
-247.4164287459971 
-247.4164288852237 
-247.41642906941578 
-247.41642928214532 
-247.41642954477152 
-247.41642981794877 
-247.41643010817444 
-247.41643046336563 
-247.41643087645338 
-247.41643127050213 
-247.41643168537553 
-247.41643216512034 
-247.41643272444398 
-247.41643320522243 
-247.41643372604318 
-247.41643429179317 
-247.41643497313254 
-247.4164355307069 
-247.41643612216285 
-247.41643673164435 
-247.4164374218416 
-247.4164380502902 
-247.41643871792027 
-247.4164393364915 
-247.41643995436394 
-247.41644065780307 
-247.41644129121457 
-247.41644186256175 
-247.41644240261382 
-247.41644295907855 
-247.4164434938635 
-247.4164439173401 
-247.41644391734044 
-247.41648552457386 
-247.4165659557079 
-247.41666225244595 
-247.41675829092492 
-247.41685732618097 
-247.41694928521358 
-247.41705965132888 
-247.41716018242016 
-247.4172591518279 
-247.41733341680975 
-247.417458719161 
-247.41757260413752 
-247.41768554794245 
-247.4177683930693 
-247.41791522884296 
-247.41802012610046 
-247.418138120109 
-247.4182258861607 
-247.41833305507853 
-247.41841571069892 
-247.41849994561937 
-247.41858597995764 
-247.41865465860727 
-247.41874040372886 
-247.41881324265628 
-247.4188909836539 
-247.4189503047774 
-247.41903313004184 
-247.41910671402437 
-247.41917495599662 
-247.41922822036224 
-247.41929076298157 
-247.4193394026149 
-247.4193843287797 
-247.4194277991334 
-247.41945706715848 
-247.4194895496179 
-247.41951787076601 
-247.41954488585353 
-247.4195619944897 
-247.41958601996066 
-247.4195993846726 
-247.41961406297798 
-247.41962175211623 
-247.41962917627603 
-247.4196330508787 
-247.41963690898942 
-247.41963979483248 
-247.41964134728755 
-247.4196422630543 
-247.41964288348842 
-247.41964327628992 
-247.41964343789212 
-247.4196434982601 
-247.4196434982612 
-247.41964349826162 
-247.4196434982615 
-247.4196434982627 
-247.41964349826108 
-247.41964349826253 
-247.41964349826188 
-247.4196434982617 
-247.4196434982639 
-247.41964349826182 
-247.4196434983443 
-247.41964349863446 
-247.41964349931635 
-247.41964350065055 
-247.4196435029415 
-247.41964350656843 
-247.41964351241995 
-247.41964352135577 
-247.4196435318429 
-247.4196435503836 
-247.41964357401235 
-247.41964360832344 
-247.41964364760537 
-247.41964371022135 
-247.4196437873707 
-247.41964387628445 
-247.41964398025172 
-247.41964412346871 
-247.41964429469422 
-247.41964450144258 
-247.41964473995213 
-247.4196449772778 
-247.41964532944215 
-247.41964577487238 
-247.41964621031295 
-247.41964669982508 
-247.41964736113667 
-247.4196481134004 
-247.41964881287143 
-247.4196495829105 
-247.41965052739582 
-247.41965157211655 
-247.4196525487132 
-247.4196536808903 
-247.4196547577953 
-247.41965612139035 
-247.41965755625276 
-247.41965928646664 
-247.41966079913797 
-247.41966252375187 
-247.41966487716644 
-247.4196669171351 
-247.41966897376665 
-247.419671548004 
-247.41967452071844 
-247.4196768734639 
-247.419679377789 
-247.41968217410638 
-247.41968537074118 
-247.41968872716677 
-247.41969212974527 
-247.41969563634123 
-247.41970033534122 
-247.41970995591245 
-247.41971079366238 
-247.4197113508869 
-247.41971172040542 
-247.41971203957735 
-247.41971225200365 
-247.41971242917444 
-247.41971255918415 
-247.41971267777345 
-247.4197127622122 
-247.4197128363089 
-247.4197128965503 
-247.4197129483011 
-247.41971299032156 
-247.41971302737346 
-247.4197130591837 
-247.41971308534409 
-247.41971310789606 
-247.41971312934356 
-247.4197131489287 
-247.41971316492928 
-247.41971317841248 
-247.41971319074818 
-247.41971320173195 
-247.41971321063608 
-247.41971321809237 
-247.41971322480467 
-247.41971323053463 
-247.4197132348047 
-247.41971323850697 
-247.4197132416997 
-247.4197132441867 
-247.41971324610094 
-247.41971324756378 
-247.41971324891068 
-247.41971324991144 
-247.41971325061124 
-247.41971325115253 
-247.41971325160753 
-247.41971325192668 
-247.4197132521431 
-247.41971325229645 
-247.41971325239982 
-247.41971325247377 
-247.41971325251762 
-247.41971325254144 
-247.41971325255656 
-247.41971325256418 
-247.4197132525681 
-247.41971325256972 
-247.41971325256924 
-247.4197132525691 
-247.41971325256938 
-247.41971325256964 
-247.41971325256895 
-247.41971325256995 
-247.41971325257117 
-247.41971325256907 
-247.41971325257137 
-247.4197132525706 
-247.41971325256966 
-247.41971325257074 
-247.4197132525702 
-247.41971325256975 
-247.4197132525702 
-247.41971325257043 
-247.41971325257038 
-247.4197132525703 
-247.41971325257077 
-247.41971325257103 
-247.419713252571 
-247.4197132525715 
-247.4197132525725 
-247.41971325257302 
-247.41971325257407 
-247.41971325257586 
-247.4197132525777 
-247.41971325258103 
-247.41971325258527 
-247.41971325258973 
-247.41971325259485 
-247.4197132526039 
-247.4197132526121 
-247.41971325262224 
-247.41971325263492 
-247.41971325265237 
-247.41971325267102 
-247.4197132526906 
-247.4197132527167 
-247.41971325274866 
-247.41971325278763 
-247.41971325282492 
-247.41971325287042 
-247.41971325292442 
-247.4197132529931 
-247.41971325305784 
-247.4197132531281 
-247.41971325321154 
-247.4197132533126 
-247.41971325340734 
-247.41971325350536 
-247.41971325361416 
-247.419713253747 
-247.41971325388374 
-247.4197132540141 
-247.41971325415793 
-247.41971325431584 
-247.41971325449455 
-247.41971325465363 
-247.41971325482567 
-247.41971325500793 
-247.4197132552315 
-247.41971325540462 
-247.41971325556733 
-247.4197132556663 
-247.41971326713323 
-247.41971328309867 
-247.41971329993765 
-247.41971331612407 
-247.4197133329999 
-247.41971335430893 
-247.41971337596107 
-247.4197133931709 
-247.4197134101305 
-247.41971343170331 
-247.41971345218187 
-247.41971346829166 
-247.41971348514465 
-247.419713503453 
-247.41971352165203 
-247.41971353559913 
-247.41971355083083 
-247.41971356378602 
-247.4197135771651 
-247.41971358865018 
-247.41971359852317 
-247.41971360720817 
-247.41971361648388 
-247.41971362558354 
-247.41971363250263 
-247.41971363837573 
-247.4197136444291 
-247.419713650349 
-247.41971365463624 
-247.4197136583504 
-247.4197136618641 
-247.41971366498365 
-247.4197136671758 
-247.4197136690181 
-247.41971367042026 
-247.41971367176916 
-247.4197136727952 
-247.41971367353614 
-247.41971367404994 
-247.41971367451603 
-247.41971367482537 
-247.41971367502975 
-247.41971367518067 
-247.41971367528458 
-247.41971367535575 
-247.41971367539776 
-247.4197136754209 
-247.419713675436 
-247.41971367544426 
-247.41971367544824 
-247.41971367544966 
-247.4197136754499 
-247.41971367544988 
-247.4197136754511 
-247.41971367545 
-247.41971367545028 
-247.41971367545017 
-247.4197136754504 
-247.41971367544969 
-247.41971367544969 
-247.4197136754497 
-247.41971367544963 
-247.41971367544937 
-247.4197136754499 
-247.41971367544983 
-247.41971367544912 
-247.41971367544926 
-247.41971367544912 
-247.41971367544917 
-247.41971367544912 
-247.41971367544926 
-247.41971367545 
-247.41971367545017 
-247.4197136754506 
-247.41971367545128 
-247.41971367545156 
-247.41971367545338 
-247.41971367545563 
-247.41971367545884 
-247.41971367546196 
-247.4197136754666 
-247.41971367547237 
-247.41971367548075 
-247.4197136754892 
-247.41971367549968 
-247.41971367551244 
-247.41971367553018 
-247.41971367554996 
-247.41971367557156 
-247.41971367559808 
-247.41971367563076 
-247.41971367567098 
-247.4197136757092 
-247.41971367575326 
-247.41971367580913 
-247.41971367587678 
-247.41971367594476 
-247.41971367601096 
-247.41971367609042 
-247.41971367619078 
-247.41971367629415 
-247.41971367639366 
-247.41971367650936 
-247.4197136766447 
-247.4197136767961 
-247.41971367693168 
-247.41971367707865 
-247.41971367724355 
-247.41971367743693 
-247.41971367759876 
-247.41971367776793 
-247.41971367796225 
-247.41971367818704 
-247.4197136783875 
-247.41971367856945 
-247.4197136787732 
-247.41971367901436 
-247.41971367923946 
-247.4197136793357 
-247.4197136793927 
-247.41971367943395 
-247.41971367945177 
-247.41971367946815 
-247.41971367948034 
-247.41971367948912 
-247.41971367949273 
-247.41971367949427 
-247.4197136794942 
-247.41971367949253 
-247.4197136794938 
-247.41971367948742 
-247.41971367948256 
-247.41971367947792 
-247.41971367947846 
-247.41971367946815 
-247.41971367946275 
-247.41971367945735 
-247.41971367945447 
-247.41971367944527 
-247.41971367943964 
-247.41971367943304 
-247.41971367942784 
-247.41971367942122 
-247.41971367941574 
-247.41971367940988 
-247.41971367940482 
-247.41971367940027 
-247.4197136793956 
-247.41971367939126 
-247.4197136793875 
-247.41971367938464 
-247.4197136793808 
-247.41971367937856 
-247.41971367937612 
-247.4197136793737 
-247.41971367937188 
-247.4197136793703 
-247.41971367936893 
-247.41971367936833 
-247.41971367936773 
-247.41971367936728 
-247.41971367936702 
-247.41971367936605 
-247.41971367936543 
-247.4197136793655 
-247.4197136793654 
-247.41971367936534 
-247.4197136793649 
-247.4197136793662 
-247.41971367936551 
-247.41971367936515 
-247.41971367936546 
-247.41971367936628 
-247.41971367936588 
-247.41971367936503 
-247.41971367936551 
-247.4197136793661 
-247.4197136793653 
-247.41971367936492 
-247.4197136793645 
-247.41971367936418 
-247.41971367936452 
-247.4197136793637 
-247.4197136793638 
-247.41971367936435 
-247.41971367936392 
-247.41971367936407 
-247.41971367936492 
-247.4197136793653 
-247.4197136793656 
-247.41971367936648 
-247.41971367936756 
-247.41971367936884 
-247.4197136793702 
-247.4197136793719 
-247.41971367937393 
-247.41971367937666 
-247.41971367937916 
-247.41971367938288 
-247.41971367938558 
-247.41971367938928 
-247.41971367939334 
-247.41971367939834 
-247.41971367940292 
-247.41971367940826 
-247.41971367941449 
-247.41971367942037 
-247.4197136794276 
-247.4197136794328 
-247.41971367943984 
-247.41971367944603 
-247.41971367945615 
-247.41971367945965 
-247.41971367946635 
-247.4197136794731 
-247.4197136794852 
-247.41971367948682 
-247.41971367949333 
-247.41971367950075 
-247.41971367951078 
-247.4197136795125 
-247.41971367951808 
-247.41971367952337 
-247.41971367952826 
-247.4197136795329 
-247.4197136795346 
-247.41971367953738 
-247.41971367953872 
-247.41971367954713 
-247.4197136795432 
-247.41971367954312 
-247.41971367954332 
-247.41971367955298 
-247.4197136795462 
-247.41971367954773 
-247.4197136795493 
-247.41971367955583 
-247.41971367954955 
-247.4197136795503 
-247.41971367954994 
-247.41971367954952 
-247.41971367954594 
-247.41971367954287 
-247.41971367953926 
-247.41971367953454 
-247.4197136795339 
-247.41971367952613 
-247.4197136795203 
-247.41971367951547 
-247.41971367951402 
-247.41971367950325 
-247.4197136794969 
-247.41971367949094 
-247.4197136794876 
-247.4197136794781 
-247.41971367947264 
-247.41971367946627 
-247.419713679461 
-247.41971367945425 
-247.41971367944885 
-247.41971367944308 
-247.41971367943813 
-247.41971367943358 
-247.4197136794284 
-247.41971367942455 
-247.41971367942025 
-247.41971367941713 
-247.41971367941318 
-247.41971367941122 
-247.41971367940886 
-247.4197136794074 
-247.41971367940496 
-247.41971367940346 
-247.4197136794027 
-247.41971367940178 
-247.4197136794009 
-247.41971367940076 
-247.41971367940053 
-247.41971367940025 
-247.41971367939996 
-247.41971367940002 
-247.41971367940033 
-247.4197136794004 
-247.4197136794001 
-247.41971367940022 
-247.41971367940036 
-247.4197136793999 
-247.4197136793998 
-247.41971367940025 
-247.41971367940008 
-247.41971367939965 
