0.0 
-71.28546241423972 
-71.28738015679401 
-71.28738977532157 
-71.29049500877849 
-71.29050886487609 
-71.29246447090203 
-71.29247949642819 
-71.29421031201774 
-71.29422784623851 
-71.29422790157757 
-71.29422831667218 
-71.29423220792276 
-71.29423266426865 
-71.29423266523617 
-71.29423266523649 
-71.29423266523602 
-71.2942326652361 
-71.29423266523656 
-71.2942326652362 
-71.29423266523615 
-71.29423266523622 
-71.29423266523635 
-71.29423266523635 
-71.29423266650694 
-71.29423266718261 
-71.29423266843851 
-71.29423266902685 
-71.29423266990244 
-71.29423267029168 
-71.29423267029273 
-71.29423267029357 
-71.29423267029257 
-71.29423267029262 
-71.29423267029287 
-71.29423267029293 
-71.29423267029267 
-71.29423267029283 
-71.29423267029283 
-71.29423267029304 
-71.2942326702931 
-71.29423267029331 
-71.29423267029337 
-71.29423267029333 
-71.2942326702934 
-71.29423267029318 
-71.29423267029321 
-71.29423267029385 
-71.29423267029321 
-71.29423267029412 
-71.29423267029368 
-71.29423267029327 
-71.29423267029338 
-71.29423267029348 
-71.29423267029347 
-71.29423267029354 
-71.29423267029348 
-71.2942326702935 
-71.29423267029362 
-71.29423267029365 
-71.29423267029361 
-71.29423267029348 
-71.2942326702937 
-71.29423267029355 
-71.29423267029354 
