2 -0.9733342595207013 
3 0.9724982653131 
4 -0.9720589989151505 
5 0.9720659802141675 
6 -0.9720926931853673 
7 0.9720989876916948 
8 -0.9720984092737806 
9 0.972097723213867 
10 -0.9720976455312139 
11 0.9720976983049637 
12 -0.9720977148404246 
13 0.9720977120147465 
14 -0.972097708975612 
15 0.9720977089166057 
16 -0.9720977099778805 
17 0.9720977101712212 
18 -0.9720977092589547 
19 0.9720977086436396 
20 -0.9720977062319209 
21 0.9720977078013897 
22 -0.9720977120875768 
23 0.9720977082308725 
24 -0.9720977100972001 
25 0.9720977088158905 
26 -0.9720977088906744 
27 0.9720977087520233 
28 -0.9720977098241108 
29 0.972097709783667 
30 -0.972097709707492 
31 0.9720977096586736 
32 -0.972097709642301 
33 0.9720977096505001 
34 -0.9720977102745623 
35 0.9720977100069433 
36 -0.9720977096361123 
37 0.9720977097166206 
38 -0.9720977096446087 
39 0.9720977096352399 
40 -0.9720977096593448 
41 0.972097709666493 
42 -0.9720977096689891 
43 0.972097709667888 
44 -0.9720977096678877 
45 0.9720977096748525 
46 -0.9720977096234834 
47 0.972097710742224 
48 -0.9720977114479191 
49 0.9720977096474707 
50 -0.9720977093950673 
51 0.972097709452617 
52 -0.972097709644124 
53 0.9720977095947012 
54 -0.9720977096782907 
55 0.9720977096805048 
56 -0.9720977097291607 
57 0.9720977096495351 
58 -0.9720977099644634 
59 0.9720977094954021 
60 -0.972097709490444 
61 0.9720977118023186 
62 -0.9720977106541909 
63 0.972097709578689 
64 -0.9720977101252514 
65 0.9720977099559804 
66 -0.9720977097047806 
67 0.9720977096578773 
68 -0.9720977096677972 
69 0.9720977097357517 
70 -0.9720977097031326 
71 0.9720977096899306 
72 -0.9720977096625396 
73 0.9720977096639186 
74 -0.9720977096646072 
75 0.9720977096716408 
76 -0.9720977096623448 
77 0.9720977096779319 
78 -0.9720977096507886 
79 0.972097709640593 
80 -0.9720977096822203 
81 0.9720977096729603 
82 -0.9720977096681196 
83 0.9720977096692298 
84 -0.9720977096726225 
85 0.9720977096668815 
86 -0.9720977096681372 
87 0.9720977096683828 
88 -0.9720977096697874 
89 0.972097709669295 
90 -0.9720977096684142 
91 0.9720977096685375 
92 -0.9720977096685682 
93 0.9720977096690895 
94 -0.9720977096689313 
95 0.9720977096668663 
96 -0.972097709670301 
97 0.9720977096697976 
98 -0.9720977096692729 
99 0.9720977096673228 
100 -0.9720977096641789 
101 0.9720977096754739 
102 -0.9720977097114369 
103 0.9720977096660277 
104 -0.9720977093429698 
105 0.9720977093042898 
106 -0.9720977117169165 
107 0.9720977148454533 
108 -0.9720976982737843 
109 0.972097645573447 
110 -0.9720977231649487 
111 0.9720984086911629 
112 -0.9720989849697173 
113 0.9720926910171036 
114 -0.9720659744369645 
115 0.972058998833294 
116 -0.9724982653590237 
117 0.9733342595654182 
