-340.2082126401793 
-340.3898310866705 
-340.42959795462735 
-340.4339202211307 
-340.4370610466634 
-340.5733587120849 
-340.6017797147496 
-340.6045862948789 
-340.61154970885906 
-340.7204522326992 
-340.74212345017173 
-340.7441429037699 
-340.75457872055375 
-340.8431406033183 
-340.86014839615115 
-340.8617028685853 
-340.8759427999362 
-340.9523927784903 
-340.9660971342345 
-340.96743034464436 
-340.9850017273047 
-341.05803900896996 
-341.0698836527456 
-341.0711772317824 
-341.0888682919228 
-341.1560593919623 
-341.1670986178303 
-341.1683491632111 
-341.1865471830386 
-341.23956583494544 
-341.2493441923207 
-341.2505792889748 
-341.27428924985816 
-341.3451248133496 
-341.35834988209035 
-341.3595508747398 
-341.3781176445367 
-341.4331945871567 
-341.4490701232326 
-341.4506511746148 
-341.4622627852807 
-341.48132530555296 
-341.4970067440732 
-341.4986817651866 
-341.51644312907297 
-341.5419538076352 
-341.5607451058948 
-341.56252913369053 
-341.57409721151424 
-341.58152110521064 
-341.597888024086 
-341.59951105952103 
-341.60913380297274 
-341.61807109035897 
-341.62700532705423 
-341.629292091368 
-341.62930617300736 
-341.62930617300805 
-341.6293061730068 
-341.6293061730073 
-341.6293061730083 
-341.6293061769453 
-341.6293355609643 
-341.6294056625025 
-341.6294567729096 
-341.629556626107 
-341.62964606146727 
-341.62987686796487 
-341.63003955462983 
-341.6302469763398 
-341.6304246110565 
-341.63083778337307 
-341.6312171046533 
-341.63161449142353 
-341.6319337502244 
-341.63258904488765 
-341.63304949456875 
-341.633630456402 
-341.63398255266924 
-341.6346601279418 
-341.63584195206255 
-341.63712957569885 
-341.63783808684366 
-341.63895676541006 
-341.6416128432983 
-341.6435875379025 
-341.644871384169 
-341.6467915239549 
-341.64924782966045 
-341.6514973643786 
-341.6529834682622 
-341.6551808157992 
-341.65864981251354 
-341.6621241712789 
-341.6641855673522 
-341.6671450047399 
-341.67192082810044 
-341.67641300217224 
-341.6791450122914 
-341.6831318779428 
-341.68898627166135 
-341.6937190112412 
-341.69721762319153 
-341.7019779012865 
-341.7088315711357 
-341.71388481352625 
-341.7183245757395 
-341.7234127479977 
-341.73092328507363 
-341.73566608118523 
-341.74047071594873 
-341.74504642458015 
-341.75105621042576 
-341.75397919240083 
-341.75644133528897 
-341.75644133528886 
-341.7832220401307 
-341.83395839066844 
-341.8418984520712 
-341.843632478995 
-341.8717888324629 
-341.91956977190347 
-341.92661316879986 
-341.92836053557755 
-341.9574288784843 
-342.00246384835344 
-342.0088958812174 
-342.0106733484374 
-342.0406927798979 
-342.08248000201957 
-342.08841018160456 
-342.09025883783863 
-342.12249971438956 
-342.1627060340611 
-342.1682249232623 
-342.17022075432203 
-342.20379078876846 
-342.24590229637425 
-342.25133944385504 
-342.25336430438944 
-342.2836185365268 
-342.32585627293355 
-342.3315811629592 
-342.33331830051264 
-342.36217815360624 
-342.39852046607564 
-342.4041851684935 
-342.405956448241 
-342.44013481608584 
-342.4915069131481 
-342.4997592718301 
-342.5010536888383 
-342.528091109958 
-342.56917480594257 
-342.5796805981261 
-342.5810322084701 
-342.59790424530735 
-342.6155063497999 
-342.626700993301 
-342.6281385789717 
-342.6523271789737 
-342.67459179741775 
-342.6885001892646 
-342.69000937190464 
-342.7051450440599 
-342.7129350841937 
-342.7257587663438 
-342.7271659027728 
-342.73905742550966 
-342.7488285565272 
-342.75645968161103 
-342.75868017246484 
-342.75869567986257 
-342.75869567986433 
-342.7586956798606 
-342.7586956798623 
-342.75869567986314 
-342.7586956837799 
-342.75872475523875 
-342.75878907178515 
-342.7588379983423 
-342.7589514109653 
-342.7590455027277 
-342.7592401222146 
-342.75938569875075 
-342.7596167343338 
-342.75979494669787 
-342.7601170568604 
-342.76044545533983 
-342.7608556750202 
-342.76116909388475 
-342.7616461159975 
-342.7620564851942 
-342.76267682324976 
-342.763022839536 
-342.76349829722284 
-342.7642019923274 
-342.7652320428785 
-342.7657825435729 
-342.7664163695786 
-342.76786697611846 
-342.7691470298159 
-342.7700049305832 
-342.77089594001905 
-342.7722639653397 
-342.7736068789242 
-342.7744716622585 
-342.7753800315434 
-342.77702732931664 
-342.77860219841375 
-342.77959815373003 
-342.78061979892124 
-342.7825128684198 
-342.7843241261425 
-342.78543938403203 
-342.78661879233124 
-342.7885996032175 
-342.79053012117527 
-342.79170143030996 
-342.7930242946295 
-342.79516199655524 
-342.79727661326 
-342.7985487001779 
-342.8000673661144 
-342.8025536054819 
-342.80505422473624 
-342.8065349771541 
-342.8084260587474 
-342.8115257148947 
-342.8146965022054 
-342.8166772485661 
-342.8196038025187 
-342.8246758920473 
-342.8364468311455 
-342.8381276430319 
-342.83941471598615 
-342.84084087204803 
-342.8420564806886 
-342.84278113580467 
-342.84339691034575 
-342.84407457015425 
-342.8446037300354 
-342.8450323326255 
-342.8453434032763 
-342.84570409593636 
-342.84598327143186 
-342.8462526657534 
-342.84649120414633 
-342.84672214421033 
-342.8469144944899 
-342.8471233489867 
-342.84734554529126 
-342.84754458329616 
-342.847728395629 
-342.8479409019222 
-342.84815421295326 
-342.8483639181166 
-342.84856029976555 
-342.8487925576358 
-342.84900522350165 
-342.849205818863 
-342.8494055042688 
-342.8496415219672 
-342.84984526953224 
-342.85004554039074 
-342.85025692261854 
-342.8504699284058 
-342.85063827844215 
-342.85082354617816 
-342.8509933867733 
-342.85115128697504 
-342.8512764054819 
-342.85140332103276 
-342.8515071354083 
-342.8516000581884 
-342.851676427546 
-342.8517486322998 
-342.8517929986486 
-342.8518287212418 
-342.85185978824694 
-342.8518810210812 
-342.85189350651666 
-342.851903145977 
-342.85190950525475 
-342.8519144658355 
-342.8519162254097 
-342.8519162255647 
-342.8519162255647 
-342.85191622556636 
-342.8519162255656 
-342.8519162255645 
-342.85191622556556 
-342.85191622556505 
-342.85191622556596 
-342.8519162255655 
-342.8519162255654 
-342.8519162329517 
-342.85191625915235 
-342.8519163010582 
-342.8519163656019 
-342.8519164552746 
-342.85191658768775 
-342.8519168042883 
-342.85191705426143 
-342.85191739960374 
-342.8519178853489 
-342.8519185936334 
-342.8519193490755 
-342.8519204309555 
-342.8519219163761 
-342.85192354154213 
-342.85192543132786 
-342.8519280129231 
-342.8519306874827 
-342.85193389793386 
-342.8519375028268 
-342.8519418871252 
-342.8519465431715 
-342.85195152156916 
-342.8519570417593 
-342.85196409677735 
-342.8519706715324 
-342.8519774470534 
-342.8519851200221 
-342.85199454775943 
-342.85200322275904 
-342.85201184472675 
-342.8520219679891 
-342.8520336912149 
-342.85204307864217 
-342.85205291857557 
-342.85206398606164 
-342.8520762059901 
-342.8520857333594 
-342.8520955022813 
-342.85210567703615 
-342.85211765118316 
-342.8521266341694 
-342.85213584017663 
-342.8521450661731 
-342.85215417729285 
-342.85216161452934 
-342.8521696522125 
-342.85217729487874 
-342.8521831271125 
-342.85218801970854 
-342.8521922664139 
-342.852192266414 
-342.85238002612044 
-342.8525961294258 
-342.8528913846655 
-342.85316689728296 
-342.85352191663134 
-342.85386268040855 
-342.85424897207713 
-342.8546062218853 
-342.85503038084147 
-342.8554385481606 
-342.8558760052285 
-342.85627513753315 
-342.85673654173456 
-342.8571748584312 
-342.8576468231188 
-342.8580642356638 
-342.8585700560195 
-342.85903033307505 
-342.85952592977964 
-342.85995780660437 
-342.86046857969876 
-342.86095047326756 
-342.8614533837288 
-342.8618851623742 
-342.86234914574084 
-342.86281411268067 
-342.86329809603 
-342.8636922772609 
-342.86410947551985 
-342.8645114977017 
-342.8649557929886 
-342.86528655507436 
-342.8657312894803 
-342.8661149999329 
-342.8664809436734 
-342.8667355829868 
-342.86704516810926 
-342.86732427580466 
-342.86755689356016 
-342.86772015208476 
-342.86791942984445 
-342.86806832584057 
-342.86820093972057 
-342.8682953503262 
-342.8683989398552 
-342.86845932161805 
-342.8685081244715 
-342.8685455060092 
-342.86857281980065 
-342.8685887969963 
-342.8686006416698 
-342.86860779642785 
-342.868613498954 
-342.8686154044208 
-342.86861540461166 
-342.86861540461206 
-342.86861540461354 
-342.8686154046131 
-342.8686154046116 
-342.8686154046133 
-342.8686154046131 
-342.86861540461246 
-342.86861540461194 
-342.8686154046118 
-342.8686154121234 
-342.86861543874767 
-342.8686154802522 
-342.86861554349724 
-342.86861563657664 
-342.8686157736987 
-342.8686159968007 
-342.8686162494065 
-342.868616614911 
-342.86861716683313 
-342.86861792318683 
-342.8686187196775 
-342.8686199832566 
-342.8686217160116 
-342.86862359705646 
-342.8686256550428 
-342.86862877374205 
-342.868632349507 
-342.8686361374808 
-342.86864067877497 
-342.8686467972121 
-342.8686544819046 
-342.86866142865813 
-342.8686697542979 
-342.8686810291166 
-342.8686924989399 
-342.86870296431954 
-342.86871559111785 
-342.8687327131578 
-342.86875009143813 
-342.86876601287554 
-342.8687845769861 
-342.86880836000773 
-342.8688328127661 
-342.8688548283663 
-342.86887993135383 
-342.8689105806223 
-342.8689427384621 
-342.86897047700444 
-342.86900212547795 
-342.8690403681233 
-342.86907891536765 
-342.86911287559815 
-342.8691515030124 
-342.86919735897476 
-342.86924383288846 
-342.86928496204985 
-342.86933158179266 
-342.86938540256114 
-342.8694423391858 
-342.8694921886372 
-342.86955306404536 
-342.86963794836026 
-342.86979109784704 
-342.8698115236405 
-342.86982496132885 
-342.86983646069433 
-342.8698482525314 
-342.8698569617659 
-342.86986285524046 
-342.86986874374423 
-342.86987444696103 
-342.86987836880553 
-342.8698815208471 
-342.86988493381097 
-342.8698874960004 
-342.8698895370091 
-342.8698913794242 
-342.86989334916524 
-342.86989486258295 
-342.8698961276493 
-342.86989729788905 
-342.86989856500264 
-342.8698994564487 
-342.8699002031292 
-342.86990094410027 
-342.8699017171922 
-342.8699022068844 
-342.8699026220402 
-342.8699030357974 
-342.86990343369985 
-342.8699036968498 
-342.8699039083183 
-342.8699041146932 
-342.8699043115414 
-342.86990444129026 
-342.8699045460795 
-342.86990464417676 
-342.86990473613776 
-342.8699047957113 
-342.8699048432197 
-342.8699048818033 
-342.8699049177282 
-342.8699049416466 
-342.86990495842866 
-342.8699049694118 
-342.8699049775283 
-342.8699049823358 
-342.869904985253 
-342.8699049870582 
-342.86990498814276 
-342.86990498877987 
-342.8699049890926 
-342.86990498917595 
-342.86990498917567 
-342.8699049891752 
-342.86990498917584 
-342.8699049891754 
-342.86990498917555 
-342.869904989176 
-342.86990498917487 
-342.8699049891757 
-342.8699049891755 
-342.86990498917595 
-342.86990498917544 
-342.8699049891752 
-342.8699049891748 
-342.86990498917584 
-342.8699049891815 
-342.8699049891915 
-342.86990498920693 
-342.8699049892269 
-342.86990498925076 
-342.86990498929407 
-342.8699049893451 
-342.86990498940844 
-342.8699049894917 
-342.8699049896287 
-342.8699049897846 
-342.869904989976 
-342.86990499023614 
-342.8699049905872 
-342.86990499095253 
-342.8699049914452 
-342.869904992059 
-342.8699049928046 
-342.8699049935639 
-342.8699049945508 
-342.8699049957776 
-342.869904997134 
-342.8699049986208 
-342.86990500037956 
-342.8699050027407 
-342.8699050052008 
-342.8699050078247 
-342.8699050108932 
-342.8699050151131 
-342.869905019153 
-342.8699050235311 
-342.8699050284347 
-342.8699050350645 
-342.8699050408781 
-342.8699050474179 
-342.8699050544182 
-342.86990506354357 
-342.86990507087177 
-342.86990507932626 
-342.86990508834197 
-342.8699050993258 
-342.86990510828025 
-342.8699051188864 
-342.8699051300363 
-342.86990514288885 
-342.8699051544175 
-342.8699051674146 
-342.8699051801081 
-342.8699051913472 
-342.86990519743966 
-342.8699055807587 
-342.86990604057763 
-342.86990660490085 
-342.86990722570306 
-342.86990793598585 
-342.8699085683011 
-342.8699093033292 
-342.86991003637996 
-342.8699108343177 
-342.8699115017206 
-342.8699122913737 
-342.8699130360994 
-342.8699138300439 
-342.869914464063 
-342.86991520364694 
-342.86991587441105 
-342.86991659478406 
-342.8699171370342 
-342.8699177641346 
-342.8699183228514 
-342.8699189288748 
-342.869919376477 
-342.86991988314224 
-342.86992032402145 
-342.86992078438584 
-342.86992113615366 
-342.8699215018333 
-342.8699218039334 
-342.8699220996092 
-342.8699223179613 
-342.8699225320356 
-342.86992270239534 
-342.8699228619462 
-342.86992296711486 
-342.8699230695439 
-342.8699231510427 
-342.8699232218323 
-342.86992327042407 
-342.8699233130832 
-342.8699233468179 
-342.8699233754395 
-342.8699233968129 
-342.8699234118695 
-342.869923422361 
-342.8699234298862 
-342.8699234345098 
-342.869923437328 
-342.86992343912937 
-342.8699234402035 
-342.8699234408247 
-342.869923441127 
-342.8699234412068 
-342.8699234412058 
-342.8699234412062 
-342.86992344120665 
-342.86992344120654 
-342.8699234412067 
-342.86992344120705 
-342.8699234412063 
-342.869923441207 
-342.86992344120637 
-342.86992344120665 
-342.8699234412066 
-342.86992344120654 
-342.8699234412066 
-342.8699234412077 
-342.86992344121415 
-342.8699234412239 
-342.86992344123894 
-342.86992344125895 
-342.8699234412838 
-342.8699234413268 
-342.86992344137866 
-342.8699234414431 
-342.8699234415294 
-342.869923441666 
-342.8699234418212 
-342.8699234420117 
-342.8699234422645 
-342.86992344262046 
-342.86992344298017 
-342.8699234434651 
-342.86992344403376 
-342.869923444817 
-342.8699234455712 
-342.8699234465863 
-342.8699234477376 
-342.86992344928825 
-342.86992345082035 
-342.86992345280066 
-342.86992345517416 
-342.86992345815213 
-342.8699234610361 
-342.86992346446243 
-342.8699234686561 
-342.8699234737007 
-342.86992347824395 
-342.86992348359274 
-342.86992348988184 
-342.86992349693395 
-342.86992350335595 
-342.86992351051384 
-342.8699235191464 
-342.86992352823074 
-342.86992353664175 
-342.8699235456896 
-342.86992355691825 
-342.8699235681983 
-342.86992357868195 
-342.8699235895648 
-342.8699236031663 
-342.86992361596975 
-342.8699236278716 
-342.869923639878 
-342.8699236552552 
-342.8699236687226 
-342.86992368186765 
-342.8699236957605 
-342.8699237036856 
-342.869923708961 
-342.8699237131011 
-342.86992371594664 
-342.8699237180863 
-342.86992371987424 
-342.8699237214615 
-342.86992372248284 
-342.86992372319486 
-342.8699237239633 
-342.8699237246114 
-342.8699237249395 
-342.86992372515294 
-342.8699237255214 
-342.869923725768 
-342.86992372581676 
-342.86992372583325 
-342.8699237259668 
-342.86992372601827 
-342.8699237259268 
-342.8699237258199 
-342.86992372580113 
-342.8699237257527 
-342.8699237255689 
-342.8699237253923 
-342.8699237252923 
-342.86992372516244 
-342.8699237249496 
-342.86992372475163 
-342.86992372462095 
-342.8699237244569 
-342.8699237242728 
-342.86992372408946 
-342.8699237239588 
-342.869923723832 
-342.869923723694 
-342.8699237235571 
-342.86992372346083 
-342.8699237233816 
-342.86992372329547 
-342.86992372321475 
-342.8699237231598 
-342.8699237231187 
-342.86992372307964 
-342.869923723045 
-342.86992372302444 
-342.8699237230075 
-342.8699237229936 
-342.86992372298454 
-342.86992372297817 
-342.8699237229766 
-342.86992372297664 
-342.8699237229769 
-342.86992372297647 
-342.8699237229767 
-342.86992372297686 
-342.8699237229755 
-342.86992372297635 
-342.86992372297647 
-342.8699237229766 
-342.8699237229764 
-342.8699237229764 
-342.8699237229767 
-342.86992372297766 
-342.8699237229841 
-342.8699237229926 
-342.8699237230059 
-342.86992372302365 
-342.86992372304394 
-342.8699237230788 
-342.86992372311795 
-342.8699237231598 
-342.8699237232145 
-342.8699237232958 
-342.8699237233832 
-342.8699237234631 
-342.86992372356235 
-342.8699237237021 
-342.8699237238435 
-342.8699237239779 
-342.8699237241168 
-342.86992372431126 
-342.8699237245082 
-342.86992372469297 
-342.8699237248529 
-342.86992372508587 
-342.869923725338 
-342.8699237255302 
-342.86992372570603 
-342.86992372597433 
-342.86992372624974 
-342.8699237264532 
-342.86992372662985 
-342.869923726913 
-342.86992372718504 
-342.86992372740707 
-342.86992372754366 
-342.86992372781083 
-342.86992372809243 
-342.86992372827774 
-342.86992372834675 
-342.8699237285969 
-342.86992372885754 
-342.86992372897225 
-342.86992372899573 
-342.8699237292155 
-342.86992372943206 
-342.8699237294881 
-342.8699237294714 
-342.8699237296558 
-342.8699237298366 
-342.8699237298507 
-342.8699237298236 
-342.86992373001095 
-342.869923730293 
-342.86992373039357 
-342.86992373050424 
-342.86992373087736 
-342.8699237312403 
-342.8699237313733 
-342.8699237315004 
-342.86992373185296 
-342.8699237321764 
-342.8699237322619 
-342.8699237323304 
-342.8699237326188 
-342.8699237328354 
-342.86992373282834 
-342.86992373281504 
-342.86992373299034 
-342.8699237330551 
-342.86992373296056 
-342.86992373287427 
-342.86992373290883 
-342.8699237328669 
-342.86992373271323 
-342.8699237325632 
-342.86992373250376 
-342.86992373242043 
-342.8699237322164 
-342.869923732032 
-342.86992373192595 
-342.86992373178913 
-342.8699237315703 
-342.86992373137116 
-342.869923731239 
-342.86992373107165 
-342.8699237308853 
-342.86992373070103 
-342.86992373056967 
-342.8699237304415 
-342.8699237303029 
-342.8699237301654 
-342.86992373006825 
-342.8699237299892 
-342.86992372990346 
-342.8699237298227 
-342.8699237297685 
-342.8699237297276 
-342.86992372968894 
-342.8699237296539 
-342.86992372963334 
-342.86992372961646 
-342.8699237296023 
-342.86992372959224 
-342.869923729586 
-342.86992372958497 
-342.8699237295847 
-342.86992372958497 
-342.86992372958423 
-342.86992372958554 
-342.86992372958673 
-342.8699237295835 
-342.86992372958645 
-342.86992372958616 
-342.8699237295857 
-342.8699237295847 
-342.86992372958474 
-342.8699237295845 
-342.86992372958565 
-342.86992372959213 
-342.8699237296006 
-342.8699237296147 
-342.86992372963226 
-342.8699237296527 
-342.8699237296872 
-342.8699237297262 
-342.86992372976704 
-342.8699237298223 
-342.8699237299031 
-342.8699237299897 
-342.86992373006984 
-342.869923730169 
-342.8699237303082 
-342.86992373044944 
-342.8699237305845 
-342.8699237307225 
-342.8699237309164 
-342.86992373111354 
-342.8699237312988 
-342.8699237314592 
-342.86992373169136 
-342.8699237319453 
-342.8699237321374 
-342.8699237323128 
-342.8699237325832 
-342.8699237328598 
-342.86992373306464 
-342.86992373324097 
-342.8699237335266 
-342.8699237338007 
-342.8699237340234 
-342.8699237341581 
-342.8699237344285 
-342.8699237347102 
-342.8699237348968 
-342.8699237349627 
-342.8699237352202 
-342.8699237354809 
-342.8699237355973 
-342.86992373561554 
-342.86992373584434 
-342.8699237360618 
-342.8699237361155 
-342.86992373608393 
-342.86992373626856 
-342.86992373643716 
-342.8699237364227 
-342.86992373632495 
-342.86992373646325 
-342.86992373656574 
-342.8699237364572 
-342.8699237362977 
-342.8699237363823 
-342.8699237363925 
-342.8699237362036 
-342.869923735993 
-342.86992373601043 
-342.86992373594666 
-342.869923735702 
-342.8699237354523 
-342.86992373541773 
-342.86992373528807 
-342.86992373499857 
-342.8699237347196 
-342.86992373463676 
-342.86992373443655 
-342.86992373412755 
-342.8699237338398 
-342.86992373369026 
-342.8699237334553 
-342.86992373315934 
-342.8699237328623 
-342.8699237326738 
-342.8699237324607 
-342.8699237321695 
-342.86992373188986 
-342.86992373170693 
-342.8699237315064 
-342.86992373124474 
-342.86992373100526 
-342.86992373083893 
-342.86992373065016 
-342.8699237304478 
-342.86992373025004 
-342.86992373010884 
-342.8699237299723 
-342.8699237298294 
-342.86992372968837 
-342.8699237295877 
-342.86992372950647 
-342.8699237294186 
-342.86992372933685 
-342.86992372928137 
-342.8699237292403 
-342.86992372920037 
-342.8699237291659 
-342.869923729145 
-342.8699237291283 
-342.8699237291153 
-342.8699237291059 
-342.86992372909987 
-342.8699237290989 
-342.8699237290989 
-342.8699237290985 
-342.86992372909816 
-342.86992372909975 
-342.86992372909884 
-342.8699237290985 
-342.869923729099 
-342.86992372909816 
-342.86992372909805 
-342.8699237290979 
-342.8699237290984 
-342.86992372909793 
-342.86992372909907 
-342.8699237291055 
-342.86992372911476 
-342.86992372912744 
-342.8699237291445 
-342.869923729165 
-342.8699237291998 
-342.8699237292398 
-342.86992372927983 
-342.869923729336 
-342.8699237294183 
-342.8699237295054 
-342.8699237295867 
-342.8699237296871 
-342.86992372982814 
-342.8699237299711 
-342.86992373010736 
-342.8699237302477 
-342.8699237304448 
-342.8699237306457 
-342.8699237308335 
-342.8699237309988 
-342.8699237312356 
-342.86992373149525 
-342.869923731693 
-342.8699237318727 
-342.86992373214997 
-342.8699237324367 
-342.86992373264627 
-342.8699237328289 
-342.86992373312097 
-342.8699237334107 
-342.86992373363927 
-342.8699237337796 
-342.8699237340614 
-342.86992373436226 
-342.8699237345517 
-342.8699237346225 
-342.8699237348918 
-342.8699237351708 
-342.8699237352883 
-342.86992373530654 
-342.86992373554546 
-342.8699237357785 
-342.8699237358285 
-342.8699237357905 
-342.8699237359897 
-342.8699237361655 
-342.8699237361417 
-342.8699237360349 
-342.8699237361841 
-342.86992373628374 
-342.86992373616386 
-342.8699237359995 
-342.869923736088 
-342.8699237360938 
-342.86992373590283 
-342.8699237356936 
-342.8699237357152 
-342.8699237356507 
-342.86992373540727 
-342.8699237351569 
-342.86992373512487 
-342.86992373499663 
-342.86992373470804 
-342.8699237344308 
-342.86992373434964 
-342.86992373414995 
-342.8699237338423 
-342.8699237335556 
-342.86992373340803 
-342.86992373317327 
-342.86992373287893 
-342.86992373258175 
-342.86992373239434 
-342.8699237321804 
-342.86992373188934 
-342.8699237316094 
-342.8699237314274 
-342.8699237312273 
-342.86992373096524 
-342.8699237307263 
-342.8699237305601 
-342.86992373037015 
-342.86992373016807 
-342.86992372996997 
-342.8699237298289 
-342.8699237296925 
-342.8699237295492 
-342.86992372940864 
-342.8699237293084 
-342.86992372922737 
-342.8699237291398 
-342.86992372905894 
-342.8699237290032 
-342.86992372896174 
-342.86992372892263 
-342.8699237288882 
-342.8699237288674 
-342.8699237288506 
-342.8699237288368 
-342.86992372882787 
-342.86992372882173 
-342.86992372882094 
-342.86992372882094 
-342.869923728821 
-342.8699237288218 
-342.86992372882145 
-342.86992372882196 
-342.86992372882025 
