2 -0.9667420870133417 
3 0.9653763622027026 
4 -0.9645098932003381 
5 0.9645345719313229 
6 -0.9646322776096586 
7 0.9646604517360823 
8 -0.9646538910859036 
9 0.9646472811282676 
10 -0.9646471231469029 
11 0.9646485381099806 
12 -0.9646488670652548 
13 0.9646485707025664 
14 -0.9646484199203972 
15 0.9646484744109802 
16 -0.9646485321648349 
17 0.9646485280996542 
18 -0.9646485088027427 
19 0.9646485056877023 
20 -0.9646485113875913 
21 0.9646485138432885 
22 -0.9646485123648971 
23 0.9646485111441936 
24 -0.964648511409887 
25 0.9646485119027486 
26 -0.964648511917283 
27 0.9646485117978579 
28 -0.9646485118959707 
29 0.9646485120112529 
30 -0.9646485116917674 
31 0.9646485126426866 
32 -0.9646485122500712 
33 0.9646485118328317 
34 -0.9646485117479602 
35 0.9646485117701783 
36 -0.96464851178569 
37 0.9646485117878029 
38 -0.964648511801835 
39 0.9646485118188751 
40 -0.9646485117671542 
41 0.9646485117760841 
42 -0.9646485116585165 
43 0.9646485121105053 
44 -0.9646485122353154 
45 0.9646485119649242 
46 -0.9646485117817115 
47 0.9646485117706503 
48 -0.96464851178991 
49 0.9646485117945685 
50 -0.9646485117940109 
51 0.9646485117940713 
52 -0.9646485117941263 
53 0.9646485117932001 
54 -0.9646485117926348 
55 0.9646485117961209 
56 -0.964648511801297 
57 0.9646485117911897 
58 -0.9646485117941161 
59 0.9646485117615052 
60 -0.9646485117893548 
61 0.9646485118480194 
62 -0.964648511807366 
63 0.9646485117938214 
64 -0.9646485117923602 
65 0.9646485117934206 
66 -0.9646485117938128 
67 0.9646485117938398 
68 -0.9646485117934683 
69 0.9646485117936285 
70 -0.9646485117940382 
71 0.9646485117938343 
72 -0.9646485117938244 
73 0.9646485117936366 
74 -0.9646485117937955 
75 0.9646485117944158 
76 -0.9646485117941659 
77 0.9646485117950262 
78 -0.9646485118143192 
79 0.9646485118045804 
80 -0.9646485118010097 
81 0.9646485117953026 
82 -0.9646485117957228 
83 0.9646485117950622 
84 -0.9646485117958264 
85 0.9646485117941392 
86 -0.9646485117889134 
87 0.9646485117889038 
88 -0.9646485118032745 
89 0.9646485118127458 
90 -0.9646485117807841 
91 0.9646485117342494 
92 -0.9646485117891063 
93 0.9646485119517797 
94 -0.9646485119115171 
95 0.9646485114371484 
96 -0.9646485112268425 
97 0.9646485124100486 
98 -0.9646485138118093 
99 0.9646485113858227 
100 -0.9646485056383997 
101 0.9646485087647818 
102 -0.9646485281110085 
103 0.964648532123167 
104 -0.9646484744591002 
105 0.964648419999226 
106 -0.9646485706243141 
107 0.9646488666020911 
108 -0.9646485376990075 
109 0.9646471232893843 
110 -0.9646472812243704 
111 0.964653891107537 
112 -0.9646604518877552 
113 0.9646322775953055 
114 -0.9645345719185604 
115 0.9645098931998307 
116 -0.9653763622043895 
117 0.9667420870136048 
