0.0 
73.68748199044991 
70.60586654921657 
69.2709125913599 
66.43997582317941 
65.20246604603675 
62.25228047115851 
61.01877972231839 
58.064000193176646 
56.82875301980492 
53.875839864577884 
52.640411910777615 
49.6877003122214 
48.4522617055026 
45.49956256113585 
44.264125614268565 
41.31142457725404 
40.07598811272033 
37.12328654388707 
35.887850085706205 
32.935148509127174 
31.699712045522695 
28.747010474955758 
27.511574010630518 
24.55887244087087 
23.323435976546513 
20.370734406786465 
19.13529794247459 
16.182596372700683 
14.947159908390097 
11.99445833861475 
10.759021874304105 
7.806320304528819 
6.570883840218141 
3.6181822704428876 
2.382745806132209 
-0.5699557636430475 
-1.8053922279537218 
-4.758093797728976 
-5.993530262039655 
-8.946231831814918 
-10.181668296125592 
-13.134369865900858 
-14.369806330211533 
-17.322507899986814 
-18.5579443642975 
-21.51064593407278 
-22.746082398383454 
-25.698783968158736 
-26.93422043246944 
-29.886922002244727 
-31.122358466555426 
-34.07506003633071 
-35.31049650064139 
-38.26319807041666 
-39.49863453472735 
-42.45133610450258 
-43.68677256881326 
-46.63947413858853 
-47.87491060289917 
-50.82761217267445 
-52.06304863698526 
-55.015750206760494 
-56.25118667107122 
-59.20388824084641 
-60.43932470515714 
-63.392026274932356 
-64.62746273924303 
-67.58016430901823 
-68.81560077332891 
-71.76830234310417 
-73.00373880741482 
-75.9564403771901 
-77.19187684150084 
-80.1445784112761 
-81.38001487558678 
-84.33271644536201 
-85.56815290967272 
-88.52085447944798 
-89.75629094375863 
-92.70899251353391 
-93.94442897784455 
-96.89713054761977 
-98.13256701193046 
-101.0852685817057 
-102.32070504601636 
-105.27340661579159 
-106.50884308010237 
-109.46154464987762 
-110.69698111418822 
-113.64968268396346 
-114.8851191482741 
-117.83782071804934 
-119.07325718236 
-122.02595875213522 
-123.2613952164459 
-126.21409678622105 
-127.44953325053176 
-130.40223482030655 
-131.63767128461748 
-134.59037285440994 
-135.82580931895248 
-138.77851089112565 
-140.01394737483494 
-142.96664910996114 
-144.20208668551854 
-147.15479669815883 
-148.39028194385435 
-151.343310085612 
-152.58025672320102 
-155.54060917459387 
-156.7879808515119 
-159.61004166225857 
-160.00676159384037 
-161.12838477887536 
-164.80346425416568 
-168.0420246749077 
-168.21336103361423 
-168.24583196628217 
-168.33533317603641 
-168.42338272944875 
-168.4330355674714 
-168.48713044042623 
-168.49876080839485 
-168.53340747019473 
-168.5464647810011 
-168.56945173990462 
-168.58349823745374 
-168.59901189061733 
-168.61375697252046 
-168.62427227495172 
-168.6395169010339 
-168.64659955772734 
-168.66220372844597 
-168.666899651143 
-168.68276202506817 
-168.6858002189223 
-168.70184565856633 
-168.70374989893733 
-168.71992192905788 
-168.72107460424763 
-168.73733074868014 
-168.7380106959026 
-168.7543195047609 
-168.75472566846227 
-168.7710646727028 
-168.7713318397705 
-168.78768599000725 
-168.78789634791602 
-168.80425673382976 
-168.80445131839485 
-168.82081379392278 
-168.82100637339536 
-168.8373693533666 
-168.83756188699923 
-168.85392491537678 
-168.85411745127564 
-168.8704804825382 
-168.8706730187952 
-168.88703605028255 
-168.88722858655044 
-168.9035916180515 
-168.9037841543208 
-168.92014718582547 
-168.9203397220952 
-168.93670275359773 
-168.93689528986718 
-168.95325832136965 
-168.95345085763913 
-168.96981388914176 
-168.97000642541113 
-168.98636945691376 
-168.98656199318307 
-169.0029250246856 
-169.00311756095502 
-169.01948059245754 
-169.0196731287271 
-169.0360361602297 
-169.0362286964992 
-169.05259172800177 
-169.05278426427125 
-169.0691472957738 
-169.06933983204326 
-169.08570286354578 
-169.0858953998151 
-169.10225843131755 
-169.10245096758715 
-169.11881399908955 
-169.11900653535898 
-169.13536956686133 
-169.13556210313087 
-169.15192513463344 
-169.15211767090298 
-169.16848070240547 
-169.16867323867493 
-169.18503627017745 
-169.185228806447 
-169.2015918379498 
-169.20178437421944 
-169.21814740572196 
-169.21833994199162 
-169.23470297349422 
-169.23489550976362 
-169.25125854126628 
-169.2514510775358 
-169.26781410903862 
-169.268006645308 
-169.2843696768123 
-169.28456221308178 
-169.300925244586 
-169.30111778085566 
-169.31748081227974 
-169.31767334855098 
-169.33403637940066 
-169.33422891567548 
-169.35059194755294 
-169.35078448377345 
-169.36714756156667 
-169.3673400967987 
-169.3837034129355 
-169.3838959462211 
-169.4002576463803 
-169.40045025255532 
-169.41679223467 
-169.41698492347334 
-169.43321252970608 
-169.43340379557324 
-169.4500619506671 
-169.45023886306635 
-169.4885792231772 
-169.4885793182835 
-169.48857931828354 
-171.18360187165857 
-171.4358785138506 
-171.51280371228825 
-171.5482483137326 
-171.5788219627975 
-171.59950154632574 
-171.61927516176254 
-171.63333507163568 
-171.64674637871744 
-171.65637115522688 
-171.6657072882695 
-171.6725240171468 
-171.6792236576079 
-171.68416749645215 
-171.6890706282504 
-171.69271387906414 
-171.69634935189097 
-171.6990630184277 
-171.70178195626303 
-171.70381744057786 
-171.70586225678372 
-171.70739579047776 
-171.7089388043017 
-171.71009708434156 
-171.71126347894588 
-171.71213929244826 
-171.71302143039182 
-171.71368363790506 
-171.71435043390304 
-171.71485062612462 
-171.7153539104616 
-171.71573100185103 
-171.716109978614 
-171.71639346521184 
-171.7166779095908 
-171.71689022733185 
-171.71710282117735 
-171.7172610797613 
-171.7174191387035 
-171.717536409973 
-171.71765317270197 
-171.71773945537907 
-171.71782505205147 
-171.71788799805924 
-171.7179501810279 
-171.71799564453428 
-171.71804034187025 
-171.71807279592187 
-171.71810453244095 
-171.71812738657334 
-171.71814960550023 
-171.71816544895213 
-171.71818075894973 
-171.71819154791754 
-171.71820191360345 
-171.7182091158576 
-171.7182160051307 
-171.7182207119587 
-171.718225210179 
-171.71822822332743 
-171.718231122297 
-171.718233022078 
-171.7182348901878 
-171.71823608949344 
-171.71823732748194 
-171.718238114508 
-171.71823899878345 
-171.71823956909103 
-171.71824028249395 
-171.71824076022003 
-171.71824141123537 
-171.7182418624739 
-171.71824250028178 
-171.71824294817233 
-171.71824358491025 
-171.71824403265097 
-171.71824466932898 
-171.7182451170368 
-171.71824575395988 
-171.71824620245718 
-171.7182468511976 
-171.71824733615304 
-171.71824823128273 
-171.71824953838015 
-171.71825154301646 
-171.71825760227742 
-171.71826253087949 
-171.7182840041874 
-171.7182970697987 
-171.7183576536672 
-171.7183939863779 
-171.71854252052012 
-171.7186425011993 
-171.71897914067196 
-171.71924021236177 
-171.71996105275318 
-171.72058256922435 
-171.7220030032726 
-171.72326162638993 
-171.72563632475905 
-171.72759799810333 
-171.7306894938333 
-171.73294423471575 
-171.73608793388954 
-171.7381128582251 
-171.74076747669233 
-171.74228977056575 
-171.74421458724217 
-171.74519821207988 
-171.74637614916637 
-171.7469113394839 
-171.74748381818145 
-171.74769733301068 
-171.74799211729416 
-171.7479926810825 
-171.74799268103584 
-171.7479926810358 
-171.74799268103587 
-171.74799268108248 
-171.74799268103826 
-171.74799273586675 
-171.74799280545827 
-171.74799295748463 
-171.74799329156596 
-171.74799407418104 
-171.74799555794223 
-171.74799828914306 
-171.74800236794252 
-171.74800724538508 
-171.74801382375057 
-171.7480177659469 
-171.74802215119806 
-171.74802299293864 
-171.7480241039991 
-171.74803012340195 
-171.74804615698272 
-171.74807969526753 
-171.7481313967097 
-171.74821453310548 
-171.74830760768774 
-171.74844400765406 
-171.74857397944456 
-171.74875763213973 
-171.74891300508332 
-171.74913375076218 
-171.74930267034134 
-171.74951419812166 
-171.74968060642945 
-171.74984873083454 
-171.75001719943614 
-171.75015146225147 
-171.75033390222998 
-171.75080609650914 
-171.75128937547558 
-171.7516715516783 
-171.75203312439257 
-171.7523314140888 
-171.75261426613847 
-171.7528472475642 
-171.75306371724238 
-171.7532378857914 
-171.7534127386136 
-171.75356606738958 
-172.07314209061573 
-172.25905633463518 
-172.3803904957537 
-172.44568711650177 
-172.4949745272493 
-172.52357540765925 
-172.54767802943903 
-172.56226449358198 
-172.5756623373375 
-172.5839749286782 
-172.59215669406748 
-172.5973177084899 
-172.6026845490541 
-172.60611692877504 
-172.6098392792849 
-172.61225311081944 
-172.6149515703364 
-172.6167267132943 
-172.6187521387766 
-172.62010336606195 
-172.62166423237235 
-172.62271910192507 
-172.62394490985182 
-172.62478324766764 
-172.62575834909572 
-172.6264329321825 
-172.6272152403624 
-172.6277629286465 
-172.62839426037297 
-172.62884198064145 
-172.6293538054833 
-172.62972184311204 
-172.63013846746853 
-172.63044239094413 
-172.6307828579339 
-172.6310347521575 
-172.63131406580504 
-172.6315234049397 
-172.63175342076207 
-172.63192770784255 
-172.63211779530783 
-172.63226303306212 
-172.63242058379208 
-172.63254161209304 
-172.63267242991495 
-172.6327731616163 
-172.6328817641082 
-172.6329653564113 
-172.6330552513215 
-172.63312423541848 
-172.63319803375632 
-172.63325442068722 
-172.6333141925168 
-172.63335957840954 
-172.63340693853465 
-172.63344257730475 
-172.6334788873311 
-172.63350583898014 
-172.63353235767747 
-172.63355158355202 
-172.63356956156045 
-172.6335820954342 
-172.63359289563365 
-172.63359973569194 
-172.6336050403925 
-172.63360804950574 
-172.63360805057656 
-172.63360805118316 
-172.6336080511713 
-172.63360805117125 
-172.63360805117125 
-172.63360805118316 
-172.6336080511717 
-172.63360805119234 
-172.63360805121292 
-172.633608051258 
-172.63360805129662 
-172.63360805134622 
-172.63360805139362 
-172.6336080514474 
-172.63360805150037 
-172.63360805156378 
-172.6336080516223 
-172.63360805169603 
-172.63360805175986 
-172.63360805184416 
-172.63360805191357 
-172.63360805200804 
-172.63360805208376 
-172.63360805218767 
-172.63360805227117 
-172.6336080523818 
-172.63360805253748 
-172.63360805272944 
-172.63360805290276 
-172.63360805311171 
-172.63360805343012 
-172.63360805365008 
-172.63360805398312 
-172.63360805423278 
-172.6336080545794 
-172.63360805501085 
-172.63360805537636 
-172.63360805588283 
-172.63360805627244 
-172.6336080568536 
-172.63360805757512 
-172.63360805828373 
-172.6336080590651 
-172.63360806025898 
-172.6336080611516 
-172.63360806252447 
-172.63360806356494 
-172.63360806514555 
-172.6336080663825 
-172.6336080678611 
-172.63360806882488 
-172.63360807057146 
-172.63360807171364 
-172.63360807375724 
-172.6336080751108 
-172.63360807749385 
-172.63360807911468 
-172.63360808205098 
-172.63360808339198 
-172.63360808607965 
-172.63360808796645 
-172.63360809140917 
-172.63360809431842 
-172.6336080972773 
-172.63360810179373 
-172.6336081059715 
-172.63360811061582 
-172.63360811695352 
-172.63360812481366 
-172.63360813239743 
-172.6336081423096 
-172.63360815283144 
-172.63360815882282 
-172.63361135610702 
-172.63361493150344 
-172.63361844914093 
-172.6336208014997 
-172.63362311936 
-172.6336250541369 
-172.6336270215397 
-172.63362868653954 
-172.63363036067236 
-172.6336318011714 
-172.633633309801 
-172.6336341263324 
-172.6336345091698 
-172.63363467835663 
-172.63363475429142 
-172.63363481602423 
-172.6336348608431 
-172.6336349002 
-172.63363492802463 
-172.63363495104062 
-172.63363496825397 
-172.63363498262893 
-172.6336349920738 
-172.63363500170064 
-172.63363501011926 
-172.63363501647072 
-172.63363502195253 
-172.63363502528273 
-172.63363502852147 
-172.63363503053947 
-172.63363503224636 
-172.63363503356842 
-172.6336350344873 
-172.6336350355784 
-172.63363503620891 
-172.63363503682658 
-172.633635037238 
-172.63363503766968 
-172.6336350379594 
-172.63363503817672 
-172.63363503834498 
-172.6336350384838 
-172.63363503848606 
-172.63363503846253 
-172.63363503850528 
-172.63363503848328 
-172.63363503845798 
-172.63363503848322 
-172.63363503847907 
-172.63363503845855 
-172.63363503848413 
-172.63363503848004 
-172.63363503849158 
-172.633635038477 
-172.63363503847975 
-172.6336350384785 
-172.63363503849087 
-172.63363503850425 
-172.6336350385172 
-172.63363503853006 
-172.6336350385432 
-172.63363503855632 
-172.63363503856928 
-172.6336350385823 
-172.6336350385956 
-172.6336350386088 
-172.63363503862186 
-172.633635038635 
-172.63363503864826 
-172.63363503866182 
-172.63363503867524 
-172.63363503868865 
-172.6336350387024 
-172.63363503871605 
-172.63363503872986 
-172.63363503874345 
-172.63363503875772 
-172.63363503877193 
-172.63363503878625 
-172.63363503880086 
-172.63363503881627 
-172.63363503884952 
-172.63363503888368 
-172.63363503891995 
-172.63363503895542 
-172.63363503899282 
-172.63363503902954 
-172.63363503906854 
-172.6336350391065 
-172.63363503914732 
-172.633635039187 
-172.63363503922923 
-172.63363503927098 
-172.63363503931308 
-172.6336350393269 
-172.63363503932678 
-172.6336350393266 
-172.6336350393267 
-172.63363503932678 
-172.63363503932666 
-172.6336350393265 
-172.63363503933968 
-172.63363503935292 
-172.633635039366 
-172.63363503937896 
-172.63363503939232 
-172.6336350394054 
-172.6336350394187 
-172.63363503943188 
-172.63363503944524 
-172.6336350394587 
-172.63363503947195 
-172.63363503948543 
-172.63363503949913 
-172.63363503951237 
-172.633635039526 
-172.63363503953926 
-172.63363503955284 
-172.63363503956614 
-172.6336350395801 
-172.63363503959337 
-172.63363503960713 
-172.63363503962057 
-172.63363503963416 
-172.63363503964777 
-172.63363503966102 
-172.63363503967472 
-172.63363503968796 
-172.6336350397012 
-172.63363503971445 
-172.63363503972747 
-172.6336350397407 
-172.63363503975333 
-172.6336350397664 
-172.63363503977953 
-172.63363503979278 
-172.63363503980653 
-172.63363503980642 
-172.6336350398066 
-172.63363503980648 
-172.63363503980648 
-172.63363503980636 
-172.63363503980636 
-172.6336350398062 
-172.63363503980625 
-172.63363503980625 
-172.6336350398064 
-172.63363503980642 
-172.6336350398063 
-172.63363503980636 
-172.63363503980625 
-172.63363503980636 
-172.63363503980628 
-172.63363503980665 
-172.63363503980656 
-172.63363503980466 
-172.63363503980779 
-172.63363503980585 
-172.63363503980625 
-172.633635039785 
-172.6336350397966 
-172.63363503978482 
-172.6336350397847 
-172.63363503978474 
-172.63363503979647 
-172.63363503978502 
-172.6336350398063 
-172.6336350398059 
-172.63363503980773 
-172.63363503980455 
-172.6336350398066 
-172.63363503980653 
-172.6336350398062 
-172.63363503980642 
-172.63363503980636 
-172.63363503980625 
-172.63363503980642 
-172.63363503980648 
-172.63363503980642 
-172.63363503980625 
-172.63363503980614 
-172.63363503980608 
-172.6336350398062 
-172.6336350398061 
-172.63363503980608 
-172.6336350398062 
-172.6336350398062 
-172.6336350398062 
-172.63363503980608 
-172.6336350398062 
-172.63363503980602 
-172.63363503980625 
-172.6336350398063 
-172.63363503980653 
-172.63363503980636 
-172.63363503980653 
-172.63363503980665 
-172.63363503980656 
-172.63363503980653 
-172.6336350398063 
-172.63363503980645 
-172.63363503980625 
-172.6336350398062 
-172.63363503980614 
-172.6336350398063 
-172.6336350398062 
-172.63363503980625 
-172.63363503980608 
-172.6336350398062 
-172.6336350398062 
-172.6336350398062 
-172.6336350398063 
-172.63363503980622 
-172.6336350398062 
-172.6336350398063 
-172.63363503980608 
-172.63363503980597 
-172.63363503980608 
-172.6336350398062 
-172.6336350398063 
-172.63363503980642 
-172.63363503980665 
-172.63363503980665 
-172.63363503980642 
-172.63363503980614 
-172.63363503980625 
-172.6336350398063 
-172.6336350398062 
-172.6336350398063 
-172.63363503980625 
-172.63363503980648 
-172.63363503980648 
-172.6336350398066 
-172.63363503980653 
-172.63363503980636 
-172.6336350398063 
-172.6336350398063 
-172.6336350398063 
-172.63363503980625 
-172.63363503980636 
-172.63363503980625 
-172.63363503980636 
-172.6336350398059 
-172.63363503980614 
-172.63363503980602 
-172.63363503980594 
-172.6336350398059 
-172.63363503980602 
-172.63363503980585 
-172.63363503980574 
-172.6336350398059 
-172.6336350398061 
-172.6336350398063 
-172.6336350398063 
-172.6336350398062 
-172.63363503980614 
-172.63363503980608 
-172.6336350398063 
-172.63363503980648 
-172.6336350398066 
-172.63363503980642 
-172.63363503980625 
-172.6336350398063 
-172.63363503980642 
-172.63363503980614 
-172.63363503980602 
-172.63363503980602 
-172.6336350398063 
-172.63363503980568 
-172.6336350398063 
-172.6336350398071 
-172.6336350398046 
-172.63363503981913 
-172.63363503980756 
-172.63363503981154 
-172.6336350397858 
-172.63363503980653 
-172.63363503981063 
-172.63363503978545 
-172.63363503981063 
-172.6336350398066 
-172.6336350397858 
-172.6336350398116 
-172.6336350398075 
-172.63363503981898 
-172.63363503980466 
-172.63363503980727 
-172.6336350398066 
-172.63363503980625 
-172.63363503980665 
-172.63363503980636 
-172.63363503980625 
-172.63363503980625 
-172.6336350398066 
-172.63363503980653 
-172.6336350398066 
-172.63363503980648 
-172.6336350398066 
-172.63363503980636 
-172.63363503980642 
-172.6336350398063 
-172.63363503980642 
-172.63363503980642 
-172.63363503980648 
-172.63363503980648 
-172.6336350398064 
-172.63363503980625 
-172.63363503980614 
-172.63363503980608 
-172.63363503980614 
-172.63363503980602 
-172.63363503980602 
-172.63363503980602 
-172.63363503980602 
-172.6336350398059 
-172.63363503980608 
-172.63363503980597 
-172.63363503980597 
-172.6336350398059 
-172.63363503980585 
-172.63363503980585 
-172.63363503980574 
-172.63363503980574 
-172.63363503980574 
-172.6336350398058 
-172.63363503980557 
-172.6336350398055 
-172.63363503980534 
-172.63363503980534 
-172.63363503980517 
-172.63363503980534 
-172.63363503980545 
-172.63363503980534 
-172.63363503980523 
-172.63363503980523 
-172.63363503980534 
-172.63363503980517 
-172.63363503980506 
-172.633635039805 
-172.6336350398049 
-172.63363503980483 
-172.63363503980494 
-172.63363503980514 
-172.63363503980523 
-172.63363503980517 
-172.63363503980523 
-172.63363503980506 
-172.6336350398051 
-172.6336350398051 
-172.63363503980506 
-172.633635039805 
-172.6336350398051 
-172.633635039805 
-172.63363503980494 
-172.6336350398049 
-172.63363503980494 
-172.6336350398051 
-172.633635039805 
-172.6336350398049 
-172.6336350398049 
-172.63363503980483 
-172.63363503980472 
-172.6336350398046 
-172.6336350398045 
-172.63363503980443 
-172.6336350398045 
-172.63363503980432 
-172.63363503980437 
-172.63363503980432 
-172.63363503980455 
-172.63363503980455 
-172.63363503980437 
-172.63363503980437 
-172.63363503980455 
-172.6336350398046 
-172.6336350398045 
-172.6336350398046 
-172.63363503980455 
-172.63363503980455 
-172.6336350398045 
-172.63363503980455 
-172.63363503980443 
-172.63363503980443 
-172.63363503980426 
-172.63363503980392 
-172.63363503980432 
-172.63363503980443 
-172.6336350398025 
-172.63363503980585 
-172.63363503980398 
-172.63363503980426 
-172.6336350397832 
-172.63363503979465 
-172.63363503978283 
-172.63363503978286 
