2 0.7903949181050438 
3 0.755797899280076 
4 0.7315666825833849 
5 0.7131870356721518 
6 0.6985620950218244 
7 0.6865541478065995 
8 0.6764797916081217 
9 0.667897919900711 
10 0.6605082039993082 
11 0.6540976088278465 
12 0.6485100826712499 
13 0.6436283588423919 
14 0.6393625221322804 
15 0.6356425155511296 
16 0.6324131124596378 
17 0.6296304238121753 
18 0.6272594253471915 
19 0.6252721827872317 
20 0.6236465606360726 
21 0.6223652771256544 
22 0.6214152145174937 
23 0.6207869238451337 
24 0.6204742833236709 
25 0.6204742838225756 
26 0.6207869253679114 
27 0.6214152171314293 
28 0.6223652809017823 
29 0.6236465655801295 
30 0.6252721887331173 
31 0.6272594318185496 
32 0.6296304299257529 
33 0.6324131170943595 
34 0.6356425182374814 
35 0.6393625246434087 
36 0.6436283627589222 
37 0.648510084822204 
38 0.6540976109694836 
39 0.6605082058111875 
40 0.6678979214059866 
41 0.6764797928298292 
42 0.6865541487700172 
43 0.6985620957540594 
44 0.7131870362018773 
45 0.7315666829403378 
46 0.7557978994959665 
47 0.7903949182130573 
