-192.13590517172247 
-192.13600426634528 
-192.1369925064048 
-192.14067162026498 
-192.14379415907817 
-192.14490648616876 
-192.14506654831453 
-192.14509133364044 
-192.14512690510114 
-192.14568033622 
-192.14682970283695 
-192.14917525554466 
-192.15043788060632 
-192.15100139053607 
-192.15104255133122 
-192.1510690592058 
-192.1526834794494 
-192.15326050784168 
-192.15775289935297 
-192.1600654580774 
-192.16064889534724 
-192.16074233591846 
-192.16076874359922 
-192.16088373275412 
-192.16261886181215 
-192.16284608029582 
-192.16485215180475 
-192.16605066724705 
-192.16619833789477 
-192.16622406045838 
-192.16630552460722 
-192.16774865848745 
-192.1682847871268 
-192.17309401929907 
-192.17475360046092 
-192.1751615152286 
-192.1752240950967 
-192.17525637583378 
-192.17543333968314 
-192.1775621511114 
-192.1779241894453 
-192.17953031684704 
-192.1804043997937 
-192.1805055648977 
-192.1805271936646 
-192.1806272203234 
-192.1816759462443 
-192.18225668572478 
-192.1849122868728 
-192.1855145083815 
-192.18565479744757 
-192.18567826817093 
-192.18568601524234 
-192.18569610949646 
-192.1857067106881 
-192.18573794961375 
-192.18573803788638 
-192.18573803788655 
-192.18573803788604 
-192.1857380378867 
-192.18573803788988 
-192.18573803788644 
-192.18573803949525 
-192.1857380427369 
-192.18573805329157 
-192.1857380865984 
-192.18573818806954 
-192.18573844697815 
-192.185739051778 
-192.18574472814146 
-192.18575469631617 
-192.18576540546775 
-192.18577784069436 
-192.18578406925835 
-192.18578800555164 
-192.1857931652932 
-192.18580430782075 
-192.1858256224157 
-192.1858559784419 
-192.18588081109615 
-192.18589855170163 
-192.18590766720737 
-192.18591536244165 
-192.18592467124557 
-192.18600190675593 
-192.1860921680881 
-192.1861335279609 
-192.18616732090686 
-192.18618651803718 
-192.18619892847713 
-192.18621529386337 
-192.18625938507856 
-192.18633427192555 
-192.1863937974104 
-192.18643030177188 
-192.1864561994515 
-192.18647022279816 
-192.186480622127 
-192.18649456206003 
-192.18667049958674 
-192.1867995696247 
-192.18689048339732 
-192.18692239106608 
-192.18694234864813 
-192.18695963688327 
-192.18698107789166 
-192.18704283751447 
-192.18714126825017 
-192.18718553373859 
-192.18721084353055 
-192.18722533205784 
-192.18723318564471 
-192.18723939139318 
-192.18724557015685 
-192.1872567714292 
-192.18725677142922 
-192.18729855994164 
-192.18775109380167 
-192.19038404348714 
-192.1929530124005 
-192.1950995281744 
-192.19587030121255 
-192.19598463626576 
-192.19601683237303 
-192.19611054306768 
-192.19712328197875 
-192.1991890991008 
-192.20087540754332 
-192.2017572553244 
-192.202135660069 
-192.20216620593007 
-192.20221404994896 
-192.204919542946 
-192.2056631906392 
-192.20904601239604 
-192.21072901814028 
-192.21113440238975 
-192.2111987037008 
-192.21123467731104 
-192.2114136306117 
-192.21384227842992 
-192.21409947626077 
-192.2156400210215 
-192.2165189312705 
-192.21662196365654 
-192.21664666689128 
-192.21676478633168 
-192.2186809178162 
-192.21930193210045 
-192.223199023707 
-192.22449198618799 
-192.2247947130688 
-192.2248418443797 
-192.22488332983463 
-192.22511063043973 
-192.2277122086422 
-192.22802800511502 
-192.22934741620278 
-192.23003698314236 
-192.23011374210026 
-192.2301361214616 
-192.23026038644028 
-192.23149843359533 
-192.23213781399005 
-192.23443894407978 
-192.23494858824768 
-192.23506384853457 
-192.23508311437763 
-192.23509137357104 
-192.2351021206774 
-192.23511314535295 
-192.23514360236658 
-192.2351436866455 
-192.23514368664564 
-192.2351436866456 
-192.23514368664698 
-192.23514368664593 
-192.23514368664638 
-192.23514368818078 
-192.23514369128202 
-192.2351437014043 
-192.23514373355042 
-192.23514383135333 
-192.23514408478843 
-192.23514465580809 
-192.2351492882228 
-192.23515792074613 
-192.2351698295408 
-192.235184578665 
-192.23519197344896 
-192.23519651359294 
-192.23520204267354 
-192.2352114361072 
-192.23522779099022 
-192.2352617784826 
-192.23529192145278 
-192.23531442778972 
-192.23532584574104 
-192.23533573591916 
-192.23534630659225 
-192.23540308306423 
-192.23547740948612 
-192.2355227613098 
-192.23556741315505 
-192.23559207244244 
-192.23560755922384 
-192.23562662048198 
-192.23566313337878 
-192.23572183263582 
-192.23579232914082 
-192.2358442128214 
-192.235882771361 
-192.23590333306447 
-192.23591995691157 
-192.23593845687938 
-192.23608629522465 
-192.23621232526963 
-192.23632045439405 
-192.23638257660878 
-192.23642461060416 
-192.23646352506358 
-192.23650238681086 
-192.23657959001318 
-192.23673021934738 
-192.23683164005317 
-192.23690766752893 
-192.2369561772447 
-192.23698532541533 
-192.23702196911216 
-192.23710550857552 
-192.23735268234773 
-192.23754642882034 
-192.23769642479635 
-192.23789332027553 
-192.23792917349687 
-192.2379536576522 
-192.237973989591 
-192.2379874680446 
-192.2379953235417 
-192.2380034694234 
-192.23801310251133 
-192.23802351191156 
-192.23803334984706 
-192.2380435880059 
-192.23805202035288 
-192.23805670730246 
-192.23806117075756 
-192.23806764087723 
-192.2380768792723 
-192.23808250389385 
-192.2380884162862 
-192.23809562240012 
-192.23809965539894 
-192.23810263888552 
-192.23810537756077 
-192.23810805917373 
-192.23811109789534 
-192.23811419188667 
-192.23811785995494 
-192.23812079734216 
-192.23812266079517 
-192.23812413074518 
-192.2381256002038 
-192.23812711676499 
-192.2381283713548 
-192.23813048833824 
-192.2381323808537 
-192.2381333198263 
-192.23813390846533 
-192.23813435145564 
-192.23813478656118 
-192.238135281709 
-192.23813581119603 
-192.23813631855413 
-192.23813661159687 
-192.23813676308552 
-192.23813683527806 
-192.23813687416623 
-192.23813689377803 
-192.23813690867456 
-192.2381369249668 
-192.2381369303815 
-192.238136931233 
-192.23813693139485 
-192.23813693143444 
-192.23813693143856 
-192.23813693143902 
-192.23813693143813 
-192.2381369314387 
-192.23813693143973 
-192.23813693143705 
-192.23813693143947 
-192.23813693143893 
-192.238136931438 
-192.2381369314379 
-192.23813693143802 
-192.23813693143757 
-192.23813693143828 
-192.23813693143876 
-192.23813693143902 
-192.23813693144015 
-192.2381369314453 
-192.23813693145652 
-192.23813693147957 
-192.23813693152636 
-192.23813693161682 
-192.23813693178926 
-192.2381369321787 
-192.2381369330616 
-192.2381369344012 
-192.2381369364212 
-192.23813693839327 
-192.23813694143823 
-192.23813694527908 
-192.23813694938286 
-192.23813695602203 
-192.23813696536376 
-192.2381369735013 
-192.23813698154953 
-192.23813699030714 
-192.23813700136205 
-192.23813701534223 
-192.2381370352346 
-192.23813705998023 
-192.23813708344903 
-192.2381371061637 
-192.23813712378964 
-192.23813714417764 
-192.2381371680857 
-192.23813719920182 
-192.23813724821085 
-192.23813730551436 
-192.23813734141123 
-192.23813737623954 
-192.23813742078408 
-192.23813747223502 
-192.23813752020826 
-192.23813758330436 
-192.23813764834298 
-192.23813770694025 
-192.2381377529821 
-192.23813779031656 
-192.2381378238499 
-192.23813785529066 
-192.23813788098462 
-192.23813790450447 
-192.23813791914958 
-192.23813791914975 
-192.23813929701464 
-192.23814099113193 
-192.23814295890335 
-192.2381460529546 
-192.23815136686648 
-192.23815661800748 
-192.23816030596913 
-192.23816313445482 
-192.23816519854938 
-192.23816761526373 
-192.23817144563856 
-192.23817770253268 
-192.2381846894729 
-192.23818917912297 
-192.23819229728602 
-192.23819531389253 
-192.2381988427182 
-192.23820161209565 
-192.238209821796 
-192.2382184133488 
-192.23822305745847 
-192.23822628971004 
-192.2382285176582 
-192.23823024764997 
-192.2382320959429 
-192.2382353856 
-192.23823990331903 
-192.2382436265448 
-192.23824596774242 
-192.2382474828855 
-192.23824863756028 
-192.2382497044585 
-192.23825088246036 
-192.23825395184647 
-192.2382563787381 
-192.2382575578467 
-192.23825826135567 
-192.23825871956177 
-192.23825911003965 
-192.238259520183 
-192.2382601169974 
-192.23826074318845 
-192.2382610890618 
-192.23826125800576 
-192.23826133511645 
-192.2382613763062 
-192.2382613976584 
-192.2382614175889 
-192.23826143727928 
-192.23826144321987 
-192.23826144419363 
-192.23826144437623 
-192.23826144442032 
-192.2382614444244 
-192.23826144442458 
-192.2382614444244 
-192.23826144442413 
-192.23826144442413 
-192.238261444424 
-192.2382614444239 
-192.2382614444238 
-192.23826144442418 
-192.23826144442387 
-192.23826144442384 
-192.23826144442384 
-192.23826144442378 
-192.2382614444239 
-192.23826144442447 
-192.23826144442572 
-192.23826144443024 
-192.2382614444425 
-192.23826144446622 
-192.2382614445134 
-192.2382614446052 
-192.2382614447758 
-192.23826144516713 
-192.23826144615347 
-192.23826144759167 
-192.23826144959347 
-192.23826145147544 
-192.23826145417277 
-192.23826145774558 
-192.23826146203453 
-192.23826146905864 
-192.23826148011491 
-192.23826148963363 
-192.23826149797162 
-192.23826150604188 
-192.23826151655976 
-192.23826153024595 
-192.2382615516755 
-192.2382615831433 
-192.23826161420274 
-192.23826164004242 
-192.2382616586353 
-192.23826167717476 
-192.2382617001262 
-192.23826173441518 
-192.2382617982364 
-192.23826188975704 
-192.23826194325258 
-192.23826198512504 
-192.2382620274316 
-192.23826208005556 
-192.23826214445646 
-192.23826225136688 
-192.23826236967597 
-192.23826246779728 
-192.23826253824123 
-192.2382625835713 
-192.23826262701806 
-192.23826268821634 
-192.23826280412993 
-192.23826294924297 
-192.23826305676724 
-192.23826313839058 
-192.2382631995913 
-192.23826335753512 
-192.23826336812792 
-192.2382633729805 
-192.23826337601756 
-192.23826337886894 
-192.23826338270888 
-192.23826338661758 
-192.2382633892811 
-192.23826339071505 
-192.23826339156093 
-192.2382633921629 
-192.23826339296102 
-192.2382633939841 
-192.2382633953314 
-192.2382633966104 
-192.23826339730851 
-192.23826339772413 
-192.23826339804376 
-192.23826339841213 
-192.2382633988225 
-192.23826339931526 
-192.23826339979905 
-192.2382634000683 
-192.23826340025485 
-192.23826340037888 
-192.23826340048987 
-192.23826340060614 
-192.23826340072603 
-192.23826340085716 
-192.23826340093927 
-192.23826340099254 
-192.23826340102733 
-192.23826340105308 
-192.23826340107672 
-192.23826340109764 
-192.2382634011122 
-192.23826340111907 
-192.23826340112223 
-192.2382634011239 
-192.23826340112512 
-192.2382634011258 
-192.23826340112632 
-192.2382634011268 
-192.238263401127 
-192.2382634011274 
-192.2382634011276 
-192.23826340112788 
-192.23826340112814 
-192.2382634011284 
-192.23826340112828 
-192.23826340112723 
-192.2382634011278 
-192.23826340112782 
-192.23826340112788 
-192.2382634011274 
-192.2382634011291 
-192.23826340112893 
-192.23826340112694 
-192.2382634011275 
-192.23826340112961 
-192.2382634011274 
-192.23826340112805 
-192.23826340112774 
-192.23826340112817 
-192.23826340112754 
-192.2382634011277 
-192.2382634011278 
-192.23826340112754 
-192.238263401127 
-192.2382634011266 
-192.23826340112655 
-192.23826340112618 
-192.23826340112635 
-192.23826340112595 
-192.23826340112578 
-192.23826340112575 
-192.23826340112595 
-192.23826340112603 
-192.23826340112606 
-192.23826340112603 
-192.23826340112612 
-192.23826340112586 
-192.23826340112618 
-192.23826340112615 
-192.23826340112643 
-192.2382634011266 
-192.23826340112657 
-192.23826340112694 
-192.2382634011274 
-192.2382634011281 
-192.23826340112882 
-192.2382634011296 
-192.2382634011299 
-192.23826340113064 
-192.23826340113192 
-192.23826340113402 
-192.23826340113652 
-192.23826340113973 
-192.2382634011422 
-192.23826340114417 
-192.2382634011461 
-192.23826340114903 
-192.23826340115355 
-192.2382634011595 
-192.23826340116582 
-192.23826340117185 
-192.23826340117574 
-192.23826340117907 
-192.2382634011822 
-192.2382634011874 
-192.23826340119507 
-192.2382634012024 
-192.23826340120883 
-192.23826340121295 
-192.2382634012146 
-192.23826340165138 
-192.23826340210982 
-192.2382634025008 
-192.23826340285214 
-192.2382634033369 
-192.23826340405458 
-192.23826340491178 
-192.23826340587468 
-192.2382634065137 
-192.23826340698045 
-192.23826340737708 
-192.23826340780298 
-192.2382634083734 
-192.2382634090596 
-192.23826340989913 
-192.2382634106522 
-192.23826341109168 
-192.238263411387 
-192.2382634116697 
-192.23826341198475 
-192.23826341234854 
-192.23826341278917 
-192.23826341314026 
-192.23826341334404 
-192.23826341349306 
-192.23826341360297 
-192.23826341372066 
-192.23826341384364 
-192.23826341396295 
-192.23826341408127 
-192.23826341414988 
-192.23826341419644 
-192.23826341422867 
-192.23826341425385 
-192.23826341427676 
-192.23826341429813 
-192.23826341431294 
-192.23826341431925 
-192.2382634143226 
-192.23826341432442 
-192.23826341432542 
-192.2382634143262 
-192.23826341432644 
-192.23826341432658 
-192.23826341432658 
-192.2382634143269 
-192.23826341432735 
-192.2382634143272 
-192.23826341432743 
-192.23826341432738 
-192.2382634143268 
-192.23826341432687 
-192.23826341432695 
-192.2382634143277 
-192.23826341432795 
-192.23826341432812 
-192.23826341432755 
-192.23826341432803 
-192.23826341432786 
-192.23826341432803 
-192.2382634143282 
-192.23826341432783 
-192.23826341432783 
-192.23826341432755 
-192.23826341432695 
-192.23826341432743 
-192.2382634143271 
-192.23826341432778 
-192.23826341432775 
-192.2382634143274 
-192.2382634143278 
-192.2382634143274 
-192.2382634143271 
-192.23826341432726 
-192.23826341432775 
-192.23826341432755 
-192.23826341432766 
-192.23826341432778 
-192.23826341432772 
-192.23826341432763 
-192.23826341432786 
-192.23826341432772 
-192.23826341432783 
-192.23826341432783 
-192.23826341432812 
-192.2382634143282 
-192.23826341432832 
-192.23826341432854 
-192.23826341432888 
-192.2382634143297 
-192.23826341433102 
-192.23826341433178 
-192.23826341433227 
-192.23826341433286 
-192.23826341433366 
-192.23826341433445 
-192.23826341433627 
-192.23826341433897 
-192.23826341434176 
-192.23826341434426 
-192.23826341434565 
-192.23826341434753 
-192.23826341435026 
-192.23826341435492 
-192.23826341436018 
-192.2382634143661 
-192.2382634143721 
-192.23826341437672 
-192.23826341437976 
-192.2382634143828 
-192.23826341438757 
-192.23826341439363 
-192.23826341440045 
-192.23826341440773 
-192.23826341441458 
-192.23826341441935 
-192.23826341442293 
-192.23826341442776 
-192.23826341443024 
-192.23826341443174 
-192.23826341443268 
-192.23826341443316 
-192.23826341443325 
-192.23826341443342 
-192.23826341443385 
-192.238263414434 
-192.2382634144344 
-192.2382634144343 
-192.23826341443444 
-192.23826341443467 
-192.23826341443439 
-192.23826341443447 
-192.23826341443447 
-192.2382634144345 
-192.23826341443427 
-192.23826341443433 
-192.23826341443433 
-192.23826341443433 
-192.2382634144341 
-192.2382634144336 
-192.2382634144336 
-192.23826341443342 
-192.23826341443367 
-192.2382634144337 
-192.23826341443402 
-192.23826341443427 
-192.23826341443436 
-192.23826341443436 
-192.23826341443456 
-192.23826341443473 
-192.23826341443493 
-192.238263414435 
-192.23826341443464 
-192.23826341443458 
-192.23826341443447 
-192.23826341443456 
-192.2382634144344 
-192.23826341443421 
-192.23826341443433 
-192.23826341443453 
-192.23826341443444 
-192.23826341443427 
-192.2382634144343 
-192.23826341443436 
-192.2382634144343 
-192.2382634144342 
-192.23826341443421 
-192.23826341443407 
-192.23826341443467 
-192.23826341443404 
-192.23826341443413 
-192.23826341443427 
-192.23826341443439 
-192.23826341443632 
-192.23826341443387 
-192.23826341443535 
-192.23826341443478 
-192.23826341443444 
-192.2382634144342 
-192.23826341443404 
-192.23826341443356 
-192.2382634144338 
-192.23826341443393 
-192.23826341443421 
-192.23826341443424 
-192.23826341443433 
-192.23826341443444 
-192.23826341443478 
-192.23826341443475 
-192.23826341443464 
-192.23826341443495 
-192.2382634144352 
-192.2382634144353 
-192.23826341443527 
-192.23826341443507 
-192.23826341443504 
-192.23826341443504 
-192.23826341443527 
-192.23826341443535 
-192.2382634144353 
-192.23826341443544 
-192.2382634144355 
-192.23826341443518 
-192.23826341443518 
-192.23826341443518 
-192.2382634144348 
-192.2382634144349 
-192.23826341443478 
-192.23826341443547 
-192.2382634144357 
-192.2382634144361 
-192.23826341443637 
-192.2382634144366 
-192.2382634144369 
-192.23826341443674 
-192.23826341443694 
-192.23826341443709 
-192.23826341443728 
-192.23826341443745 
-192.23826341443768 
-192.23826341443777 
-192.23826341443765 
-192.2382634144379 
-192.23826341443788 
-192.23826341443748 
-192.2382634144378 
-192.23826341443785 
-192.23826341443802 
-192.23826341443817 
-192.2382634144382 
-192.2382634144382 
-192.2382634144381 
-192.23826341443822 
-192.23826341443845 
-192.23826341443834 
-192.23826341443825 
-192.2382634144381 
-192.23826341443797 
-192.23826341443805 
-192.23826341443802 
-192.2382634144382 
-192.23826341443862 
-192.2382634144386 
-192.23826341443865 
-192.2382634144382 
-192.23826341443825 
-192.238263414438 
-192.23826341443817 
-192.238263414438 
-192.23826341443802 
-192.23826341443814 
-192.23826341443814 
-192.2382634144378 
-192.23826341443802 
-192.23826341443763 
-192.2382634144377 
-192.23826341443765 
-192.2382634144377 
-192.2382634144377 
-192.23826341443706 
-192.23826341443703 
-192.238263414437 
-192.23826341443686 
-192.23826341443691 
-192.23826341443677 
-192.23826341443694 
-192.23826341443674 
-192.23826341443663 
-192.2382634144371 
-192.23826341443694 
-192.23826341443683 
-192.23826341443666 
-192.23826341443686 
-192.23826341443677 
-192.2382634144369 
-192.23826341443672 
-192.23826341443674 
-192.2382634144367 
-192.23826341443677 
-192.23826341443674 
-192.23826341443677 
-192.23826341443723 
-192.23826341443672 
-192.23826341443686 
-192.23826341443703 
-192.23826341443657 
-192.23826341443655 
-192.2382634144373 
-192.23826341443655 
-192.23826341443663 
-192.23826341443663 
