2 0.28588759904257766 
3 -0.3716926162979069 
4 0.3763192438392364 
5 -0.27814950278756695 
6 0.11757139162489519 
7 0.059078031258473135 
8 -0.20927009200896723 
9 0.2976660420215379 
10 -0.30116226067024454 
11 0.2215119901829494 
12 -0.08549981712579816 
13 -0.06785887730320447 
14 0.19805664848745824 
15 -0.27043727839588105 
16 0.26596195627231917 
17 -0.18822059582095427 
18 0.06105530516909999 
19 0.07972662441862653 
20 -0.19558112044235482 
21 0.2550388017779295 
22 -0.24264759851455106 
23 0.16329270008153438 
24 -0.040274848373675856 
25 -0.09169904473153738 
26 0.19622714471262737 
27 -0.24487269848138965 
28 0.22476371484677216 
29 -0.14240355471250896 
30 0.02169833075131372 
31 0.10344239963534436 
32 -0.19853635854854865 
33 0.23743746260213278 
34 -0.20968922336460794 
35 0.12382702306332205 
36 -0.004466446566550081 
37 -0.11509703292863259 
38 0.20173233968052054 
39 -0.2314017392247812 
40 0.19623063443041777 
41 -0.10665731718450613 
42 -0.011998249536811011 
43 0.12662199231210516 
44 -0.2052749298453056 
45 0.22616618549896084 
46 -0.18379748634610057 
47 0.09032298150865661 
48 0.027947975434451166 
49 -0.13792996492979614 
50 0.20902031242750982 
51 -0.2215003392939001 
52 0.17197736127709384 
53 -0.07448801815308977 
54 -0.04352396952725564 
55 0.14914885124509303 
56 -0.21300763880436183 
57 0.21717546526135018 
58 -0.16046982481993033 
59 0.05895317712617175 
60 0.058953177972242504 
61 -0.16046982605903426 
62 0.2171754662560696 
63 -0.213007638017942 
64 0.14914885012342585 
65 -0.04352396898076936 
66 -0.07448801911234927 
67 0.17197736207522035 
68 -0.22150033840421718 
69 0.20902031075369326 
70 -0.13792996478505362 
71 0.02794797724344372 
72 0.09032297874024281 
73 -0.1837974829254373 
74 0.22616618190076743 
75 -0.2052749297396128 
76 0.12662199525596585 
77 -0.011998256871275566 
78 -0.10665730887366348 
79 0.19623062916814965 
80 -0.23140173874659065 
81 0.20173234441148008 
82 -0.11509703989075512 
83 -0.004466439064031989 
84 0.12382701773425081 
85 -0.20968922137128332 
86 0.23743746324067172 
87 -0.19853636207911246 
88 0.1034424044873602 
89 0.021698325146031972 
90 -0.14240355081313952 
91 0.2247637133642462 
92 -0.244872699523336 
93 0.19622714675293257 
94 -0.09169904847028904 
95 -0.040274843382238606 
96 0.16329269488464465 
97 -0.2426475962445154 
98 0.25503880283842784 
99 -0.19558112381659154 
100 0.07972662922846484 
101 0.06105529982283532 
102 -0.18822059262359575 
103 0.2659619572727914 
104 -0.2704372813170807 
105 0.19805665212612877 
106 -0.0678588820557692 
107 -0.08549981463394074 
108 0.22151198875981107 
109 -0.30116226060437273 
110 0.29766604315382567 
111 -0.20927009456658185 
112 0.05907803438607642 
113 0.11757138885985191 
114 -0.27814950133178507 
115 0.3763192433951273 
116 -0.3716926170842978 
117 0.2858876005979239 
