2 0.21471512230649098 
3 -0.5279024803980106 
4 0.3511061477700613 
5 -0.04647967294813631 
6 -0.32134486514760263 
7 0.4756722035265327 
8 -0.3524440947543799 
9 0.0246893155840536 
10 0.3120870051517855 
11 -0.45806119491942865 
12 0.330770231633701 
13 -0.011894846917160255 
14 -0.3106005472443316 
15 0.44435908302769045 
16 -0.3133476458957708 
17 -0.0008710641089862796 
18 0.3124150717079419 
19 -0.4355191103349255 
20 0.2991589897594213 
21 0.013349015395216553 
22 -0.31703205495484155 
23 0.4306116065307808 
24 -0.2876344455591457 
25 -0.025786505514865363 
26 0.32420536611587025 
27 -0.4291764148763926 
28 0.278364154623541 
29 0.038460854649244536 
30 -0.3340001457110645 
31 0.43111762644428125 
32 -0.27114166795934985 
33 -0.05169282950550653 
34 0.3467714663875196 
35 -0.43669686250704187 
36 0.26596099114085553 
37 0.06589077182303738 
38 -0.3632506377730605 
39 0.4466367244958857 
40 -0.26306794871238814 
41 -0.08164093630123555 
42 0.38479622343917286 
43 -0.46243665213415125 
44 0.26313623301749894 
45 0.09989749208960784 
46 -0.41403689542907973 
47 0.48723340734751946 
48 -0.2678224932210459 
49 -0.12246344839559277 
50 0.4566617946135516 
51 -0.5286598409880925 
52 0.2814891372818037 
53 0.15264583918889252 
54 -0.529518291836338 
55 0.6068376856742754 
56 -0.3311787173885896 
57 -0.2242799932587822 
