-186.29215479598955 
-186.29215479599054 
-186.29215479598997 
-186.29215479598975 
-186.2921547959903 
-186.29215479598986 
-186.29215479598952 
-186.29215479598963 
-186.29215479599011 
-186.2921547959897 
-186.29215479598983 
-186.29215479599 
-186.29215479599003 
-186.29215479599017 
-186.29215479599048 
-186.29215479599037 
-186.29215479599023 
-186.29215479599046 
-186.29215479599046 
-186.29215479599057 
-186.29215479599037 
-186.29215479599068 
-186.29215479599057 
-186.29215479599063 
-186.29215479599074 
-186.29215479599088 
-186.2921547959908 
-186.292154795991 
-186.29215479599083 
-186.2921547959907 
-186.29215479599063 
-186.29215479599094 
-186.29215479599068 
-186.29215479599065 
-186.29215479599085 
-186.29215479599088 
-186.29215479599114 
-186.2921547959908 
-186.29215479599094 
-186.29215479599088 
-186.29215479599063 
-186.29215479599068 
-186.2921547959905 
-186.29215479599068 
-186.29215479599105 
-186.29215479599074 
-186.29215479599102 
-186.29215479599094 
-186.29215479599094 
-186.292154795991 
-186.29215479599094 
-186.29215479599114 
-186.29215479599102 
-186.29215479599122 
-186.29215479599105 
-186.29215479599122 
-186.2921547959916 
-186.29215479599094 
-186.29215479599088 
-186.2921547959909 
-186.29215479599154 
-186.29215479599102 
-186.29215479599094 
-186.29215479599097 
-186.29215479599108 
-186.292154795991 
-186.29215479599122 
-186.29215479599105 
-186.2921547959911 
-186.29215479599154 
-186.29215479599128 
-186.29215479599122 
-186.29215479599137 
-186.29215479599114 
-186.29215479599108 
-186.29215479599114 
-186.29215479599117 
-186.2921547959914 
-186.2921547959913 
-186.29215479599128 
-186.29215479599128 
-186.29215479599137 
-186.29215479599102 
-186.29215479599117 
-186.2921547959912 
-186.2921547959913 
-186.29215479599128 
-186.2921547959911 
-186.29215479599108 
-186.29215479599108 
-186.29215479599114 
-186.2921547959911 
-186.29215479599094 
-186.29215479599122 
-186.29215479599125 
-186.2921547959912 
-186.29215479599108 
-186.2921547959912 
-186.2921547959913 
-186.29215479599125 
-186.29215479599122 
-186.29215479599142 
-186.29215479599142 
-186.29215479599142 
-186.29215479599154 
-186.29215479599156 
-186.29215479599154 
-186.2921547959914 
-186.29215479599134 
-186.29215479599108 
-186.29215479599145 
-186.29215479599165 
-186.2921547959915 
-186.29215479599156 
-186.29215479599165 
-186.29215479599162 
-186.29215479599165 
-186.29215479599173 
-186.2921547959916 
-186.292154795992 
-186.292154795992 
-186.29215479599193 
-186.2921547959921 
-186.2921547959922 
-186.29215479599196 
-186.292154795992 
-186.29215479599202 
-186.2921547959923 
-186.2921547959924 
-186.2921547959926 
-186.2921547959927 
-186.2921547959925 
-186.29215479599247 
-186.29215479599242 
-186.29215479599264 
-186.29215479599276 
-186.292154795993 
-186.29215479599299 
-186.292154795993 
-186.29215479599367 
-186.29215479599324 
-186.29215479599338 
-186.2921547959934 
-186.29215479599335 
-186.29215479599324 
-186.29215479599344 
-186.29215479599335 
-186.29215479599327 
-186.29215479599324 
-186.29215479599355 
-186.29215479599335 
-186.29215479599307 
-186.29215479599338 
-186.29215479599335 
-186.29215479599327 
-186.29215479599313 
-186.29215479599338 
-186.29215479599299 
-186.2921547959932 
-186.29215479599318 
-186.29215479599324 
-186.29215479599333 
-186.29215479599338 
-186.2921547959935 
-186.29215479599353 
-186.29215479599355 
-186.29215479599364 
-186.29215479599353 
-186.29215479599372 
-186.29215479599398 
-186.2921547959941 
-186.29215479599463 
-186.29215479599438 
-186.29215479599426 
-186.29215479599392 
-186.2921547959941 
-186.29215479599392 
-186.29215479599418 
-186.29215479599384 
-186.29215479599384 
-186.29215479599358 
-186.29215479599364 
-186.29215479599387 
-186.29215479599372 
-186.29215479599378 
-186.2921547959941 
-186.2921547959942 
-186.29215479599395 
-186.29215479599378 
-186.29215479599378 
-186.29215479599372 
-186.29215479599378 
-186.29215479599392 
-186.292154795994 
-186.2921547959941 
-186.2921547959943 
-186.2921547959944 
-186.29215479599455 
-186.29215479599458 
-186.29215479599472 
-186.29215479599452 
-186.29215479599452 
-186.29215479599458 
-186.29215479599435 
-186.2921547959943 
-186.29215479599424 
-186.29215479599466 
-186.29215479599455 
-186.29215479599458 
-186.2921547959945 
-186.29215479599463 
-186.2921547959944 
-186.29215479599418 
-186.29215479599426 
-186.29215479599412 
-186.29215479599404 
-186.29215479599415 
-186.29215479599412 
-186.2921547959942 
-186.29215479599407 
-186.29215479599426 
-186.29215479599438 
-186.29215479599443 
-186.2921547959946 
-186.29215479599463 
-186.2921547959947 
-186.29215479599478 
-186.29215479599486 
-186.29215479599475 
-186.29215479599472 
-186.29215479599492 
-186.2921547959949 
-186.29215479599503 
-186.29215479599497 
-186.2921547959951 
-186.29215479599515 
-186.29215479599506 
-186.29215479599517 
-186.29215479599512 
-186.29215479599523 
-186.29215479599526 
-186.2921547959954 
-186.2921547959954 
-186.2921547959954 
-186.2921547959953 
-186.2921547959953 
-186.29215479599523 
-186.29215479599546 
-186.29215479599503 
-186.29215479599506 
-186.29215479599515 
-186.29215479599515 
-186.29215479599486 
-186.29215479599492 
-186.29215479599497 
-186.29215479599497 
-186.2921547959948 
-186.29215479599495 
-186.2921547959949 
-186.29215479599492 
-186.2921547959951 
-186.29215479599512 
-186.29215479599497 
-186.29215479599503 
-186.29215479599486 
-186.2921547959953 
-186.2921547959953 
-186.29215479599563 
-186.2921547959956 
-186.2921547959956 
-186.29215479599574 
-186.29215479599577 
-186.29215479599586 
-186.29215479599603 
-186.29215479599642 
-186.2921547959961 
-186.29215479599625 
-186.29215479599628 
-186.2921547959963 
-186.29215479599637 
-186.2921547959962 
-186.29215479599583 
-186.29215479599594 
-186.29215479599563 
-186.29215479599557 
-186.29215479599594 
-186.29215479599577 
-186.29215479599594 
-186.29215479599668 
-186.29215479599577 
-186.29215479599574 
-186.29215479599597 
-186.292154795996 
-186.29215479599617 
-186.29215479599566 
-186.29215479599586 
-186.29215479599557 
-186.2921547959956 
-186.29215479599566 
-186.29215479599574 
-186.2921547959959 
-186.29215479599608 
-186.29215479599583 
-186.29215479599594 
-186.29215479599594 
-186.2921547959959 
-186.292154795996 
-186.29215479599583 
-186.29215479599574 
-186.29215479599563 
-186.2921547959956 
-186.29215479599551 
-186.2921547959954 
-186.2921547959953 
-186.29215479599506 
-186.2921547959951 
-186.2921547959949 
-186.2921547959948 
-186.29215479599455 
-186.29215479599452 
-186.29215479599452 
-186.2921547959944 
-186.29215479599443 
-186.2921547959942 
-186.2921547959942 
-186.2921547959941 
-186.29215479599418 
-186.2921547959939 
-186.29215479599395 
-186.29215479599424 
-186.2921547959941 
-186.29215479599372 
-186.29215479599375 
-186.2921547959939 
-186.2921547959939 
-186.29215479599404 
-186.29215479599395 
-186.2921547959941 
-186.2921547959941 
-186.29215479599424 
-186.29215479599424 
-186.29215479599438 
-186.29215479599418 
-186.2921547959942 
-186.29215479599404 
-186.2921547959941 
-186.29215479599392 
-186.29215479599392 
-186.29215479599358 
-186.29215479599364 
-186.2921547959937 
-186.29215479599378 
-186.2921547959938 
-186.29215479599375 
-186.29215479599384 
-186.29215479599404 
-186.29215479599398 
-186.29215479599384 
-186.29215479599407 
-186.29215479599415 
-186.29215479599418 
-186.29215479599415 
-186.29215479599412 
-186.29215479599435 
-186.29215479599435 
-186.29215479599438 
-186.2921547959945 
-186.2921547959944 
-186.29215479599463 
-186.29215479599466 
-186.29215479599466 
-186.29215479599478 
-186.2921547959948 
-186.29215479599466 
-186.29215479599466 
-186.2921547959944 
-186.29215479599438 
-186.29215479599472 
-186.29215479599443 
-186.29215479599432 
-186.29215479599426 
-186.29215479599463 
-186.2921547959945 
-186.29215479599443 
-186.2921547959944 
-186.29215479599472 
-186.2921547959947 
-186.29215479599452 
-186.2921547959944 
-186.29215479599443 
-186.29215479599455 
-186.29215479599443 
-186.29215479599443 
-186.29215479599458 
-186.29215479599458 
-186.29215479599424 
-186.2921547959942 
-186.292154795994 
-186.292154795994 
-186.29215479599395 
-186.29215479599387 
-186.29215479599438 
-186.292154795994 
-186.29215479599412 
-186.2921547959948 
-186.29215479599443 
-186.292154795994 
