2 -0.40088837380889764 
3 -0.4065520635410321 
4 -0.40834781619769867 
5 -0.40900991225010164 
6 -0.4092766329322185 
7 -0.40939057620826574 
8 -0.4094413046009525 
9 -0.4094645761760035 
10 -0.40947550539758754 
11 -0.4094807357361383 
12 -0.40948327754860936 
13 -0.40948452865933976 
14 -0.40948515112019335 
15 -0.40948546366087923 
16 -0.40948562183397286 
17 -0.40948570243639226 
18 -0.40948574375929325 
19 -0.409485765058287 
20 -0.409485776088918 
21 -0.4094857818261636 
22 -0.40948578482173353 
23 -0.4094857863913331 
24 -0.4094857872162958 
25 -0.4094857876512766 
26 -0.4094857878810765 
27 -0.4094857880030081 
28 -0.40948578806844615 
29 -0.4094857881020483 
30 -0.40948578812018277 
31 -0.40948578813010966 
32 -0.409485788135516 
33 -0.4094857881384108 
34 -0.40948578813996495 
35 -0.4094857881407933 
36 -0.40948578814118064 
37 -0.4094857881413904 
38 -0.4094857881414896 
39 -0.40948578814158015 
40 -0.40948578814161685 
41 -0.4094857881416113 
42 -0.40948578814163206 
43 -0.4094857881416048 
44 -0.40948578814168196 
45 -0.40948578814163966 
46 -0.4094857881416181 
47 -0.409485788141664 
48 -0.4094857881416307 
49 -0.4094857881415982 
50 -0.40948578814159875 
51 -0.40948578814168257 
52 -0.40948578814164166 
53 -0.4094857881416144 
54 -0.40948578814163866 
55 -0.40948578814162917 
56 -0.40948578814161474 
57 -0.4094857881416483 
58 -0.40948578814167513 
59 -0.4094857881418091 
60 -0.4094857881414605 
61 -0.40948578814182274 
62 -0.40948578814165915 
63 -0.40948578814151276 
64 -0.409485788141546 
65 -0.4094857881415581 
66 -0.40948578814159 
67 -0.4094857881414712 
68 -0.40948578814205466 
69 -0.40948578814129466 
70 -0.40948578814125797 
71 -0.4094857881354241 
72 -0.4094857881392939 
73 -0.4094857881395617 
74 -0.4094857881387565 
75 -0.4094857881391223 
76 -0.40948578814155673 
77 -0.4094857881442875 
78 -0.4094857881445977 
79 -0.4094857881493716 
80 -0.409485788146336 
81 -0.4094857881429516 
82 -0.40948578814133924 
83 -0.4094857881410447 
84 -0.40948578814058567 
85 -0.4094857881400731 
86 -0.40948578813882824 
87 -0.40948578813605335 
88 -0.40948578813071984 
89 -0.40948578812079 
90 -0.4094857881022263 
91 -0.4094857880676225 
92 -0.409485788002788 
93 -0.4094857878798911 
94 -0.4094857876445616 
95 -0.40948578721238243 
96 -0.4094857863882663 
97 -0.4094857848164344 
98 -0.40948578181016987 
99 -0.4094857760541719 
100 -0.40948576499093753 
101 -0.4094857436321836 
102 -0.4094857021969102 
103 -0.4094856213831567 
104 -0.40948546281576703 
105 -0.4094851495488396 
106 -0.40948452577859085 
107 -0.4094832723903536 
108 -0.4094807268664951 
109 -0.40947549123605803 
110 -0.4094645567637386 
111 -0.4094412871812912 
112 -0.4093905820481125 
113 -0.4092766553744806 
114 -0.40900990553030453 
115 -0.4083478162451867 
116 -0.4065520635254768 
117 -0.40088837379835757 
