-170.86249545577917 
-170.86249545577957 
-170.86249545577948 
-170.86249545577957 
-170.86249545577954 
-170.86249545577965 
-170.86249545578048 
-170.8624954557801 
-170.86249545577996 
-170.86249545578013 
-170.86249545578013 
-170.86249545578025 
-170.86249545578033 
-170.8624954557803 
-170.8624954557801 
-170.86249545578028 
-170.86249545578016 
-170.8624954557805 
-170.86249545578085 
-170.86249545578036 
-170.86249545578048 
-170.86249545578042 
-170.8624954557807 
-170.86249545578042 
-170.86249545578045 
-170.86249545578102 
-170.86249545578062 
-170.8624954557806 
-170.86249545578085 
-170.86249545578065 
-170.86249545578104 
-170.86249545578113 
-170.86249545578116 
-170.86249545578082 
-170.86249545578076 
-170.86249545578093 
-170.86249545578065 
-170.86249545578093 
-170.8624954557812 
-170.86249545578127 
-170.86249545578127 
-170.86249545578102 
-170.86249545578184 
-170.86249545578167 
-170.86249545578178 
-170.86249545578195 
-170.86249545578224 
-170.862495455782 
-170.862495455782 
-170.86249545578207 
-170.86249545578255 
-170.8624954557817 
-170.86249545578207 
-170.8624954557818 
-170.86249545578298 
-170.8624954557908 
-170.8624954557953 
-170.86249545579062 
-170.8624954557902 
-170.8624954557909 
-170.86249545579122 
-170.86249545579065 
-170.8624954557905 
-170.86249545579076 
-170.86249545579034 
-170.86249545579017 
-170.86249545579022 
-170.86249545579034 
-170.86249545578988 
-170.86249545579005 
-170.86249545579045 
-170.86249545579017 
-170.8624954557898 
-170.86249545579003 
-170.8624954557897 
-170.86249545578923 
-170.86249545578931 
-170.86249545578946 
-170.86249545578912 
-170.86249545578926 
-170.86249545578906 
-170.86249545578883 
-170.8624954557889 
-170.8624954557891 
-170.8624954557891 
-170.86249545578914 
-170.86249545578923 
-170.86249545578968 
-170.86249545578954 
-170.86249545578937 
-170.86249545578937 
-170.86249545578988 
-170.86249545578985 
-170.86249545578949 
-170.86249545578983 
-170.8624954557894 
-170.86249545578966 
-170.86249545578957 
-170.8624954557893 
-170.8624954557898 
-170.8624954557891 
-170.86249545578895 
-170.86249545578897 
-170.86249545578886 
-170.8624954557888 
-170.8624954557889 
-170.86249545578866 
-170.8624954557886 
-170.8624954557882 
-170.86249545578835 
-170.86249545578826 
-170.8624954557888 
-170.86249545578798 
-170.86249545578818 
-170.86249545578804 
-170.86249545578812 
-170.86249545578826 
-170.86249545578826 
-170.8624954557891 
-170.86249545578835 
-170.86249545578863 
-170.86249545578985 
-170.86249545578852 
-170.8624954557886 
-170.86249545578875 
-170.86249545578875 
-170.86249545578883 
-170.86249545578949 
-170.8624954557891 
-170.86249545578912 
-170.86249545578897 
-170.862495455789 
-170.86249545578914 
-170.86249545578923 
-170.8624954557892 
-170.86249545578943 
-170.86249545578946 
-170.86249545578957 
-170.8624954557895 
-170.8624954557897 
-170.86249545578983 
-170.86249545579005 
-170.86249545578974 
-170.86249545578963 
-170.86249545578963 
-170.86249545578957 
-170.86249545578983 
-170.8624954557894 
-170.86249545579105 
-170.86249545579008 
-170.86249545579042 
-170.8624954557907 
-170.86249545579014 
-170.86249545579096 
-170.8624954557906 
-170.8624954557908 
-170.8624954557909 
-170.8624954557908 
-170.8624954557904 
-170.8624954557904 
-170.86249545579017 
-170.86249545579028 
-170.86249545579042 
-170.86249545579045 
-170.86249545579076 
-170.8624954557905 
-170.86249545579045 
-170.8624954557908 
-170.86249545579068 
-170.86249545579074 
-170.8624954557917 
-170.86249545580014 
-170.86249545579983 
-170.86249545580011 
-170.86249545579975 
-170.8624954558015 
-170.86249545579992 
-170.86249545579975 
-170.86249545580037 
-170.86249545579994 
-170.86249545579983 
-170.86249545579975 
-170.86249545579972 
-170.86249545579972 
-170.86249545579997 
-170.86249545579977 
-170.86249545579975 
-170.86249545579992 
-170.8624954557998 
-170.8624954558001 
-170.86249545580026 
-170.86249545580003 
-170.8624954558005 
-170.86249545580023 
-170.86249545579963 
-170.86249545579935 
-170.86249545579926 
-170.8624954557993 
-170.86249545579912 
-170.862495455799 
-170.86249545579912 
-170.86249545579918 
-170.86249545579918 
-170.86249545579923 
-170.8624954557992 
-170.86249545579926 
-170.86249545579946 
-170.86249545579946 
-170.86249545579923 
-170.8624954557993 
-170.86249545579972 
-170.86249545579906 
-170.8624954557985 
-170.8624954557988 
-170.8624954557985 
-170.86249545579815 
-170.86249545579798 
-170.86249545579815 
-170.86249545579818 
-170.86249545579858 
-170.8624954557988 
-170.86249545579867 
-170.86249545579847 
-170.86249545579878 
-170.86249545579847 
-170.86249545579838 
-170.86249545579827 
-170.86249545579838 
-170.86249545579852 
-170.8624954557986 
-170.86249545579867 
-170.8624954557986 
-170.8624954557989 
-170.8624954557984 
-170.86249545579858 
-170.86249545579864 
-170.862495455798 
-170.8624954557981 
-170.86249545579827 
-170.86249545579838 
-170.86249545579818 
-170.86249545579804 
-170.8624954557982 
-170.86249545579807 
-170.86249545579813 
-170.86249545579852 
-170.86249545579838 
-170.86249545579827 
-170.86249545579832 
-170.86249545579864 
-170.86249545579884 
-170.86249545579864 
-170.86249545579847 
-170.86249545579858 
-170.86249545579858 
-170.86249545579898 
-170.86249545579878 
-170.86249545579898 
-170.86249545579838 
-170.8624954557984 
-170.8624954557982 
-170.8624954557981 
-170.86249545579875 
-170.8624954557981 
-170.86249545579847 
-170.86249545579827 
-170.86249545579832 
-170.86249545579818 
-170.8624954557982 
-170.8624954557981 
-170.862495455798 
-170.86249545579815 
-170.86249545579847 
-170.86249545579824 
-170.86249545579838 
-170.8624954557985 
-170.86249545579835 
-170.86249545579847 
-170.86249545579858 
-170.86249545579878 
-170.8624954557988 
-170.86249545579918 
-170.86249545579943 
-170.8624954557993 
-170.86249545579977 
-170.8624954557997 
-170.86249545579952 
-170.8624954557993 
-170.86249545579906 
-170.86249545580034 
-170.86249545579926 
-170.86249545579915 
-170.86249545579957 
-170.86249545579932 
-170.86249545580208 
-170.8624954557993 
-170.86249545580011 
-170.86249545579975 
-170.86249545579972 
-170.8624954557999 
-170.86249545579957 
-170.86249545579955 
-170.86249545579935 
-170.86249545579912 
-170.86249545579875 
-170.86249545579903 
-170.8624954557987 
-170.86249545579867 
-170.86249545579858 
-170.86249545579872 
-170.8624954557988 
-170.86249545579835 
-170.86249545579852 
-170.86249545579844 
-170.86249545579844 
-170.8624954557986 
-170.86249545579855 
-170.86249545579852 
-170.86249545579898 
-170.86249545579835 
-170.86249545579827 
-170.86249545579818 
-170.862495455798 
-170.8624954557982 
-170.8624954557983 
-170.86249545579867 
-170.86249545579838 
-170.86249545579847 
-170.86249545579847 
-170.86249545579824 
-170.86249545579824 
-170.86249545579832 
-170.8624954557986 
-170.86249545579867 
-170.86249545579886 
-170.8624954557987 
-170.86249545579852 
-170.86249545579867 
-170.86249545579886 
-170.86249545579858 
-170.86249545579872 
-170.86249545579855 
-170.8624954557987 
-170.8624954557986 
-170.8624954557987 
-170.86249545579915 
-170.86249545579912 
-170.86249545579923 
-170.86249545579915 
-170.86249545579903 
-170.86249545579903 
-170.8624954557992 
-170.86249545579932 
-170.86249545579898 
-170.86249545579886 
-170.86249545579872 
-170.86249545579847 
-170.86249545579847 
-170.86249545579855 
-170.86249545579844 
-170.86249545579824 
-170.8624954557982 
-170.8624954557979 
-170.86249545579813 
-170.86249545579807 
-170.862495455798 
-170.86249545579835 
-170.86249545579867 
-170.8624954557991 
-170.86249545579918 
-170.86249545579926 
-170.8624954557995 
-170.86249545579895 
-170.86249545579903 
-170.86249545579906 
-170.8624954557991 
-170.8624954557989 
-170.86249545579912 
-170.86249545579946 
-170.86249545579915 
-170.862495455799 
-170.86249545579884 
-170.86249545579872 
-170.86249545579892 
-170.86249545579898 
-170.86249545579895 
-170.8624954557989 
-170.8624954557991 
-170.8624954557992 
-170.86249545579935 
-170.86249545579955 
-170.8624954557996 
-170.86249545579966 
-170.86249545579957 
-170.8624954557996 
-170.86249545579994 
-170.8624954557998 
-170.8624954557997 
-170.86249545579932 
-170.86249545579955 
-170.8624954557996 
-170.86249545579972 
-170.86249545580068 
-170.86249545579903 
-170.8624954558003 
-170.86249545580068 
-170.8624954557987 
