2 -0.992482038566499 
3 0.9920453954789761 
4 -0.9919502988706842 
5 0.991959715083378 
6 -0.9919639173175265 
7 0.9919639106059619 
8 -0.9919637585591221 
9 0.9919637531158978 
10 -0.9919637598742415 
11 0.9919637602219988 
12 -0.9919637598738991 
13 0.9919637598554646 
14 -0.9919637598761665 
15 0.9919637598771055 
16 -0.9919637598757778 
17 0.9919637598754069 
18 -0.9919637598754698 
19 0.99196375987774 
20 -0.9919637598783694 
21 0.9919637598650636 
22 -0.9919637598468503 
23 0.9919637597551878 
24 -0.9919637602649773 
25 0.9919637598762128 
26 -0.9919637609479551 
27 0.9919637623028557 
28 -0.9919637605478394 
29 0.9919637577250506 
30 -0.9919637595442184 
31 0.9919637599766424 
32 -0.9919637598769989 
33 0.9919637603254552 
34 -0.9919637596240425 
35 0.9919637600765643 
36 -0.9919637599816136 
37 0.9919637599608262 
38 -0.9919637601850924 
39 0.9919637600657136 
40 -0.9919637599869193 
41 0.9919637596839006 
42 -0.9919637598517389 
43 0.991963759661393 
44 -0.9919637596623971 
45 0.9919637599798163 
46 -0.9919637599360316 
47 0.9919637598758726 
48 -0.9919637598679458 
49 0.9919637598842002 
50 -0.9919637600698572 
51 0.9919637597507996 
52 -0.991963760102356 
53 0.9919637617564308 
54 -0.9919637564482391 
55 0.9919637611728185 
56 -0.9919637581814504 
57 0.9919637596837764 
58 -0.9919637591544908 
59 0.9919637576504539 
60 -0.9919637600321948 
61 0.9919637615824249 
62 -0.9919637593709605 
63 0.9919637587255375 
64 -0.991963759251585 
65 0.9919637597492895 
66 -0.9919637601807255 
67 0.9919637598770767 
68 -0.9919637598625809 
69 0.991963759874856 
70 -0.9919637598760747 
71 0.9919637598754116 
72 -0.9919637598753311 
73 0.9919637598721038 
74 -0.9919637598776971 
75 0.9919637598743782 
76 -0.9919637598846164 
77 0.991963759762129 
78 -0.9919637597917491 
79 0.9919637592224304 
80 -0.9919637582542283 
81 0.9919637612276605 
82 -0.9919637593911951 
83 0.9919637600529037 
84 -0.991963759901768 
85 0.9919637598751826 
86 -0.9919637598762888 
87 0.9919637598763927 
88 -0.9919637598751457 
89 0.9919637598757561 
90 -0.9919637598758209 
91 0.9919637598757793 
92 -0.9919637598757538 
93 0.9919637598757829 
94 -0.99196375987561 
95 0.9919637598760713 
96 -0.9919637598760044 
97 0.991963759875581 
98 -0.9919637598761526 
99 0.9919637598776812 
100 -0.9919637598829202 
101 0.9919637598050273 
102 -0.9919637594295139 
103 0.9919637598193697 
104 -0.9919637600263824 
105 0.9919637599553529 
106 -0.9919637598593591 
107 0.9919637598670061 
108 -0.9919637602221757 
109 0.9919637598654546 
110 -0.991963753142852 
111 0.9919637585423146 
112 -0.991963910533903 
113 0.9919639172792356 
114 -0.9919597149924264 
115 0.991950298956824 
116 -0.9920453954075245 
117 0.9924820386017328 
