2 0.0002466135406762872 
3 0.0007655701010133761 
4 0.0008673817855340502 
5 0.001318974336582259 
6 0.0018638650430209567 
7 0.002495946935553647 
8 0.0032122647747266212 
9 0.0040109761542233375 
10 0.004887515959484665 
11 0.005838055812293792 
12 0.0068579321037936175 
13 0.007942347808104162 
14 0.009086131902529018 
15 0.01028383473589157 
16 0.011529800275869851 
17 0.01281806831476371 
18 0.01414252524229024 
19 0.01549687678262042 
20 0.01687468755008326 
21 0.018269410612745673 
22 0.019674421729342067 
23 0.021083042539322926 
24 0.02248859194654381 
25 0.023884390427860433 
26 0.02526381987003854 
27 0.02662032509195698 
28 0.02794747201771016 
29 0.02923898082345764 
30 0.030488740232922168 
31 0.03169083827894188 
32 0.03283959225307945 
33 0.033929576054891636 
34 0.034955645985978945 
35 0.03591296499195337 
36 0.03679702536061413 
37 0.03760366974541333 
38 0.038329110416812175 
39 0.03896994677790993 
40 0.03952318076668787 
41 0.039986230552769064 
42 0.04035694184635178 
43 0.040633597545099626 
44 0.04081492457253166 
45 0.040900099617850905 
46 0.040888751866582515 
47 0.04078096359652041 
48 0.040577269184152574 
49 0.040278651609227493 
50 0.03988653699316371 
51 0.03940278708902259 
52 0.038829689841381534 
53 0.03816994797453964 
54 0.037426665897638975 
55 0.03660333461150949 
56 0.03570381548066323 
57 0.03473232157196117 
58 0.03369339900053844 
59 0.03259190357389125 
60 0.03143298481980108 
61 0.030222052232070962 
62 0.028964753684465046 
63 0.02766697072807227 
64 0.026334752152520888 
65 0.02497417405565951 
66 0.023591734079386695 
67 0.022194312726737248 
68 0.020788771667456154 
69 0.019381162041790054 
70 0.01797795164776158 
71 0.016585653110248986 
72 0.015210849400586045 
73 0.013859986868719039 
74 0.01253957108389364 
75 0.011255933816979273 
76 0.010015506931607986 
77 0.008824290535243416 
78 0.007687561886302124 
79 0.006611518331828138 
80 0.005599448773457049 
81 0.004661555110833235 
82 0.0037912887315361327 
83 0.003016622958169916 
84 0.0023028293210152913 
85 0.0017153518258355685 
86 0.0011061999891257778 
87 0.0005817429392804952 
88 0.00025419083762923074 
89 9.325901978401551e-05 
90 2.91368308809305e-05 
91 7.748953941154154e-06 
92 1.7597227400008616e-06 
93 3.224990675872708e-07 
94 6.361117563482619e-08 
95 3.7997067833100765e-12 
96 2.771774431508243e-13 
97 -8.575364213614362e-15 
98 -6.080252303936225e-16 
99 1.306896472111394e-16 
100 2.883271532004437e-17 
101 4.868149525140963e-17 
102 -2.707620661574974e-16 
103 2.117872336299463e-17 
104 -4.179158074074801e-17 
105 -4.4501186406250855e-17 
106 2.6314175596747326e-16 
107 2.7410665495227942e-17 
108 -7.663014160747301e-17 
109 -6.865107149540066e-17 
110 -1.5270102376616116e-16 
111 1.6202317323526335e-17 
112 -5.664594252923635e-17 
113 2.6399933711543337e-17 
114 6.615439421708544e-17 
115 7.38394902331195e-18 
116 -4.5030048140440164e-17 
117 -4.5164055758528273e-17 
118 1.489507680730994e-16 
119 -2.4902087776234217e-17 
120 4.6408985224490194e-17 
121 -2.837764924727594e-17 
122 -1.338882797842727e-16 
123 1.5208735475482904e-17 
124 5.2179168953359146e-17 
125 3.6307418360865474e-17 
126 3.330996697368654e-17 
127 1.0035024484684352e-16 
128 5.428211490339321e-17 
129 -3.327986907652181e-17 
130 2.191969875670576e-16 
131 3.6802162943448606e-18 
132 1.3569700407862958e-16 
133 -6.064510229698916e-18 
134 -1.9815938754320254e-18 
135 -1.289743176480274e-16 
136 1.7499994882228204e-16 
137 -7.903006439671872e-17 
138 1.2993714798404415e-17 
139 1.6280494224610996e-17 
140 -1.0551676558050874e-16 
141 -5.476494725797563e-18 
142 -7.972833749280365e-17 
143 2.1507533446749454e-19 
144 -2.2056139894918652e-17 
145 3.4090482967463265e-17 
146 3.6872890814929164e-17 
147 3.6685026310494464e-17 
148 1.8974591329608723e-17 
149 4.686320643566162e-17 
150 -6.969667586954212e-17 
151 7.522044613869633e-17 
152 1.300955450063378e-16 
153 3.052099053667482e-17 
154 -9.025466925239187e-19 
155 1.1145087466404694e-17 
156 4.5565995536070416e-17 
157 1.3315157339538834e-17 
158 5.534064738672201e-19 
159 7.393889935156875e-17 
160 -1.8713007558405897e-17 
161 6.353180712484344e-17 
162 -7.407525640493532e-17 
163 -4.942840415059439e-17 
164 -3.7520547695358085e-17 
165 -2.670353697444288e-16 
166 -1.5140120016491003e-17 
167 -5.793098076171776e-17 
168 2.1276643693344686e-16 
169 1.6478320610564904e-17 
170 1.5087343799608584e-17 
171 3.900138388275275e-17 
172 1.973282884209928e-17 
173 -8.149581918219315e-18 
174 -1.128614020697304e-16 
175 2.1703599384918346e-16 
176 1.3362829428111241e-16 
177 2.5322590766266896e-17 
178 -1.5332744428362789e-18 
179 -1.650628644970246e-17 
180 7.198019852677281e-17 
181 2.868667004300174e-17 
182 -6.905315210044011e-17 
183 1.6611511681835256e-17 
184 6.35485499713003e-17 
185 4.2399041503090777e-17 
186 -3.9537635539321486e-16 
187 -1.170541317788262e-15 
188 1.8410924756156673e-13 
189 3.7965724063136404e-13 
190 -7.323353330577012e-11 
191 -1.5116252123457586e-10 
192 2.8460835558782798e-08 
193 2.1189128738890864e-08 
194 -2.8786939825560166e-06 
195 -7.315170586462022e-07 
196 0.0002558618754610099 
197 1.0564870545468364e-06 
