2 0.0025303272250841963 
3 -1.9653489827939832e-07 
4 -2.278597222433891e-05 
5 1.0242933474422805e-07 
6 2.61757077427884e-07 
7 -4.363737243075129e-09 
8 -2.8755973275005176e-09 
9 1.0454226165825562e-10 
10 3.0996000924335606e-11 
11 -2.0740929135733054e-12 
12 -2.806090326483332e-13 
13 9.653386406563788e-14 
14 1.6209255432506506e-14 
15 -4.385381028938658e-15 
16 2.553512869119118e-15 
17 -5.189530132655686e-15 
18 3.340780447211346e-13 
19 -3.1951737860145127e-13 
20 4.4076648233007793e-16 
21 4.03619891309422e-15 
22 -1.7225343199678421e-15 
23 -3.765288611977869e-15 
24 3.408161929620713e-15 
25 9.117942199352258e-16 
26 -4.8564632209522374e-15 
27 3.749118949112537e-15 
28 1.2448611273227766e-15 
29 3.1480204933940967e-15 
30 1.225812711671984e-15 
31 3.3050297392624703e-15 
32 2.945024304119856e-15 
33 -2.8232331367676016e-15 
34 1.3612409181845352e-14 
35 -2.1621691764755893e-13 
36 -3.473867027381425e-12 
37 8.21742673896854e-12 
38 2.6735986242992828e-11 
39 9.396829879712075e-15 
40 9.369891351957007e-15 
41 -2.9897665904613786e-15 
42 -2.2371143170757446e-17 
43 -6.918265928613055e-15 
44 -4.9339888077589e-16 
45 -3.1277274206789613e-15 
46 7.520609041395828e-15 
47 4.28518204577432e-15 
48 3.768167364763327e-15 
49 1.8538496951454916e-15 
50 1.3828219575403592e-15 
51 5.06233816301193e-15 
52 1.0688034658036064e-15 
53 6.448482848072249e-15 
54 3.106466654254887e-14 
55 -1.2020539502921545e-12 
56 -4.612310392797419e-12 
57 3.106957642167773e-16 
58 1.097808064194229e-14 
59 2.0758943000705253e-15 
60 -6.575674813400112e-15 
61 -1.8795435658362193e-15 
62 -4.107879727190811e-15 
63 2.7880150582514788e-15 
64 -8.323459029324176e-15 
65 1.9967346175427393e-16 
66 -3.2942608743727355e-15 
67 1.3325329217863716e-14 
68 5.755410505542095e-15 
69 -3.793861235454057e-15 
70 -1.7938038903913497e-16 
71 5.154312049823654e-15 
72 -3.793861235454055e-15 
73 -4.375911275521705e-15 
74 -6.4281897753571285e-15 
75 -1.2515065823627168e-15 
76 9.442816823113632e-15 
77 -9.265514504534448e-15 
78 -1.5089283096653322e-14 
79 1.8538496951454936e-15 
80 -2.2221346810491696e-15 
81 -1.2419823745373127e-15 
82 5.6713267308346476e-15 
83 -9.589057204096597e-15 
84 -7.7095463693218205e-16 
85 1.0769957494254795e-16 
86 -2.536153172785917e-15 
87 1.3463810269762006e-16 
88 -1.4085158282310924e-15 
89 2.8720988329589215e-15 
90 -2.693162418654295e-15 
91 7.853675948783372e-15 
92 1.6968404492771166e-15 
93 1.937933469852937e-15 
94 -1.223290995182507e-14 
95 -2.6566996830738305e-15 
96 -1.251506582362802e-15 
97 -2.436530117384188e-13 
98 5.887029028924444e-14 
99 -2.568437028535863e-13 
100 -5.993624773332493e-15 
101 3.7221502042055625e-14 
102 -1.0954451368759649e-12 
103 4.261591080007819e-13 
104 -7.872480445502078e-12 
105 -8.27971025211756e-12 
106 8.393336023712881e-11 
107 8.564842719359862e-10 
108 -1.942533001481657e-08 
109 -5.591020891239749e-08 
110 -8.507116078916867e-10 
111 -2.3955800712120196e-09 
112 -4.53111717733321e-09 
113 2.6179150923173136e-07 
114 1.0256760010470415e-07 
115 -2.2786183096724317e-05 
116 -1.9608937173453035e-07 
117 0.0025303276470361236 
