2 -0.1224383395776986 
3 -0.41257820919876287 
4 0.6134312514301665 
5 -0.40129993462326524 
6 -0.05133203707147285 
7 0.43269327062678115 
8 -0.5096227449060518 
9 0.2432646242025004 
10 0.1671052267799222 
11 -0.4479574575403255 
12 0.41967290988577544 
13 -0.1112790285665093 
14 -0.2579973219141427 
15 0.444553413760196 
16 -0.32649079268455194 
17 -0.0062601685257901735 
18 0.3256779171520129 
19 -0.4193075045093638 
20 0.22813069811695044 
21 0.11110854702291956 
22 -0.36924866650116145 
23 0.3736344709205135 
24 -0.1263271684375527 
25 -0.2012616881701086 
26 0.3883835476445303 
27 -0.31030675162985966 
28 0.02451716200525252 
29 0.2738837035588502 
30 -0.3836424078758879 
31 0.23283479003944524 
32 0.07308170143618849 
33 -0.3264409195060681 
34 0.3564586997217579 
35 -0.1452770419910032 
36 -0.16201648751703077 
37 0.35718890989137203 
38 -0.30901072005243957 
39 0.05219705669529451 
40 0.23806371071641472 
41 -0.36526753573862736 
42 0.24421718177142734 
43 0.04146999140102534 
44 -0.2975348516991593 
45 0.3507117868476542 
46 -0.16579519023081213 
47 -0.1306561177927933 
48 0.33744064678437663 
49 -0.31454920841063183 
50 0.07823142703276512 
51 0.21041932105758407 
52 -0.35564686330760137 
53 0.2589377756498237 
54 0.013391019933035807 
55 -0.2761923835595216 
56 0.351101307811036 
57 -0.187199373014456 
58 -0.1036682289219388 
59 0.3240633218150456 
60 -0.32406334598574676 
61 0.1036682853000851 
62 0.18719932175246798 
63 -0.3511012958401736 
64 0.2761924184811999 
65 -0.013391079415237275 
66 -0.2589377320399366 
67 0.35564686449549815 
68 -0.21041936656326574 
69 -0.07823136632234484 
70 0.3145491735964372 
71 -0.3374406609982556 
72 0.13065617270233243 
73 0.16579513022502332 
74 -0.3507117623003026 
75 0.2975348794283916 
76 -0.041470054112385926 
77 -0.24421712567887566 
78 0.365267523649161 
79 -0.23806375203210753 
80 -0.05219698858441467 
81 0.3090106700747095 
82 -0.35718891230964217 
83 0.16201654207305624 
84 0.14527697055207098 
85 -0.35645865916893893 
86 0.3264409386835617 
87 -0.07308176827347028 
88 -0.2328347193233247 
89 0.38364238165557724 
90 -0.2738837409623265 
91 -0.02451708435076221 
92 0.3103066851086402 
93 -0.3883835363730096 
94 0.20126174333298746 
95 0.12632707870200688 
96 -0.3736344014708238 
97 0.36924866777228943 
98 -0.11110861842473635 
99 -0.22813059760340276 
100 0.4193074395640921 
101 -0.3256779289448519 
102 0.006260251651069634 
103 0.32649068750602983 
104 -0.4445533543880903 
105 0.2579973468695169 
106 0.11127892878980072 
107 -0.4196727980544498 
108 0.44795739871796336 
109 -0.16710526174887147 
110 -0.24326454380316273 
111 0.5096226693749587 
112 -0.43269320527617183 
113 0.05133204387560824 
114 0.40129990697792184 
115 -0.6134312228041285 
116 0.4125782059494283 
117 0.12243833184400751 
