0.0 
106.2890436501171 
103.48207550513551 
102.48681136536578 
99.81573238436938 
98.77042361943876 
96.14937164404797 
95.0894163835548 
92.48301512768107 
91.42083626563895 
88.8166602491168 
87.75450737315124 
85.15030557978712 
84.08824001013988 
81.48395089567639 
80.42190365304334 
77.81759620065462 
76.75554983750223 
74.15124150375908 
73.08919467005231 
70.48488680684558 
69.42283983729085 
66.81853210999599 
65.75648512750344 
63.15217741316108 
62.09013043273899 
59.48582271632721 
58.423775736831715 
55.81946801949304 
54.75742104012716 
52.15311332265873 
51.091066343287814 
48.486758625824386 
47.42471164644767 
44.82040392899004 
43.75835694961223 
41.15404923215571 
40.09200225277788 
37.487694535321346 
36.42564755594358 
33.821339838487 
32.75929285910926 
30.15498514165269 
29.092938162274898 
26.48863044481837 
25.42658346544058 
22.822275747984055 
21.76022876860628 
19.155921051149708 
18.09387407177194 
15.48956635431536 
14.427519374937567 
11.82321165748103 
10.761164678103237 
8.156856960646687 
7.094809981268927 
4.49050226381234 
3.428455284434552 
0.8241475669779958 
-0.2378994123997878 
-2.8422071298563463 
-3.90425410923417 
-6.508561826690685 
-7.570608806068452 
-10.174916523525026 
-11.236963502902809 
-13.84127122035938 
-14.90331819973716 
-17.507625917193717 
-18.569672896571507 
-21.17398061402807 
-22.236027593405876 
-24.840335310862432 
-25.9023822902402 
-28.506690007696786 
-29.568736987074615 
-32.17304470453113 
-33.23509168390891 
-35.83939940136549 
-36.90144638074329 
-39.50575409819988 
-40.56780107757761 
-43.17210879503423 
-44.23415577441208 
-46.838463491868545 
-47.90051047124637 
-50.50481818870292 
-51.56686516808077 
-54.171172885537295 
-55.23321986491508 
-57.83752758237165 
-58.89957456174968 
-61.50388227920603 
-62.56592925858378 
-65.17023697604036 
-66.23228395541823 
-68.83659167287472 
-69.8986386522525 
-72.50294636970914 
-73.56499334908703 
-76.16930106654353 
-77.23134804592108 
-79.83565576337791 
-80.8977027427557 
-83.50201046021229 
-84.56405743959026 
-87.16836515704667 
-88.23041213642453 
-90.83471985388105 
-91.89676683325888 
-94.50107455071543 
-95.56312153009314 
-98.16742924754992 
-99.22947622692755 
-101.83378394438431 
-102.89583092376073 
-105.5001386412187 
-106.56218562059625 
-109.166493338053 
-110.22854031743084 
-112.83284803488742 
-113.89489501426524 
-116.49920273172178 
-117.56124971109958 
-120.16555742855617 
-121.22760440793394 
-123.83191212539056 
-124.8939591047684 
-127.498266822225 
-128.5603138016028 
-131.1646215190594 
-132.22666849843844 
-134.83097621589374 
-135.89302319527138 
-138.49733091272824 
-139.5593778921058 
-142.1636856095627 
-143.2257325889402 
-145.8300403063972 
-146.89208728577458 
-149.49639500323158 
-150.55844198260533 
-153.16274970006586 
-154.22479667944364 
-156.8291043969002 
-157.8911513762784 
-160.49545909373478 
-161.5575060731215 
-164.1618137905693 
-165.22386076994636 
-167.8281684874036 
-168.89021546678083 
-171.49452318423803 
-172.55657016361573 
-175.16087788107254 
-176.22292486044833 
-178.82723257790704 
-179.88927955728448 
-182.49358727474143 
-183.55563425411933 
-186.15994197157593 
-187.22198895095372 
-189.82629666841044 
-190.8883436477883 
-193.49265136524488 
-194.5546983446227 
-197.15900606207947 
-198.22105304145714 
-200.82536075891412 
-201.88740773829014 
-204.49171545574868 
-205.553762435126 
-208.158070152583 
-209.22011713196093 
-211.82442484941768 
-212.8864718287946 
-215.49077954625213 
-216.5528265256302 
-219.15713424308674 
-220.21918122246484 
-222.82348893992133 
-223.88553591929906 
-226.489843636756 
-227.55189061613348 
-230.15619833359062 
-231.2182453129682 
-233.82255303042533 
-234.8846000098019 
-237.4889077272061 
-238.55095470550268 
-241.15526243096468 
-242.21731294007657 
-244.82190883751358 
-245.89869014741024 
-249.0923262239957 
-259.55771285906076 
-259.60296800496747 
-259.6029946964848 
-259.65092277323623 
-259.6510240557148 
-259.67707473597324 
-259.67724681720404 
-259.6947137451806 
-259.69490728220705 
-259.7071979585077 
-259.70738603506595 
-259.7163469909223 
-259.7165189669494 
-259.72322553573144 
-259.7233784694785 
-259.7284956207269 
-259.7286299180516 
-259.73259055252566 
-259.7327079526595 
-259.73580632736054 
-259.7359089862036 
-259.73835234377225 
-259.7384424224801 
-259.7403809766783 
-259.7404604661006 
-259.7420056325894 
-259.74207628952956 
-259.7433122390998 
-259.74337557565553 
-259.7443668322455 
-259.74442412948457 
-259.7452207335372 
-259.7452730654025 
-259.74591418425604 
-259.74596244430876 
-259.74647896140385 
-259.74652388916064 
-259.74694029944584 
-259.74698250447875 
-259.7473183273565 
-259.74735831059616 
-259.74762915950595 
-259.7476673316667 
-259.7478857341011 
-259.7479224313336 
-259.74809846313536 
-259.748133960153 
-259.74827574159116 
-259.7483102627045 
-259.74842434897283 
-259.74845807716207 
-259.74854976691023 
-259.7485828513514 
-259.74865643190736 
-259.7486889941485 
-259.7487479373555 
-259.7487800763978 
-259.74882719544706 
-259.7488589918757 
-259.74889656711383 
-259.7489280864983 
-259.7489579666331 
-259.7489892622966 
-259.74901294598754 
-259.7490440612603 
-259.74906276305705 
-259.74909373312 
-259.74910843684654 
-259.7491392902388 
-259.74915079231863 
-259.74918155216375 
-259.7491904969083 
-259.7492211819244 
-259.74922809028755 
-259.74925871561067 
-259.74926400180647 
-259.7492945793337 
-259.7492985792419 
-259.74932911892915 
-259.7493321101294 
-259.74936262000546 
-259.7493648279695 
-259.74939531453373 
-259.74939692269965 
-259.74942739122946 
-259.74942854895534 
-259.7494590035539 
-259.7494598294144 
-259.7494902737839 
-259.74949086354076 
-259.74952130043977 
-259.74952173238734 
-259.74955216401855 
-259.7495524991893 
-259.74958292733487 
-259.7495832101644 
-259.7496136361985 
-259.7496138956329 
-259.74964432049376 
-259.74964457196364 
-259.74967499616315 
-259.74967524562175 
-259.7497056695826 
-259.74970591866565 
-259.7497363425376 
-259.74973659155813 
-259.7497670154086 
-259.74976726441884 
-259.7497976882649 
-259.7497979372734 
-259.74982836111855 
-259.7498286101267 
-259.74985903397175 
-259.7498592829798 
-259.7498897068252 
-259.7498899558337 
-259.7499203796788 
-259.7499206286871 
-259.74995105253214 
-259.7499513015402 
-259.7499817253853 
-259.7499819743936 
-259.7500123982389 
-259.75001264724733 
-259.7500430710924 
-259.7500433201006 
-259.7500737439457 
-259.7500739929538 
-259.75010441679893 
-259.7501046658072 
-259.75013508965236 
-259.7501353386607 
-259.75016576250556 
-259.7501660115137 
-259.7501964353586 
-259.75019668436715 
-259.7502271082124 
-259.7502273572206 
-259.750257781066 
-259.7502580300744 
-259.7502884539194 
-259.7502887029278 
-259.750319126773 
-259.7503193757812 
-259.75034979962624 
-259.7503500486345 
-259.75038047247955 
-259.75038072148817 
-259.7504111453333 
-259.7504113943418 
-259.75044181818674 
-259.750442067195 
-259.75047249104017 
-259.75047274004834 
-259.75050316389326 
-259.75050341290154 
-259.7505338367464 
-259.7505340857545 
-259.75056450959977 
-259.75056475860805 
-259.7505951824532 
-259.7505954314617 
-259.75062585530674 
-259.7506261043149 
-259.7506565281603 
-259.7506567771684 
-259.75068720101336 
-259.75068745002187 
-259.7507178738667 
-259.7507181228752 
-259.75074854672 
-259.7507487957285 
-259.7507792195739 
-259.75077946858227 
-259.75080989242787 
-259.75081014143626 
-259.7508405652673 
-259.7508408142757 
-259.75087123802297 
-259.7508714870308 
-259.75090191066596 
-259.7509021596742 
-259.7509325849332 
-259.75093283395034 
-259.75096327219654 
-259.7509635212587 
-259.7509939937691 
-259.7509942428616 
-259.7510245673147 
-259.7510248153374 
-259.7510533332909 
-259.7510535733068 
-259.75107458968483 
-259.75107479758384 
-259.75108446931864 
-259.7510844693181 
-259.7510844693177 
-261.1842421252651 
-261.268828932743 
-261.31766717177436 
-261.3295936488875 
-261.34526101643456 
-261.3463713361319 
-261.3571072416316 
-261.3579176533061 
-261.36573204003463 
-261.3663343999421 
-261.37224760754935 
-261.37270823266755 
-261.3773004751618 
-261.37766124593094 
-261.3812976574787 
-261.38158538076897 
-261.38451011938656 
-261.38474289765867 
-261.38712514481875 
-261.3873156560009 
-261.38927602169116 
-261.38943340759096 
-261.3910601044892 
-261.39119111868723 
-261.3925501277993 
-261.3926598670866 
-261.39380152051234 
-261.3938939027807 
-261.39485837040064 
-261.394936633776 
-261.3957555001004 
-261.3958220554785 
-261.39651962870784 
-261.39657639729006 
-261.3971722437239 
-261.39722078399757 
-261.3977308656168 
-261.3977724543608 
-261.3982099063314 
-261.39824559768243 
-261.39862130810155 
-261.39865197849366 
-261.39897503141987 
-261.39900141398397 
-261.3992783522561 
-261.39930088686106 
-261.3995373725351 
-261.39955660977824 
-261.399758476777 
-261.39977489487416 
-261.39994715534266 
-261.39996116218543 
-261.4001080936227 
-261.40012003746307 
-261.4002452961931 
-261.4002554749259 
-261.40036219155974 
-261.4003708604791 
-261.40046171849394 
-261.40046909640495 
-261.40054639777594 
-261.4005526724721 
-261.4006183920339 
-261.4006237245347 
-261.400679556404 
-261.4006840833607 
-261.40073142297007 
-261.4007352578141 
-261.40077534669746 
-261.40077859308485 
-261.4008125209827 
-261.40081526763646 
-261.40084396498986 
-261.4008462875175 
-261.40087054687945 
-261.40087250965354 
-261.40089300564426 
-261.4008946634431 
-261.4009119700066 
-261.4009133694213 
-261.40092797461415 
-261.40092915525383 
-261.4009414738861 
-261.40094246940515 
-261.4009528538574 
-261.40095369283944 
-261.40096244233024 
-261.4009631490398 
-261.4009705177895 
-261.40097111286076 
-261.4009773185439 
-261.4009778197781 
-261.40098305926693 
-261.40098348359703 
-261.40098800312467 
-261.40098837737816 
-261.4009931087076 
-261.40099360035737 
-261.66320179691485 
-261.8090348608635 
-262.2305030277943 
-262.2813666438795 
-262.4510077470231 
-262.4691595834136 
-262.54205447311136 
-262.5507483031577 
-262.58573610869104 
-262.5905232349547 
-262.609577225234 
-262.6124250522651 
-262.6240863790857 
-262.62588664761967 
-262.63382156944914 
-262.6351461482362 
-262.63949482227 
-262.64040424719525 
-262.64365174296387 
-262.64429590027754 
-262.6467658511163 
-262.6472346578133 
-262.6491362437743 
-262.6494856074997 
-262.65096313859686 
-262.6512293989559 
-262.6524064915688 
-262.65253586957095 
-262.6534619870138 
-262.6535688924511 
-262.6543019666511 
-262.65439159934493 
-262.65497521631545 
-262.65505122856706 
-262.6555189918508 
-262.65558404185634 
-262.65596103107015 
-262.65601704883926 
-262.65632332350157 
-262.65637182840675 
-262.6566223310064 
-262.6566645175646 
-262.65687085071266 
-262.6569076790926 
-262.65707900371234 
-262.6571112874934 
-262.6572546974345 
-262.65728314611425 
-262.65740375388015 
-262.6574289488721 
-262.65753110479426 
-262.65755356142046 
-262.65764057421615 
-262.65766072928903 
-262.6577351538635 
-262.6577533828865 
-262.6578170398131 
-262.6578336484893 
-262.6578881533821 
-262.65790339690176 
-262.6579500030044 
-262.6579640845512 
-262.65800374911606 
-262.65801682149544 
-262.65805042671457 
-262.65806260376075 
-262.6580908584103 
-262.6581022151419 
-262.65812575855756 
-262.65813633682865 
-262.6581557799129 
-262.65816559582817 
-262.6581813893052 
-262.6581904312273 
-262.65820310736444 
-262.6582113478573 
-262.6582213267299 
-262.6582287223131 
-262.6582364215099 
-262.65824292212443 
-262.6582487083352 
-262.6582542640845 
-262.65825846761965 
-262.65826303764885 
-262.65826595341053 
-262.658269516404 
-262.6582714084241 
-262.6582739756786 
-262.6582750825102 
-262.65827671531787 
-262.6582772580451 
-262.6582780929054 
-262.65827828235825 
-262.65827855984975 
-262.65827858981623 
-262.6582786237681 
-262.6582786237631 
-262.6582786238735 
-262.6582786238711 
-262.6582786238735 
-262.6582786238769 
-262.6582786238762 
-262.6582786238774 
-262.6582786238776 
-262.65827862387806 
-262.6582786238785 
-262.65827862387897 
-262.6582786238792 
-262.65827862387965 
-262.65827862387977 
-262.65827862388045 
-262.6582786238809 
-262.6582786238822 
-262.6582786238824 
-262.65827862388363 
-262.6582786238843 
-262.658278623886 
-262.65827862388693 
-262.658278623889 
-262.65827862388966 
-262.6582786238924 
-262.65827862389364 
-262.6582786238973 
-262.6582786238987 
-262.6582786239033 
-262.6582786239051 
-262.6582786239107 
-262.65827862391274 
-262.6582786239192 
-262.6582786239216 
-262.6582786239289 
-262.6582786239315 
-262.65827862394 
-262.658278623943 
-262.65827862395264 
-262.65827862395605 
-262.6582786239669 
-262.6582786239706 
-262.65827862398197 
-262.65827862398595 
-262.65827862399846 
-262.65827862400266 
-262.6582786240164 
-262.6582786240211 
-262.6582786240354 
-262.65827862404007 
-262.6582786240552 
-262.65827862405996 
-262.65827862407565 
-262.65827862408076 
-262.6582786240976 
-262.65827862410293 
-262.65827862412044 
-262.6582786241258 
-262.65827862414443 
-262.6582786241499 
-262.65827862416876 
-262.65827862417456 
-262.65827862419377 
-262.65827862419957 
-262.65827862421605 
-262.65827862450027 
-262.65827862496184 
-262.6582786252608 
-262.65827862574173 
-262.65827862605823 
-262.65827862655766 
-262.65827862689554 
-262.65827862741173 
-262.65827862777655 
-262.65827862831185 
-262.65827862873135 
-262.65827862891496 
-262.6582786293778 
-262.6582786295914 
-262.65827863009815 
-262.6582786303889 
-262.65827863094665 
-262.6582786314006 
-262.65827863201946 
-262.65827863274427 
-262.6582786334314 
-262.6582786344878 
-262.65827863574424 
-262.6582786371226 
-262.6582786385798 
-262.6582786404287 
-262.6582786421816 
-262.6582786446974 
-262.6582786468727 
-262.65827865078296 
-262.6582786510273 
-262.65827865127636 
-262.65827865164744 
-262.6582786518375 
-262.65827865221655 
-262.65827865232103 
-262.6582911352469 
-262.6582945934312 
-262.65831119016497 
-262.6583156349696 
-262.65832913011656 
-262.65833316504126 
-262.65834466582663 
-262.6583482191002 
-262.6583579936717 
-262.65836111103664 
-262.65836943073924 
-262.6583721614622 
-262.6583792587723 
-262.6583816458744 
-262.65838771514433 
-262.6583897966768 
-262.6583949998662 
-262.65839681073527 
-262.658401280099 
-262.65840285299015 
-262.6584067003395 
-262.65840806578245 
-262.65841138391755 
-262.6584125699299 
-262.6584154368366 
-262.6584164685972 
-262.6584189501498 
-262.6584198498279 
-262.6584220018444 
-262.6584227886722 
-262.65842465859697 
-262.6584253492205 
-262.6584269783527 
-262.6584275889656 
-262.6584291113199 
-262.65842938493824 
-262.6584307127068 
-262.6584309549623 
-262.6584321160089 
-262.6584323290792 
-262.65843334543814 
-262.6584335317885 
-262.658434422306 
-262.6584345845742 
-262.6584353649104 
-262.6584355057384 
-262.65843618912714 
-262.65843631106105 
-262.65843690877404 
-262.65843701419004 
-262.65843753600126 
-262.6584376270943 
-262.65843808186196 
-262.65843816077944 
-262.65843856037003 
-262.65843863587924 
-262.65843882267785 
-262.6584388883634 
-262.65843904791785 
-262.6584391049792 
-262.65843924084953 
-262.65843929034 
-262.65843940562667 
-262.6584394484676 
-262.6584395458595 
-262.65843958285245 
-262.6584396646737 
-262.6584396965097 
-262.6584397646311 
-262.6584397918205 
-262.6584398476742 
-262.65843986906765 
-262.65843995726215 
-262.65843997545556 
-262.6584400459338 
-262.65844006126173 
-262.6584401164158 
-262.6584401291564 
-262.6584401711587 
-262.6584401815391 
-262.6584402123889 
-262.65844022059724 
-262.6584402421475 
-262.6584402483364 
-262.65844026179883 
-262.6584402689687 
-262.6584402768614 
-262.6584402809832 
-262.6584402848959 
-262.65844028683074 
-262.65844028828525 
-262.65844028893736 
-262.6584402892821 
-262.65844028940995 
-262.6584402894494 
-262.6584402894445 
-262.65844028952404 
-262.6584402895219 
-262.6584402895241 
-262.65844028952773 
-262.6584402895267 
-262.6584402895284 
-262.658440289529 
-262.65844028952944 
-262.65844028952966 
-262.6584402895298 
-262.6584402895299 
-262.6584402895299 
-262.65844028953023 
-262.6584402895299 
-262.6584402895299 
-262.65844028953023 
-262.65844028953035 
-262.65844028953046 
-262.6584402895306 
-262.65844028953035 
-262.6584402895306 
-262.65844028953023 
-262.65844028953023 
-262.6584402895301 
-262.6584402895301 
-262.6584402895299 
-262.65844028953023 
-262.65844028953023 
-262.65844028953023 
-262.65844028953023 
-262.65844028953035 
-262.65844028953035 
-262.6584402895301 
-262.6584402895299 
-262.6584402895301 
-262.6584402895306 
-262.6584402895307 
-262.6584402895309 
-262.65844028953126 
-262.65844028953126 
-262.6584402895316 
-262.6584402895316 
-262.65844028953205 
-262.6584402895324 
-262.65844028953285 
-262.6584402895334 
-262.658440289534 
-262.6584402895348 
-262.6584402895352 
-262.65844028953626 
-262.6584402895368 
-262.65844028953785 
-262.6584402895384 
-262.6584402895399 
-262.6584402895407 
-262.6584402895425 
-262.6584402895434 
-262.6584402895451 
-262.6584402895466 
-262.6584402895489 
-262.65844028955036 
-262.65844028955263 
-262.65844028955433 
-262.6584402895573 
-262.65844028955945 
-262.65844028956286 
-262.6584402895672 
-262.6584402895713 
-262.6584402895763 
-262.6584402895814 
-262.6584402895879 
-262.65844028959344 
-262.6584402896005 
-262.6584402896072 
-262.65844028961516 
-262.65844028962323 
-262.6584402896323 
-262.6584402896413 
-262.6584402896514 
-262.65844028966154 
-262.65844028967325 
-262.6584402896851 
-262.6584402896983 
-262.658440289711 
-262.65844028972555 
-262.6584402897392 
-262.65844028975147 
-262.6584402899136 
-262.658440290068 
-262.6584402902336 
-262.65844029039175 
-262.65844029056126 
-262.6584402907236 
-262.6584402908967 
-262.65844029106137 
-262.6584402912377 
-262.6584402914054 
-262.65844029159103 
-262.6584402917621 
-262.6584402919845 
-262.65844029198803 
-262.6584402919887 
-262.65844029198894 
-262.65844029198894 
-262.6584402919887 
-262.6584402919885 
-262.6584402919893 
-262.6584402919896 
-262.6584402919904 
-262.65844029199087 
-262.6584402919918 
-262.65844029199235 
-262.6584402919929 
-262.6584402919936 
-262.65844029199394 
-262.6584402919946 
-262.6584402919953 
-262.6584402919959 
-262.65844029199656 
-262.65844029199724 
-262.6584402919978 
-262.65844029199826 
-262.6584402919985 
-262.65844029199894 
-262.65844029199917 
-262.6584402919996 
-262.65844029199997 
-262.65844029200065 
-262.6584402920012 
-262.65844029200167 
-262.6584402920022 
-262.6584402920027 
-262.65844029200315 
-262.6584402920037 
-262.6584402920042 
-262.6584402920046 
-262.65844029200485 
-262.65844029200474 
-262.65844029200485 
-262.65844029200474 
-262.6584402920046 
-262.65844029200474 
-262.6584402920045 
-262.65844029200406 
-262.658440292004 
-262.6584402920042 
-262.65844029200406 
-262.65844029200406 
-262.65844029200406 
-262.65844029200383 
-262.6584402920037 
-262.6584402920036 
-262.6584402920036 
-262.6584402920035 
-262.65844029200315 
-262.65844029200304 
-262.65844029200304 
-262.65844029200304 
-262.6584402920027 
-262.6584402920026 
-262.6584402920027 
-262.65844029200247 
-262.6584402920023 
-262.6584402920019 
-262.6584402920021 
-262.6584402920022 
-262.6584402920023 
-262.65844029200235 
-262.65844029200235 
-262.65844029200224 
-262.65844029200224 
-262.658440292002 
-262.6584402920018 
-262.65844029200156 
-262.65844029200144 
-262.65844029200133 
-262.65844029200144 
-262.6584402920016 
-262.6584402920014 
-262.65844029200156 
-262.6584402920011 
-262.6584402920012 
-262.6584402920011 
-262.6584402920009 
-262.6584402920009 
-262.65844029200053 
-262.6584402920006 
-262.65844029200065 
-262.65844029200065 
-262.6584402920004 
-262.6584402920003 
-262.65844029199974 
-262.65844029199906 
-262.6584402919988 
-262.6584402919971 
-262.6584402919978 
-262.6584402919944 
-262.6584402919919 
-262.65844029199445 
-262.6584402919979 
-262.658440291997 
-262.65844029199883 
-262.6584402919994 
-262.6584402920001 
-262.65844029200053 
-262.65844029200053 
-262.65844029200065 
-262.65844029200076 
-262.6584402920009 
-262.6584402920009 
-262.658440292001 
-262.658440292001 
-262.6584402920012 
-262.65844029200133 
-262.6584402920013 
-262.65844029200156 
-262.65844029200144 
-262.65844029200144 
-262.65844029200156 
-262.65844029200167 
-262.6584402920019 
-262.658440292002 
-262.6584402920021 
-262.65844029200224 
-262.65844029200247 
-262.65844029200224 
-262.65844029200224 
-262.65844029200247 
-262.65844029200247 
-262.65844029200247 
-262.65844029200247 
-262.65844029200224 
-262.65844029200235 
-262.65844029200264 
-262.6584402920027 
-262.6584402920028 
-262.658440292003 
-262.65844029200315 
-262.65844029200304 
-262.65844029200304 
-262.65844029200304 
-262.65844029200315 
-262.65844029200315 
-262.65844029200315 
-262.65844029200326 
-262.65844029200355 
-262.65844029200395 
-262.65844029200406 
-262.6584402920043 
-262.6584402920044 
-262.6584402920044 
-262.6584402920044 
-262.6584402920046 
-262.65844029200474 
-262.6584402920045 
-262.65844029200474 
-262.65844029200497 
-262.65844029200497 
-262.6584402920051 
-262.65844029200485 
-262.65844029200497 
-262.6584402920051 
-262.6584402920052 
-262.6584402920054 
-262.65844029200554 
-262.65844029200565 
-262.65844029200576 
-262.6584402920057 
-262.65844029200576 
-262.658440292006 
-262.6584402920059 
-262.6584402920061 
-262.6584402920063 
-262.65844029200633 
-262.65844029200656 
-262.65844029200645 
-262.6584402920067 
-262.6584402920068 
-262.6584402920068 
-262.6584402920069 
-262.6584402920068 
-262.6584402920071 
-262.6584402920071 
-262.65844029200724 
-262.65844029200724 
-262.6584402920071 
-262.6584402920076 
-262.6584402920076 
-262.65844029200787 
-262.6584402920078 
-262.6584402920078 
-262.6584402920079 
-262.65844029200815 
-262.65844029200815 
-262.65844029200804 
-262.65844029200815 
-262.6584402920085 
-262.65844029200906 
-262.6584402920095 
-262.65844029200997 
-262.65844029201054 
-262.658440292011 
-262.65844029201145 
-262.65844029201156 
-262.6584402920121 
-262.6584402920127 
-262.65844029201315 
-262.6584402920136 
-262.65844029201395 
-262.6584402920142 
-262.65844029201406 
-262.6584402920142 
-262.6584402920144 
-262.65844029201435 
-262.6584402920143 
-262.6584402920144 
-262.6584402920148 
-262.65844029201486 
-262.65844029201486 
-262.6584402920149 
-262.65844029201475 
-262.65844029201475 
-262.65844029201463 
-262.65844029201475 
-262.65844029201486 
-262.6584402920144 
-262.6584402920144 
-262.65844029201475 
-262.6584402920147 
-262.65844029201486 
-262.65844029201486 
-262.65844029201463 
-262.65844029201475 
-262.65844029201486 
-262.6584402920151 
-262.6584402920152 
-262.6584402920152 
-262.658440292015 
-262.6584402920151 
-262.6584402920153 
-262.65844029201514 
-262.6584402920154 
-262.65844029201554 
-262.65844029201577 
-262.6584402920159 
-262.658440292016 
-262.6584402920162 
-262.65844029201634 
-262.65844029201634 
-262.65844029201645 
-262.6584402920167 
-262.658440292017 
-262.65844029201713 
-262.65844029201713 
-262.65844029201713 
-262.65844029201713 
-262.65844029201736 
-262.6584402920175 
-262.6584402920176 
-262.6584402920178 
-262.6584402920178 
-262.65844029201804 
-262.65844029201816 
-262.6584402920184 
-262.6584402920185 
-262.6584402920185 
-262.6584402920185 
-262.6584402920185 
-262.6584402920185 
-262.65844029201827 
-262.65844029201827 
-262.6584402920185 
-262.6584402920186 
-262.6584402920186 
-262.6584402920188 
-262.6584402920188 
-262.65844029201907 
-262.65844029201895 
-262.65844029201895 
-262.6584402920192 
-262.658440292019 
-262.65844029201907 
-262.6584402920193 
-262.6584402920192 
-262.65844029201907 
-262.65844029201907 
-262.6584402920188 
-262.6584402920185 
-262.65844029201793 
-262.65844029201736 
-262.65844029201577 
-262.6584402920168 
-262.6584402920134 
-262.6584402920112 
-262.6584402920137 
-262.65844029201696 
-262.658440292016 
-262.6584402920176 
-262.65844029201827 
-262.65844029201895 
-262.6584402920192 
-262.6584402920195 
-262.6584402920195 
-262.65844029201963 
-262.6584402920195 
-262.6584402920194 
-262.6584402920193 
-262.6584402920194 
-262.6584402920192 
-262.65844029201907 
-262.65844029201907 
-262.65844029201907 
-262.65844029201884 
-262.65844029201895 
-262.6584402920187 
-262.65844029201884 
-262.6584402920187 
-262.65844029201884 
-262.65844029201884 
-262.6584402920187 
-262.65844029201895 
-262.6584402920191 
-262.65844029201907 
-262.65844029201895 
-262.65844029201895 
-262.65844029201895 
-262.6584402920188 
-262.6584402920187 
-262.6584402920185 
-262.65844029201827 
-262.65844029201827 
-262.65844029201804 
-262.65844029201793 
-262.6584402920178 
-262.6584402920176 
-262.65844029201736 
-262.65844029201736 
-262.65844029201725 
-262.6584402920169 
-262.6584402920167 
-262.65844029201656 
-262.658440292016 
-262.65844029201565 
-262.65844029201554 
-262.6584402920154 
-262.6584402920153 
-262.6584402920153 
-262.6584402920152 
-262.658440292015 
-262.65844029201475 
-262.6584402920144 
-262.6584402920143 
-262.6584402920142 
-262.65844029201384 
-262.6584402920137 
-262.6584402920134 
-262.6584402920134 
-262.6584402920135 
-262.6584402920136 
-262.6584402920135 
-262.6584402920134 
-262.6584402920134 
-262.6584402920134 
-262.65844029201327 
-262.65844029201304 
-262.65844029201315 
-262.65844029201315 
-262.65844029201304 
-262.6584402920128 
-262.6584402920129 
-262.6584402920127 
-262.65844029201224 
-262.658440292012 
-262.6584402920119 
-262.6584402920117 
-262.6584402920117 
-262.65844029201133 
-262.6584402920112 
-262.6584402920111 
-262.6584402920111 
-262.6584402920109 
-262.658440292011 
-262.6584402920109 
-262.6584402920109 
-262.65844029201065 
-262.6584402920109 
-262.65844029201065 
-262.65844029201065 
-262.6584402920102 
-262.6584402920101 
-262.65844029200986 
-262.65844029200974 
-262.6584402920095 
-262.6584402920095 
-262.6584402920095 
-262.6584402920092 
-262.6584402920093 
-262.65844029200906 
-262.65844029200895 
-262.65844029200906 
-262.65844029200895 
-262.6584402920086 
-262.6584402920084 
-262.65844029200827 
-262.65844029200827 
-262.65844029200804 
-262.6584402920079 
-262.6584402920077 
-262.65844029200747 
-262.65844029200736 
-262.65844029200724 
-262.658440292007 
-262.6584402920069 
-262.65844029200656 
-262.65844029200645 
-262.6584402920062 
-262.658440292006 
-262.658440292006 
-262.6584402920059 
-262.65844029200576 
-262.6584402920056 
-262.6584402920053 
-262.6584402920051 
-262.6584402920051 
-262.65844029200497 
-262.65844029200485 
-262.6584402920046 
-262.6584402920047 
-262.65844029200474 
-262.6584402920046 
-262.6584402920044 
-262.65844029200406 
-262.65844029200383 
-262.6584402920036 
-262.6584402920034 
-262.65844029200315 
-262.6584402920029 
-262.6584402920029 
-262.6584402920026 
-262.6584402920027 
-262.6584402920027 
-262.6584402920026 
-262.65844029200235 
-262.65844029200224 
-262.6584402920022 
-262.6584402920021 
-262.6584402920021 
-262.6584402920021 
-262.6584402920019 
-262.65844029200156 
-262.65844029200156 
-262.65844029200144 
-262.6584402920011 
-262.658440292001 
-262.658440292001 
-262.6584402920009 
-262.6584402920009 
-262.65844029200076 
-262.65844029200065 
-262.65844029200076 
-262.65844029200076 
-262.65844029200053 
-262.6584402920006 
-262.65844029200025 
-262.6584402920004 
-262.65844029200053 
-262.65844029200053 
-262.65844029200053 
-262.6584402920002 
-262.6584402920001 
-262.6584402920002 
-262.6584402920002 
-262.65844029199985 
-262.65844029199985 
-262.65844029199974 
-262.65844029199985 
-262.65844029199985 
-262.6584402919996 
-262.6584402919998 
-262.6584402919996 
-262.6584402919993 
-262.65844029199917 
-262.65844029199894 
-262.6584402919984 
-262.6584402919979 
-262.65844029199747 
-262.65844029199553 
-262.65844029199667 
-262.65844029199303 
-262.65844029199064 
-262.658440291993 
-262.6584402919966 
-262.65844029199565 
-262.65844029199747 
-262.65844029199815 
-262.6584402919986 
-262.65844029199917 
-262.6584402919993 
-262.6584402919994 
-262.65844029199974 
-262.65844029199997 
-262.65844029199997 
-262.65844029199997 
-262.65844029199985 
-262.65844029199974 
-262.65844029199997 
-262.6584402920002 
-262.6584402920004 
-262.65844029200053 
-262.6584402920004 
-262.6584402920003 
-262.6584402920006 
-262.65844029200053 
-262.6584402920004 
-262.6584402920004 
-262.65844029200053 
-262.65844029200076 
-262.65844029200076 
-262.6584402920011 
-262.6584402920011 
-262.6584402920011 
-262.6584402920012 
-262.65844029200167 
-262.65844029200167 
-262.6584402920018 
-262.6584402920019 
-262.658440292002 
-262.65844029200224 
-262.6584402920023 
-262.65844029200235 
-262.6584402920026 
-262.65844029200304 
-262.65844029200304 
-262.65844029200315 
-262.6584402920034 
-262.6584402920035 
-262.65844029200366 
-262.6584402920036 
-262.6584402920036 
-262.6584402920036 
-262.6584402920036 
-262.65844029200383 
-262.65844029200395 
-262.6584402920043 
-262.6584402920045 
-262.6584402920046 
-262.65844029200485 
-262.6584402920051 
-262.6584402920052 
-262.6584402920053 
-262.65844029200576 
-262.6584402920059 
-262.658440292006 
-262.65844029200633 
-262.65844029200645 
-262.65844029200656 
-262.65844029200645 
-262.65844029200656 
-262.6584402920069 
-262.6584402920072 
-262.65844029200724 
-262.65844029200724 
-262.65844029200736 
-262.6584402920076 
-262.6584402920077 
-262.6584402920079 
-262.65844029200804 
-262.65844029200815 
-262.65844029200815 
-262.65844029200815 
-262.65844029200804 
-262.65844029200815 
-262.6584402920084 
-262.6584402920085 
-262.6584402920085 
-262.65844029200827 
-262.6584402920085 
-262.6584402920088 
-262.6584402920091 
-262.65844029200935 
-262.6584402920092 
-262.6584402920093 
-262.6584402920095 
-262.6584402920095 
-262.65844029200974 
-262.65844029200986 
-262.65844029200997 
-262.6584402920102 
-262.65844029201065 
-262.65844029201077 
-262.6584402920109 
-262.6584402920112 
-262.65844029201145 
-262.65844029201156 
-262.65844029201145 
-262.6584402920117 
-262.65844029201156 
-262.65844029201145 
-262.65844029201145 
-262.65844029201156 
-262.65844029201156 
-262.65844029201156 
-262.6584402920117 
-262.6584402920118 
-262.6584402920117 
-262.6584402920117 
-262.6584402920119 
-262.65844029201213 
-262.6584402920127 
-262.6584402920129 
-262.6584402920129 
-262.6584402920133 
-262.6584402920135 
-262.65844029201327 
-262.65844029201327 
-262.65844029201367 
-262.65844029201384 
-262.65844029201384 
-262.65844029201406 
-262.6584402920143 
-262.6584402920145 
-262.6584402920144 
-262.6584402920144 
-262.6584402920144 
-262.65844029201463 
-262.65844029201486 
-262.6584402920151 
-262.658440292015 
-262.658440292015 
-262.6584402920153 
-262.65844029201554 
-262.65844029201565 
-262.6584402920159 
-262.65844029201577 
-262.6584402920158 
-262.65844029201577 
-262.6584402920159 
-262.6584402920162 
-262.65844029201656 
-262.6584402920169 
-262.6584402920168 
-262.6584402920169 
-262.65844029201713 
-262.6584402920171 
-262.65844029201713 
-262.65844029201736 
-262.6584402920175 
-262.6584402920175 
-262.6584402920175 
-262.6584402920175 
-262.6584402920176 
-262.6584402920178 
-262.65844029201804 
-262.65844029201816 
-262.65844029201804 
-262.65844029201816 
-262.65844029201827 
-262.6584402920183 
-262.65844029201827 
-262.65844029201827 
-262.6584402920186 
-262.6584402920186 
-262.65844029201855 
-262.6584402920185 
-262.6584402920184 
-262.6584402920185 
-262.6584402920186 
-262.6584402920187 
-262.65844029201884 
-262.65844029201895 
-262.65844029201907 
-262.6584402920192 
-262.6584402920193 
-262.6584402920194 
-262.6584402920195 
-262.6584402920198 
-262.65844029201963 
-262.65844029201963 
-262.6584402920194 
-262.6584402920192 
-262.6584402920185 
-262.65844029201804 
-262.65844029201634 
-262.6584402920173 
-262.65844029201395 
-262.65844029201156 
-262.65844029201384 
-262.65844029201725 
-262.6584402920162 
-262.6584402920178 
-262.6584402920184 
-262.65844029201895 
-262.65844029201924 
-262.6584402920195 
-262.6584402920192 
-262.6584402920193 
-262.65844029201907 
-262.65844029201907 
-262.65844029201895 
-262.65844029201884 
-262.65844029201895 
-262.65844029201884 
-262.6584402920187 
-262.6584402920186 
-262.6584402920184 
-262.6584402920184 
-262.65844029201804 
-262.65844029201816 
-262.65844029201816 
-262.65844029201804 
-262.6584402920178 
-262.6584402920177 
-262.6584402920177 
-262.65844029201776 
-262.6584402920175 
-262.65844029201725 
-262.65844029201713 
-262.65844029201725 
-262.65844029201713 
-262.6584402920169 
-262.65844029201634 
-262.6584402920162 
-262.6584402920159 
-262.65844029201577 
-262.6584402920159 
-262.65844029201577 
-262.65844029201577 
-262.65844029201554 
-262.6584402920154 
-262.65844029201554 
-262.6584402920155 
-262.6584402920154 
-262.6584402920153 
-262.6584402920152 
-262.658440292015 
-262.658440292015 
-262.65844029201486 
-262.65844029201475 
-262.6584402920144 
-262.6584402920142 
-262.65844029201406 
-262.65844029201384 
-262.65844029201384 
-262.65844029201384 
-262.6584402920136 
-262.6584402920134 
-262.65844029201315 
-262.65844029201327 
-262.65844029201315 
-262.6584402920129 
-262.6584402920129 
-262.6584402920128 
-262.6584402920128 
-262.65844029201236 
-262.65844029201224 
-262.658440292012 
-262.6584402920117 
-262.65844029201145 
-262.65844029201145 
-262.65844029201116 
-262.658440292011 
-262.6584402920109 
-262.65844029201077 
-262.6584402920104 
-262.6584402920104 
-262.6584402920103 
-262.6584402920103 
-262.6584402920104 
-262.6584402920103 
-262.65844029200997 
-262.65844029200997 
-262.65844029200986 
-262.6584402920095 
-262.6584402920095 
-262.6584402920092 
-262.6584402920093 
-262.65844029200906 
-262.65844029200883 
-262.65844029200906 
-262.65844029200883 
-262.6584402920085 
-262.65844029200815 
-262.6584402920079 
-262.6584402920078 
-262.6584402920076 
-262.6584402920076 
-262.65844029200736 
-262.65844029200724 
-262.65844029200707 
-262.6584402920069 
-262.6584402920067 
-262.65844029200656 
-262.65844029200656 
-262.65844029200633 
-262.6584402920062 
-262.6584402920061 
-262.6584402920061 
-262.6584402920062 
-262.658440292006 
-262.65844029200593 
-262.6584402920061 
-262.65844029200633 
-262.65844029200633 
-262.6584402920062 
-262.6584402920061 
-262.65844029200593 
-262.65844029200576 
-262.6584402920057 
-262.65844029200565 
-262.65844029200554 
-262.6584402920054 
-262.6584402920052 
-262.6584402920051 
-262.65844029200497 
-262.65844029200497 
-262.65844029200497 
-262.65844029200485 
-262.65844029200474 
-262.6584402920045 
-262.6584402920045 
-262.6584402920043 
-262.65844029200406 
-262.65844029200395 
-262.658440292004 
-262.6584402920037 
-262.6584402920035 
-262.65844029200326 
-262.65844029200315 
-262.65844029200304 
-262.6584402920029 
-262.65844029200287 
-262.6584402920027 
-262.6584402920026 
-262.65844029200224 
-262.658440292002 
-262.658440292002 
-262.65844029200167 
-262.65844029200144 
-262.65844029200133 
-262.6584402920012 
-262.658440292001 
-262.65844029200076 
-262.65844029200053 
-262.6584402920003 
-262.6584402920002 
-262.6584402920001 
-262.65844029199985 
-262.65844029199985 
-262.65844029199974 
-262.6584402919995 
-262.6584402919993 
-262.65844029199917 
-262.65844029199917 
-262.65844029199883 
-262.6584402919987 
-262.65844029199866 
-262.6584402919985 
-262.6584402919986 
-262.6584402919985 
-262.6584402919987 
-262.6584402919985 
-262.6584402919986 
-262.6584402919985 
-262.65844029199826 
-262.65844029199826 
-262.6584402919979 
-262.6584402919978 
-262.65844029199747 
-262.65844029199747 
-262.65844029199747 
-262.65844029199747 
-262.65844029199724 
-262.6584402919971 
-262.658440291997 
-262.65844029199667 
-262.6584402919961 
-262.65844029199565 
-262.658440291995 
-262.6584402919937 
-262.6584402919946 
-262.65844029199104 
-262.65844029198894 
-262.6584402919912 
-262.6584402919946 
-262.6584402919937 
-262.6584402919951 
-262.6584402919954 
-262.6584402919959 
-262.6584402919963 
-262.65844029199667 
-262.6584402919968 
-262.6584402919969 
-262.658440291997 
-262.65844029199724 
-262.65844029199724 
-262.6584402919974 
-262.6584402919977 
-262.6584402919977 
-262.65844029199803 
-262.65844029199803 
-262.6584402919982 
-262.65844029199803 
-262.6584402919979 
-262.6584402919981 
-262.6584402919981 
-262.65844029199815 
-262.65844029199803 
-262.65844029199815 
-262.65844029199826 
-262.6584402919984 
-262.6584402919985 
-262.6584402919985 
-262.65844029199855 
-262.65844029199883 
-262.65844029199894 
-262.65844029199906 
-262.6584402919993 
-262.6584402919994 
-262.6584402919994 
-262.6584402919995 
-262.65844029199997 
-262.6584402920001 
-262.65844029200053 
-262.65844029200065 
-262.6584402920009 
-262.6584402920009 
-262.6584402920011 
-262.6584402920016 
-262.65844029200167 
-262.6584402920018 
-262.6584402920021 
-262.65844029200235 
-262.65844029200247 
-262.65844029200247 
-262.6584402920027 
-262.6584402920028 
-262.6584402920028 
-262.6584402920028 
-262.65844029200315 
-262.65844029200315 
-262.65844029200326 
-262.6584402920034 
-262.6584402920035 
-262.6584402920036 
-262.6584402920036 
-262.6584402920039 
-262.6584402920037 
-262.6584402920037 
-262.65844029200383 
-262.65844029200383 
-262.65844029200406 
-262.6584402920042 
-262.6584402920044 
-262.6584402920044 
-262.6584402920045 
-262.6584402920045 
-262.6584402920046 
-262.65844029200485 
-262.65844029200485 
-262.6584402920051 
-262.6584402920053 
-262.6584402920054 
-262.6584402920054 
-262.6584402920055 
-262.65844029200565 
-262.6584402920059 
-262.6584402920061 
-262.6584402920061 
-262.65844029200645 
-262.65844029200656 
-262.6584402920068 
-262.6584402920069 
-262.6584402920071 
-262.65844029200724 
-262.65844029200736 
-262.6584402920076 
-262.6584402920077 
-262.65844029200804 
-262.65844029200815 
-262.65844029200827 
-262.65844029200815 
-262.6584402920084 
-262.6584402920085 
-262.65844029200895 
-262.6584402920092 
-262.6584402920092 
-262.6584402920093 
-262.6584402920095 
-262.6584402920095 
-262.65844029200997 
-262.6584402920101 
-262.6584402920104 
-262.65844029201054 
-262.65844029201054 
-262.658440292011 
-262.658440292011 
-262.6584402920112 
-262.6584402920109 
-262.6584402920111 
-262.6584402920111 
-262.65844029201133 
-262.65844029201133 
-262.65844029201133 
-262.6584402920117 
-262.658440292012 
-262.658440292012 
-262.65844029201236 
-262.6584402920128 
-262.6584402920129 
-262.65844029201304 
-262.65844029201327 
-262.65844029201315 
-262.65844029201315 
-262.65844029201315 
-262.65844029201327 
-262.6584402920134 
-262.6584402920134 
-262.6584402920135 
-262.6584402920138 
-262.65844029201406 
-262.6584402920144 
-262.6584402920144 
-262.65844029201463 
-262.65844029201486 
-262.6584402920151 
-262.6584402920154 
-262.65844029201554 
-262.6584402920159 
-262.65844029201594 
-262.658440292016 
-262.6584402920161 
-262.6584402920161 
-262.6584402920162 
-262.65844029201634 
-262.6584402920162 
-262.65844029201656 
-262.6584402920167 
-262.6584402920169 
-262.65844029201713 
-262.65844029201713 
-262.65844029201725 
-262.6584402920175 
-262.6584402920177 
-262.65844029201816 
-262.6584402920184 
-262.6584402920185 
-262.6584402920186 
-262.65844029201884 
-262.65844029201907 
-262.6584402920195 
-262.65844029201963 
-262.65844029201963 
-262.65844029201963 
-262.65844029201975 
-262.6584402920198 
-262.6584402920199 
-262.65844029202 
-262.6584402920203 
-262.6584402920202 
-262.65844029202043 
-262.65844029202054 
-262.65844029202077 
-262.6584402920209 
-262.6584402920209 
-262.6584402920209 
-262.658440292021 
-262.6584402920212 
-262.6584402920214 
-262.65844029202145 
-262.6584402920217 
-262.65844029202145 
-262.6584402920212 
-262.65844029202077 
-262.65844029202 
-262.65844029201855 
-262.6584402920194 
-262.658440292016 
-262.65844029201384 
-262.6584402920161 
-262.65844029201975 
-262.6584402920188 
-262.6584402920202 
-262.6584402920211 
-262.65844029202134 
-262.65844029202145 
-262.6584402920216 
-262.65844029202157 
-262.65844029202134 
-262.6584402920212 
-262.6584402920212 
-262.6584402920209 
-262.6584402920209 
-262.6584402920209 
-262.65844029202077 
-262.65844029202054 
-262.6584402920203 
-262.65844029202043 
-262.65844029202043 
-262.6584402920202 
-262.6584402920203 
-262.6584402920203 
-262.65844029202043 
-262.6584402920206 
-262.6584402920203 
-262.65844029202043 
-262.6584402920201 
-262.65844029201963 
-262.65844029201963 
-262.6584402920195 
-262.6584402920192 
-262.65844029201895 
-262.6584402920185 
-262.6584402920185 
-262.6584402920185 
-262.6584402920185 
-262.65844029201827 
-262.65844029201816 
-262.65844029201804 
-262.6584402920178 
-262.6584402920177 
-262.6584402920175 
-262.65844029201736 
-262.65844029201725 
-262.65844029201713 
-262.65844029201713 
-262.658440292017 
-262.6584402920169 
-262.6584402920169 
-262.6584402920168 
-262.6584402920168 
-262.65844029201634 
-262.6584402920162 
-262.658440292016 
-262.658440292016 
-262.65844029201577 
-262.65844029201565 
-262.65844029201554 
-262.6584402920153 
-262.6584402920153 
-262.6584402920153 
-262.6584402920151 
-262.658440292015 
-262.65844029201475 
-262.65844029201463 
-262.65844029201463 
-262.6584402920144 
-262.6584402920142 
-262.65844029201395 
-262.6584402920137 
-262.6584402920136 
-262.6584402920135 
-262.65844029201315 
-262.6584402920127 
-262.65844029201236 
-262.65844029201213 
-262.6584402920119 
-262.6584402920117 
-262.65844029201145 
-262.6584402920112 
-262.6584402920111 
-262.6584402920109 
-262.65844029201065 
-262.65844029201054 
-262.6584402920102 
-262.6584402920102 
-262.65844029200997 
-262.65844029200963 
-262.65844029200963 
-262.6584402920095 
-262.6584402920095 
-262.6584402920093 
-262.65844029200883 
-262.6584402920087 
-262.6584402920086 
-262.6584402920085 
-262.65844029200827 
-262.65844029200827 
-262.65844029200804 
-262.6584402920077 
-262.6584402920077 
-262.6584402920078 
-262.65844029200747 
-262.65844029200724 
-262.6584402920071 
-262.658440292007 
-262.6584402920069 
-262.6584402920069 
-262.65844029200656 
-262.65844029200656 
-262.65844029200633 
-262.6584402920062 
-262.6584402920059 
-262.6584402920059 
-262.65844029200554 
-262.6584402920054 
-262.6584402920052 
-262.6584402920051 
-262.65844029200485 
-262.6584402920046 
-262.6584402920045 
-262.6584402920045 
-262.6584402920046 
-262.6584402920046 
-262.6584402920045 
-262.6584402920044 
-262.6584402920043 
-262.65844029200406 
-262.65844029200395 
-262.6584402920037 
-262.65844029200395 
-262.6584402920036 
-262.6584402920035 
-262.65844029200355 
-262.6584402920034 
-262.65844029200326 
-262.65844029200304 
-262.6584402920029 
-262.6584402920027 
-262.6584402920029 
-262.6584402920028 
-262.65844029200264 
-262.65844029200224 
-262.6584402920021 
-262.658440292002 
-262.6584402920018 
-262.65844029200167 
-262.65844029200167 
-262.65844029200167 
-262.65844029200167 
-262.65844029200156 
-262.6584402920012 
-262.6584402920011 
-262.6584402920011 
-262.65844029200053 
-262.65844029200053 
-262.6584402920003 
-262.6584402920003 
-262.6584402920003 
-262.6584402920002 
-262.65844029199985 
-262.6584402919996 
-262.6584402919993 
-262.6584402919994 
-262.65844029199917 
-262.65844029199894 
-262.65844029199906 
-262.65844029199883 
-262.6584402919986 
-262.6584402919987 
-262.65844029199883 
-262.65844029199883 
-262.6584402919986 
-262.6584402919987 
-262.65844029199883 
-262.65844029199883 
-262.6584402919986 
-262.6584402919986 
-262.65844029199866 
-262.6584402919986 
-262.6584402919987 
-262.6584402919987 
-262.6584402919986 
-262.6584402919985 
-262.65844029199826 
-262.65844029199803 
-262.65844029199803 
-262.6584402919979 
-262.6584402919977 
-262.6584402919971 
-262.6584402919968 
-262.6584402919951 
-262.6584402919961 
-262.6584402919927 
-262.6584402919903 
-262.6584402919926 
-262.658440291996 
-262.6584402919951 
-262.6584402919968 
-262.65844029199735 
-262.6584402919978 
-262.65844029199826 
-262.65844029199826 
-262.6584402919984 
-262.6584402919986 
-262.6584402919987 
-262.6584402919986 
-262.65844029199883 
-262.6584402919988 
-262.6584402919986 
-262.6584402919987 
-262.6584402919987 
-262.6584402919987 
-262.65844029199906 
-262.6584402919992 
-262.65844029199894 
-262.6584402919987 
-262.65844029199883 
-262.65844029199883 
-262.6584402919987 
-262.6584402919986 
-262.65844029199883 
-262.65844029199906 
-262.65844029199906 
-262.6584402919993 
-262.6584402919995 
-262.6584402919995 
-262.65844029199974 
-262.65844029199997 
-262.6584402920002 
-262.6584402920004 
-262.65844029200053 
-262.65844029200053 
-262.65844029200076 
-262.65844029200076 
-262.658440292001 
-262.658440292001 
-262.658440292001 
-262.6584402920012 
-262.6584402920013 
-262.6584402920012 
-262.6584402920013 
-262.65844029200133 
-262.65844029200144 
-262.65844029200167 
-262.6584402920018 
-262.65844029200207 
-262.6584402920021 
-262.65844029200224 
-262.6584402920026 
-262.65844029200235 
-262.6584402920026 
-262.6584402920029 
-262.65844029200304 
-262.65844029200315 
-262.65844029200326 
-262.65844029200326 
-262.6584402920034 
-262.6584402920035 
-262.6584402920035 
-262.6584402920037 
-262.6584402920037 
-262.65844029200395 
-262.65844029200406 
-262.6584402920043 
-262.6584402920045 
-262.6584402920045 
-262.6584402920045 
-262.6584402920044 
-262.6584402920045 
-262.65844029200474 
-262.65844029200497 
-262.6584402920052 
-262.6584402920054 
-262.6584402920054 
-262.65844029200565 
-262.65844029200576 
-262.658440292006 
-262.6584402920062 
-262.65844029200633 
-262.65844029200656 
-262.65844029200673 
-262.6584402920068 
-262.6584402920068 
-262.658440292007 
-262.6584402920072 
-262.6584402920074 
-262.6584402920078 
-262.6584402920077 
-262.6584402920077 
-262.65844029200804 
-262.65844029200804 
-262.65844029200827 
-262.6584402920084 
-262.6584402920086 
-262.6584402920087 
-262.65844029200883 
-262.6584402920092 
-262.6584402920093 
-262.6584402920094 
-262.6584402920095 
-262.6584402920095 
-262.65844029200986 
-262.65844029200997 
-262.6584402920101 
-262.6584402920104 
-262.65844029201054 
-262.6584402920109 
-262.6584402920111 
-262.6584402920112 
-262.65844029201156 
-262.65844029201213 
-262.65844029201224 
-262.6584402920125 
-262.6584402920128 
-262.65844029201315 
-262.6584402920134 
-262.6584402920137 
-262.6584402920139 
-262.65844029201406 
-262.65844029201406 
-262.6584402920142 
-262.6584402920144 
-262.65844029201475 
-262.65844029201486 
-262.6584402920152 
-262.6584402920154 
-262.6584402920156 
-262.6584402920158 
-262.6584402920159 
-262.65844029201577 
-262.6584402920161 
-262.6584402920161 
-262.6584402920162 
-262.65844029201634 
-262.6584402920162 
-262.65844029201656 
-262.65844029201656 
-262.6584402920168 
-262.6584402920169 
-262.658440292017 
-262.6584402920171 
-262.65844029201725 
-262.65844029201736 
-262.65844029201764 
-262.65844029201776 
-262.65844029201793 
-262.65844029201816 
-262.6584402920184 
-262.6584402920185 
-262.6584402920187 
-262.6584402920187 
-262.65844029201884 
-262.65844029201895 
-262.65844029201895 
-262.65844029201884 
-262.65844029201895 
-262.65844029201924 
-262.6584402920194 
-262.65844029201963 
-262.65844029201975 
-262.65844029201975 
-262.65844029201986 
-262.6584402920201 
-262.65844029201986 
-262.65844029202 
-262.65844029202 
-262.65844029202 
-262.65844029201975 
-262.65844029201963 
-262.65844029201986 
-262.65844029202 
-262.65844029201986 
-262.6584402920201 
-262.6584402920201 
-262.65844029202043 
-262.65844029202043 
-262.6584402920205 
-262.65844029202054 
-262.65844029202054 
-262.65844029202066 
-262.65844029202066 
-262.65844029202066 
-262.6584402920207 
-262.65844029202043 
-262.6584402920203 
-262.6584402920195 
-262.65844029201804 
-262.6584402920192 
-262.65844029201554 
-262.65844029201304 
-262.65844029201554 
-262.65844029201895 
-262.6584402920178 
-262.6584402920193 
-262.65844029201986 
-262.6584402920205 
-262.65844029202054 
-262.65844029202043 
-262.65844029202043 
-262.6584402920206 
-262.65844029202066 
-262.65844029202054 
-262.65844029202043 
-262.6584402920203 
-262.65844029201975 
-262.6584402920194 
-262.6584402920195 
-262.65844029201963 
-262.6584402920195 
-262.6584402920194 
-262.6584402920193 
-262.6584402920192 
-262.6584402920194 
-262.6584402920192 
-262.65844029201895 
-262.65844029201884 
-262.6584402920185 
-262.65844029201816 
-262.658440292018 
-262.65844029201793 
-262.6584402920178 
-262.6584402920177 
-262.6584402920175 
-262.65844029201725 
-262.65844029201725 
-262.658440292017 
-262.658440292017 
-262.658440292017 
-262.6584402920169 
-262.6584402920169 
-262.6584402920168 
-262.6584402920168 
-262.6584402920167 
-262.65844029201634 
-262.65844029201634 
-262.65844029201656 
-262.65844029201634 
-262.6584402920162 
-262.6584402920161 
-262.6584402920159 
-262.65844029201565 
-262.6584402920154 
-262.6584402920152 
-262.65844029201486 
-262.65844029201463 
-262.6584402920145 
-262.6584402920147 
-262.6584402920144 
-262.6584402920142 
-262.6584402920143 
-262.6584402920144 
-262.65844029201406 
-262.65844029201384 
-262.6584402920137 
-262.6584402920136 
-262.6584402920134 
-262.65844029201304 
-262.6584402920128 
-262.6584402920128 
-262.6584402920127 
-262.6584402920128 
-262.6584402920126 
-262.65844029201236 
-262.65844029201236 
-262.6584402920125 
-262.65844029201236 
-262.6584402920118 
-262.6584402920117 
-262.65844029201156 
-262.6584402920111 
-262.6584402920111 
-262.65844029201077 
-262.65844029201065 
-262.6584402920104 
-262.6584402920102 
-262.6584402920101 
-262.65844029200974 
-262.65844029200963 
-262.6584402920095 
-262.6584402920094 
-262.6584402920093 
-262.65844029200883 
-262.6584402920087 
-262.6584402920087 
-262.6584402920085 
-262.6584402920084 
-262.65844029200804 
-262.6584402920078 
-262.6584402920076 
-262.65844029200747 
-262.65844029200724 
-262.658440292007 
-262.6584402920071 
-262.6584402920067 
-262.65844029200645 
-262.65844029200633 
-262.6584402920061 
-262.65844029200565 
-262.65844029200554 
-262.6584402920053 
-262.6584402920053 
-262.6584402920052 
-262.65844029200497 
-262.65844029200485 
-262.65844029200474 
-262.6584402920045 
-262.65844029200474 
-262.6584402920045 
-262.6584402920044 
-262.6584402920043 
-262.65844029200406 
-262.65844029200383 
-262.6584402920036 
-262.6584402920036 
-262.6584402920036 
-262.6584402920034 
-262.65844029200326 
-262.65844029200304 
-262.6584402920029 
-262.6584402920028 
-262.6584402920027 
-262.6584402920027 
-262.6584402920026 
-262.65844029200235 
-262.65844029200224 
-262.658440292002 
-262.658440292002 
-262.65844029200184 
-262.6584402920018 
-262.6584402920018 
-262.6584402920018 
-262.65844029200133 
-262.65844029200144 
-262.6584402920012 
-262.6584402920011 
-262.658440292001 
-262.65844029200076 
-262.65844029200053 
-262.6584402920002 
-262.6584402920001 
-262.65844029199997 
-262.65844029199974 
-262.6584402919995 
-262.6584402919993 
-262.6584402919992 
-262.65844029199917 
-262.65844029199906 
-262.65844029199894 
-262.6584402919987 
-262.6584402919985 
-262.65844029199843 
-262.65844029199815 
-262.65844029199815 
-262.65844029199815 
-262.6584402919977 
-262.6584402919975 
-262.65844029199747 
-262.65844029199724 
-262.6584402919971 
-262.658440291997 
-262.6584402919971 
-262.658440291997 
-262.65844029199707 
-262.6584402919971 
-262.65844029199724 
-262.65844029199747 
-262.65844029199735 
-262.65844029199724 
-262.6584402919971 
-262.6584402919971 
-262.65844029199724 
-262.6584402919971 
-262.6584402919972 
-262.6584402919969 
-262.6584402919968 
-262.6584402919968 
-262.6584402919968 
-262.65844029199667 
-262.65844029199667 
-262.65844029199644 
-262.6584402919959 
-262.65844029199525 
-262.6584402919934 
-262.6584402919944 
-262.6584402919909 
-262.6584402919887 
-262.6584402919909 
-262.65844029199445 
-262.6584402919936 
-262.6584402919952 
-262.6584402919959 
-262.65844029199644 
-262.65844029199684 
-262.658440291997 
-262.6584402919971 
-262.658440291997 
-262.658440291997 
-262.6584402919971 
-262.65844029199735 
-262.6584402919973 
-262.65844029199735 
-262.65844029199724 
-262.65844029199724 
-262.65844029199735 
-262.65844029199747 
-262.65844029199764 
-262.6584402919976 
-262.6584402919976 
-262.65844029199747 
-262.65844029199747 
-262.6584402919976 
-262.65844029199747 
-262.65844029199747 
-262.6584402919977 
-262.6584402919979 
-262.65844029199803 
-262.65844029199826 
-262.65844029199855 
-262.6584402919986 
-262.6584402919987 
-262.65844029199883 
-262.65844029199894 
-262.65844029199906 
-262.65844029199917 
-262.6584402919993 
-262.6584402919995 
-262.65844029199974 
-262.65844029199985 
-262.6584402920001 
-262.65844029200053 
-262.65844029200076 
-262.6584402920009 
-262.658440292001 
-262.6584402920012 
-262.65844029200144 
-262.6584402920019 
-262.658440292002 
-262.6584402920021 
-262.65844029200235 
-262.65844029200235 
-262.6584402920028 
-262.6584402920028 
-262.6584402920029 
-262.65844029200304 
-262.65844029200304 
-262.65844029200315 
-262.6584402920034 
-262.6584402920035 
-262.6584402920036 
-262.6584402920037 
-262.6584402920037 
-262.65844029200383 
-262.65844029200406 
-262.65844029200434 
-262.6584402920045 
-262.65844029200474 
-262.65844029200474 
-262.65844029200485 
-262.658440292005 
-262.6584402920052 
-262.6584402920054 
-262.65844029200565 
-262.65844029200593 
-262.6584402920059 
-262.6584402920061 
-262.658440292006 
-262.65844029200633 
-262.6584402920062 
-262.65844029200633 
-262.6584402920064 
-262.65844029200645 
-262.65844029200656 
-262.6584402920067 
-262.6584402920069 
-262.65844029200736 
-262.6584402920074 
-262.65844029200736 
-262.6584402920077 
-262.65844029200804 
-262.65844029200804 
-262.65844029200804 
-262.65844029200827 
-262.6584402920084 
-262.6584402920086 
-262.65844029200883 
-262.65844029200906 
-262.6584402920094 
-262.6584402920095 
-262.65844029200963 
-262.65844029200974 
-262.6584402920101 
-262.6584402920102 
-262.65844029201054 
-262.65844029201065 
-262.6584402920109 
-262.65844029201105 
-262.6584402920111 
-262.6584402920112 
-262.65844029201145 
-262.6584402920117 
-262.6584402920119 
-262.6584402920119 
-262.65844029201213 
-262.65844029201224 
-262.6584402920124 
-262.6584402920127 
-262.6584402920128 
-262.6584402920128 
-262.6584402920127 
-262.6584402920129 
-262.65844029201304 
-262.65844029201304 
-262.65844029201327 
-262.65844029201344 
-262.6584402920134 
-262.65844029201367 
-262.6584402920137 
-262.65844029201384 
-262.6584402920141 
-262.65844029201406 
-262.6584402920147 
-262.65844029201475 
-262.65844029201463 
-262.65844029201486 
-262.658440292015 
-262.658440292015 
-262.6584402920151 
-262.6584402920152 
-262.6584402920154 
-262.65844029201565 
-262.6584402920159 
-262.6584402920159 
-262.6584402920162 
-262.6584402920162 
-262.65844029201656 
-262.6584402920167 
-262.65844029201645 
-262.65844029201634 
-262.65844029201656 
-262.65844029201656 
-262.6584402920167 
-262.6584402920168 
-262.6584402920167 
-262.6584402920169 
-262.65844029201713 
-262.65844029201725 
-262.65844029201736 
-262.6584402920174 
-262.6584402920176 
-262.6584402920178 
-262.6584402920178 
-262.6584402920178 
-262.6584402920178 
-262.65844029201816 
-262.6584402920184 
-262.6584402920187 
-262.65844029201907 
-262.65844029201924 
-262.6584402920192 
-262.65844029201907 
-262.6584402920192 
-262.6584402920194 
-262.6584402920194 
-262.65844029201963 
-262.65844029201963 
-262.65844029201963 
-262.65844029201986 
-262.6584402920203 
-262.65844029202043 
-262.65844029202066 
-262.6584402920209 
-262.65844029202077 
-262.6584402920208 
-262.6584402920209 
-262.65844029202066 
-262.65844029202054 
-262.65844029202 
-262.6584402920195 
-262.65844029201793 
-262.65844029201884 
-262.65844029201526 
-262.6584402920129 
