-343.54975694086147 
-343.621278474526 
-343.6497730386592 
-343.652240360159 
-343.65510528618023 
-343.7083383612271 
-343.7224729932528 
-343.7236195586854 
-343.74289504528343 
-343.7793015534755 
-343.7862159017624 
-343.78781230332146 
-343.82799394198594 
-343.85386740466754 
-343.85726061183647 
-343.8613143701063 
-343.89902075191856 
-343.9164262389687 
-343.91800356016057 
-343.92885870311693 
-343.96527749300475 
-343.97482104742676 
-343.97629923496055 
-343.982646206875 
-344.0077629131589 
-344.0127546167111 
-344.01569940446586 
-344.0395913925226 
-344.05807301180744 
-344.06075953315883 
-344.06654033654036 
-344.0936981401623 
-344.1073203294519 
-344.1087887380744 
-344.1219330863313 
-344.1483219391404 
-344.1568031175805 
-344.1583192343656 
-344.17025456806095 
-344.1908264699157 
-344.1954701921861 
-344.19859131124446 
-344.2069882518625 
-344.22206156286654 
-344.2244548208441 
-344.230770370009 
-344.24452408463515 
-344.25562875581596 
-344.2567686615794 
-344.26718733440384 
-344.2797513601146 
-344.2860903588479 
-344.2869590420303 
-344.2948625191401 
-344.30265736510677 
-344.30699841263953 
-344.30700354847 
-344.30700354846914 
-344.30700354846863 
-344.3070035484688 
-344.3070035484685 
-344.30700354966444 
-344.3070191273751 
-344.3070520284614 
-344.30707423490645 
-344.30711148534965 
-344.3072148226388 
-344.30732141035384 
-344.30739108057963 
-344.30748999104674 
-344.3077520390246 
-344.30796558109114 
-344.30810879711476 
-344.3083403869159 
-344.3087420166479 
-344.3090063678473 
-344.3092167476228 
-344.30967438178357 
-344.31018937411955 
-344.3104798131034 
-344.31076048847564 
-344.3115619598338 
-344.31220416446774 
-344.31252463135723 
-344.31297894530854 
-344.3141128213138 
-344.31490501416823 
-344.31534704153603 
-344.31615986797175 
-344.3174263460916 
-344.3183917030737 
-344.31898233960106 
-344.32038175278365 
-344.3217663337247 
-344.32265206152204 
-344.3234163774554 
-344.3254446357873 
-344.32703344652776 
-344.3277377534956 
-344.32882168187604 
-344.3314544688143 
-344.3331001201739 
-344.33401478379915 
-344.3358474946189 
-344.33827714821643 
-344.3401479000041 
-344.34141740923565 
-344.34407108147826 
-344.3464078217181 
-344.3480436023097 
-344.3497141496598 
-344.3525417733199 
-344.3544598218159 
-344.3560849623673 
-344.35736825402256 
-344.35736825402313 
-344.3718509245722 
-344.4000218427182 
-344.4087452101818 
-344.41047952016004 
-344.4238239885778 
-344.4458703416497 
-344.4504254561208 
-344.45419401333345 
-344.46646097987184 
-344.482500610805 
-344.4849427216353 
-344.4916126186498 
-344.5152241836618 
-344.527214348833 
-344.5286602320278 
-344.54040871821394 
-344.5623793357727 
-344.5705975600735 
-344.57183351725087 
-344.59525625636496 
-344.6160619127419 
-344.6205367705198 
-344.62373885819557 
-344.63173904641104 
-344.6465116025002 
-344.64897881492084 
-344.65534492472113 
-344.67293351199544 
-344.68407741604574 
-344.68559595876843 
-344.6960908361555 
-344.71563207410264 
-344.72393997765414 
-344.72510974603875 
-344.7459924065019 
-344.7645769956088 
-344.769683975971 
-344.7720024165532 
-344.7884309887092 
-344.80299531252655 
-344.8058505798356 
-344.8108824872536 
-344.8188561672105 
-344.8296892371322 
-344.8312999486984 
-344.8404548842232 
-344.85214213729125 
-344.8601976436231 
-344.86119945780996 
-344.8748307047432 
-344.88545731172803 
-344.8901442040402 
-344.8911571909125 
-344.90043882071063 
-344.9072220791729 
-344.9106773009782 
-344.91068283298443 
-344.9106828329841 
-344.9106828329825 
-344.9106828329843 
-344.91068283298324 
-344.9106828341626 
-344.9106960511576 
-344.91072572273174 
-344.91074647085134 
-344.9107822359317 
-344.9108587228584 
-344.910950954717 
-344.9110215238323 
-344.91110878533567 
-344.91131695408126 
-344.9114965424344 
-344.91164131484067 
-344.911809696742 
-344.91217096470393 
-344.91238217662925 
-344.9125810214772 
-344.9128690188398 
-344.91333793431033 
-344.91356645930597 
-344.9138096161137 
-344.91427736176087 
-344.91480865863906 
-344.9151239612747 
-344.9154342875567 
-344.91619328717053 
-344.91674837316015 
-344.9171396861165 
-344.9175613370207 
-344.91852717249714 
-344.91912048412127 
-344.9195476809471 
-344.9201749139502 
-344.9212286527385 
-344.92174358608395 
-344.9221745557201 
-344.9230638202688 
-344.924137092863 
-344.9245711433694 
-344.92505040897044 
-344.92639591916753 
-344.92729766338044 
-344.92783516917797 
-344.92850224875593 
-344.93015046603455 
-344.931192761746 
-344.93183407090714 
-344.93290807988234 
-344.9348065188495 
-344.9358613161227 
-344.9366478013443 
-344.9385229489673 
-344.9405201283768 
-344.94160361785305 
-344.94267118499175 
-344.94670807804613 
-344.94974934018495 
-344.95592890056116 
-344.956631806703 
-344.9572789096471 
-344.95779379046655 
-344.9581876683224 
-344.95854836913617 
-344.9589273719603 
-344.95921075098204 
-344.9594787336777 
-344.95971645053515 
-344.95994628772115 
-344.9601220358897 
-344.96031190151746 
-344.960474673543 
-344.96063491330915 
-344.96077757284854 
-344.96092049761194 
-344.96104666194435 
-344.9611670034549 
-344.9612879938697 
-344.9613983970372 
-344.96151843627894 
-344.96160215979586 
-344.9616958536915 
-344.96178314313977 
-344.9618818252841 
-344.96196778102797 
-344.96203982377233 
-344.962113572996 
-344.96218831681637 
-344.9622584071032 
-344.96232045875047 
-344.9623790857535 
-344.9624312649468 
-344.9624801719704 
-344.9625278295574 
-344.96257160039977 
-344.96260745010176 
-344.96263504291454 
-344.96266368818243 
-344.962693036571 
-344.96271426558843 
-344.9627284332399 
-344.96274222760917 
-344.96275594855115 
-344.9627657252521 
-344.96277164024144 
-344.96277636591424 
-344.96278052167696 
-344.96278276013794 
-344.96278404044835 
-344.9627848573774 
-344.9627852527475 
-344.9627852527962 
-344.9627852527976 
-344.96278525279655 
-344.9627852527971 
-344.96278525279587 
-344.96278525279695 
-344.96278525279683 
-344.9627852527969 
-344.9627852527972 
-344.9627852527966 
-344.96278525403477 
-344.96278525693464 
-344.96278526327274 
-344.9627852726444 
-344.96278528907766 
-344.96278531533255 
-344.9627853505158 
-344.9627854047753 
-344.96278548468047 
-344.9627855845812 
-344.9627857030288 
-344.96278588018396 
-344.96278611644317 
-344.9627864155695 
-344.96278675396 
-344.9627872020814 
-344.96278769513845 
-344.96278837167443 
-344.96278917108845 
-344.9627900936373 
-344.96279115084843 
-344.962792295532 
-344.9627940042272 
-344.9627958280437 
-344.96279789250536 
-344.9627999507486 
-344.9628032644586 
-344.9628065807104 
-344.9628102773814 
-344.9628140911168 
-344.96281966069705 
-344.9628249326976 
-344.9628306376372 
-344.96283759246705 
-344.9628459678983 
-344.96285461713126 
-344.96286252447186 
-344.9628755492404 
-344.96288894586263 
-344.96290128075873 
-344.96291319079484 
-344.9629288348956 
-344.962945262558 
-344.96295975520854 
-344.96297412445523 
-344.962989665533 
-344.9630049329979 
-344.9630161208788 
-344.96302889451806 
-344.9630370155934 
-344.96304161193467 
-344.9630416119345 
-344.96314520393116 
-344.9632720288241 
-344.9634359264517 
-344.9636104281565 
-344.96379015124734 
-344.96393574347445 
-344.9641429511257 
-344.9643491109449 
-344.9645747720558 
-344.96473781567516 
-344.96495576522153 
-344.96516190894346 
-344.96535247709534 
-344.9655580457385 
-344.9657635876734 
-344.96596191785795 
-344.96611683563543 
-344.96634411857104 
-344.96651926031416 
-344.9666926174791 
-344.9668246292209 
-344.9670166353015 
-344.96719943703994 
-344.9673259946997 
-344.9674570515054 
-344.96759309584337 
-344.9677476338894 
-344.9678539175144 
-344.9679845840044 
-344.9680878630124 
-344.96821105479665 
-344.96828229158564 
-344.9683839274622 
-344.9684637436975 
-344.96854056513814 
-344.9685932455366 
-344.96865271690285 
-344.9687194732017 
-344.9687627164326 
-344.9687961502649 
-344.9688262452536 
-344.96887100181516 
-344.96889451212337 
-344.9689125526253 
-344.96892703042334 
-344.9689469370032 
-344.96895717575114 
-344.968964458967 
-344.9689705383659 
-344.9689758970595 
-344.9689785214419 
-344.9689800817667 
-344.9689811485953 
-344.9689815983925 
-344.96898159845756 
-344.9689815984575 
-344.96898159845836 
-344.9689815984581 
-344.96898159845824 
-344.9689815984598 
-344.96898159845955 
-344.968981598459 
-344.9689815984587 
-344.96898159845875 
-344.9689815996933 
-344.9689816027028 
-344.96898160889225 
-344.9689816182664 
-344.9689816350749 
-344.96898166246217 
-344.9689817005967 
-344.9689817476676 
-344.9689818307453 
-344.96898192693175 
-344.9689820420356 
-344.968982201958 
-344.9689824525145 
-344.9689826960793 
-344.9689830095713 
-344.96898337884573 
-344.96898386420486 
-344.9689844287151 
-344.9689850548124 
-344.9689858328632 
-344.9689865837271 
-344.96898763220037 
-344.9689887574198 
-344.96899013815107 
-344.9689913396203 
-344.9689931086312 
-344.96899491730875 
-344.96899707569594 
-344.9689992276847 
-344.96900189993033 
-344.96900476384764 
-344.9690076919909 
-344.9690118415676 
-344.9690162794542 
-344.9690211644279 
-344.96902545010784 
-344.9690330211265 
-344.96904168071785 
-344.9690504004069 
-344.96906115449065 
-344.96907504579184 
-344.9690940079817 
-344.96911175656476 
-344.9691403207352 
-344.9691693978552 
-344.96921678124335 
-344.96926507392953 
-344.9693509558227 
-344.96945903938916 
-344.9696161115514 
-344.9698807480619 
-344.97040277634034 
-344.9719593773831 
-344.9855018338983 
-344.98816717317777 
-344.990225853193 
-344.99223538248185 
-344.9937102656867 
-344.99485505841335 
-344.9959271935584 
-344.9968181699826 
-344.9975815242832 
-344.998198421218 
-344.998875873016 
-344.9993525295055 
-344.9997946877633 
-345.0001277164802 
-345.0004938039051 
-345.00076539616185 
-345.00099719019477 
-345.0011932890114 
-345.00136853131795 
-345.00150886161924 
-345.00162339453993 
-345.00172286893104 
-345.0017964794346 
-345.00186323181816 
-345.00190866005096 
-345.00195216744373 
-345.0019833622596 
-345.0020102986038 
-345.0020279197048 
-345.0020428003269 
-345.0020540422287 
-345.0020632847938 
-345.00206908008664 
-345.0020738151422 
-345.0020773063 
-345.0020794630031 
-345.0020809707877 
-345.0020819989257 
-345.0020827283985 
-345.0020831160893 
-345.0020833975718 
-345.0020835644256 
-345.00208367673946 
-345.00208372505284 
-345.0020837591987 
-345.0020837763459 
-345.0020837839798 
-345.00208378716246 
-345.002083788751 
-345.00208378931484 
-345.00208378940795 
-345.0020837894077 
-345.00208378940835 
-345.00208378940863 
-345.002083789409 
-345.002083789409 
-345.00208378941005 
-345.002083789409 
-345.00208378940874 
-345.0020837894087 
-345.00208378940914 
-345.0020837894091 
-345.00208378940886 
-345.0020837894088 
-345.0020837894087 
-345.0020837894094 
-345.00208378941005 
-345.0020837894115 
-345.00208378941215 
-345.00208378941477 
-345.00208378941875 
-345.0020837894252 
-345.0020837894326 
-345.00208378944467 
-345.00208378946087 
-345.0020837894851 
-345.0020837895142 
-345.00208378956376 
-345.00208378962355 
-345.00208378972206 
-345.0020837898323 
-345.0020837900151 
-345.00208379021217 
-345.00208379053066 
-345.0020837909073 
-345.00208379151104 
-345.00208379210716 
-345.00208379304456 
-345.0020837942254 
-345.0020837959198 
-345.0020837978022 
-345.0020838002278 
-345.00208380370816 
-345.002083808087 
-345.00208381365303 
-345.00208382113306 
-345.0020838325303 
-345.0020838459254 
-345.0020838641951 
-345.0020838904567 
-345.00208392899464 
-345.00208397657144 
-345.00208404495453 
-345.0020841479294 
-345.00208428557966 
-345.00208448755296 
-345.00208477479174 
-345.0020851770152 
-345.0020856591211 
-345.0020863011553 
-345.0020872691373 
-345.00208835088426 
-345.00208991717875 
-345.00209145607806 
-345.0020924841182 
-345.00215750232724 
-345.0023220572664 
-345.00249708715756 
-345.0027427175114 
-345.00301432087 
-345.00329383111534 
-345.00351922148093 
-345.0038080313249 
-345.004085801557 
-345.0043223591912 
-345.0045228602113 
-345.00476179161336 
-345.00499572828244 
-345.0051689129947 
-345.00534384679054 
-345.0055229824088 
-345.0056769237735 
-345.0057842617915 
-345.0059115557902 
-345.0060168568806 
-345.0061057190027 
-345.00617385979496 
-345.00625345165923 
-345.0063169872425 
-345.0063625989194 
-345.00640294434214 
-345.006446855051 
-345.0064799247935 
-345.0065031345321 
-345.00652358335606 
-345.00654003477655 
-345.0065531267779 
-345.006562127121 
-345.0065698397309 
-345.0065752425013 
-345.00657915876553 
-345.00658167833114 
-345.0065837852629 
-345.0065851085663 
-345.0065859244935 
-345.006586420309 
-345.00658679524355 
-345.0065870112127 
-345.006587119595 
-345.0065871747148 
-345.00658721075683 
-345.0065872295658 
-345.00658723658245 
-345.0065872395181 
-345.0065872407386 
-345.00658724117136 
-345.0065872412454 
-345.0065872412453 
-345.0065872412464 
-345.00658724124605 
-345.00658724124605 
-345.00658724124725 
-345.006587241246 
-345.0065872412458 
-345.0065872412485 
-345.0065872412459 
-345.0065872412458 
-345.006587241246 
-345.0065872412465 
-345.00658724124537 
-345.00658724124526 
-345.00658724124617 
-345.00658724124685 
-345.00658724124764 
-345.0065872412488 
-345.00658724125157 
-345.00658724125583 
-345.0065872412625 
-345.0065872412707 
-345.00658724128357 
-345.0065872413023 
-345.00658724133086 
-345.00658724137077 
-345.0065872414347 
-345.00658724151543 
-345.006587241658 
-345.00658724183415 
-345.006587242113 
-345.0065872424467 
-345.0065872430392 
-345.0065872437018 
-345.0065872448152 
-345.00658724592483 
-345.00658724783665 
-345.00658724996975 
-345.006587253226 
-345.0065872567989 
-345.0065872621202 
-345.0065872674898 
-345.00658727543015 
-345.00658728433655 
-345.0065872958851 
-345.00658730835005 
-345.00658732538636 
-345.0065873438415 
-345.00658736825426 
-345.00658739815617 
-345.0065874355017 
-345.00658747659264 
-345.0065875280201 
-345.00658759933367 
-345.0065876753796 
-345.0065877689694 
-345.006587885966 
-345.0065880425322 
-345.00658820171515 
-345.0065884047105 
-345.0065886656207 
-345.0065889802372 
-345.0065893047526 
-345.00658970634174 
-345.00659020844273 
-345.00659076394913 
-345.0065911307655 
-345.00659144552986 
-345.00659172428874 
-345.00659196345674 
-345.00659215304523 
-345.00659234108883 
-345.0065924903871 
-345.0065926169972 
-345.0065927282003 
-345.0065928185391 
-345.00659289477517 
-345.00659295081454 
-345.00659300311276 
-345.00659303895105 
-345.0065930688098 
-345.00659308877533 
-345.00659310706754 
-345.00659311923954 
-345.0065931286804 
-345.0065931355975 
-345.00659314093656 
-345.0065931446866 
-345.00659314728654 
-345.0065931492853 
-345.0065931506679 
-345.0065931516968 
-345.0065931523726 
-345.00659315287163 
-345.0065931531943 
-345.00659315342796 
-345.00659315356785 
-345.00659315366227 
-345.0065931537203 
-345.0065931537526 
-345.0065931537672 
-345.00659315377214 
-345.00659315377084 
-345.00659315376527 
-345.00659315376004 
-345.006593153753 
-345.0065931537475 
-345.0065931537423 
-345.0065931537379 
-345.0065931537342 
-345.0065931537318 
-345.006593153729 
-345.00659315372826 
-345.00659315372764 
-345.0065931537276 
-345.00659315372553 
-345.006593153726 
-345.006593153726 
-345.0065931537268 
-345.0065931537267 
-345.0065931537265 
-345.00659315372565 
-345.00659315372366 
-345.00659315372786 
-345.0065931537271 
-345.0065931537258 
-345.00659315372684 
-345.00659315372576 
-345.00659315372604 
-345.00659315372576 
-345.00659315372735 
-345.00659315372826 
-345.00659315372894 
-345.00659315373 
-345.00659315373264 
-345.00659315373565 
-345.00659315373963 
-345.0065931537449 
-345.00659315375134 
-345.00659315375947 
-345.00659315377 
-345.0065931537822 
-345.00659315379727 
-345.0065931538147 
-345.0065931538367 
-345.00659315385917 
-345.00659315388486 
-345.00659315391255 
-345.0065931539468 
-345.00659315398 
-345.0065931540143 
-345.00659315405187 
-345.00659315409894 
-345.0065931541404 
-345.00659315417994 
-345.00659315422456 
-345.006593154284 
-345.0065931543294 
-345.00659315437275 
-345.00659315441857 
-345.0065931544864 
-345.0065931545357 
-345.0065931545806 
-345.00659315462804 
-345.0065931547057 
-345.0065931547605 
-345.00659315481045 
-345.0065931548782 
-345.0065931549844 
-345.0065931550746 
-345.006593155173 
-345.00659315532624 
-345.0065931555537 
-345.00659315579173 
-345.00659315609215 
-345.00659315655173 
-345.0065931571275 
-345.00659315783855 
-345.00659315872764 
-345.00659316001617 
-345.0065931617235 
-345.00659316396445 
-345.006593166596 
-345.00659316921065 
-345.0065931720021 
-345.00659317466153 
-345.00659317746226 
-345.0065931797284 
-345.0065931820028 
-345.0065931838127 
-345.00659318567347 
-345.00659318705823 
-345.0065931883809 
-345.00659318936255 
-345.00659319028 
-345.006593190993 
-345.00659319161804 
-345.00659319206665 
-345.00659319246347 
-345.0065931927763 
-345.0065931930139 
-345.0065931931852 
-345.00659319331476 
-345.0065931934228 
-345.00659319348665 
-345.00659319352843 
-345.00659319354844 
-345.00659319356583 
-345.0065931935639 
-345.0065931935505 
-345.0065931935347 
-345.0065931935188 
-345.0065931934974 
-345.0065931934731 
-345.0065931934512 
-345.0065931934318 
-345.0065931934114 
-345.00659319339246 
-345.0065931933762 
-345.00659319336177 
-345.00659319334966 
-345.0065931933392 
-345.00659319333056 
-345.0065931933232 
-345.0065931933181 
-345.0065931933134 
-345.0065931933103 
-345.0065931933082 
-345.00659319330714 
-345.00659319330754 
-345.00659319330794 
-345.0065931933069 
-345.0065931933073 
-345.00659319330816 
-345.00659319330856 
-345.00659319330794 
-345.00659319330924 
-345.0065931933095 
-345.00659319330737 
-345.0065931933103 
-345.00659319330885 
-345.00659319330896 
-345.0065931933084 
-345.0065931933078 
-345.00659319330686 
-345.00659319330697 
-345.0065931933076 
-345.0065931933085 
-345.0065931933089 
-345.0065931933103 
-345.006593193312 
-345.0065931933153 
-345.0065931933191 
-345.006593193324 
-345.00659319333175 
-345.00659319333965 
-345.00659319335006 
-345.00659319336194 
-345.006593193377 
-345.00659319339445 
-345.00659319341474 
-345.0065931934377 
-345.0065931934619 
-345.00659319348995 
-345.0065931935239 
-345.0065931935565 
-345.00659319358965 
-345.0065931936264 
-345.0065931936728 
-345.0065931937137 
-345.0065931937526 
-345.006593193797 
-345.00659319385454 
-345.0065931938981 
-345.00659319393884 
-345.00659319398216 
-345.0065931940454 
-345.00659319408703 
-345.00659319412705 
-345.00659319416246 
-345.00659319422954 
-345.0065931942644 
-345.0065931942955 
-345.00659319432634 
-345.0065931943894 
-345.00659319441337 
-345.0065931944342 
-345.00659319446123 
-345.00659319451864 
-345.00659319452683 
-345.0065931945366 
-345.0065931945661 
-345.0065931946147 
-345.0065931946095 
-345.0065931946078 
-345.00659319464154 
-345.0065931946798 
-345.0065931946693 
-345.0065931946585 
-345.00659319468207 
-345.00659319470566 
-345.0065931946739 
-345.0065931946626 
-345.0065931946624 
-345.00659319466854 
-345.0065931946186 
-345.006593194602 
-345.0065931945857 
-345.00659319457003 
-345.0065931945085 
-345.00659319448255 
-345.0065931944539 
-345.00659319442093 
-345.00659319435397 
-345.0065931943195 
-345.00659319428104 
-345.0065931942385 
-345.0065931941746 
-345.00659319413165 
-345.0065931940909 
-345.0065931940456 
-345.0065931939877 
-345.00659319394344 
-345.00659319390405 
-345.006593193862 
-345.00659319381555 
-345.00659319377775 
-345.00659319374387 
-345.0065931937104 
-345.00659319367577 
-345.0065931936478 
-345.00659319362234 
-345.00659319359943 
-345.0065931935777 
-345.0065931935605 
-345.0065931935455 
-345.0065931935325 
-345.0065931935224 
-345.00659319351337 
-345.00659319350626 
-345.00659319350177 
-345.0065931934975 
-345.00659319349444 
-345.0065931934928 
-345.0065931934912 
-345.00659319349 
-345.0065931934889 
-345.0065931934883 
-345.00659319348813 
-345.0065931934883 
-345.0065931934884 
-345.006593193488 
-345.00659319348756 
-345.00659319348796 
-345.0065931934869 
-345.00659319348756 
-345.0065931934877 
-345.0065931934877 
-345.0065931934882 
-345.0065931934876 
-345.00659319348756 
-345.0065931934883 
-345.00659319348847 
-345.00659319348824 
-345.0065931934893 
-345.0065931934911 
-345.00659319349313 
-345.00659319349666 
-345.006593193501 
-345.0065931935047 
-345.0065931935122 
-345.006593193521 
-345.00659319353167 
-345.006593193544 
-345.00659319355947 
-345.0065931935769 
-345.0065931935982 
-345.0065931936201 
-345.0065931936453 
-345.0065931936731 
-345.00659319370726 
-345.00659319374046 
-345.0065931937742 
-345.00659319381197 
-345.0065931938583 
-345.00659319390024 
-345.00659319393907 
-345.0065931939838 
-345.0065931940419 
-345.00659319408663 
-345.00659319412796 
-345.00659319417144 
-345.006593194235 
-345.0065931942778 
-345.006593194317 
-345.0065931943525 
-345.0065931944194 
-345.006593194454 
-345.00659319448334 
-345.0065931945122 
-345.00659319457446 
-345.00659319459504 
-345.0065931946131 
-345.00659319463534 
-345.00659319468986 
-345.0065931946916 
-345.0065931946994 
-345.0065931947181 
-345.0065931947607 
-345.0065931947462 
-345.0065931947353 
-345.0065931947536 
-345.00659319478194 
-345.00659319475255 
-345.00659319473294 
-345.00659319473925 
-345.0065931947568 
-345.0065931947123 
-345.0065931946907 
-345.00659319468264 
-345.0065931946804 
-345.0065931946238 
-345.00659319460016 
-345.00659319458066 
-345.00659319455895 
-345.0065931944953 
-345.0065931944649 
-345.00659319443486 
-345.0065931943997 
-345.0065931943314 
-345.00659319429536 
-345.00659319425466 
-345.0065931942115 
-345.00659319414746 
-345.0065931941027 
-345.0065931940617 
-345.0065931940159 
-345.00659319395845 
-345.00659319391383 
-345.00659319387415 
-345.00659319383203 
-345.0065931937852 
-345.0065931937478 
-345.00659319371465 
-345.00659319368106 
-345.00659319364644 
-345.0065931936186 
-345.0065931935934 
-345.00659319357027 
-345.0065931935496 
-345.0065931935319 
-345.00659319351695 
-345.00659319350495 
-345.00659319349404 
-345.006593193485 
-345.0065931934777 
-345.00659319347346 
-345.00659319347 
-345.00659319346676 
-345.0065931934647 
-345.0065931934631 
-345.0065931934615 
-345.00659319346073 
-345.0065931934608 
-345.0065931934601 
-345.0065931934601 
-345.00659319346033 
-345.0065931934601 
-345.0065931934611 
-345.0065931934609 
-345.0065931934603 
