0.0 
129.47182927734278 
127.41345454810299 
125.7891697273751 
123.73184844186089 
122.24927778690365 
120.05487442124205 
118.69254203011724 
116.40958289645019 
115.64018714568432 
112.72292220507084 
111.90869898028112 
109.03630912729544 
108.21076225115071 
105.34970048135527 
104.52382327848983 
101.66309191943266 
100.83724429919032 
97.97648334227479 
97.15063598309526 
94.2898747650869 
93.46402731658175 
90.60326618794134 
89.77741873979814 
86.91665761079538 
86.09081016289456 
83.23004903364931 
82.40420158574311 
79.5434404565032 
78.71759300859641 
75.85683187935719 
75.03098443145893 
72.17022330221123 
71.34437585430355 
68.48361472506518 
67.65776727715856 
64.7970061479191 
63.97115870001235 
61.11039757077308 
60.28455012286649 
57.42378899362706 
56.597941545720396 
53.73718041648102 
52.91133296857432 
50.050571839335014 
49.22472439142847 
46.363963262188975 
45.53811581428365 
42.67735468504302 
41.85150723713613 
38.990746107897 
38.16489865999045 
35.30413753075103 
34.47829008284416 
31.617528953605042 
30.791681505698396 
27.930920376459053 
27.1050729285519 
24.244311799313046 
23.41846435140648 
20.55770322216706 
19.731855774260413 
16.871094645021092 
16.04524719711436 
13.18448606787513 
12.358638619968447 
9.497877490729172 
8.672030042822465 
5.811268913583228 
4.985421465676526 
2.1246603364372847 
1.2988128885306287 
-1.561948240708655 
-2.3877956886153076 
-5.248556817854591 
-6.074404265761272 
-8.935165395000523 
-9.76101284290719 
-12.621773972146451 
-13.447621420053123 
-16.30838254929238 
-17.13422999719904 
-19.994991126438304 
-20.82083857434497 
-23.68159970358423 
-24.507447151490826 
-27.368208280730116 
-28.194055728636876 
-31.054816857876002 
-31.880664305782634 
-34.7414254350219 
-35.56727288292853 
-38.42803401216779 
-39.25388146007446 
-42.114642589313696 
-42.94049003722032 
-45.80125116645956 
-46.62709861436622 
-49.48785974360545 
-50.31370719151283 
-53.17446832075134 
-54.00031576865794 
-56.861076897897284 
-57.686924345803924 
-60.54768547504313 
-61.37353292294976 
-64.23429405218901 
-65.06014150009536 
-67.92090262933486 
-68.74675007724169 
-71.60751120648074 
-72.43335865438733 
-75.29411978362658 
-76.11996723153236 
-78.98072836077235 
-79.80657580867937 
-82.66733693791814 
-83.49318438582476 
-86.35394551506397 
-87.17979296297075 
-90.04055409220986 
-90.86640154011656 
-93.72716266935588 
-94.55301011726239 
-97.41377124650174 
-98.23961869440835 
-101.10037982364757 
-101.92622727155398 
-104.78698840079335 
-105.61283584870002 
-108.47359697793924 
-109.29944442584583 
-112.16020555508508 
-112.98605300299174 
-115.8468141322309 
-116.67266158013756 
-119.53342270937678 
-120.35927015728447 
-123.22003128652261 
-124.04587873442821 
-126.90663986366839 
-127.73248731157504 
-130.5932484408141 
-131.41909588872085 
-134.27985701795976 
-135.10570446586408 
-137.96646559510557 
-138.79231304301234 
-141.6530741722514 
-142.47892162015793 
-145.33968274939704 
-146.16553019730435 
-149.0262913265428 
-149.8521387744494 
-152.71289990368857 
-153.53874735159454 
-156.39950848083438 
-157.22535592874127 
-160.08611705798026 
-160.91196450588674 
-163.7727256351262 
-164.59857308303222 
-167.45933421227275 
-168.285181660176 
-171.145942789423 
-171.9717902373121 
-174.83255136659332 
-175.65839881439794 
-178.51915994387574 
-179.34500739121674 
-182.20576852177598 
-183.03161596657887 
-185.89237710304755 
-186.718224534037 
-189.5789857024511 
-190.40483305941137 
-193.26559439720776 
-194.09144136228002 
-196.9522035716478 
-197.7780484770061 
-200.63881490161083 
-201.4646487933867 
-204.3254324301941 
-205.15120202013063 
-208.0120128980191 
-208.8373159950582 
-211.69745556497656 
-212.51819718982208 
-215.36418736637404 
-216.13000967942585 
-218.76747586002543 
-219.16109933681795 
-219.9188802755111 
-222.78048263901283 
-223.52140630060518 
-226.57247942663287 
-227.7306025659364 
-227.78388558374579 
-227.7840419441303 
-227.83114085916236 
-227.83114302992007 
-227.8341445697998 
-227.84456512723617 
-227.8445722642448 
-227.85288554761843 
-227.85290282484365 
-227.85883185204054 
-227.85885214447146 
-227.8631751863828 
-227.86319614913944 
-227.86641409070586 
-227.86643469964127 
-227.86886772139923 
-227.86888753531787 
-227.87074858210818 
-227.87076745991178 
-227.87220333428024 
-227.87222128570565 
-227.87333619935242 
-227.87335330374287 
-227.8742230070073 
-227.87423937008134 
-227.87491998984495 
-227.874935721396 
-227.87546949003794 
-227.87548469313327 
-227.87590378941096 
-227.87591855583645 
-227.87624775165713 
-227.87626216063086 
-227.87652067978374 
-227.8765347982573 
-227.87673766001012 
-227.8767515438416 
-227.8769105453115 
-227.87692424061285 
-227.8770486816607 
-227.87706222620392 
-227.8771594567695 
-227.8771728812956 
-227.87724871725084 
-227.8772620466301 
-227.87732109032856 
-227.87733434457445 
-227.87738023483547 
-227.8773934299682 
-227.87742899400513 
-227.87744214240348 
-227.8774696259423 
-227.87748273783717 
-227.8775039378939 
-227.8775170213765 
-227.87753333969502 
-227.87754640107104 
-227.87755893149472 
-227.87757197569775 
-227.8775815718359 
-227.8775946027284 
-227.87760193129327 
-227.87761495189835 
-227.87762053351946 
-227.87763354620088 
-227.87763778667284 
-227.87765079327338 
-227.87765400776362 
-227.87766700971423 
-227.87766944189713 
-227.87768244030337 
-227.8776842777173 
-227.87769727342973 
-227.87769865983054 
-227.87771165349918 
-227.87771269871527 
-227.87772569083634 
-227.8777264785414 
-227.87773946949136 
-227.8777400632747 
-227.87775305333983 
-227.8777535014169 
-227.87776649081422 
-227.87776682966737 
-227.87777981856124 
-227.8777800757464 
-227.87779306426214 
-227.87779326056497 
-227.87780624879673 
-227.87780639988637 
-227.87781938790533 
-227.87781950559705 
-227.87783249328277 
-227.87783258555197 
-227.8778455731376 
-227.8778456462721 
-227.8778586337856 
-227.87785869341263 
-227.87787168087948 
-227.87787173123945 
-227.87788471872332 
-227.87788476440744 
-227.87789775192596 
-227.8778977962795 
-227.8779107837947 
-227.8779108279594 
-227.87792381545634 
-227.87792385960867 
-227.87793684710286 
-227.8779368912551 
-227.8779498787487 
-227.8779499229009 
-227.8779629103946 
-227.87796295454652 
-227.8779759420402 
-227.87797598619213 
-227.8779889736859 
-227.87798901783788 
-227.87800200533158 
-227.87800204948363 
-227.87801503697733 
-227.87801508112952 
-227.8780280686232 
-227.87802811277524 
-227.87804110026894 
-227.87804114442096 
-227.87805413191478 
-227.87805417606674 
-227.87806716356016 
-227.87806720771223 
-227.87808019520602 
-227.87808023935818 
-227.8780932268519 
-227.8780932710042 
-227.8781062584981 
-227.87810630265005 
-227.87811929014381 
-227.8781193342961 
-227.87813232178993 
-227.87813236594204 
-227.87814535343554 
-227.87814539758787 
-227.87815838508135 
-227.87815842923348 
-227.87817141672704 
-227.8781714608792 
-227.87818444837274 
-227.87818449252498 
-227.87819748001866 
-227.8781975241707 
-227.8782105116645 
-227.87821055581676 
-227.87822354331027 
-227.87822358746232 
-227.8782365749561 
-227.8782366191082 
-227.87824960660188 
-227.87824965075387 
-227.87826263824732 
-227.87826268239954 
-227.87827566989338 
-227.8782757140455 
-227.8782887015394 
-227.87828874569138 
-227.8783017331848 
-227.87830177733667 
-227.87831476483044 
-227.87831480898248 
-227.87832779647624 
-227.8783278406285 
-227.87834082812225 
-227.87834087227438 
-227.87835385976817 
-227.87835390392027 
-227.8783668914147 
-227.87836693556685 
-227.87837992301905 
-227.878379967171 
-227.87839295462882 
-227.87839299877425 
-227.8784060016533 
-227.87840604592643 
-227.87841897838618 
-227.8784190250714 
-227.87842776023552 
-227.8784278009562 
-227.8784279065326 
-227.87842792576305 
-227.91974731968278 
-227.91974738322142 
-227.929366374441 
-227.92936649336164 
-227.9342611771159 
-227.93426117712008 
-227.93426318770025 
-229.52619077954418 
-229.56546936992223 
-229.61192489004418 
-229.61765356462945 
-229.62515139874287 
-229.6298634701438 
-229.6349077415402 
-229.63806349412792 
-229.64004915255106 
-229.64526820531935 
-229.64838292533656 
-229.6509041973004 
-229.6528983124887 
-229.65473646181403 
-229.65619202787445 
-229.6575841028198 
-229.6586929441312 
-229.65976125545657 
-229.66061668358236 
-229.66144480300122 
-229.66211055302463 
-229.6627574345714 
-229.6632791091358 
-229.66378742605121 
-229.66419838218627 
-229.6645997082622 
-229.6649247471409 
-229.6652427337235 
-229.6655006629907 
-229.6657529870498 
-229.66595848533447 
-229.66615963318785 
-229.66632300092704 
-229.66648223816583 
-229.66661217497486 
-229.6667422133437 
-229.6668464341857 
-229.66694881798543 
-229.66703214280446 
-229.66711403497376 
-229.66718069601453 
-229.66724619531809 
-229.6672995226624 
-229.6673519285129 
-229.667394589801 
-229.66743650892323 
-229.66747062172556 
-229.66750413362178 
-229.66753139866452 
-229.66755816910745 
-229.6675799393505 
-229.66760130760017 
-229.66761861156965 
-229.66763546171515 
-229.66764905090704 
-229.66766228331585 
-229.6676729596162 
-229.66768337915568 
-229.66769172591944 
-229.66769988742533 
-229.66770646948743 
-229.66771287835272 
-229.66771804767558 
-229.66772308079624 
-229.66772713934597 
-229.6677310923942 
-229.66773427951696 
-229.66773738257803 
-229.6677398846175 
-229.6677423199699 
-229.66774428392682 
-229.66774619496675 
-229.66774773513063 
-229.6677492245202 
-229.66775041160184 
-229.66775155279595 
-229.66775246167168 
-229.6677533356333 
-229.66775403164993 
-229.66775470087416 
-229.6677552338232 
-229.6677557461769 
-229.66775615417015 
-229.6677565463873 
-229.66775685861433 
-229.66775715900573 
-229.66775739847554 
-229.6677576302171 
-229.66775782376357 
-229.66775808057858 
-230.3325982444095 
-230.9448126964512 
-231.19606575947284 
-231.32694285047242 
-231.4162690141049 
-231.47975037210034 
-231.51709764053996 
-231.55231257116 
-231.57016570145734 
-231.5732118716071 
-231.58291259586676 
-231.58466424115096 
-231.5904859016955 
-231.5916037605846 
-231.59541741700363 
-231.5965091640837 
-231.59713344459192 
-231.59790255896604 
-231.59835591966436 
-231.5989096257011 
-231.59924927932644 
-231.59965518461507 
-231.5999173220905 
-231.60021972720867 
-231.60042806251693 
-231.60065690868456 
-231.60082729064337 
-231.60100335957497 
-231.60114631359954 
-231.60128434944798 
-231.60140653223291 
-231.6015172466595 
-231.6016224266286 
-231.60171366699836 
-231.6018036686767 
-231.60188112770402 
-231.60195687265835 
-231.60202450234868 
-231.60208688796052 
-231.6021471811393 
-231.60219749613276 
-231.60225172952283 
-231.60229162550772 
-231.60234015931496 
-231.60237142198162 
-231.6024141220118 
-231.60243844816506 
-231.60247514876906 
-231.60249401339405 
-231.60252482208364 
-231.6025394355549 
-231.60256478615094 
-231.6025761085517 
-231.60259665324017 
-231.60260543892474 
-231.6026223464977 
-231.6026278912845 
-231.60264131758578 
-231.60264606803332 
-231.60265246467614 
-231.6026562735637 
-231.602661619398 
-231.6026646645869 
-231.60266911722692 
-231.60267154552128 
-231.60267523645302 
-231.60267716662005 
-231.60268020862998 
-231.60268173982647 
-231.6026842318628 
-231.60268544326047 
-231.60268747185827 
-231.60268842795975 
-231.60269006861978 
-231.6026908211304 
-231.60269214029745 
-231.60269273077984 
-231.60269378361178 
-231.6026942451369 
-231.60269507968982 
-231.60269543869288 
-231.6026960948334 
-231.60269637223954 
-231.60269688358068 
-231.60269709610748 
-231.60269749004112 
-231.60269765097036 
-231.60269795015432 
-231.60269807009556 
-231.6026982930695 
-231.60269838050664 
-231.6026985424629 
-231.60269860423352 
-231.60269871760175 
-231.60269875922864 
-231.60269883424047 
-231.60269886028476 
-231.6026989054555 
-231.60269891978467 
-231.602698942414 
-231.6026989485042 
-231.6026989557664 
-231.60269895756147 
-231.60269895776923 
-231.6026989583477 
-231.6026989583975 
-231.60269895839613 
-231.6026989583976 
-231.60269895840057 
-231.60269895840236 
-231.60269895840352 
-231.60269895840406 
-231.6026989584041 
-231.6026989584041 
-231.6026989584041 
-231.60269895840403 
-231.60269895840418 
-231.60269895840412 
-231.60269895840432 
-231.6026989584043 
-231.60269895840423 
-231.6026989584043 
-231.6026989584044 
-231.6026989584046 
-231.60269895840509 
-231.60269895840523 
-231.60269895840568 
-231.60269895840614 
-231.60269895840668 
-231.60269895840707 
-231.60269895840753 
-231.60269895840798 
-231.60269895840872 
-231.60269895840926 
-231.6026989584101 
-231.60269895841049 
-231.6026989584112 
-231.60269895841168 
-231.60269895841253 
-231.60269895841316 
-231.60269895841427 
-231.6026989584149 
-231.60269895841617 
-231.60269895841694 
-231.60269895841822 
-231.60269895841896 
-231.60269895842038 
-231.60269895842117 
-231.602698958423 
-231.6026989584238 
-231.602698958426 
-231.60269895842697 
-231.6026989584295 
-231.6026989584305 
-231.6026989584333 
-231.6026989584344 
-231.60269895843956 
-231.6026989584409 
-231.6026989584464 
-231.60269895845033 
-231.6026989584564 
-231.60269895846073 
-231.60269895846767 
-231.60269895847196 
-231.60269895847975 
-231.6026989584843 
-231.60269895849322 
-231.60269895849854 
-231.602698958509 
-231.6026989585148 
-231.6026989585262 
-231.6026989585326 
-231.60269895854526 
-231.60269895855262 
-231.60269895856644 
-231.6026989585746 
-231.60269895858954 
-231.6026989585986 
-231.60269895861398 
-231.60269895862425 
-231.60269895863937 
-231.60269895865054 
-231.60269895866568 
-231.6026989586778 
-231.60269895869234 
-231.6026989587048 
-231.60269895871812 
-231.60269895873137 
-231.6026989587431 
-231.60269895875632 
-231.60269895876692 
-231.60269895878008 
-231.60269895879134 
-231.60269895880424 
-231.60269895881945 
-231.60269895883314 
-231.60269895885605 
-231.60269895887328 
-231.6026989589086 
-231.6026989590957 
-231.60269895914664 
-231.60269895934331 
-231.6026989594124 
-231.60269895962827 
-231.60269895971723 
-231.60269895997695 
-231.60269896038483 
-231.6026989607665 
-231.6026989614394 
-231.60269896211997 
-231.6026989629408 
-231.60269896329257 
-231.60269896329555 
-231.6027058734824 
-231.60271571249828 
-231.6027245783365 
-231.60273282456023 
-231.60273986708947 
-231.6027463768049 
-231.6027519495771 
-231.6027571145395 
-231.60276156077452 
-231.60276569590954 
-231.60276928007326 
-231.60277262798303 
-231.60277555253896 
-231.60277829786952 
-231.6027807171622 
-231.6027830011806 
-231.6027850361895 
-231.6027870173924 
-231.60278813132976 
-231.60278917233035 
-231.60279006640937 
-231.60279090396898 
-231.60279162602546 
-231.6027923046356 
-231.60279289234427 
-231.6027934466883 
-231.60279392926608 
-231.60279438622703 
-231.60279478643528 
-231.6027951671091 
-231.60279550269934 
-231.60279582355165 
-231.6027961074713 
-231.60279638120463 
-231.60279662627445 
-231.60279686322605 
-231.6027970770241 
-231.60279728528553 
-231.60279747862347 
-231.60279757295237 
-231.60279765612168 
-231.60279773537687 
-231.60279780545298 
-231.6027978723738 
-231.60279793176966 
-231.60279798863078 
-231.60279803934313 
-231.60279808802437 
-231.60279813168 
-231.60279817371455 
-231.6027982116434 
-231.6027982482918 
-231.60279828157405 
-231.60279831384065 
-231.60279834334173 
-231.6027983722989 
-231.60279839886095 
-231.60279842465923 
-231.60279844855185 
-231.60279847193837 
-231.60279849375712 
-231.6027985151516 
-231.60279853520228 
-231.60279855491572 
-231.60279857346967 
-231.6027985917301 
-231.60279860897225 
-231.60279862593805 
-231.602798641983 
-231.60279865774805 
-231.60279867265407 
-231.60279868725007 
-231.60279870101328 
-231.6027987144081 
-231.6027987269602 
-231.60279873905205 
-231.60279875025452 
-231.60279876086005 
-231.60279877055243 
-231.6027987794861 
-231.60279878762213 
-231.60279879673584 
-231.60279880161585 
-231.6027988054867 
-231.60279880817916 
-231.60279880824038 
-231.60279880844345 
-231.60279880843723 
-231.60279880850814 
-231.60279880850698 
-231.6027988085079 
-231.60279880851084 
-231.60279880851283 
-231.60279880851382 
-231.60279880851436 
-231.6027988085143 
-231.60279880851425 
-231.60279880851422 
-231.6027988085141 
-231.6027988085141 
-231.602798808514 
-231.6027988085141 
-231.60279880851408 
-231.60279880851422 
-231.60279880851425 
-231.6027988085138 
-231.60279880851394 
-231.60279880851397 
-231.60279880851414 
-231.60279880851434 
-231.6027988085148 
-231.60279880851505 
-231.60279880851547 
-231.602798808516 
-231.6027988085166 
-231.60279880851712 
-231.60279880851766 
-231.60279880851817 
-231.60279880851897 
-231.60279880851954 
-231.6027988085201 
-231.6027988085207 
-231.60279880852116 
-231.60279880852198 
-231.6027988085224 
-231.602798808523 
-231.60279880852354 
-231.6027988085241 
-231.60279880852454 
-231.6027988085254 
-231.60279880852627 
-231.60279880852693 
-231.60279880852747 
-231.60279880852832 
-231.60279880852912 
-231.60279880852994 
-231.6027988085307 
-231.60279880853167 
-231.6027988085327 
-231.60279880853355 
-231.60279880853466 
-231.6027988085388 
-231.60279880854284 
-231.60279880854713 
-231.60279880855128 
-231.60279880855555 
-231.60279880855984 
-231.60279880856413 
-231.60279880856848 
-231.60279880857277 
-231.60279880857735 
-231.6027988085815 
-231.60279880858607 
-231.60279880859053 
-231.60279880859514 
-231.60279880859963 
-231.6027988086041 
-231.60279880860864 
-231.60279880861322 
-231.60279880861765 
-231.60279880862132 
-231.60279880862302 
-231.602798810549 
-231.6027988124808 
-231.60279881441375 
-231.60279881634685 
-231.60279881828046 
-231.60279882021385 
-231.6027988221476 
-231.60279882408182 
-231.60279882602222 
-231.60279882817366 
-231.60279882838583 
-231.60279883032084 
-231.60279883225627 
-231.6027988341917 
-231.60279883612802 
-231.60279883806447 
-231.60279884000943 
-231.60279884222632 
-231.60279884222714 
-231.6027988422271 
-231.60279884222703 
-231.6027988422269 
-231.60279884222675 
-231.60279884222675 
-231.60279884222683 
-231.60279884222655 
-231.60279884222638 
-231.60279884222638 
-231.6027988422264 
-231.6027988422262 
-231.6027988422261 
-231.602798842226 
-231.60279884222604 
-231.60279884222598 
-231.602798842226 
-231.60279884222575 
-231.60279884222572 
-231.6027988422256 
-231.6027988422252 
-231.60279884222538 
-231.60279884222533 
-231.60279884222513 
-231.60279884222507 
-231.60279884222481 
-231.60279884222481 
-231.6027988422249 
-231.60279884222456 
-231.60279884222444 
-231.60279884222427 
-231.60279884222427 
-231.6027988422242 
-231.60279884222405 
-231.60279884222413 
-231.60279884222393 
-231.60279884222373 
-231.60279884222382 
-231.60279884222385 
-231.60279884222373 
-231.60279884222362 
-231.60279884222354 
-231.60279884222348 
-231.6027988422234 
-231.6027988422234 
-231.60279884222322 
-231.60279884222322 
-231.60279884222317 
-231.60279884222322 
-231.60279884222325 
-231.6027988422229 
-231.60279884222285 
-231.60279884222268 
-231.6027988422228 
-231.60279884222263 
-231.6027988422225 
-231.60279884222237 
-231.60279884222223 
-231.60279884222206 
-231.60279884222234 
-231.60279884222228 
-231.60279884222246 
-231.60279884222214 
-231.6027988422221 
-231.60279884222214 
-231.6027988422223 
-231.60279884222237 
-231.60279884222246 
-231.60279884222226 
-231.60279884222234 
-231.6027988422223 
-231.6027988422223 
-231.60279884222243 
-231.60279884222246 
-231.6027988422226 
-231.60279884222268 
-231.6027988422231 
-231.60279884222305 
-231.60279884222288 
-231.60279884222277 
-231.60279884222274 
-231.60279884222285 
-231.6027988422228 
-231.6027988422228 
-231.60279884222257 
-231.60279884222237 
-231.60279884222228 
-231.602798842222 
-231.60279884222186 
-231.60279884222194 
-231.60279884222197 
-231.60279884222197 
-231.6027988422219 
-231.60279884222194 
-231.6027988422219 
-231.60279884222192 
-231.60279884222172 
-231.60279884222166 
-231.6027988422216 
-231.60279884222152 
-231.60279884222143 
-231.60279884222078 
-231.6027988422197 
-231.60279884221765 
-231.60279884221464 
-231.60279884221333 
-231.60279884221464 
-231.60279884221754 
-231.60279884221978 
-231.60279884222078 
-231.60279884222155 
-231.60279884222177 
-231.60279884222183 
-231.60279884222192 
-231.6027988422221 
-231.6027988422222 
-231.60279884222206 
-231.6027988422221 
-231.60279884222211 
-231.6027988422223 
-231.602798842222 
-231.60279884222214 
-231.6027988422221 
-231.60279884222206 
-231.6027988422223 
-231.60279884222234 
-231.60279884222254 
-231.6027988422224 
-231.6027988422225 
-231.6027988422225 
-231.60279884222226 
-231.60279884222214 
-231.60279884222211 
-231.60279884222206 
-231.6027988422221 
-231.60279884222174 
-231.6027988422214 
-231.60279884222132 
-231.60279884222112 
-231.60279884222103 
-231.60279884222095 
-231.60279884222092 
-231.60279884222075 
-231.60279884222078 
-231.60279884222086 
-231.6027988422209 
-231.6027988422207 
-231.60279884222066 
-231.60279884222058 
-231.6027988422206 
-231.6027988422205 
-231.60279884222047 
-231.60279884222035 
-231.6027988422203 
-231.60279884222027 
-231.60279884222018 
-231.60279884222024 
-231.60279884222027 
-231.60279884222018 
-231.6027988422202 
-231.60279884222032 
-231.60279884222038 
-231.60279884222044 
-231.6027988422202 
-231.60279884222015 
-231.60279884222012 
-231.60279884222024 
-231.6027988422201 
-231.60279884222 
-231.6027988422199 
-231.60279884221998 
-231.60279884222007 
-231.6027988422201 
-231.60279884222 
-231.60279884221993 
-231.60279884221995 
-231.60279884222007 
-231.60279884222004 
-231.6027988422201 
-231.60279884222004 
-231.60279884222007 
-231.6027988422201 
-231.60279884222024 
-231.60279884222047 
-231.60279884222038 
-231.60279884222018 
-231.60279884222012 
-231.6027988422203 
-231.60279884222035 
-231.60279884222047 
-231.6027988422202 
-231.60279884222035 
-231.60279884222038 
-231.60279884222038 
-231.60279884222047 
-231.6027988422204 
-231.6027988422204 
-231.6027988422203 
-231.6027988422203 
-231.60279884222035 
-231.6027988422205 
-231.60279884222038 
-231.6027988422203 
-231.60279884222024 
-231.6027988422202 
-231.60279884222004 
-231.60279884221998 
-231.60279884222012 
-231.60279884222024 
-231.60279884222004 
-231.6027988422201 
-231.6027988422201 
-231.6027988422211 
-231.60279884222192 
-231.60279884222282 
-231.6027988422234 
-231.60279884222416 
-231.60279884222496 
-231.60279884222592 
-231.60279884222584 
-231.60279884222658 
-231.6027988422274 
-231.6027988422281 
-231.60279884222908 
-231.60279884223 
-231.60279884223075 
-231.60279884223124 
-231.60279884223203 
-231.60279884223274 
-231.6027988422338 
-231.60279884223374 
-231.60279884223363 
-231.60279884223365 
-231.6027988422337 
-231.60279884223357 
-231.6027988422336 
-231.60279884223345 
-231.60279884223345 
-231.60279884223334 
-231.60279884223334 
-231.60279884223343 
-231.6027988422332 
-231.60279884223328 
-231.60279884223306 
-231.60279884223314 
-231.60279884223314 
-231.6027988422331 
-231.60279884223334 
-231.60279884223326 
-231.60279884223337 
-231.60279884223334 
-231.60279884223326 
-231.60279884223343 
-231.60279884223343 
-231.6027988422334 
-231.60279884223348 
-231.60279884223363 
-231.60279884223368 
-231.6027988422337 
-231.60279884223382 
-231.602798842234 
-231.60279884223402 
-231.602798842234 
-231.60279884223417 
-231.60279884223434 
-231.60279884223442 
-231.6027988422343 
-231.6027988422343 
-231.60279884223436 
-231.60279884223436 
-231.60279884223445 
-231.60279884223448 
-231.6027988422344 
-231.60279884223436 
-231.6027988422343 
-231.6027988422345 
-231.60279884223425 
-231.60279884223417 
-231.6027988422339 
-231.60279884223385 
-231.60279884223385 
-231.6027988422339 
-231.60279884223417 
-231.60279884223428 
-231.60279884223448 
-231.60279884223456 
-231.60279884223505 
-231.60279884223516 
-231.60279884223527 
-231.60279884223527 
-231.60279884223533 
-231.6027988422355 
-231.6027988422354 
-231.60279884223544 
-231.60279884223527 
-231.60279884223516 
-231.60279884223502 
-231.60279884223465 
-231.6027988422336 
-231.60279884223155 
-231.6027988422285 
-231.60279884222737 
-231.6027988422286 
-231.60279884223164 
-231.6027988422335 
-231.60279884223465 
-231.60279884223496 
-231.60279884223505 
-231.60279884223527 
-231.60279884223556 
-231.60279884223567 
-231.60279884223584 
-231.60279884223573 
-231.60279884223561 
-231.60279884223567 
-231.6027988422356 
-231.60279884223553 
-231.60279884223544 
-231.60279884223533 
-231.60279884223507 
-231.60279884223496 
-231.6027988422348 
-231.6027988422347 
-231.60279884223456 
-231.60279884223465 
-231.60279884223465 
-231.60279884223448 
-231.60279884223434 
-231.60279884223448 
-231.60279884223456 
-231.60279884223434 
-231.60279884223445 
-231.60279884223445 
-231.60279884223442 
-231.60279884223422 
-231.60279884223417 
-231.6027988422342 
-231.60279884223422 
-231.60279884223414 
-231.6027988422341 
-231.60279884223382 
-231.60279884223382 
-231.60279884223374 
-231.60279884223368 
-231.6027988422335 
-231.6027988422335 
-231.60279884223317 
-231.60279884223308 
-231.602798842233 
-231.60279884223308 
-231.602798842233 
-231.60279884223277 
-231.60279884223254 
-231.60279884223237 
-231.60279884223218 
-231.60279884223223 
-231.60279884223218 
-231.60279884223215 
-231.60279884223212 
-231.60279884223198 
-231.60279884223195 
-231.60279884223198 
-231.60279884223198 
-231.60279884223186 
-231.60279884223186 
-231.60279884223186 
-231.6027988422319 
-231.602798842232 
-231.60279884223203 
-231.60279884223198 
-231.60279884223186 
-231.6027988422317 
-231.6027988422316 
-231.60279884223175 
-231.60279884223152 
-231.6027988422316 
-231.60279884223146 
-231.60279884223155 
-231.60279884223146 
-231.60279884223144 
-231.6027988422314 
-231.60279884223155 
-231.60279884223155 
-231.60279884223158 
-231.60279884223155 
-231.60279884223138 
-231.6027988422314 
-231.60279884223164 
-231.60279884223175 
-231.60279884223178 
-231.60279884223183 
-231.60279884223155 
-231.60279884223158 
-231.60279884223164 
-231.6027988422317 
-231.6027988422317 
-231.6027988422316 
-231.60279884223146 
-231.60279884223152 
-231.60279884223155 
-231.6027988422315 
-231.6027988422316 
-231.6027988422317 
-231.60279884223152 
-231.60279884223152 
-231.6027988422314 
-231.60279884223138 
-231.60279884223146 
-231.60279884223146 
-231.60279884223155 
-231.60279884223172 
-231.60279884223172 
-231.6027988422316 
-231.6027988422316 
-231.60279884223164 
-231.60279884223166 
-231.6027988422315 
-231.6027988422315 
-231.60279884223158 
-231.60279884223155 
-231.6027988422317 
-231.60279884223164 
-231.60279884223164 
-231.6027988422315 
-231.6027988422315 
-231.60279884223135 
-231.60279884223135 
-231.6027988422313 
-231.60279884223132 
-231.60279884223127 
-231.60279884223127 
-231.60279884223124 
-231.60279884223138 
-231.6027988422313 
-231.60279884223146 
-231.6027988422315 
-231.60279884223144 
-231.60279884223155 
-231.60279884223146 
-231.6027988422317 
-231.6027988422318 
-231.60279884223178 
-231.6027988422317 
-231.60279884223164 
-231.60279884223158 
-231.6027988422317 
-231.6027988422317 
-231.6027988422318 
-231.60279884223178 
-231.60279884223178 
-231.60279884223175 
-231.60279884223178 
-231.6027988422318 
-231.60279884223183 
-231.6027988422319 
-231.60279884223186 
-231.60279884223192 
-231.60279884223175 
-231.60279884223178 
-231.60279884223175 
-231.60279884223183 
-231.60279884223206 
-231.60279884223203 
-231.60279884223186 
-231.6027988422319 
-231.60279884223186 
-231.60279884223183 
-231.60279884223212 
-231.60279884223218 
-231.60279884223232 
-231.6027988422324 
-231.60279884223226 
-231.6027988422324 
-231.60279884223232 
-231.60279884223237 
-231.60279884223237 
-231.6027988422325 
-231.60279884223237 
-231.6027988422324 
-231.60279884223235 
-231.60279884223237 
-231.60279884223232 
-231.60279884223237 
-231.60279884223246 
-231.6027988422324 
-231.6027988422325 
-231.60279884223235 
-231.60279884223243 
-231.6027988422324 
-231.60279884223235 
-231.60279884223226 
-231.60279884223237 
-231.60279884223226 
-231.60279884223166 
-231.60279884223053 
-231.60279884222828 
-231.60279884222544 
-231.60279884222427 
-231.6027988422253 
-231.60279884222822 
-231.60279884223044 
-231.60279884223166 
-231.6027988422322 
-231.6027988422322 
-231.60279884223203 
-231.60279884223212 
-231.60279884223223 
-231.6027988422322 
-231.60279884223218 
-231.60279884223237 
-231.60279884223226 
-231.60279884223232 
-231.60279884223235 
-231.60279884223232 
-231.60279884223243 
-231.60279884223237 
-231.60279884223257 
-231.6027988422325 
-231.60279884223257 
-231.60279884223235 
-231.60279884223237 
-231.60279884223223 
-231.60279884223235 
-231.60279884223226 
-231.6027988422324 
-231.60279884223252 
-231.60279884223237 
-231.6027988422324 
-231.60279884223218 
-231.60279884223226 
-231.60279884223223 
-231.6027988422321 
-231.60279884223235 
-231.6027988422324 
-231.6027988422324 
-231.60279884223226 
-231.60279884223215 
-231.6027988422322 
-231.60279884223232 
-231.60279884223237 
-231.60279884223232 
-231.60279884223218 
-231.60279884223203 
-231.602798842232 
-231.60279884223192 
-231.60279884223195 
-231.60279884223198 
-231.60279884223198 
-231.60279884223198 
-231.60279884223192 
-231.60279884223192 
-231.60279884223195 
-231.602798842232 
-231.60279884223198 
-231.60279884223192 
-231.60279884223198 
-231.60279884223178 
-231.60279884223186 
-231.60279884223172 
-231.6027988422317 
-231.60279884223155 
-231.6027988422313 
-231.60279884223132 
-231.6027988422311 
-231.60279884223115 
-231.6027988422313 
-231.60279884223124 
-231.6027988422313 
-231.60279884223132 
-231.60279884223146 
-231.60279884223155 
-231.60279884223172 
-231.60279884223183 
-231.60279884223172 
-231.60279884223172 
-231.6027988422316 
-231.6027988422318 
-231.60279884223178 
-231.60279884223186 
-231.60279884223192 
-231.60279884223186 
-231.6027988422317 
-231.6027988422318 
-231.60279884223195 
-231.60279884223186 
-231.60279884223172 
-231.6027988422317 
-231.6027988422317 
-231.60279884223164 
-231.60279884223166 
-231.60279884223164 
-231.60279884223158 
-231.60279884223164 
-231.60279884223158 
-231.60279884223158 
-231.6027988422316 
-231.60279884223155 
-231.60279884223155 
-231.6027988422316 
-231.60279884223164 
-231.6027988422317 
-231.60279884223164 
-231.6027988422317 
-231.6027988422317 
-231.6027988422318 
-231.60279884223178 
-231.6027988422317 
-231.60279884223175 
-231.6027988422317 
-231.6027988422315 
-231.6027988422315 
-231.60279884223144 
-231.6027988422312 
-231.60279884223098 
-231.60279884223075 
-231.60279884223056 
-231.60279884223053 
-231.60279884223058 
-231.60279884223053 
-231.60279884223056 
-231.60279884223036 
-231.6027988422303 
-231.60279884223004 
-231.6027988422302 
-231.60279884223021 
-231.60279884223033 
-231.60279884223033 
-231.60279884223016 
-231.6027988422299 
-231.60279884223 
-231.60279884223004 
-231.60279884223 
-231.6027988422302 
-231.6027988422301 
-231.6027988422299 
-231.60279884223002 
-231.6027988422301 
-231.6027988422302 
-231.60279884223013 
-231.60279884223004 
-231.6027988422301 
-231.60279884223024 
-231.6027988422303 
-231.6027988422303 
-231.60279884223053 
-231.60279884223056 
-231.60279884223033 
-231.60279884223038 
-231.6027988422305 
-231.60279884223056 
-231.60279884223044 
-231.60279884223056 
-231.6027988422303 
-231.60279884223016 
-231.60279884223004 
-231.6027988422301 
-231.6027988422301 
-231.60279884223027 
-231.6027988422304 
-231.60279884223038 
-231.60279884223038 
-231.60279884223067 
-231.60279884223056 
-231.60279884223058 
-231.60279884223056 
-231.60279884223056 
-231.6027988422305 
-231.60279884223038 
-231.60279884223044 
-231.60279884223044 
-231.6027988422304 
-231.6027988422303 
-231.60279884223038 
-231.60279884223024 
-231.60279884223024 
-231.60279884223027 
-231.6027988422304 
-231.60279884223047 
-231.60279884223033 
-231.60279884223036 
-231.60279884223033 
-231.60279884223013 
-231.60279884223007 
-231.60279884223016 
-231.60279884223007 
-231.60279884222987 
-231.6027988422298 
-231.6027988422296 
-231.60279884222948 
-231.6027988422292 
-231.60279884222805 
-231.60279884222618 
-231.6027988422231 
-231.60279884222203 
-231.60279884222317 
-231.6027988422262 
-231.60279884222814 
-231.60279884222945 
-231.60279884222984 
-231.60279884222993 
-231.60279884222993 
-231.60279884222993 
-231.6027988422301 
-231.6027988422301 
-231.60279884223 
-231.60279884223007 
-231.60279884223024 
-231.60279884223027 
-231.60279884223013 
-231.60279884223021 
-231.60279884223024 
-231.60279884223016 
-231.6027988422304 
-231.60279884223033 
-231.60279884223038 
-231.60279884223044 
-231.6027988422304 
-231.60279884223047 
-231.60279884223053 
-231.60279884223053 
-231.60279884223053 
-231.6027988422304 
-231.6027988422305 
-231.6027988422305 
-231.6027988422304 
-231.60279884223058 
-231.60279884223056 
-231.60279884223044 
-231.6027988422304 
-231.60279884223036 
-231.60279884223036 
-231.60279884223016 
-231.60279884223027 
-231.60279884223027 
-231.60279884223038 
-231.6027988422306 
-231.6027988422304 
-231.60279884223053 
-231.60279884223056 
-231.60279884223067 
-231.60279884223047 
-231.60279884223036 
-231.60279884223044 
-231.60279884223044 
-231.60279884223047 
-231.6027988422303 
-231.6027988422305 
-231.6027988422305 
-231.6027988422305 
-231.60279884223058 
-231.60279884223038 
-231.60279884223038 
-231.60279884223021 
-231.60279884223021 
-231.60279884223024 
-231.60279884223038 
-231.60279884223024 
-231.6027988422301 
-231.60279884223033 
-231.60279884223058 
-231.60279884223038 
-231.60279884223044 
-231.6027988422301 
-231.60279884222996 
-231.60279884223016 
-231.60279884223027 
-231.60279884223044 
-231.6027988422306 
-231.60279884223056 
-231.60279884223047 
-231.6027988422307 
-231.60279884223064 
-231.60279884223078 
-231.60279884223084 
-231.6027988422309 
-231.60279884223115 
-231.60279884223112 
-231.60279884223104 
-231.60279884223124 
-231.60279884223124 
-231.6027988422311 
-231.6027988422311 
-231.602798842231 
-231.60279884223115 
-231.6027988422312 
-231.60279884223118 
-231.60279884223118 
-231.60279884223124 
-231.60279884223112 
-231.60279884223115 
-231.60279884223115 
-231.60279884223118 
-231.6027988422312 
-231.60279884223112 
-231.60279884223112 
-231.60279884223107 
-231.60279884223124 
-231.6027988422314 
-231.60279884223144 
-231.60279884223146 
-231.60279884223146 
-231.6027988422316 
-231.60279884223158 
-231.60279884223166 
-231.6027988422316 
-231.60279884223146 
-231.60279884223146 
-231.60279884223164 
-231.60279884223164 
-231.60279884223155 
-231.6027988422316 
-231.60279884223166 
-231.60279884223175 
-231.60279884223183 
-231.602798842232 
-231.602798842232 
-231.60279884223192 
-231.6027988422319 
-231.60279884223192 
-231.6027988422317 
-231.6027988422316 
-231.60279884223183 
-231.60279884223183 
-231.60279884223172 
-231.6027988422317 
-231.60279884223175 
-231.60279884223195 
-231.60279884223206 
-231.602798842232 
-231.6027988422321 
-231.60279884223203 
-231.60279884223212 
-231.60279884223212 
-231.6027988422323 
-231.6027988422323 
-231.6027988422323 
-231.6027988422321 
-231.60279884223203 
-231.60279884223198 
-231.60279884223192 
-231.60279884223192 
-231.6027988422321 
-231.6027988422321 
-231.60279884223226 
-231.60279884223226 
-231.60279884223226 
-231.60279884223232 
-231.60279884223252 
-231.60279884223252 
-231.6027988422326 
-231.60279884223257 
-231.6027988422326 
-231.60279884223252 
-231.6027988422324 
-231.60279884223206 
-231.60279884223195 
-231.6027988422318 
-231.60279884223195 
-231.60279884223198 
-231.60279884223206 
-231.60279884223218 
-231.6027988422324 
-231.6027988422323 
-231.60279884223235 
-231.60279884223232 
-231.6027988422322 
-231.6027988422323 
-231.60279884223218 
-231.60279884223206 
-231.60279884223195 
-231.6027988422321 
-231.60279884223186 
-231.60279884223172 
-231.60279884223155 
-231.6027988422315 
-231.60279884223146 
-231.6027988422314 
-231.6027988422313 
-231.60279884223112 
-231.60279884223107 
-231.6027988422312 
-231.602798842231 
-231.60279884223098 
-231.602798842231 
-231.6027988422308 
-231.6027988422302 
-231.60279884222902 
-231.6027988422271 
-231.6027988422242 
-231.60279884222288 
-231.60279884222408 
-231.60279884222692 
-231.60279884222905 
-231.60279884223007 
-231.60279884223078 
-231.6027988422311 
-231.60279884223124 
-231.6027988422313 
-231.6027988422315 
-231.60279884223124 
-231.60279884223132 
-231.60279884223158 
-231.60279884223155 
-231.6027988422315 
-231.60279884223152 
-231.60279884223158 
-231.60279884223172 
-231.6027988422319 
-231.602798842232 
-231.60279884223192 
-231.6027988422319 
-231.60279884223203 
-231.6027988422321 
-231.60279884223212 
-231.6027988422322 
-231.60279884223235 
-231.60279884223218 
-231.6027988422322 
-231.60279884223198 
-231.60279884223195 
-231.60279884223183 
-231.60279884223172 
-231.60279884223158 
-231.6027988422316 
-231.60279884223175 
-231.60279884223206 
-231.60279884223198 
-231.60279884223192 
-231.60279884223195 
-231.60279884223203 
-231.60279884223195 
-231.6027988422319 
-231.60279884223178 
-231.6027988422319 
-231.60279884223195 
-231.60279884223195 
-231.60279884223172 
-231.60279884223186 
-231.60279884223178 
-231.60279884223178 
-231.6027988422319 
-231.60279884223183 
-231.60279884223195 
-231.602798842232 
-231.60279884223203 
-231.60279884223203 
-231.60279884223198 
-231.60279884223192 
-231.6027988422318 
-231.6027988422319 
-231.60279884223175 
-231.60279884223198 
-231.6027988422319 
-231.60279884223175 
-231.60279884223178 
-231.6027988422319 
-231.60279884223195 
-231.60279884223186 
-231.60279884223158 
-231.6027988422316 
-231.6027988422317 
-231.60279884223164 
-231.6027988422314 
-231.60279884223158 
-231.6027988422315 
-231.6027988422315 
-231.60279884223132 
-231.60279884223118 
-231.60279884223115 
-231.6027988422311 
-231.60279884223104 
-231.60279884223098 
-231.6027988422308 
-231.60279884223084 
-231.60279884223084 
-231.60279884223084 
-231.60279884223084 
-231.60279884223092 
-231.6027988422308 
-231.60279884223092 
-231.60279884223087 
-231.60279884223095 
-231.60279884223104 
-231.6027988422309 
-231.602798842231 
-231.60279884223095 
-231.6027988422311 
-231.60279884223112 
-231.60279884223115 
-231.6027988422312 
-231.60279884223118 
-231.60279884223124 
-231.60279884223118 
-231.60279884223127 
-231.60279884223112 
-231.602798842231 
-231.60279884223092 
-231.602798842231 
-231.60279884223084 
-231.6027988422309 
-231.60279884223087 
-231.6027988422307 
-231.60279884223078 
-231.60279884223095 
-231.60279884223092 
-231.60279884223092 
-231.60279884223095 
-231.6027988422309 
-231.60279884223092 
-231.60279884223075 
-231.60279884223073 
-231.60279884223073 
-231.60279884223067 
-231.60279884223056 
-231.60279884223058 
-231.60279884223033 
-231.60279884223056 
-231.6027988422309 
-231.60279884223087 
-231.6027988422311 
-231.60279884223087 
-231.6027988422308 
-231.60279884223084 
-231.60279884223087 
-231.6027988422308 
-231.60279884223092 
-231.60279884223087 
-231.60279884223104 
-231.60279884223115 
-231.60279884223135 
-231.60279884223118 
-231.6027988422311 
-231.60279884223107 
-231.6027988422311 
-231.60279884223107 
-231.6027988422311 
-231.60279884223104 
-231.6027988422309 
-231.6027988422309 
-231.60279884223092 
-231.60279884223084 
-231.6027988422308 
-231.60279884223073 
-231.60279884223067 
-231.6027988422305 
-231.6027988422305 
-231.60279884223044 
-231.6027988422304 
-231.6027988422304 
-231.60279884223047 
-231.60279884223047 
-231.6027988422306 
-231.60279884223056 
-231.60279884223044 
-231.60279884223024 
-231.60279884223027 
-231.60279884223021 
-231.60279884223013 
-231.6027988422301 
-231.6027988422299 
-231.60279884223004 
-231.60279884222996 
-231.60279884222984 
-231.60279884223 
-231.60279884222993 
-231.60279884222996 
-231.6027988422301 
-231.6027988422298 
-231.6027988422298 
-231.6027988422299 
-231.60279884222984 
-231.6027988422299 
-231.60279884222987 
-231.60279884222976 
-231.6027988422297 
-231.6027988422298 
-231.60279884222973 
-231.60279884222948 
-231.6027988422294 
-231.6027988422293 
-231.6027988422292 
-231.60279884222874 
-231.6027988422274 
-231.6027988422254 
-231.60279884222243 
-231.60279884222112 
-231.60279884222248 
-231.60279884222552 
-231.60279884222746 
-231.60279884222865 
-231.60279884222928 
-231.6027988422295 
-231.60279884222953 
-231.60279884222973 
-231.6027988422298 
-231.6027988422298 
-231.60279884222984 
-231.60279884222982 
-231.60279884222982 
-231.60279884222945 
-231.60279884222962 
-231.6027988422295 
-231.60279884222942 
-231.60279884222945 
-231.60279884222956 
-231.60279884222953 
-231.60279884222948 
-231.60279884222942 
-231.60279884222936 
-231.60279884222953 
-231.60279884222962 
-231.60279884222953 
-231.60279884222956 
-231.60279884222967 
-231.6027988422298 
-231.60279884222982 
-231.60279884222982 
-231.60279884222987 
-231.6027988422298 
-231.6027988422299 
-231.60279884222982 
-231.60279884222956 
-231.60279884222973 
-231.60279884222996 
-231.60279884222996 
-231.60279884223007 
-231.60279884223004 
-231.6027988422302 
-231.6027988422301 
-231.6027988422301 
-231.60279884223027 
-231.60279884223033 
-231.60279884223033 
-231.6027988422305 
-231.60279884223067 
-231.6027988422307 
-231.60279884223064 
-231.60279884223064 
-231.60279884223056 
-231.60279884223056 
-231.6027988422307 
-231.60279884223073 
-231.60279884223084 
-231.60279884223095 
-231.60279884223095 
-231.60279884223084 
-231.60279884223092 
-231.6027988422309 
-231.60279884223104 
-231.6027988422311 
-231.60279884223112 
-231.60279884223118 
-231.6027988422313 
-231.60279884223115 
-231.60279884223092 
-231.60279884223078 
-231.6027988422307 
-231.60279884223067 
-231.60279884223038 
-231.60279884223033 
-231.60279884223038 
-231.60279884223047 
-231.60279884223044 
-231.60279884223047 
-231.60279884223036 
-231.60279884223038 
-231.60279884223044 
-231.60279884223038 
-231.60279884223016 
-231.60279884223007 
-231.60279884223024 
-231.6027988422303 
-231.60279884223038 
-231.6027988422304 
-231.60279884223044 
-231.60279884223044 
-231.6027988422303 
-231.6027988422304 
-231.6027988422304 
-231.60279884223033 
-231.6027988422302 
-231.60279884223021 
-231.60279884223033 
-231.60279884223021 
-231.60279884223021 
-231.6027988422303 
-231.60279884223033 
-231.60279884223036 
-231.60279884223027 
-231.60279884223007 
-231.60279884223004 
-231.60279884223007 
-231.60279884223 
-231.60279884223 
-231.60279884222993 
-231.60279884222982 
-231.6027988422298 
-231.6027988422299 
-231.60279884223002 
-231.60279884222987 
-231.6027988422298 
-231.60279884223 
-231.60279884223 
-231.60279884222996 
-231.60279884222993 
-231.60279884223 
-231.6027988422298 
-231.60279884223007 
-231.60279884223002 
-231.60279884223007 
-231.60279884223002 
-231.60279884222996 
-231.60279884223016 
-231.6027988422302 
-231.6027988422302 
-231.60279884223024 
-231.60279884223024 
-231.60279884223027 
-231.6027988422303 
-231.60279884223044 
-231.60279884223036 
-231.6027988422304 
-231.6027988422304 
-231.60279884223027 
-231.60279884223027 
-231.60279884223056 
-231.6027988422306 
-231.6027988422305 
-231.6027988422304 
-231.60279884223033 
-231.6027988422304 
-231.60279884223058 
-231.60279884223064 
-231.60279884223073 
-231.6027988422306 
-231.6027988422307 
-231.60279884223064 
-231.60279884223073 
-231.60279884223075 
-231.60279884223073 
-231.60279884223073 
-231.6027988422308 
-231.60279884223073 
-231.60279884223075 
-231.60279884223087 
-231.60279884223107 
-231.60279884223107 
-231.6027988422311 
-231.60279884223118 
-231.60279884223118 
-231.6027988422313 
-231.6027988422311 
-231.60279884223124 
-231.6027988422312 
-231.6027988422313 
-231.6027988422312 
-231.60279884223118 
-231.60279884223118 
-231.60279884223098 
-231.60279884223115 
-231.60279884223127 
-231.60279884223132 
-231.6027988422312 
-231.60279884223132 
-231.6027988422313 
-231.6027988422314 
-231.60279884223127 
-231.6027988422313 
-231.6027988422314 
-231.60279884223132 
-231.60279884223124 
-231.60279884223124 
-231.60279884223127 
-231.60279884223112 
-231.60279884223112 
-231.60279884223112 
-231.60279884223064 
-231.60279884223007 
-231.60279884222913 
-231.6027988422268 
-231.60279884222396 
-231.60279884222257 
-231.60279884222396 
-231.60279884222683 
-231.60279884222908 
-231.60279884223013 
-231.6027988422306 
-231.60279884223087 
-231.60279884223078 
-231.60279884223075 
-231.60279884223087 
-231.60279884223084 
-231.60279884223075 
-231.60279884223092 
-231.60279884223112 
-231.6027988422311 
-231.60279884223104 
-231.60279884223107 
-231.602798842231 
-231.60279884223107 
-231.60279884223092 
-231.60279884223095 
-231.6027988422311 
-231.60279884223104 
-231.60279884223098 
-231.60279884223098 
-231.602798842231 
-231.60279884223095 
-231.6027988422309 
-231.60279884223092 
-231.60279884223095 
-231.60279884223092 
-231.60279884223107 
-231.602798842231 
-231.60279884223098 
-231.60279884223098 
-231.60279884223098 
-231.60279884223087 
-231.60279884223064 
-231.60279884223064 
-231.60279884223058 
-231.60279884223056 
-231.6027988422303 
-231.60279884223033 
-231.60279884223027 
-231.6027988422303 
-231.6027988422303 
-231.6027988422302 
-231.60279884223027 
-231.60279884223027 
-231.6027988422302 
-231.60279884223016 
-231.60279884223004 
-231.60279884222996 
-231.60279884223 
-231.60279884223016 
-231.60279884223021 
-231.60279884223002 
-231.60279884222984 
-231.60279884223 
-231.60279884223007 
-231.6027988422301 
-231.60279884223004 
-231.60279884222993 
-231.60279884222987 
-231.60279884222987 
-231.60279884222976 
-231.6027988422297 
-231.60279884222962 
-231.6027988422298 
-231.60279884222984 
-231.60279884222984 
-231.60279884222987 
-231.60279884222987 
-231.60279884222984 
-231.60279884222984 
-231.6027988422296 
-231.6027988422299 
-231.60279884222987 
-231.60279884222993 
-231.60279884222984 
-231.60279884222996 
-231.60279884222973 
-231.60279884222967 
-231.60279884222993 
-231.60279884222982 
-231.60279884223 
-231.60279884223002 
-231.60279884223 
-231.6027988422302 
-231.60279884223013 
-231.60279884223016 
-231.6027988422301 
-231.60279884223007 
-231.6027988422302 
-231.60279884223033 
-231.60279884223027 
-231.60279884223024 
-231.6027988422301 
-231.6027988422302 
-231.60279884223024 
-231.60279884223004 
-231.60279884223004 
-231.60279884223016 
-231.6027988422302 
-231.6027988422302 
-231.60279884223016 
-231.60279884223013 
-231.60279884223016 
-231.60279884223007 
-231.60279884223024 
-231.60279884223016 
-231.6027988422301 
-231.6027988422299 
-231.60279884223 
-231.60279884223002 
-231.60279884222996 
-231.60279884223 
-231.60279884223007 
-231.6027988422302 
-231.60279884223021 
-231.60279884223013 
-231.6027988422301 
-231.60279884223007 
-231.6027988422302 
-231.60279884223044 
-231.60279884223044 
-231.60279884223047 
-231.60279884223067 
-231.60279884223075 
-231.60279884223075 
-231.60279884223073 
-231.60279884223078 
-231.60279884223067 
-231.60279884223064 
-231.60279884223053 
-231.6027988422304 
-231.60279884223047 
-231.60279884223047 
-231.6027988422306 
-231.60279884223044 
-231.60279884223036 
-231.60279884223036 
-231.60279884223024 
-231.60279884223036 
-231.60279884223038 
-231.60279884223038 
-231.60279884223047 
-231.60279884223047 
-231.6027988422304 
-231.60279884223024 
-231.60279884223038 
-231.60279884223027 
-231.60279884223004 
-231.60279884223007 
-231.60279884223024 
-231.60279884223024 
-231.60279884223021 
-231.60279884223021 
-231.60279884223004 
-231.60279884222996 
-231.60279884222982 
-231.60279884222987 
-231.6027988422299 
-231.6027988422298 
-231.6027988422299 
-231.60279884222996 
-231.6027988422301 
-231.6027988422301 
-231.60279884223013 
-231.60279884223004 
-231.6027988422302 
-231.60279884223013 
-231.60279884222984 
-231.6027988422298 
-231.60279884222984 
-231.6027988422299 
-231.60279884223007 
-231.60279884222993 
-231.60279884222982 
-231.60279884222993 
-231.60279884222996 
-231.60279884223007 
-231.60279884223013 
-231.6027988422305 
-231.60279884223058 
-231.60279884223047 
-231.60279884223044 
-231.6027988422305 
-231.60279884223044 
-231.60279884223027 
-231.60279884223027 
-231.60279884223002 
-231.6027988422296 
-231.60279884222842 
-231.60279884222646 
-231.6027988422235 
-231.60279884222226 
-231.6027988422236 
-231.60279884222643 
-231.60279884222837 
-231.60279884222942 
-231.60279884222987 
-231.60279884223004 
-231.60279884223036 
-231.60279884223036 
-231.60279884223027 
-231.60279884223044 
-231.60279884223027 
-231.6027988422304 
-231.6027988422305 
-231.60279884223036 
-231.60279884223047 
-231.6027988422304 
-231.6027988422305 
-231.60279884223047 
-231.60279884223058 
-231.60279884223073 
-231.60279884223044 
-231.60279884223047 
-231.6027988422304 
-231.6027988422305 
-231.6027988422308 
-231.60279884223078 
-231.60279884223075 
-231.60279884223095 
-231.60279884223092 
-231.60279884223073 
-231.60279884223044 
-231.60279884223038 
-231.60279884223036 
-231.6027988422304 
-231.60279884223036 
-231.60279884223047 
-231.6027988422304 
-231.60279884223047 
-231.60279884223033 
-231.60279884223007 
-231.60279884223007 
-231.60279884223004 
-231.60279884223002 
-231.60279884223016 
-231.6027988422304 
-231.60279884223044 
-231.60279884223038 
-231.6027988422304 
-231.60279884223047 
-231.60279884223073 
-231.60279884223056 
-231.60279884223056 
-231.60279884223067 
-231.60279884223056 
-231.6027988422307 
-231.60279884223053 
-231.60279884223058 
-231.60279884223078 
-231.60279884223078 
-231.6027988422309 
-231.60279884223095 
-231.60279884223092 
-231.60279884223084 
-231.60279884223095 
-231.60279884223087 
-231.60279884223087 
-231.60279884223067 
-231.60279884223087 
-231.60279884223073 
-231.60279884223075 
-231.60279884223098 
-231.60279884223098 
-231.602798842231 
-231.60279884223104 
-231.60279884223124 
-231.60279884223138 
-231.60279884223138 
-231.60279884223146 
-231.60279884223135 
-231.60279884223112 
-231.60279884223132 
-231.6027988422313 
-231.60279884223127 
-231.6027988422313 
-231.60279884223127 
-231.60279884223132 
-231.60279884223124 
-231.60279884223098 
-231.60279884223095 
-231.60279884223104 
-231.60279884223118 
-231.60279884223112 
-231.6027988422313 
-231.60279884223124 
-231.6027988422314 
-231.60279884223138 
-231.6027988422314 
-231.6027988422314 
-231.60279884223146 
-231.60279884223152 
-231.60279884223164 
-231.60279884223158 
-231.60279884223152 
-231.60279884223152 
-231.6027988422316 
-231.60279884223158 
-231.6027988422317 
-231.6027988422317 
-231.60279884223166 
-231.60279884223178 
-231.60279884223166 
-231.60279884223146 
-231.60279884223127 
-231.6027988422313 
-231.60279884223144 
-231.60279884223152 
-231.60279884223164 
-231.60279884223158 
-231.6027988422315 
-231.6027988422314 
-231.60279884223158 
-231.60279884223183 
-231.60279884223175 
-231.60279884223186 
-231.602798842232 
-231.60279884223183 
-231.6027988422319 
-231.60279884223186 
-231.60279884223186 
-231.60279884223166 
-231.60279884223183 
-231.6027988422319 
-231.60279884223203 
-231.60279884223192 
-231.60279884223198 
-231.60279884223195 
-231.60279884223212 
-231.60279884223215 
-231.60279884223223 
-231.60279884223232 
-231.60279884223237 
-231.60279884223243 
-231.60279884223235 
-231.60279884223246 
-231.60279884223257 
-231.60279884223257 
-231.6027988422326 
-231.60279884223266 
-231.60279884223277 
-231.60279884223277 
-231.6027988422328 
-231.60279884223263 
-231.60279884223252 
-231.60279884223246 
-231.60279884223232 
-231.60279884223243 
-231.6027988422325 
-231.60279884223252 
-231.60279884223257 
-231.60279884223266 
-231.60279884223286 
-231.60279884223274 
-231.60279884223277 
-231.60279884223272 
-231.6027988422329 
-231.60279884223274 
-231.60279884223272 
-231.60279884223272 
-231.60279884223257 
-231.60279884223252 
-231.60279884223243 
-231.60279884223243 
-231.60279884223257 
-231.6027988422325 
-231.60279884223235 
-231.60279884223223 
-231.60279884223215 
-231.6027988422322 
-231.60279884223212 
-231.6027988422322 
-231.6027988422322 
-231.60279884223218 
-231.60279884223212 
-231.60279884223195 
-231.60279884223186 
-231.60279884223195 
-231.60279884223198 
-231.60279884223198 
-231.60279884223192 
-231.60279884223203 
-231.60279884223186 
-231.6027988422313 
-231.60279884223021 
-231.60279884222805 
-231.602798842225 
-231.6027988422237 
-231.6027988422251 
-231.6027988422282 
-231.60279884223021 
-231.60279884223138 
-231.6027988422321 
-231.60279884223215 
-231.60279884223212 
-231.60279884223212 
-231.6027988422322 
-231.60279884223226 
-231.60279884223232 
-231.6027988422324 
-231.60279884223252 
-231.60279884223237 
-231.6027988422324 
-231.6027988422325 
-231.60279884223246 
-231.60279884223246 
-231.60279884223252 
-231.6027988422326 
-231.6027988422326 
-231.60279884223272 
-231.60279884223283 
-231.60279884223277 
-231.60279884223286 
-231.60279884223291 
-231.6027988422332 
-231.60279884223326 
-231.60279884223308 
-231.60279884223317 
-231.60279884223317 
-231.60279884223317 
-231.60279884223317 
-231.6027988422331 
-231.60279884223334 
-231.60279884223326 
-231.60279884223306 
-231.60279884223308 
-231.60279884223294 
-231.60279884223274 
-231.6027988422327 
-231.6027988422328 
-231.60279884223308 
-231.60279884223303 
-231.60279884223323 
-231.60279884223314 
-231.6027988422331 
-231.60279884223314 
-231.60279884223314 
-231.60279884223317 
-231.602798842233 
-231.60279884223283 
-231.60279884223277 
-231.60279884223277 
-231.60279884223274 
-231.60279884223263 
-231.60279884223254 
-231.6027988422325 
-231.6027988422324 
-231.60279884223237 
-231.60279884223243 
-231.60279884223246 
-231.6027988422325 
-231.6027988422323 
-231.60279884223226 
-231.60279884223212 
-231.60279884223235 
-231.60279884223226 
-231.60279884223218 
-231.60279884223212 
-231.6027988422324 
-231.60279884223223 
-231.60279884223223 
-231.60279884223223 
-231.60279884223203 
-231.6027988422318 
-231.60279884223192 
-231.60279884223198 
-231.60279884223195 
-231.6027988422318 
-231.60279884223178 
-231.60279884223175 
-231.60279884223175 
-231.6027988422319 
-231.6027988422319 
-231.602798842232 
-231.60279884223192 
-231.60279884223186 
-231.6027988422318 
-231.60279884223164 
-231.6027988422316 
-231.60279884223158 
-231.6027988422315 
-231.60279884223146 
-231.60279884223146 
-231.60279884223158 
-231.6027988422315 
-231.60279884223144 
-231.6027988422315 
-231.60279884223158 
-231.60279884223164 
-231.60279884223152 
-231.60279884223166 
-231.60279884223158 
-231.60279884223158 
-231.60279884223158 
-231.60279884223166 
-231.6027988422316 
-231.60279884223175 
-231.6027988422319 
-231.60279884223192 
-231.60279884223192 
-231.60279884223195 
-231.60279884223186 
-231.6027988422318 
-231.6027988422317 
-231.60279884223175 
-231.6027988422319 
-231.60279884223166 
-231.6027988422317 
-231.6027988422317 
-231.6027988422314 
-231.6027988422314 
-231.60279884223124 
-231.60279884223132 
-231.6027988422312 
-231.60279884223124 
-231.60279884223107 
-231.60279884223092 
-231.602798842231 
-231.60279884223104 
-231.6027988422312 
-231.6027988422311 
-231.6027988422313 
-231.60279884223118 
-231.60279884223107 
-231.60279884223107 
-231.602798842231 
-231.60279884223087 
-231.60279884223078 
-231.60279884223098 
-231.60279884223084 
-231.60279884223095 
-231.60279884223087 
-231.60279884223092 
-231.60279884223115 
-231.60279884223087 
-231.60279884223075 
-231.6027988422307 
-231.60279884223078 
-231.60279884223056 
-231.60279884223053 
-231.6027988422304 
-231.60279884223047 
-231.60279884223053 
-231.60279884223038 
-231.6027988422305 
-231.60279884223067 
-231.6027988422306 
-231.60279884223053 
-231.60279884223058 
-231.60279884223047 
-231.60279884223044 
-231.60279884223036 
-231.60279884223038 
-231.60279884223047 
-231.60279884223053 
-231.60279884223047 
-231.60279884223024 
-231.60279884223027 
-231.60279884223021 
-231.60279884223004 
-231.60279884223 
-231.60279884222993 
-231.60279884222987 
-231.60279884223 
-231.60279884222993 
-231.6027988422299 
-231.60279884222984 
-231.6027988422296 
-231.6027988422296 
-231.60279884222945 
-231.60279884222942 
-231.60279884222948 
-231.60279884222942 
-231.60279884222945 
-231.6027988422293 
-231.60279884222942 
-231.60279884222933 
-231.6027988422292 
-231.60279884222902 
-231.60279884222865 
-231.60279884222766 
-231.60279884222567 
-231.60279884222285 
-231.60279884222172 
-231.60279884222277 
-231.60279884222572 
-231.60279884222774 
-231.60279884222882 
-231.60279884222916 
-231.60279884222908 
-231.60279884222905 
-231.60279884222908 
-231.60279884222916 
-231.60279884222925 
-231.60279884222908 
-231.602798842229 
-231.60279884222894 
-231.602798842229 
-231.60279884222902 
-231.60279884222913 
-231.60279884222933 
-231.60279884222933 
-231.6027988422294 
-231.6027988422292 
-231.60279884222894 
-231.60279884222896 
-231.60279884222905 
-231.6027988422291 
-231.6027988422292 
-231.6027988422291 
-231.60279884222922 
-231.6027988422292 
-231.60279884222925 
-231.60279884222913 
-231.6027988422292 
-231.60279884222916 
-231.60279884222916 
-231.60279884222925 
-231.60279884222928 
-231.60279884222933 
-231.6027988422294 
-231.60279884222948 
-231.60279884222945 
-231.60279884222967 
-231.60279884222973 
-231.60279884222967 
-231.6027988422297 
-231.60279884222982 
-231.6027988422299 
-231.60279884223004 
-231.60279884222996 
-231.6027988422299 
-231.6027988422299 
-231.60279884223004 
-231.60279884223004 
-231.60279884223007 
-231.60279884222993 
-231.60279884222987 
-231.60279884222973 
-231.60279884222996 
-231.60279884222996 
-231.60279884223007 
-231.6027988422301 
-231.60279884223013 
-231.60279884223002 
-231.60279884222996 
-231.6027988422299 
-231.60279884223007 
-231.6027988422298 
-231.60279884222976 
-231.60279884222996 
-231.60279884223013 
-231.60279884223013 
-231.60279884223007 
-231.6027988422301 
-231.60279884223004 
-231.60279884223007 
-231.60279884222987 
-231.60279884223 
-231.60279884223002 
-231.60279884223007 
-231.6027988422302 
-231.60279884223033 
-231.6027988422303 
-231.6027988422302 
-231.60279884223007 
-231.60279884222993 
-231.60279884223004 
-231.60279884223027 
-231.60279884223027 
-231.60279884223024 
-231.6027988422303 
-231.6027988422302 
-231.60279884223013 
-231.6027988422302 
-231.60279884223036 
-231.6027988422303 
-231.6027988422302 
-231.60279884223013 
-231.60279884223016 
-231.60279884223002 
-231.60279884222996 
-231.60279884223004 
-231.60279884222996 
-231.6027988422297 
-231.6027988422298 
-231.60279884222973 
-231.60279884222965 
-231.60279884222965 
-231.60279884222956 
-231.60279884222965 
-231.6027988422298 
-231.6027988422296 
-231.6027988422296 
-231.60279884222976 
-231.60279884222973 
-231.60279884222984 
-231.60279884223 
-231.60279884222987 
-231.60279884222982 
-231.60279884222976 
-231.6027988422298 
-231.60279884222982 
-231.60279884222973 
-231.6027988422297 
-231.60279884222962 
-231.60279884222967 
-231.6027988422294 
-231.60279884222953 
-231.6027988422295 
-231.6027988422294 
-231.6027988422294 
-231.60279884222962 
-231.60279884222953 
-231.60279884222962 
-231.6027988422296 
-231.60279884222973 
-231.6027988422296 
-231.60279884222976 
-231.60279884222965 
-231.60279884222984 
-231.6027988422299 
-231.60279884223007 
-231.6027988422301 
-231.60279884223027 
-231.60279884223027 
-231.60279884223038 
-231.6027988422304 
-231.60279884223038 
-231.60279884223047 
-231.60279884223036 
-231.60279884223027 
-231.60279884223016 
-231.60279884223036 
-231.6027988422303 
-231.60279884223004 
-231.60279884223002 
-231.60279884222987 
-231.60279884223004 
-231.60279884223024 
-231.60279884223013 
-231.60279884223027 
-231.6027988422304 
-231.60279884223047 
-231.60279884223047 
-231.60279884223044 
-231.6027988422304 
-231.60279884223038 
-231.60279884223027 
-231.6027988422302 
-231.60279884223016 
-231.60279884223013 
-231.6027988422303 
-231.6027988422303 
-231.60279884223036 
-231.6027988422304 
-231.6027988422304 
-231.60279884223038 
-231.6027988422303 
-231.60279884223038 
-231.6027988422303 
-231.60279884223013 
-231.60279884223013 
-231.6027988422302 
-231.60279884223007 
-231.60279884223007 
-231.60279884223007 
-231.60279884223002 
-231.6027988422298 
-231.60279884222973 
-231.6027988422295 
-231.6027988422293 
-231.6027988422293 
-231.60279884222922 
-231.60279884222894 
-231.6027988422283 
-231.6027988422272 
-231.60279884222516 
-231.60279884222214 
-231.60279884222084 
-231.60279884222226 
-231.6027988422253 
-231.60279884222737 
-231.60279884222854 
-231.6027988422291 
-231.6027988422295 
-231.60279884222948 
-231.60279884222948 
-231.6027988422298 
-231.60279884222984 
-231.6027988422299 
-231.60279884223013 
-231.60279884223016 
-231.60279884223016 
-231.60279884223027 
-231.60279884223033 
-231.60279884223021 
-231.60279884223027 
-231.6027988422303 
-231.6027988422304 
-231.60279884223033 
-231.60279884223038 
-231.60279884223044 
-231.60279884223044 
-231.60279884223036 
-231.6027988422302 
-231.60279884223013 
-231.60279884223004 
-231.60279884223007 
-231.60279884223016 
-231.60279884223027 
-231.6027988422303 
-231.60279884223038 
-231.60279884223038 
-231.60279884223038 
-231.60279884223036 
-231.6027988422303 
-231.60279884223024 
-231.60279884223007 
-231.6027988422302 
-231.60279884223007 
-231.6027988422299 
-231.60279884223007 
-231.60279884223016 
-231.60279884223021 
-231.6027988422303 
-231.60279884223021 
-231.60279884223036 
-231.6027988422302 
-231.60279884223016 
-231.6027988422302 
-231.6027988422303 
-231.60279884223021 
-231.60279884223027 
-231.60279884223027 
-231.60279884223016 
-231.60279884223024 
-231.6027988422301 
-231.60279884223007 
-231.60279884222982 
-231.60279884222984 
-231.60279884222987 
-231.60279884222996 
-231.60279884222984 
-231.6027988422297 
-231.60279884222967 
-231.60279884222982 
-231.60279884222965 
-231.60279884222962 
-231.60279884222973 
-231.60279884222965 
-231.60279884222953 
-231.6027988422296 
-231.6027988422296 
-231.60279884222976 
-231.60279884222976 
-231.6027988422298 
-231.60279884222984 
-231.60279884223 
-231.60279884223002 
-231.6027988422301 
-231.60279884223004 
-231.60279884223002 
-231.6027988422299 
-231.60279884222982 
-231.6027988422296 
-231.60279884222962 
-231.6027988422298 
-231.6027988422298 
-231.60279884222973 
-231.6027988422298 
-231.60279884222967 
-231.6027988422297 
-231.60279884222976 
-231.6027988422297 
-231.60279884222984 
-231.60279884222993 
-231.60279884222984 
-231.60279884222984 
-231.60279884222982 
-231.60279884222993 
-231.6027988422299 
-231.60279884223002 
-231.60279884222996 
-231.60279884222965 
-231.60279884222953 
-231.6027988422296 
-231.6027988422298 
-231.60279884222973 
-231.60279884222956 
-231.60279884222953 
-231.60279884222933 
-231.60279884222922 
-231.60279884222956 
-231.60279884222967 
-231.60279884222993 
-231.60279884222993 
-231.60279884222982 
-231.6027988422297 
-231.60279884222967 
-231.60279884222967 
-231.60279884222962 
-231.60279884222967 
-231.60279884222965 
-231.60279884222962 
-231.6027988422295 
-231.60279884222962 
-231.6027988422298 
-231.6027988422297 
-231.60279884222953 
-231.60279884222948 
-231.60279884222962 
-231.60279884222962 
-231.6027988422297 
-231.6027988422298 
-231.60279884222982 
-231.6027988422299 
-231.6027988422298 
-231.60279884222973 
-231.60279884222973 
-231.60279884222962 
-231.60279884222967 
-231.60279884222973 
-231.60279884222973 
-231.60279884222973 
-231.60279884222956 
-231.60279884222953 
-231.6027988422296 
-231.60279884222956 
-231.60279884222962 
-231.60279884222962 
-231.60279884222956 
-231.60279884222945 
-231.60279884222942 
-231.60279884222933 
-231.60279884222936 
-231.60279884222928 
-231.60279884222916 
-231.60279884222908 
-231.60279884222913 
-231.60279884222916 
-231.60279884222913 
-231.60279884222908 
-231.60279884222905 
-231.6027988422292 
-231.6027988422293 
-231.60279884222933 
-231.6027988422294 
-231.60279884222942 
-231.60279884222925 
-231.60279884222933 
-231.60279884222925 
-231.60279884222936 
-231.60279884222925 
-231.6027988422293 
-231.60279884222953 
-231.6027988422298 
-231.60279884222984 
-231.60279884223 
-231.60279884222982 
-231.60279884222967 
-231.6027988422298 
-231.60279884222976 
-231.60279884222976 
-231.60279884223002 
-231.60279884223002 
-231.6027988422299 
-231.6027988422299 
-231.60279884222993 
-231.60279884222956 
-231.60279884222962 
-231.60279884222916 
-231.6027988422282 
-231.60279884222615 
-231.60279884222322 
-231.60279884222186 
