2 -0.9656136820210337 
3 0.9649492226914417 
4 -0.9646705116919106 
5 0.9646604961026359 
6 -0.9646667376317722 
7 0.9646691463975787 
8 -0.9646696144052779 
9 0.9646696093948834 
10 -0.9646695858096124 
11 0.9646695797224707 
12 -0.9646695790557847 
13 0.9646695792530107 
14 -0.9646695793232105 
15 0.9646695793557798 
16 -0.9646695788777838 
17 0.9646695789538683 
18 -0.9646695792864902 
19 0.9646695793059171 
20 -0.9646695793568785 
21 0.9646695795494481 
22 -0.9646695792995823 
23 0.9646695794312872 
24 -0.9646695796946176 
25 0.964669580305812 
26 -0.9646695795189406 
27 0.9646695788640414 
28 -0.9646695792339235 
29 0.9646695793549729 
30 -0.9646695791962111 
31 0.964669579241802 
32 -0.9646695792781219 
33 0.9646695790391682 
34 -0.964669579795622 
35 0.9646695794064036 
36 -0.9646695794271914 
37 0.9646695793703207 
38 -0.9646695793605929 
39 0.9646695794160777 
40 -0.964669579363772 
41 0.9646695793574789 
42 -0.9646695793900102 
43 0.9646695794010857 
44 -0.9646695789338869 
45 0.96466957922087 
46 -0.9646695793355632 
47 0.9646695786843895 
48 -0.9646695793604583 
49 0.9646695792796649 
50 -0.9646695788847235 
51 0.9646695785472744 
52 -0.9646695791141722 
53 0.9646695791219285 
54 -0.9646695791808031 
55 0.9646695789078483 
56 -0.9646695808758529 
57 0.9646695790322205 
58 -0.964669580012279 
59 0.9646695800252031 
60 -0.9646695795447832 
61 0.9646695793280109 
62 -0.9646695792908438 
63 0.964669579333822 
64 -0.9646695793433766 
65 0.9646695793513622 
66 -0.9646695793568182 
67 0.9646695793508343 
68 -0.9646695792436787 
69 0.9646695808285288 
70 -0.9646695795013431 
71 0.9646695794548257 
72 -0.9646695792498802 
73 0.9646695790175843 
74 -0.9646695766819907 
75 0.964669578280744 
76 -0.9646695801613693 
77 0.9646695796618953 
78 -0.964669579966379 
79 0.9646695798214237 
80 -0.9646695794047878 
81 0.9646695793594302 
82 -0.9646695793750508 
83 0.9646695793687183 
84 -0.9646695793751255 
85 0.9646695793542047 
86 -0.9646695793452301 
87 0.9646695793496838 
88 -0.9646695793490943 
89 0.9646695793509505 
90 -0.9646695793694451 
91 0.9646695794814718 
92 -0.9646695775384393 
93 0.9646695793950263 
94 -0.9646695788684866 
95 0.9646695792828238 
96 -0.9646695793872133 
97 0.9646695794977543 
98 -0.9646695814894247 
99 0.9646695786661016 
100 -0.9646695788612448 
101 0.9646695792463024 
102 -0.9646695793565403 
103 0.9646695793765532 
104 -0.9646695793749543 
105 0.9646695791081255 
106 -0.9646695793121197 
107 0.9646695793395053 
108 -0.964669579370562 
109 0.9646695795595371 
110 -0.9646695793802428 
111 0.9646695793860365 
112 -0.964669579362529 
113 0.964669579349017 
114 -0.9646695792894465 
115 0.9646695793483924 
116 -0.9646695793536827 
117 0.9646695793783788 
118 -0.9646695793903574 
119 0.9646695794244372 
120 -0.9646695790569677 
121 0.9646695784318985 
122 -0.9646695791511521 
123 0.9646695790703467 
124 -0.9646695791922718 
125 0.9646695804666702 
126 -0.9646695799137502 
127 0.9646695795571701 
128 -0.9646695795594626 
129 0.9646695792094874 
130 -0.9646695765352155 
131 0.9646695876187706 
132 -0.9646695760986553 
133 0.9646695867627993 
134 -0.9646695811615155 
135 0.9646695798759076 
136 -0.9646695794132454 
137 0.9646695781384168 
138 -0.9646695793433363 
139 0.9646695792643838 
140 -0.9646695791515948 
141 0.9646695786767312 
142 -0.9646695857449941 
143 0.9646695845373219 
144 -0.9646695818690695 
145 0.9646695773502634 
146 -0.9646695788046858 
147 0.9646695789859714 
148 -0.9646695792589747 
149 0.9646695791873036 
150 -0.9646695792874309 
151 0.9646695787151709 
152 -0.9646695786867264 
153 0.9646695800421442 
154 -0.9646695802026803 
155 0.9646695795651079 
156 -0.964669579410269 
157 0.9646695793869927 
158 -0.9646695788957516 
159 0.964669579206085 
160 -0.9646695792927369 
161 0.9646695793213281 
162 -0.9646695793551093 
163 0.9646695796014356 
164 -0.9646695795150537 
165 0.9646695793844856 
166 -0.9646695793558591 
167 0.9646695793491022 
168 -0.9646695793530641 
169 0.9646695793462898 
170 -0.9646695793440242 
171 0.9646695793449511 
172 -0.964669579405051 
173 0.9646695793810302 
174 -0.964669579381566 
175 0.9646695793611889 
176 -0.9646695793098996 
177 0.9646695793851966 
178 -0.9646695793499492 
179 0.9646695793467569 
180 -0.9646695793453087 
181 0.9646695793318174 
182 -0.9646695793511563 
183 0.9646695793270788 
184 -0.9646695792643579 
185 0.9646695792739818 
186 -0.9646695792657376 
187 0.9646695791358304 
188 -0.9646695798812649 
189 0.9646695866342936 
190 -0.9646696094420099 
191 0.9646696063661129 
192 -0.964669145868416 
193 0.9646667376218508 
194 -0.9646604962459397 
195 0.9646705118149554 
196 -0.9649492227938931 
197 0.9656136820225455 
