2 -0.25586937277127636 
3 -0.25790583068468753 
4 -0.2587022511141139 
5 -0.25869998261861943 
6 -0.2586792153784312 
7 -0.2586729547589281 
8 -0.2586719459795115 
9 -0.2586720323723319 
10 -0.2586720997221483 
11 -0.2586721135877359 
12 -0.2586721145780827 
13 -0.25867211394094364 
14 -0.25867211381099886 
15 -0.25867211369805726 
16 -0.25867211498241854 
17 -0.25867211457536526 
18 -0.2586721138144708 
19 -0.2586721138378566 
20 -0.25867211371592713 
21 -0.2586721129908039 
22 -0.25867211394492706 
23 -0.25867211355903463 
24 -0.2586721126768396 
25 -0.2586721100493572 
26 -0.25867211259974726 
27 -0.25867211481664626 
28 -0.2586721139693183 
29 -0.2586721136841514 
30 -0.25867211420432834 
31 -0.2586721139313316 
32 -0.25867211386674416 
33 -0.25867211505384835 
34 -0.2586721124684166 
35 -0.2586721137825911 
36 -0.2586721135951526 
37 -0.25867211370264237 
38 -0.25867211371347043 
39 -0.2586721135124475 
40 -0.2586721137050611 
41 -0.25867211372460136 
42 -0.2586721136185837 
43 -0.2586721136035016 
44 -0.2586721150251908 
45 -0.25867211394727546 
46 -0.25867211369903687 
47 -0.25867211604423873 
48 -0.25867211353839403 
49 -0.258672113827691 
50 -0.2586721150111929 
51 -0.25867211622791436 
52 -0.25867211419605635 
53 -0.2586721142131613 
54 -0.2586721140711057 
55 -0.25867211558246966 
56 -0.25867210964098136 
57 -0.25867211704385795 
58 -0.2586721130291586 
59 -0.25867211177600374 
60 -0.25867211319431993 
61 -0.2586721138093186 
62 -0.25867211392949907 
63 -0.2586721137674989 
64 -0.2586721137553487 
65 -0.2586721137362134 
66 -0.2586721137175016 
67 -0.2586721137267834 
68 -0.2586721139880625 
69 -0.2586721084381924 
70 -0.2586721135000331 
71 -0.25867211346254665 
72 -0.25867211400633844 
73 -0.2586721147245619 
74 -0.25867212239523873 
75 -0.2586721169348402 
76 -0.2586721118935612 
77 -0.25867211304745114 
78 -0.2586721121271481 
79 -0.2586721126326956 
80 -0.25867211357763176 
81 -0.25867211376548976 
82 -0.25867211368632287 
83 -0.25867211368668824 
84 -0.2586721136379934 
85 -0.25867211369705123 
86 -0.2586721137349583 
87 -0.25867211373562893 
88 -0.25867211373878146 
89 -0.25867211373597687 
90 -0.25867211371462207 
91 -0.25867211335943713 
92 -0.2586721202005525 
93 -0.2586721128612733 
94 -0.25867211497569775 
95 -0.25867211390570677 
96 -0.2586721136066467 
97 -0.258672113371952 
98 -0.2586721052800543 
99 -0.25867211507344523 
100 -0.25867211477666774 
101 -0.25867211395445455 
102 -0.25867211369686927 
103 -0.25867211360283904 
104 -0.2586721136869514 
105 -0.2586721146696882 
106 -0.25867211385828404 
107 -0.25867211381304944 
108 -0.2586721137341526 
109 -0.25867211310554544 
110 -0.25867211376867455 
111 -0.25867211366264786 
112 -0.2586721137140358 
113 -0.2586721137475168 
114 -0.2586721139439986 
115 -0.25867211371805016 
116 -0.25867211371424187 
117 -0.25867211365627035 
118 -0.2586721136207087 
119 -0.25867211348652064 
120 -0.25867211439002635 
121 -0.2586721161052555 
122 -0.2586721134552652 
123 -0.25867211424402 
124 -0.2586721142269462 
125 -0.2586721103419496 
126 -0.25867211265118645 
127 -0.25867211335498264 
128 -0.2586721132940097 
129 -0.2586721135897937 
130 -0.2586721220162002 
131 -0.2586720839461271 
132 -0.25867213057935223 
133 -0.2586720949917637 
134 -0.25867210929609835 
135 -0.25867211250033 
136 -0.25867211305814053 
137 -0.2586721173207947 
138 -0.2586721137292968 
139 -0.2586721139796038 
140 -0.2586721141791927 
141 -0.25867211605908097 
142 -0.2586720976002338 
143 -0.25867210599713103 
144 -0.2586721085255084 
145 -0.2586721207683039 
146 -0.25867211413335095 
147 -0.2586721141241112 
148 -0.25867211381370375 
149 -0.25867211424128567 
150 -0.2586721138558124 
151 -0.25867211541172896 
152 -0.25867211592716005 
153 -0.2586721124186682 
154 -0.25867211143596996 
155 -0.2586721131495443 
156 -0.25867211358782183 
157 -0.2586721135991703 
158 -0.2586721151865927 
159 -0.2586721139803365 
160 -0.2586721138513666 
161 -0.2586721138475743 
162 -0.2586721141283637 
163 -0.2586721134150148 
164 -0.2586721134126925 
165 -0.25867211365950094 
166 -0.25867211370958165 
167 -0.25867211373654064 
168 -0.25867211373040166 
169 -0.25867211376310933 
170 -0.25867211375574806 
171 -0.25867211375453547 
172 -0.2586721136022115 
173 -0.25867211370764986 
174 -0.25867211366554177 
175 -0.25867211372351917 
176 -0.25867211394371625 
177 -0.2586721136634609 
178 -0.25867211374017773 
179 -0.25867211374680527 
180 -0.2586721137298603 
181 -0.2586721137691739 
182 -0.2586721137308157 
183 -0.2586721137931368 
184 -0.25867211393139716 
185 -0.2586721139019525 
186 -0.2586721139339711 
187 -0.25867211438955706 
188 -0.2586721132980468 
189 -0.2586720976785518 
190 -0.2586720328689981 
191 -0.25867197617376086 
192 -0.25867295637927346 
193 -0.2586792154235322 
194 -0.2586999823631214 
195 -0.2587022508770148 
196 -0.2579058305579911 
197 -0.25586937288425715 
