-169.3151025621606 
-169.3151025621607 
-169.31510256216023 
-169.3151025621606 
-169.31510256216092 
-169.31510256216112 
-169.3151025621616 
-169.31510256216117 
-169.31510256216097 
-169.31510256216123 
-169.31510256216134 
-169.3151025621611 
-169.31510256216106 
-169.3151025621614 
-169.31510256216126 
-169.31510256216131 
-169.315102562161 
-169.31510256216137 
-169.31510256216094 
-169.3151025621623 
-169.31510256216106 
-169.3151025621611 
-169.31510256216131 
-169.31510256216077 
-169.31510256216146 
-169.3151025621611 
-169.3151025621614 
-169.31510256216134 
-169.31510256216157 
-169.31510256216194 
-169.31510256216194 
-169.31510256216205 
-169.31510256216197 
-169.31510256216242 
-169.315102562162 
-169.31510256216183 
-169.31510256216177 
-169.31510256216163 
-169.31510256216188 
-169.31510256216237 
-169.31510256216205 
-169.3151025621618 
-169.31510256216194 
-169.3151025621618 
-169.3151025621624 
-169.315102562162 
-169.31510256216237 
-169.315102562162 
-169.31510256216163 
-169.31510256216154 
-169.31510256216134 
-169.3151025621617 
-169.3151025621624 
-169.31510256216578 
-169.31510256217294 
-169.31510256225232 
-169.31510256225295 
-169.31510256225408 
-169.3151025622524 
-169.3151025622531 
-169.31510256225633 
-169.31510256225394 
-169.31510256225465 
-169.31510256225326 
-169.31510256225383 
-169.31510256225388 
-169.31510256225388 
-169.3151025622537 
-169.31510256225383 
-169.31510256225405 
-169.31510256225428 
-169.31510256225397 
-169.31510256225388 
-169.31510256225366 
-169.31510256225383 
-169.315102562254 
-169.31510256225386 
-169.31510256225422 
-169.31510256225442 
-169.31510256225417 
-169.3151025622542 
-169.3151025622543 
-169.3151025622546 
-169.31510256225485 
-169.3151025622547 
-169.31510256225445 
-169.31510256225442 
-169.31510256225442 
-169.31510256225457 
-169.3151025622544 
-169.31510256225383 
-169.315102562254 
-169.31510256225377 
-169.3151025622538 
-169.315102562254 
-169.31510256225405 
-169.3151025622541 
-169.3151025622538 
-169.31510256225397 
-169.31510256225408 
-169.31510256225428 
-169.31510256225394 
-169.31510256225388 
-169.31510256225383 
-169.31510256225394 
-169.3151025622538 
-169.31510256225405 
-169.31510256225417 
-169.31510256225388 
-169.3151025622539 
-169.315102562254 
-169.31510256225368 
-169.31510256225346 
-169.3151025622534 
-169.31510256225334 
-169.3151025622535 
-169.31510256225368 
-169.31510256225317 
-169.31510256225368 
-169.31510256225383 
-169.3151025622535 
-169.31510256225377 
-169.31510256225334 
-169.31510256225314 
-169.31510256225351 
-169.31510256225292 
-169.31510256225266 
-169.3151025622524 
-169.31510256225266 
-169.31510256225283 
-169.31510256225278 
-169.315102562253 
-169.3151025622525 
-169.31510256225263 
-169.3151025622526 
-169.31510256225286 
-169.31510256225363 
-169.31510256225346 
-169.31510256225383 
-169.31510256225383 
-169.31510256225397 
-169.3151025622539 
-169.3151025622539 
-169.31510256225383 
-169.31510256225363 
-169.3151025622532 
-169.31510256225374 
-169.3151025622536 
-169.31510256225394 
-169.3151025622532 
-169.31510256225317 
-169.31510256225286 
-169.31510256225295 
-169.3151025622527 
-169.31510256225306 
-169.3151025622533 
-169.3151025622536 
-169.31510256225374 
-169.31510256225428 
-169.31510256225414 
-169.31510256225397 
-169.3151025622539 
-169.31510256225394 
-169.31510256225403 
-169.31510256225417 
-169.31510256225414 
-169.31510256225422 
-169.31510256225457 
-169.31510256225496 
-169.3151025622584 
-169.3151025622648 
-169.31510256234773 
-169.31510256234623 
-169.31510256234532 
-169.31510256234523 
-169.3151025623457 
-169.31510256234645 
-169.3151025623462 
-169.31510256234805 
-169.31510256234694 
-169.3151025623473 
-169.31510256234725 
-169.31510256234716 
-169.31510256234745 
-169.31510256234722 
-169.31510256234677 
-169.315102562347 
-169.3151025623471 
-169.31510256234728 
-169.3151025623471 
-169.3151025623472 
-169.315102562347 
-169.31510256234677 
-169.31510256234716 
-169.3151025623468 
-169.31510256234677 
-169.31510256234705 
-169.31510256234725 
-169.31510256234694 
-169.31510256234716 
-169.3151025623477 
-169.3151025623472 
-169.31510256234736 
-169.3151025623475 
-169.31510256234716 
-169.3151025623473 
-169.3151025623475 
-169.31510256234745 
-169.31510256234748 
-169.3151025623471 
-169.3151025623475 
-169.31510256234716 
-169.31510256234702 
-169.31510256234696 
-169.31510256234682 
-169.31510256234677 
-169.31510256234677 
-169.31510256234688 
-169.31510256234736 
-169.31510256234733 
-169.31510256234733 
-169.31510256234716 
-169.31510256234714 
-169.3151025623473 
-169.31510256234722 
-169.3151025623474 
-169.3151025623474 
-169.31510256234716 
-169.3151025623472 
-169.31510256234705 
-169.31510256234716 
-169.31510256234733 
-169.3151025623476 
-169.3151025623473 
-169.3151025623474 
-169.3151025623479 
-169.31510256234748 
-169.31510256234776 
-169.31510256234722 
-169.3151025623474 
-169.31510256234736 
-169.31510256234742 
-169.31510256234742 
-169.31510256234756 
-169.31510256234733 
-169.31510256234765 
-169.3151025623474 
-169.31510256234728 
-169.31510256234742 
-169.31510256234716 
-169.31510256234748 
-169.3151025623478 
-169.3151025623477 
-169.31510256234745 
-169.31510256234765 
-169.31510256234762 
-169.3151025623476 
-169.31510256234736 
-169.31510256234728 
-169.31510256234728 
-169.31510256234745 
-169.31510256234733 
-169.31510256234745 
-169.31510256234773 
-169.31510256234753 
-169.31510256234753 
-169.31510256234708 
-169.31510256234682 
-169.31510256234702 
-169.31510256234716 
-169.31510256234722 
-169.31510256234708 
-169.3151025623471 
-169.31510256234722 
-169.3151025623472 
-169.31510256234722 
-169.3151025623473 
-169.31510256234742 
-169.31510256234745 
-169.3151025623476 
-169.31510256234733 
-169.31510256234776 
-169.31510256234762 
-169.31510256234782 
-169.31510256234787 
-169.31510256234782 
-169.31510256234935 
-169.315102562348 
-169.3151025623494 
-169.31510256234822 
-169.31510256234802 
-169.31510256234873 
-169.3151025623482 
-169.31510256234824 
-169.31510256234856 
-169.31510256234873 
-169.31510256234856 
-169.3151025623482 
-169.3151025623485 
-169.31510256234787 
-169.31510256234807 
-169.31510256234776 
-169.31510256234802 
-169.31510256234805 
-169.3151025623479 
-169.31510256234782 
-169.31510256234762 
-169.31510256234776 
-169.31510256234756 
-169.31510256234748 
-169.31510256234756 
-169.31510256234768 
-169.31510256234762 
-169.3151025623477 
-169.3151025623477 
-169.31510256234802 
-169.31510256234805 
-169.31510256234807 
-169.315102562348 
-169.315102562348 
-169.31510256234802 
-169.31510256234841 
-169.3151025623482 
-169.31510256234824 
-169.31510256234833 
-169.3151025623484 
-169.31510256234853 
-169.31510256234824 
-169.31510256234844 
-169.31510256234853 
-169.3151025623486 
-169.31510256234844 
-169.3151025623486 
-169.31510256234864 
-169.31510256234867 
-169.3151025623489 
-169.31510256234876 
-169.31510256234884 
-169.31510256234913 
-169.315102562349 
-169.31510256234907 
-169.31510256234927 
-169.3151025623493 
-169.31510256234938 
-169.31510256234967 
-169.31510256234975 
-169.31510256234947 
-169.31510256234952 
-169.3151025623494 
-169.31510256234947 
-169.31510256234947 
-169.3151025623496 
-169.31510256234964 
-169.3151025623497 
-169.31510256234958 
-169.31510256234967 
-169.3151025623497 
-169.31510256234958 
-169.31510256234984 
-169.3151025623498 
-169.3151025623498 
-169.31510256234992 
-169.31510256234967 
-169.31510256235003 
-169.3151025623503 
-169.31510256235035 
-169.31510256235066 
-169.31510256235043 
-169.31510256235057 
-169.3151025623511 
-169.31510256235077 
-169.31510256235012 
-169.31510256235052 
-169.3151025623504 
-169.31510256235055 
-169.3151025623508 
-169.31510256235057 
-169.3151025623505 
-169.31510256235063 
-169.3151025623507 
-169.31510256235075 
-169.31510256235063 
-169.31510256235043 
-169.31510256235038 
-169.3151025623506 
-169.31510256235057 
-169.31510256235046 
-169.31510256235038 
-169.3151025623507 
-169.31510256235055 
-169.31510256235052 
-169.31510256235057 
-169.3151025623508 
-169.3151025623508 
-169.31510256235077 
-169.31510256235075 
-169.31510256235083 
-169.31510256235072 
-169.31510256235063 
-169.3151025623505 
-169.3151025623507 
-169.31510256235134 
-169.31510256235165 
-169.31510256234975 
-169.3151025623505 
-169.3151025623504 
-169.31510256234964 
