2 0.003403319198128503 
3 -0.002583113074995239 
4 0.0006690269639584904 
5 0.00014605875043383445 
6 -0.000133941152053948 
7 -8.85970228590426e-06 
8 2.7796458449612236e-05 
9 1.1863000098770335e-06 
10 -8.256700503198654e-06 
11 6.981577990229679e-08 
12 2.929256808394717e-06 
13 -2.0895472538701167e-07 
14 -1.175129683556404e-06 
15 1.830706825312138e-07 
16 4.985097927759122e-07 
17 -1.2410668756962094e-07 
18 -2.219729748880689e-07 
19 7.93461121044144e-08 
20 1.0071587089201963e-07 
21 -4.918948838706425e-08 
22 -4.620796327500233e-08 
23 2.9802749996460764e-08 
24 2.2622494957055878e-08 
25 -1.8756111536512646e-08 
26 -9.210803425530045e-09 
27 1.0223483480228324e-08 
28 3.5780317481219328e-09 
29 -5.605414289894163e-09 
30 -1.2618292817619266e-09 
31 3.002988585541224e-09 
32 3.530212225322825e-10 
33 -1.6071828302283637e-09 
34 -8.23247957847617e-12 
35 8.213659303483306e-10 
36 -1.0192213739657063e-10 
37 -3.968966484946383e-10 
38 9.579384385458171e-11 
39 1.606227486849601e-10 
40 -6.040817264965318e-11 
41 -3.312746156049753e-11 
42 1.77636106827312e-11 
43 -4.113667404193656e-11 
44 3.487383296648537e-11 
45 8.655992389515981e-11 
46 -2.1591160412790756e-11 
47 -1.530204770633765e-10 
48 -5.088651722218174e-11 
49 5.346965925578928e-11 
50 -2.600418070979049e-10 
51 1.860214497378832e-10 
52 -3.595050125159067e-11 
53 1.1072433165734348e-10 
54 -3.006697231929328e-11 
55 -2.037519248254488e-10 
56 1.0318248653655484e-10 
57 4.696238033034279e-10 
58 -3.694561271500034e-10 
59 -1.6405199617383973e-09 
60 7.948084561880629e-10 
61 1.0548756277686503e-09 
62 -2.040124710851337e-09 
63 -4.826289342708745e-10 
64 9.675140552635758e-10 
65 -6.387304370293854e-11 
66 -2.3009907336381108e-10 
67 4.4845790828597126e-11 
68 4.4382057576103894e-11 
69 1.3210571525590353e-11 
70 1.154748240764191e-11 
71 -2.2045962045178125e-12 
72 -5.970314310398951e-12 
73 4.5175783351552065e-11 
74 -3.3298011561794654e-11 
75 -6.880485404124745e-11 
76 8.99397351439025e-11 
77 8.785487266415793e-11 
78 -1.9732320430619193e-10 
79 -1.0007614850035913e-10 
80 3.7717585049649495e-10 
81 1.6129593103303194e-10 
82 8.848979193950989e-11 
83 -2.7949381580044602e-09 
84 -2.3372777691116885e-09 
85 4.76404015875682e-11 
86 -1.349863176372087e-09 
87 7.538179759188893e-10 
88 3.780717228790407e-09 
89 -1.699631515723415e-09 
90 -6.179522480241297e-09 
91 4.125491057498952e-09 
92 1.0508433162793472e-08 
93 -9.57398084434744e-09 
94 -1.771050439923174e-08 
95 2.1250351546084243e-08 
96 2.96539460884534e-08 
97 -4.643951754855228e-08 
98 -4.888300709687492e-08 
99 1.0079425336285036e-07 
100 7.961520642751907e-08 
101 -2.2207103248515328e-07 
102 -1.2411056336881783e-07 
103 4.98570539242414e-07 
104 1.8304855176369192e-07 
105 -1.1752168635220282e-06 
106 -2.0868296995917054e-07 
107 2.9291161069139784e-06 
108 6.93347004133106e-08 
109 -8.256461691170155e-06 
110 1.186367057028877e-06 
111 2.7796401428104553e-05 
112 -8.859715244211468e-06 
113 -0.00013394112677834653 
114 0.00014605874475683258 
115 0.0006690269265436017 
116 -0.002583113090440139 
117 0.00340331921915393 
