2 -0.47259478060042576 
3 -0.4836022607684979 
4 -0.4881356027128614 
5 -0.49031581446164446 
6 -0.4914654096881349 
7 -0.4921096575179472 
8 -0.49248666620459874 
9 -0.492714523822256 
10 -0.4928557175994417 
11 -0.4929449644329179 
12 -0.4930022955221415 
13 -0.4930396212305017 
14 -0.49306419812146557 
15 -0.49308053718083344 
16 -0.49309149022040416 
17 -0.49309888602313245 
18 -0.49310391173898643 
19 -0.49310734617984875 
20 -0.49310970499607804 
21 -0.49311133236935467 
22 -0.49311245967867257 
23 -0.4931132434626078 
24 -0.49311379023127005 
25 -0.4931141728267259 
26 -0.4931144412964006 
27 -0.49311463017077994 
28 -0.4931147633654619 
29 -0.4931148575027753 
30 -0.49311492417235125 
31 -0.4931149714796492 
32 -0.4931150051061235 
33 -0.4931150290515697 
34 -0.4931150461280532 
35 -0.49311505831809094 
36 -0.4931150670460178 
37 -0.49311507328974 
38 -0.4931150777740903 
39 -0.4931150809513776 
40 -0.4931150832343896 
41 -0.493115084928098 
42 -0.4931150860378473 
43 -0.4931150869357361 
44 -0.4931150876475626 
45 -0.4931150881506822 
46 -0.49311508848265867 
47 -0.4931150887000981 
48 -0.49311508884543737 
49 -0.4931150889470092 
50 -0.4931150890211137 
51 -0.49311508907646284 
52 -0.4931150891187832 
53 -0.493115089151999 
54 -0.4931150891799435 
55 -0.49311508919634345 
56 -0.49311508920952124 
57 -0.49311508921562847 
58 -0.49311508922333425 
59 -0.49311508923123604 
60 -0.4931150892285329 
61 -0.4931150892659772 
62 -0.49311508914911273 
63 -0.4931150892618101 
64 -0.49311508921673075 
65 -0.49311508888509487 
66 -0.49311508913882307 
67 -0.49311508894697387 
68 -0.4931150885983273 
69 -0.49311508912824875 
70 -0.4931150889976026 
71 -0.49311508877400406 
72 -0.4931150884416582 
73 -0.49311508814206423 
74 -0.49311508788033437 
75 -0.49311508755842903 
76 -0.49311508705824764 
77 -0.4931150863027915 
78 -0.4931150851603708 
79 -0.49311508352226324 
80 -0.49311508121193814 
81 -0.49311507798312293 
82 -0.49311507358090445 
83 -0.4931150671169788 
84 -0.4931150583695132 
85 -0.4931150462917141 
86 -0.4931150291274336 
87 -0.49311500505197625 
88 -0.49311497163890566 
89 -0.49311492407080776 
90 -0.4931148574469344 
91 -0.49311476339176297 
92 -0.49311463018428214 
93 -0.49311444127434295 
94 -0.4931141727849998 
95 -0.493113790176545 
96 -0.49311324348916713 
97 -0.49311245878370924 
98 -0.4931113321226204 
99 -0.49310970451328806 
100 -0.4931073460677024 
101 -0.49310391134612414 
102 -0.493098885522802 
103 -0.49309148969399946 
104 -0.4930805366438365 
105 -0.4930641976197003 
106 -0.493039620827861 
107 -0.49300229526507167 
108 -0.4929449643308491 
109 -0.4928557176314821 
110 -0.4927145239501052 
111 -0.49248666638639543 
112 -0.4921096577168365 
113 -0.49146540987647613 
114 -0.49031581462136187 
115 -0.48813560283658497 
116 -0.4836022608545307 
117 -0.47259478065194016 
