-113.94562269880754 
-113.94562269880757 
-113.94562269880765 
-113.94562269880768 
-113.94562269880785 
-113.94562269880784 
-113.94562269880785 
-113.94562269880788 
-113.9456226988079 
-113.94562269880795 
-113.94562269880785 
-113.94562269880787 
-113.9456226988084 
-113.94562269880798 
-113.94562269880834 
-113.94562269880947 
-113.94562269881162 
-113.94562269881592 
-113.94562269882155 
-113.94562269882506 
-113.94562269882539 
-113.94562269882532 
-113.9456226988253 
-113.94562269882518 
-113.94562269882535 
-113.94562269882526 
-113.9456226988253 
-113.94562269882535 
-113.94562269882536 
-113.94562269882577 
-113.9456226988254 
-113.94562269882537 
-113.94562269882529 
-113.94562269882528 
-113.9456226988252 
-113.94562269882512 
-113.94562269882516 
-113.94562269882503 
-113.945622698825 
-113.94562269882536 
-113.94562269882528 
-113.94562269882506 
-113.94562269882488 
-113.9456226988249 
-113.94562269882503 
-113.94562269882495 
-113.94562269882536 
-113.94562269882496 
-113.94562269882488 
-113.94562269882492 
-113.94562269882482 
-113.94562269882486 
-113.9456226988248 
-113.9456226988249 
-113.9456226988251 
-113.94562269882506 
-113.9456226988251 
-113.9456226988251 
-113.94562269882523 
-113.9456226988253 
-113.94562269882563 
-113.94562269882665 
-113.94562269883004 
-113.94562269883271 
-113.94562269883842 
-113.9456226988419 
-113.94562269884197 
-113.94562269884189 
-113.94562269884194 
-113.94562269884196 
-113.94562269884197 
-113.94562269884199 
-113.94562269884199 
-113.94562269884194 
-113.94562269884176 
-113.9456226988418 
-113.94562269884219 
-113.945622698842 
-113.9456226988421 
-113.94562269884204 
-113.94562269884199 
-113.94562269884207 
-113.94562269884197 
-113.94562269884199 
-113.94562269884231 
-113.945622698842 
-113.94562269884206 
-113.94562269884204 
-113.945622698842 
-113.94562269884203 
-113.94562269884209 
-113.94562269884214 
-113.94562269884199 
-113.945622698842 
-113.94562269884202 
-113.94562269884196 
-113.94562269884196 
-113.94562269884187 
-113.94562269884199 
-113.94562269884203 
-113.94562269884177 
-113.94562269884159 
-113.94562269884159 
-113.9456226988417 
-113.94562269884185 
-113.94562269884177 
-113.94562269884172 
-113.94562269884197 
-113.94562269884186 
-113.94562269884193 
-113.94562269884193 
-113.94562269884223 
-113.94562269884173 
-113.94562269884185 
-113.94562269884167 
-113.94562269884166 
-113.94562269884166 
-113.94562269884165 
-113.9456226988416 
-113.94562269884165 
-113.94562269884177 
-113.94562269884189 
-113.94562269884182 
-113.94562269884182 
-113.94562269884177 
-113.94562269884185 
-113.94562269884197 
-113.94562269884193 
-113.94562269884185 
-113.94562269884192 
-113.94562269884209 
-113.94562269884202 
-113.94562269884204 
-113.94562269884207 
-113.94562269884213 
-113.94562269884209 
-113.94562269884199 
-113.94562269884207 
-113.94562269884209 
-113.94562269884207 
-113.94562269884212 
-113.94562269884194 
-113.94562269884193 
-113.9456226988419 
-113.9456226988422 
-113.94562269884187 
-113.94562269884177 
-113.94562269884179 
-113.94562269884192 
-113.94562269884196 
-113.94562269884183 
-113.94562269884176 
-113.94562269884203 
-113.94562269884192 
-113.9456226988418 
-113.94562269884176 
-113.94562269884175 
-113.94562269884203 
-113.94562269884179 
-113.94562269884169 
-113.94562269884169 
-113.9456226988417 
