2 -0.3962536594226586 
3 -0.4057786529353861 
4 -0.410522362871083 
5 -0.4107495613658499 
6 -0.41022206523449245 
7 -0.4097524559158192 
8 -0.4095230141181511 
9 -0.40947708795632826 
10 -0.40950564537141104 
11 -0.40954024586017695 
12 -0.40955757567616546 
13 -0.4095598436330158 
14 -0.40955611071400494 
15 -0.4095526875165991 
16 -0.40955144494403567 
17 -0.4095516989610876 
18 -0.40955230420365646 
19 -0.40955264704977346 
20 -0.4095526760539135 
21 -0.4095525704558734 
22 -0.409552482577847 
23 -0.4095524576100249 
24 -0.40955247297575337 
25 -0.4095524944585121 
26 -0.40955250461745624 
27 -0.4095525039489436 
28 -0.4095524993463621 
29 -0.4095524960162692 
30 -0.40955249507481434 
31 -0.40955249599281773 
32 -0.40955249511118436 
33 -0.40955249549322315 
34 -0.40955249662164606 
35 -0.4095524967595098 
36 -0.4095524967342052 
37 -0.4095524966786786 
38 -0.4095524967331191 
39 -0.40955249677326266 
40 -0.40955249679631583 
41 -0.40955249681660316 
42 -0.40955249680561434 
43 -0.4095524968409688 
44 -0.4095524966963987 
45 -0.4095524966753094 
46 -0.4095524966449023 
47 -0.4095524965649358 
48 -0.4095524965445796 
49 -0.40955249702790963 
50 -0.40955249950822675 
51 -0.4095524975619684 
52 -0.40955249666044213 
53 -0.4095524964828245 
54 -0.40955249661453075 
55 -0.4095524965993501 
56 -0.40955249664252963 
57 -0.4095524966735312 
58 -0.4095524966929784 
59 -0.4095524967403273 
60 -0.40955249678827216 
61 -0.40955249678035255 
62 -0.4095524967881856 
63 -0.40955249677672295 
64 -0.4095524967764021 
65 -0.4095524967612898 
66 -0.40955249676918204 
67 -0.40955249678425015 
68 -0.4095524968445955 
69 -0.40955249679570516 
70 -0.40955249659670534 
71 -0.40955249668339 
72 -0.4095524968130952 
73 -0.40955249671883703 
74 -0.4095524967660247 
75 -0.4095524967956471 
76 -0.4095524967125349 
77 -0.4095524968558402 
78 -0.40955249693628853 
79 -0.40955249689331397 
80 -0.40955249686103506 
81 -0.4095524968277272 
82 -0.40955249679643446 
83 -0.4095524967813979 
84 -0.4095524967947941 
85 -0.40955249680293815 
86 -0.4095524967583901 
87 -0.4095524969647433 
88 -0.4095524966853649 
89 -0.40955249657471177 
90 -0.4095524967247863 
91 -0.4095524970585656 
92 -0.40955249713770114 
93 -0.40955249555714024 
94 -0.40955249838236263 
95 -0.4095524968719961 
96 -0.40955249667405774 
97 -0.40955249664940013 
98 -0.40955249669969135 
99 -0.40955249676569844 
100 -0.4095524965083426 
101 -0.4095524971887153 
102 -0.4095524971397785 
103 -0.40955249680175054 
104 -0.40955249663131393 
105 -0.4095524967708223 
106 -0.40955249674138694 
107 -0.40955249674423705 
108 -0.4095524967591019 
109 -0.40955249676380545 
110 -0.40955249677058003 
111 -0.4095524967746772 
112 -0.40955249677243805 
113 -0.409552496775339 
114 -0.40955249677400263 
115 -0.4095524967662701 
116 -0.4095524967733791 
117 -0.4095524967860014 
118 -0.40955249678607714 
119 -0.40955249678367295 
120 -0.4095524967820334 
121 -0.4095524967782121 
122 -0.40955249677392674 
123 -0.40955249677469624 
124 -0.40955249677545125 
125 -0.4095524967902294 
126 -0.40955249675188754 
127 -0.40955249673320715 
128 -0.40955249676276684 
129 -0.40955249676288835 
130 -0.40955249674047567 
131 -0.4095524967166675 
132 -0.4095524967318327 
133 -0.40955249681832523 
134 -0.40955249692912077 
135 -0.40955249694991974 
136 -0.4095524969212779 
137 -0.40955249660620013 
138 -0.409552496311722 
139 -0.4095524966299135 
140 -0.4095524967286802 
141 -0.40955249674963934 
142 -0.4095524967526153 
143 -0.40955249676147026 
144 -0.409552496804897 
145 -0.40955249673738675 
146 -0.40955249682199635 
147 -0.4095524968080838 
148 -0.4095524967694886 
149 -0.4095524967268932 
150 -0.40955249665211524 
151 -0.40955249685698636 
152 -0.409552496838452 
153 -0.40955249682113204 
154 -0.40955249681845635 
155 -0.40955249680980277 
156 -0.40955249678322075 
157 -0.4095524968194391 
158 -0.4095524968258817 
159 -0.4095524967349284 
160 -0.40955249666857724 
161 -0.4095524969477803 
162 -0.40955249682438905 
163 -0.409552496926512 
164 -0.40955249700731605 
165 -0.4095524971607724 
166 -0.40955249716068176 
167 -0.4095524967186895 
168 -0.4095524957853375 
169 -0.40955249501200736 
170 -0.4095524957774345 
171 -0.40955249919743525 
172 -0.40955250389244907 
173 -0.4095525046136046 
174 -0.40955249433910473 
175 -0.4095524728147129 
176 -0.4095524570119778 
177 -0.4095524814145176 
178 -0.40955256956457764 
179 -0.4095526712781177 
180 -0.4095526520888384 
181 -0.4095523066537041 
182 -0.409551700051988 
183 -0.409551444745959 
184 -0.4095526855248382 
185 -0.40955610746377996 
186 -0.40955984184701144 
187 -0.4095575752681045 
188 -0.409540246474291 
189 -0.40950564614675666 
190 -0.40947708786826353 
191 -0.4095230128497626 
192 -0.40975245400228827 
193 -0.4102220638107823 
194 -0.41074956139202967 
195 -0.41052236328036934 
196 -0.4057786532643461 
197 -0.39625365971275406 
