2 -0.9975854908021775 
3 0.9975332595249383 
4 -0.9975285094274251 
5 0.9975286751531337 
6 -0.9975287045932396 
7 0.9975287050231765 
8 -0.9975287048930391 
9 0.9975287048851349 
10 -0.9975287048859326 
11 0.9975287048859452 
12 -0.9975287048859511 
13 0.9975287048859467 
14 -0.997528704885938 
15 0.9975287048859532 
16 -0.9975287048859434 
17 0.9975287048858572 
18 -0.9975287048859934 
19 0.9975287048859356 
20 -0.9975287048859446 
21 0.9975287048859656 
22 -0.997528704885944 
23 0.9975287048859874 
24 -0.9975287048857974 
25 0.997528704885767 
26 -0.9975287048821099 
27 0.9975287048867678 
28 -0.9975287048859844 
29 0.9975287048870441 
30 -0.9975287048876669 
31 0.9975287048881453 
32 -0.9975287048859719 
33 0.9975287048859312 
34 -0.9975287048859409 
35 0.9975287048860644 
36 -0.9975287048858397 
37 0.997528704885916 
38 -0.9975287048859407 
39 0.9975287048859257 
40 -0.9975287048865417 
41 0.9975287048893644 
42 -0.9975287048840338 
43 0.9975287047744026 
44 -0.9975287048859485 
45 0.9975287048859606 
46 -0.997528704885713 
47 0.9975287048859581 
48 -0.997528704885259 
49 0.9975287048859414 
50 -0.9975287048859427 
51 0.9975287048859545 
52 -0.9975287048859443 
53 0.9975287048857989 
54 -0.9975287048859682 
55 0.997528704885939 
56 -0.99752870488595 
57 0.9975287048859274 
58 -0.9975287048859569 
59 0.9975287048860326 
60 -0.9975287048859436 
61 0.9975287048848467 
62 -0.9975287048859334 
63 0.9975287048858846 
64 -0.9975287048859549 
65 0.997528704885983 
66 -0.9975287048859596 
67 0.9975287048859851 
68 -0.9975287048856802 
69 0.9975287048870801 
70 -0.9975287048855993 
71 0.9975287048862568 
72 -0.9975287048859388 
73 0.9975287048854543 
74 -0.9975287048859478 
75 0.997528704886474 
76 -0.9975287048862068 
77 0.9975287048861939 
78 -0.9975287048863535 
79 0.9975287048845197 
80 -0.9975287048840401 
81 0.9975287048899034 
82 -0.9975287048847573 
83 0.9975287048893295 
84 -0.9975287048858527 
85 0.9975287048860003 
86 -0.9975287048859579 
87 0.9975287048858772 
88 -0.9975287048859659 
89 0.9975287048868524 
90 -0.9975287048862808 
91 0.9975287048883369 
92 -0.9975287048794076 
93 0.9975287048845597 
94 -0.9975287050479762 
95 0.9975287049529297 
96 -0.9975287048854902 
97 0.9975287048862319 
98 -0.9975287048825039 
99 0.9975287048866206 
100 -0.9975287048859738 
101 0.9975287048775854 
102 -0.9975287048860746 
103 0.9975287048857813 
104 -0.9975287048859467 
105 0.9975287048861837 
106 -0.9975287048861335 
107 0.997528704885935 
108 -0.9975287048859411 
109 0.9975287048859129 
110 -0.9975287048859657 
111 0.9975287048866451 
112 -0.9975287048861252 
113 0.9975287048859204 
114 -0.9975287048859086 
115 0.9975287048839261 
116 -0.9975287048904076 
117 0.9975287049282104 
118 -0.9975287050291755 
119 0.9975287048820871 
120 -0.9975287048860121 
121 0.9975287048858031 
122 -0.9975287048859423 
123 0.9975287048859706 
124 -0.9975287048859438 
125 0.9975287048859529 
126 -0.9975287048857242 
127 0.9975287048859254 
128 -0.9975287048859376 
129 0.9975287048859395 
130 -0.9975287048859379 
131 0.9975287048858982 
132 -0.997528704885927 
133 0.9975287048871025 
134 -0.9975287048866499 
135 0.9975287048860771 
136 -0.9975287048854355 
137 0.9975287048858597 
138 -0.9975287048858021 
139 0.997528704885926 
140 -0.997528704885968 
141 0.9975287048859424 
142 -0.9975287048859275 
143 0.9975287048859323 
144 -0.9975287048858988 
145 0.9975287048859476 
146 -0.9975287048859479 
147 0.9975287048859411 
148 -0.9975287048859287 
149 0.9975287048858957 
150 -0.9975287048859559 
151 0.997528704885991 
152 -0.9975287048860195 
153 0.9975287048860916 
154 -0.9975287048798525 
155 0.9975287048854339 
156 -0.997528704885605 
157 0.9975287048860371 
158 -0.9975287048856917 
159 0.9975287048859051 
160 -0.9975287048859712 
161 0.9975287048867367 
162 -0.9975287048858299 
163 0.9975287048833859 
164 -0.9975287048858595 
165 0.9975287048870577 
166 -0.9975287048859536 
167 0.9975287048859547 
168 -0.9975287048859461 
169 0.9975287048858821 
170 -0.9975287048861347 
171 0.9975287048859341 
172 -0.9975287048859456 
173 0.9975287048859233 
174 -0.9975287048859326 
175 0.9975287048859481 
176 -0.9975287048859054 
177 0.9975287048859048 
178 -0.997528704885935 
179 0.997528704885967 
180 -0.997528704885906 
181 0.9975287048859369 
182 -0.9975287048859701 
183 0.9975287048862634 
184 -0.9975287048859318 
185 0.9975287048812826 
186 -0.9975287048857784 
187 0.9975287048859478 
188 -0.9975287048845036 
189 0.997528704886196 
190 -0.9975287048854945 
191 0.9975287048932334 
192 -0.9975287050251459 
193 0.9975287045901406 
194 -0.9975286751069132 
195 0.9975285094549499 
196 -0.9975332595176357 
197 0.9975854908795567 
