2 -0.9473590784773768 
3 0.9461658380014847 
4 -0.9458064792765554 
5 0.9457475464041607 
6 -0.945737505461997 
7 0.9457360005400886 
8 -0.9457358411076916 
9 0.9457358324675968 
10 -0.9457358348564484 
11 0.9457358361882114 
12 -0.945735836392095 
13 0.9457358358593264 
14 -0.9457358357648935 
15 0.9457358357572708 
16 -0.9457358358705157 
17 0.9457358365119506 
18 -0.9457358357952418 
19 0.9457358357313935 
20 -0.9457358357296966 
21 0.9457358357181624 
22 -0.9457358357156626 
23 0.9457358357072964 
24 -0.9457358357068995 
25 0.9457358357290795 
26 -0.9457358355710346 
27 0.9457358356960793 
28 -0.9457358355738885 
29 0.9457358355960749 
30 -0.9457358356666339 
31 0.9457358356993939 
32 -0.9457358356911583 
33 0.9457358356855107 
34 -0.9457358357104368 
35 0.9457358356844431 
36 -0.945735835540495 
37 0.9457358355161045 
38 -0.9457358363652142 
39 0.9457358361727279 
40 -0.9457358358022516 
41 0.945735835695926 
42 -0.9457358357235501 
43 0.9457358357309288 
44 -0.9457358357534364 
45 0.945735836097724 
46 -0.9457358363040919 
47 0.9457358357215493 
48 -0.9457358356240788 
49 0.9457358355252068 
50 -0.945735835750259 
51 0.945735839525367 
52 -0.9457358376499543 
53 0.9457358360727608 
54 -0.9457358357639611 
55 0.9457358357056869 
56 -0.9457358357163154 
57 0.9457358357241294 
58 -0.9457358356514982 
59 0.9457358356348218 
60 -0.9457358349883925 
61 0.9457358342042806 
62 -0.945735835450072 
63 0.9457358356648724 
64 -0.9457358357212785 
65 0.9457358356869485 
66 -0.9457358357078053 
67 0.9457358357384772 
68 -0.9457358357728319 
69 0.9457358356692114 
70 -0.9457358356619788 
71 0.9457358356909734 
72 -0.9457358356937317 
73 0.9457358358232767 
74 -0.9457358357216911 
75 0.9457358357192602 
76 -0.9457358357151854 
77 0.9457358357136738 
78 -0.9457358357117341 
79 0.9457358357070281 
80 -0.9457358354916496 
81 0.9457358357088578 
82 -0.9457358356385943 
83 0.9457358356631395 
84 -0.9457358357164017 
85 0.9457358357126028 
86 -0.9457358357044956 
87 0.9457358358590451 
88 -0.9457358357732958 
89 0.9457358357083511 
90 -0.9457358357109498 
91 0.9457358357104085 
92 -0.9457358357940137 
93 0.9457358357572299 
94 -0.9457358357220472 
95 0.9457358358365953 
96 -0.9457358358680376 
97 0.9457358357573553 
98 -0.9457358357637462 
99 0.9457358357380241 
100 -0.9457358356745107 
101 0.9457358356338902 
102 -0.9457358357173272 
103 0.9457358363603057 
104 -0.9457358359279306 
105 0.94573583586746 
106 -0.9457358357307143 
107 0.9457358356941339 
108 -0.9457358357635582 
109 0.9457358356904086 
110 -0.945735835703458 
111 0.9457358357096997 
112 -0.9457358357829839 
113 0.9457358357733152 
114 -0.9457358357192585 
115 0.9457358357119394 
116 -0.9457358357142057 
117 0.945735835713799 
118 -0.9457358357131603 
119 0.9457358357392259 
120 -0.9457358357238969 
121 0.9457358356790153 
122 -0.9457358358834994 
123 0.9457358358928849 
124 -0.9457358356731308 
125 0.9457358359645957 
126 -0.945735837852826 
127 0.9457358358989573 
128 -0.9457358357031694 
129 0.9457358356878539 
130 -0.9457358357022984 
131 0.9457358357190229 
132 -0.9457358357076124 
133 0.945735835716044 
134 -0.945735835718139 
135 0.9457358357075811 
136 -0.9457358356630514 
137 0.9457358356955893 
138 -0.9457358357219637 
139 0.9457358355252686 
140 -0.9457358358485698 
141 0.9457358357252085 
142 -0.9457358357151165 
143 0.9457358357123116 
144 -0.9457358357033584 
145 0.9457358358876742 
146 -0.9457358358047718 
147 0.9457358359231224 
148 -0.9457358358320931 
149 0.9457358356634703 
150 -0.9457358355507939 
151 0.9457358355800803 
152 -0.9457358356199709 
153 0.9457358351186669 
154 -0.9457358357725153 
155 0.9457358357602889 
156 -0.9457358356845241 
157 0.9457358359630074 
158 -0.9457358357683399 
159 0.9457358357163681 
160 -0.9457358357160406 
161 0.9457358355025605 
162 -0.9457358357517006 
163 0.9457358356754464 
164 -0.9457358357035949 
165 0.9457358356907584 
166 -0.9457358357043999 
167 0.9457358357050583 
168 -0.9457358357076702 
169 0.9457358357164918 
170 -0.945735835325363 
171 0.9457358362942144 
172 -0.9457358358301646 
173 0.9457358357359592 
174 -0.9457358357158142 
175 0.9457358356959249 
176 -0.9457358356619913 
177 0.945735835669826 
178 -0.9457358356516631 
179 0.9457358356919334 
180 -0.9457358357488331 
181 0.9457358357007035 
182 -0.9457358357180806 
183 0.9457358357162453 
184 -0.9457358357076828 
185 0.9457358355848623 
186 -0.9457358356956762 
187 0.9457358356765472 
188 -0.9457358354986336 
189 0.945735834777048 
190 -0.9457358327413798 
191 0.9457358408953304 
192 -0.9457360027477538 
193 0.945737503715915 
194 -0.9457475465197251 
195 0.9458064793895407 
196 -0.9461658380263037 
197 0.9473590784886721 
