2 3 0.00019455389835993587 
3 4 0.00019703918058651507 
4 5 0.00019856414720516416 
5 6 0.00019765735319364171 
6 7 0.00019753922792365125 
7 8 0.00019754829500908078 
8 9 0.00019755184471744925 
9 10 0.0001975516451061833 
10 11 0.0001975515769623532 
11 12 0.00019755158249185485 
12 13 0.00019755158780035873 
13 14 0.00019755158683890223 
14 15 0.0001975515875875437 
15 16 0.00019755158988376113 
16 17 0.00019755166123110654 
17 18 0.00019755154548102224 
18 19 0.00019755149307770022 
19 20 0.0001975514955350193 
20 21 0.00019755196617237826 
21 22 0.0001975517557478895 
22 23 0.00019755153351086346 
23 24 0.0001975515504396415 
24 25 0.00019755157329377448 
25 26 0.0001975515871083272 
26 27 0.00019755159312598492 
27 28 0.0001975516165504813 
28 29 0.000197551578363139 
29 30 0.00019755158697380506 
30 31 0.00019755157258741343 
31 32 0.0001975516128997796 
32 33 0.00019755160525148337 
33 34 0.00019755159646762499 
34 35 0.00019755158261648337 
35 36 0.0001975515898925621 
36 37 0.00019755157785952682 
37 38 0.0001975515729868198 
38 39 0.00019755158606887439 
39 40 0.00019755158786731588 
40 41 0.00019755158769623634 
41 42 0.00019755158764954564 
42 43 0.00019755158765118582 
43 44 0.00019755158765130015 
44 45 0.00019755158765497798 
45 46 0.00019755158765493594 
46 47 0.00019755158765569634 
47 48 0.0001975515879073487 
48 49 0.0001975515855458367 
49 50 0.00019755158377048716 
50 51 0.00019755157438233287 
51 52 0.0001975515849535022 
52 53 0.0001975515848921713 
53 54 0.00019755155800910257 
54 55 0.00019755155484895096 
55 56 0.00019755154449016147 
56 57 0.0001975515867930557 
57 58 0.00019755159073415007 
58 59 0.00019755158449366372 
59 60 0.000197551588998288 
60 61 0.0001975515733217738 
61 62 0.00019755161753179858 
62 63 0.0001975516592791877 
63 64 0.0001975515035962028 
64 65 0.00019755161935212568 
65 66 0.0001975515651318846 
66 67 0.0001975517705135961 
67 68 0.00019755167887860063 
68 69 0.0001975515170012314 
69 70 0.0001975515828912144 
70 71 0.0001975515937026468 
71 72 0.00019755158819488388 
72 73 0.00019755158751168543 
73 74 0.0001975515876296558 
74 75 0.0001975515876563465 
75 76 0.00019755158765376034 
76 77 0.00019755158765338642 
77 78 0.00019755158765553935 
78 79 0.00019755158763345212 
79 80 0.00019755158764650472 
80 81 0.00019755158765925336 
81 82 0.0001975515876273818 
82 83 0.00019755158799291992 
83 84 0.00019755159004220018 
84 85 0.00019755158894161566 
85 86 0.00019755158776036107 
86 87 0.0001975515866205497 
87 88 0.00019755158752025103 
88 89 0.00019755158766605028 
89 90 0.00019755158770332613 
90 91 0.0001975515875313966 
91 92 0.0001975515876328384 
92 93 0.0001975515876528608 
93 94 0.0001975515876518654 
94 95 0.0001975515877401561 
95 96 0.00019755158766483416 
96 97 0.00019755158765321861 
97 98 0.00019755158765239836 
98 99 0.00019755158765327432 
99 100 0.00019755158768757758 
100 101 0.00019755158761473226 
101 102 0.0001975515876308754 
102 103 0.00019755158765603567 
103 104 0.00019755158765507455 
104 105 0.0001975515876774158 
105 106 0.00019755158783235763 
106 107 0.00019755158750195403 
107 108 0.00019755158424623924 
108 109 0.00019755158496658138 
109 110 0.00019755169496904907 
110 111 0.00019755181540905483 
111 112 0.00019754830693484562 
112 113 0.00019753922446705293 
113 114 0.00019765731533539992 
114 115 0.00019856513299640273 
115 116 0.00019703737655546607 
116 117 0.00019455190018099233 
117 118 0.00022147432334852058 
