2 0.30256588906170745 
3 -0.6545211532092561 
4 0.47523645724608277 
5 -0.18903098027848256 
6 -0.22879643319042445 
7 0.516801804016864 
8 -0.5762457797793875 
9 0.37996736659563235 
10 -0.018392349121862193 
11 -0.3458735040289851 
12 0.5506905146485499 
13 -0.5092828839772804 
14 0.24198679780430513 
15 0.13130664664589803 
16 -0.44189217340066744 
17 0.5525290500779165 
18 -0.4161815153755874 
19 0.09465885135501831 
20 0.26753809242756765 
21 -0.507619399174442 
22 0.5199923479029023 
23 -0.3001065980931118 
24 -0.05432815449803013 
25 0.38367996582554204 
26 -0.5404861313560892 
27 0.45545197722580877 
28 -0.16589616194128748 
29 -0.199065347728535 
30 0.4750460329178046 
31 -0.5386187139932248 
32 0.3610327504891434 
33 -0.019604907698355704 
34 -0.332817241083058 
35 0.5374108510697497 
36 -0.5022343796132241 
37 0.2405709008856133 
38 0.13293039712257684 
39 -0.4502004863660596 
40 0.5680426033146364 
41 -0.4320051356195975 
42 0.09810398303261862 
43 0.28624032425001605 
44 -0.5471483008778592 
45 0.5662680545686575 
46 -0.32977072313688877 
47 -0.06366111325033307 
48 0.438268654675883 
49 -0.623425873125525 
50 0.5332850979944755 
51 -0.19603159896964925 
52 -0.24688153133464158 
53 0.5944315845100804 
54 -0.6913607100708387 
55 0.48463726134383706 
56 -0.02526533973163635 
57 -0.4920448243272058 
