2 0.5377650741171239 
3 -0.5903879066543616 
4 0.39770967031845006 
5 -0.46477865737380114 
6 0.5716228888491843 
7 -0.6744039264224877 
8 0.6827798026600621 
9 -0.6861815987428218 
10 0.688766248578689 
11 -0.7011481134121115 
12 0.7218985924173555 
13 -0.7220288994578883 
14 0.7231276722717151 
15 -0.7258005516140452 
16 0.7281005190994375 
17 -0.7304374744462842 
18 0.7305686158808211 
19 -0.7315913049479303 
20 0.7319290413877146 
21 -0.7322337529174429 
22 0.7327314898825698 
23 -0.7327720356325841 
24 0.7329675556857825 
25 -0.733041094191789 
26 0.733119945041656 
27 -0.7331960039816469 
28 0.7332054186399559 
29 -0.7332548860436938 
30 0.733265137178582 
31 -0.7332807109813486 
32 0.7332957893706681 
33 -0.7332986083107376 
34 0.7333080901724403 
35 -0.7333098464212332 
36 0.7333136804796381 
37 -0.7333161864999906 
38 0.7333168643543317 
39 -0.7333188680017526 
40 0.7333191358217619 
41 -0.7333199568498437 
42 0.7333204080535469 
43 -0.7333205922370261 
44 0.7333209741735512 
45 -0.7333210201052329 
46 0.73332120493617 
47 -0.7333212788892416 
48 0.7333213238268182 
49 -0.7333213980855599 
50 0.7333214066729578 
51 -0.7333214453864668 
52 0.7333214576473618 
53 -0.7333214686725226 
54 0.7333214820588334 
55 -0.7333214837653638 
56 0.7333214913739331 
57 -0.7333214927525619 
58 0.7333214949659507 
59 -0.7333214959085435 
60 0.7333214958328511 
61 -0.7333214949984881 
62 0.7333214928830344 
63 -0.7333214916032119 
64 0.7333214839210892 
65 -0.7333214821356295 
66 0.7333214687700197 
67 -0.733321457664551 
68 0.733321445487603 
69 -0.7333214067291081 
70 0.733321398064682 
71 -0.7333213237610207 
72 0.7333212788576634 
73 -0.7333212048332862 
74 0.7333210202094215 
75 -0.733320974327717 
76 0.7333205923151841 
77 -0.7333204081654793 
78 0.7333199570827865 
79 -0.7333191361875354 
80 0.7333188683719967 
81 -0.7333168647163281 
82 0.7333161867731395 
83 -0.7333136807806999 
84 0.7333098468699406 
85 -0.733308090618962 
86 0.7332986087373028 
87 -0.7332957899508932 
88 0.7332807115636454 
89 -0.7332651377316473 
90 0.7332548865368885 
91 -0.7332054193116687 
92 0.733196004555523 
93 -0.7331199456739431 
94 0.7330410947965487 
95 -0.7329675563275447 
96 0.7327720362622341 
97 -0.7327314905117712 
98 0.7322337534476117 
99 -0.7319290420528457 
100 0.7315913054858394 
101 -0.7305686163418204 
102 0.7304374749074534 
103 -0.7281005195844998 
104 0.7258005522307506 
105 -0.7231276725995206 
106 0.7220288998318201 
107 -0.7218985928693143 
108 0.7011481138113967 
109 -0.6887662490638393 
110 0.6861815991348577 
111 -0.6827798030990067 
112 0.6744039266820188 
113 -0.5716228890891465 
114 0.46477865795201534 
115 -0.39770967090097914 
116 0.5903879070601081 
117 -0.537765074503657 
