2 -0.9732004588806771 
3 0.9724523369243558 
4 -0.972073054102414 
5 0.9720761589078342 
6 -0.9720954441516944 
7 0.9721001831634803 
8 -0.9721000434516789 
9 0.9720996513209326 
10 -0.9720995777231322 
11 0.9720995973410791 
12 -0.972099608615379 
13 0.972099606332389 
14 -0.9720996055715748 
15 0.9720996057879896 
16 -0.9720996059684684 
17 0.9720996059899915 
18 -0.9720996059808877 
19 0.9720996059770761 
20 -0.9720996059770979 
21 0.9720996059774816 
22 -0.9720996059775463 
23 0.9720996059775424 
24 -0.9720996059775383 
25 0.9720996059774827 
26 -0.9720996059818363 
27 0.9720996059715964 
28 -0.9720996059771786 
29 0.972099605980314 
30 -0.9720996059785757 
31 0.9720996059775988 
32 -0.9720996059774832 
33 0.9720996059775097 
34 -0.9720996059775111 
35 0.9720996059775046 
36 -0.9720996059775107 
37 0.9720996059775089 
38 -0.9720996059775142 
39 0.9720996059775181 
40 -0.9720996059775012 
41 0.972099605977519 
42 -0.9720996059775157 
43 0.9720996059775135 
44 -0.9720996059775098 
45 0.9720996059774967 
46 -0.9720996059775208 
47 0.9720996059775104 
48 -0.9720996059775171 
49 0.9720996059775153 
50 -0.9720996059775167 
51 0.9720996059775167 
52 -0.972099605977524 
53 0.9720996059774938 
54 -0.9720996059775051 
55 0.9720996059775174 
56 -0.9720996059774978 
57 0.9720996059775128 
58 -0.9720996059775435 
59 0.9720996059775694 
60 -0.9720996059773607 
61 0.9720996059769825 
62 -0.9720996059780704 
63 0.9720996059810519 
64 -0.9720996059762024 
65 0.9720996059527096 
66 -0.9720996060044085 
67 0.9720996059457966 
68 -0.9720996064524057 
69 0.9720996041877122 
70 -0.9720996083336407 
71 0.9720996054827307 
72 -0.9720996065115625 
73 0.972099607791603 
74 -0.9720996061167555 
75 0.9720996055125679 
76 -0.9720996058008876 
77 0.9720996059620863 
78 -0.9720996059818967 
79 0.9720996059780618 
80 -0.9720996059760347 
81 0.9720996059766505 
82 -0.9720996059821158 
83 0.9720996059849566 
84 -0.9720996059617737 
85 0.9720996055079255 
86 -0.9720996086809652 
87 0.9720996079768215 
88 -0.972099606020302 
89 0.9720996031583858 
90 -0.97209960572015 
91 0.9720996057812361 
92 -0.9720996058920286 
93 0.9720996059769917 
94 -0.9720996059944275 
95 0.9720996059852448 
96 -0.9720996059781649 
97 0.9720996059773243 
98 -0.9720996059774185 
99 0.9720996059771676 
100 -0.9720996059774645 
101 0.9720996059870818 
102 -0.9720996059872591 
103 0.9720996059763594 
104 -0.9720996058935435 
105 0.9720996060229025 
106 -0.9720996068845609 
107 0.9720996069133953 
108 -0.9720995977271127 
109 0.972099579328991 
110 -0.9720996497388436 
111 0.9721000456216251 
112 -0.9721001819679765 
113 0.97209544397459 
114 -0.9720761587635782 
115 0.9720730542783269 
116 -0.9724523366129152 
117 0.9732004588670419 
