2 -0.3469050503912506 
3 -0.4213440787752355 
4 -0.3950033073503287 
5 -0.33231597746282154 
6 -0.3274911852081961 
7 -0.3722012559326684 
8 -0.3974919662417642 
9 -0.3746475860800985 
10 -0.34342600256928335 
11 -0.34652630777506005 
12 -0.37376947817878825 
13 -0.385582043042341 
14 -0.3689448385867491 
15 -0.34965033899405384 
16 -0.3535069548677848 
17 -0.3729976621249358 
18 -0.38054806323142343 
19 -0.36685788928636864 
20 -0.3521930544853005 
21 -0.3568908605744304 
22 -0.37323830410150727 
23 -0.3777451241660509 
24 -0.36488106132586084 
25 -0.3537129299075029 
26 -0.35968101933452845 
27 -0.37337529735634956 
28 -0.37533119884335675 
29 -0.3635776839532465 
30 -0.3551619391065709 
31 -0.36155608595023936 
32 -0.373213625292212 
33 -0.3737071462298587 
34 -0.3627416633572986 
35 -0.356053848395794 
36 -0.36294137730240283 
37 -0.3733176939587819 
38 -0.3724166307834732 
39 -0.3618286851066006 
40 -0.35681377981030865 
41 -0.3642933826674944 
42 -0.3733361881016579 
43 -0.3711548613547224 
44 -0.36113835251923193 
45 -0.35758759710752447 
46 -0.3653590651916112 
47 -0.37328230255164635 
48 -0.3701564946345303 
49 -0.3605440791717137 
50 -0.3581614105465963 
51 -0.3663429895829253 
52 -0.37334436305313534 
53 -0.36918598030568534 
54 -0.35989459541585084 
55 -0.3587681362966268 
56 -0.36733661415883684 
57 -0.37331634243686385 
58 -0.3682186545798223 
59 -0.35935846532652393 
60 -0.35935846518768644 
61 -0.3682186542218148 
62 -0.37331634227937716 
63 -0.3673366144974553 
64 -0.3587681365966735 
65 -0.3598945950746253 
66 -0.36918597962473204 
67 -0.3733443630414034 
68 -0.3663429901438052 
69 -0.3581614105624573 
70 -0.36054407853204784 
71 -0.3701564942309993 
72 -0.3732823027682601 
73 -0.3653590654831178 
74 -0.35758759700583487 
75 -0.36113835225050234 
76 -0.3711548611112512 
77 -0.37333618813536484 
78 -0.36429338313529924 
79 -0.35681378020798044 
80 -0.36182868500428556 
81 -0.37241663068263947 
82 -0.3733176945203239 
83 -0.3629413782081902 
84 -0.356053849025371 
85 -0.36274166399757257 
86 -0.373707147042275 
87 -0.3732136261257889 
88 -0.3615560868373806 
89 -0.35516194044945504 
90 -0.3635776855156258 
91 -0.37533120021753735 
92 -0.37337529787802937 
93 -0.359681018836278 
94 -0.3537129299165011 
95 -0.36488105979019125 
96 -0.3777451235537859 
97 -0.3732383040149079 
98 -0.35689086019929794 
99 -0.35219305501049725 
100 -0.36685789071538255 
101 -0.3805480631185767 
102 -0.37299766191809675 
103 -0.3535069547318017 
104 -0.34965033951476504 
105 -0.3689448391747212 
106 -0.3855820438777266 
107 -0.37376947776098896 
108 -0.3465263074906032 
109 -0.343426002448388 
110 -0.3746475860564787 
111 -0.3974919659724718 
112 -0.37220125602102344 
113 -0.32749118558228507 
114 -0.3323159775621153 
115 -0.3950033072720757 
116 -0.4213440789740582 
117 -0.3469050506779963 
