2 3 0.057897559401189784 
3 4 0.04947405089476324 
4 5 0.04672014880572898 
5 6 0.051801147504615154 
6 7 0.05351480113604699 
7 8 0.052055959939182966 
8 9 0.05142522555471506 
9 10 0.05191504442120671 
10 11 0.05218312095700552 
11 12 0.05206028935015576 
12 13 0.05197706590320241 
13 14 0.052018113579632326 
14 15 0.052051207266542304 
15 16 0.05204233273595153 
16 17 0.05203252589802007 
17 18 0.052035518312898196 
18 19 0.05203924711259031 
19 20 0.052038756279599446 
20 21 0.05203767744650938 
21 22 0.05203784726008689 
22 23 0.05203824370603432 
23 24 0.05203823760642046 
24 25 0.05203812523193468 
25 26 0.052038128399605754 
26 27 0.052038168627824344 
27 28 0.05203817243775177 
28 29 0.05203816129814835 
29 30 0.052038160241048334 
30 31 0.052038164110348 
31 32 0.05203816460734809 
32 33 0.05203816390417677 
33 34 0.05203816509917342 
34 35 0.05203816366214156 
35 36 0.05203816343800028 
36 37 0.05203816342020216 
37 38 0.052038163908415674 
38 39 0.052038163716911605 
39 40 0.05203816455451543 
40 41 0.05203816396385127 
41 42 0.05203816391828651 
42 43 0.052038164060701365 
43 44 0.05203816400418937 
44 45 0.05203816385249616 
45 46 0.052038163886528814 
46 47 0.052038164167254645 
47 48 0.05203816385846745 
48 49 0.05203816498216164 
49 50 0.05203816471553224 
50 51 0.05203816473652679 
51 52 0.05203816343566041 
52 53 0.05203816352525398 
53 54 0.05203816426617505 
54 55 0.05203816411372682 
55 56 0.052038163910816226 
56 57 0.052038163376605454 
57 58 0.05203816565262344 
58 59 0.05203816142732932 
59 60 0.05203816183655281 
60 61 0.05203816409517591 
61 62 0.052038164277247695 
62 63 0.05203816405074155 
63 64 0.0520381640090178 
64 65 0.05203816410333265 
65 66 0.05203816431859232 
66 67 0.05203816397844741 
67 68 0.05203816372755482 
68 69 0.05203816400033842 
69 70 0.05203816408457404 
70 71 0.05203816405281668 
71 72 0.05203816403975356 
72 73 0.0520381640418065 
73 74 0.05203816404217128 
74 75 0.05203816404214982 
75 76 0.05203816404298397 
76 77 0.052038164041441945 
77 78 0.05203816403873523 
78 79 0.052038164043137346 
79 80 0.05203816405089045 
80 81 0.052038164035322874 
81 82 0.05203816400358537 
82 83 0.05203816403983336 
83 84 0.05203816413346092 
84 85 0.0520381640113992 
85 86 0.05203816364939859 
86 87 0.052038163891128336 
87 88 0.05203816494104066 
88 89 0.05203816412558029 
89 90 0.05203816021967578 
90 91 0.052038161295889084 
91 92 0.05203817243521263 
92 93 0.05203816862580422 
93 94 0.05203812840286975 
94 95 0.05203812522909216 
95 96 0.05203823760749768 
96 97 0.052038243662761316 
97 98 0.05203784689621054 
98 99 0.0520376787998959 
99 100 0.05203875740146411 
100 101 0.052039247672013095 
101 102 0.052035517998414584 
102 103 0.05203252557150472 
103 104 0.05204233339068781 
104 105 0.05205120812199604 
105 106 0.052018114125170656 
106 107 0.051977065700882494 
107 108 0.05206028929332008 
108 109 0.05218312147335718 
109 110 0.05191504459729028 
110 111 0.05142522272782366 
111 112 0.05205596051617843 
112 113 0.05351480428022622 
113 114 0.051801149539875024 
114 115 0.046720148406999285 
115 116 0.04947405053616176 
116 117 0.05789755864462829 
117 118 0.05649386230010428 
