-173.78027091331973 
-173.78027091331984 
-173.78027091332044 
-173.78027091332052 
-173.78027091332095 
-173.78027091332115 
-173.78027091332115 
-173.7802709133214 
-173.78027091332189 
-173.78027091332262 
-173.7802709133227 
-173.7802709133232 
-173.78027091332328 
-173.7802709133237 
-173.78027091332413 
-173.78027091332436 
-173.78027091332402 
-173.78027091332484 
-173.78027091332535 
-173.78027091332538 
-173.7802709133262 
-173.78027091332646 
-173.7802709133266 
-173.780270913327 
-173.78027091332666 
-173.7802709133272 
-173.78027091332785 
-173.78027091332814 
-173.78027091332834 
-173.7802709133284 
-173.78027091332905 
-173.78027091332945 
-173.7802709133297 
-173.7802709133296 
-173.78027091333013 
-173.7802709133303 
-173.78027091333087 
-173.7802709133311 
-173.7802709133313 
-173.78027091333178 
-173.78027091333203 
-173.78027091333155 
-173.78027091333186 
-173.78027091333223 
-173.7802709133322 
-173.78027091333234 
-173.78027091333297 
-173.7802709133332 
-173.78027091333323 
-173.78027091333334 
-173.7802709133339 
-173.78027091333422 
-173.78027091333436 
-173.78027091333456 
-173.78027091333624 
-173.78027091333615 
-173.78027091333723 
-173.7802709133367 
-173.7802709133361 
-173.7802709133369 
-173.78027091333664 
-173.78027091333897 
-173.78027091333612 
-173.78027091333666 
-173.78027091333647 
-173.78027091333664 
-173.78027091333638 
-173.7802709133365 
-173.78027091333647 
-173.78027091333632 
-173.7802709133365 
-173.7802709133365 
-173.78027091333635 
-173.78027091333647 
-173.78027091333578 
-173.7802709133357 
-173.78027091333604 
-173.78027091333627 
-173.78027091333598 
-173.78027091333593 
-173.78027091333593 
-173.78027091333564 
-173.78027091333556 
-173.78027091333547 
-173.78027091333556 
-173.78027091333544 
-173.78027091333522 
-173.78027091333524 
-173.7802709133356 
-173.78027091333539 
-173.7802709133351 
-173.78027091333496 
-173.78027091333496 
-173.78027091333516 
-173.78027091333482 
-173.7802709133352 
-173.78027091333485 
-173.78027091333493 
-173.78027091333448 
-173.7802709133344 
-173.78027091333425 
-173.78027091333433 
-173.78027091333465 
-173.78027091333456 
-173.78027091333436 
-173.7802709133347 
-173.78027091333445 
-173.78027091333476 
-173.78027091333448 
-173.78027091333408 
-173.78027091333416 
-173.78027091333416 
-173.780270913334 
-173.78027091333382 
-173.78027091333382 
-173.7802709133339 
-173.78027091333394 
-173.78027091333428 
-173.78027091333496 
-173.78027091333553 
-173.7802709133354 
-173.7802709133356 
-173.78027091333604 
-173.7802709133361 
-173.78027091333615 
-173.7802709133364 
-173.78027091333678 
-173.78027091333718 
-173.78027091333712 
-173.78027091333752 
-173.7802709133382 
-173.780270913338 
-173.7802709133385 
-173.78027091333897 
-173.78027091333902 
-173.78027091333945 
-173.78027091334025 
-173.7802709133406 
-173.78027091334138 
-173.7802709133408 
-173.78027091334113 
-173.7802709133419 
-173.78027091334175 
-173.78027091334258 
-173.7802709133429 
-173.78027091334297 
-173.78027091334295 
-173.7802709133431 
-173.78027091334343 
-173.7802709133435 
-173.7802709133441 
-173.78027091334474 
-173.78027091334448 
-173.7802709133452 
-173.78027091334505 
-173.78027091334584 
-173.78027091334636 
-173.78027091334624 
-173.78027091334633 
-173.7802709133463 
-173.78027091334673 
-173.78027091334712 
-173.780270913347 
-173.7802709133466 
-173.78027091334692 
-173.78027091334712 
-173.78027091334758 
-173.78027091334812 
-173.78027091334846 
-173.78027091334877 
-173.78027091335042 
-173.78027091335179 
-173.7802709133509 
-173.7802709133495 
-173.7802709133492 
-173.7802709133509 
-173.7802709133495 
-173.78027091335755 
-173.78027091335073 
-173.78027091335045 
-173.78027091335042 
-173.78027091335048 
-173.78027091335045 
-173.7802709133503 
-173.78027091335028 
-173.7802709133502 
-173.78027091335062 
-173.78027091335127 
-173.7802709133514 
-173.78027091335142 
-173.7802709133517 
-173.78027091335176 
-173.78027091335142 
-173.78027091335142 
-173.78027091335136 
-173.78027091335122 
-173.7802709133511 
-173.78027091335127 
-173.7802709133512 
-173.78027091335102 
-173.7802709133508 
-173.78027091335096 
-173.78027091335088 
-173.780270913351 
-173.78027091335116 
-173.780270913351 
-173.78027091335144 
-173.7802709133514 
-173.78027091335105 
-173.78027091335122 
-173.78027091335127 
-173.78027091335065 
-173.78027091335076 
-173.78027091335056 
-173.7802709133505 
-173.78027091335062 
-173.78027091335045 
-173.78027091335034 
-173.78027091335053 
-173.78027091335022 
-173.78027091335002 
-173.78027091334985 
-173.78027091334994 
-173.7802709133502 
-173.78027091335002 
-173.7802709133498 
-173.78027091335014 
-173.78027091335 
-173.78027091335048 
-173.7802709133501 
-173.78027091335017 
-173.78027091335042 
-173.7802709133503 
-173.7802709133504 
-173.78027091335056 
-173.78027091335022 
-173.78027091335014 
-173.78027091335025 
-173.78027091335042 
-173.7802709133503 
-173.78027091335073 
-173.7802709133507 
-173.7802709133506 
-173.78027091335056 
-173.78027091335014 
-173.7802709133503 
-173.78027091335048 
-173.78027091335022 
-173.78027091335025 
-173.78027091335022 
-173.7802709133505 
-173.78027091335036 
-173.7802709133506 
-173.7802709133508 
-173.7802709133505 
-173.78027091335065 
-173.78027091335105 
-173.78027091335125 
-173.7802709133511 
-173.78027091335122 
-173.78027091335127 
-173.78027091335102 
-173.78027091335127 
-173.78027091335107 
-173.78027091335125 
-173.78027091335173 
-173.78027091335156 
-173.78027091335122 
-173.78027091335136 
-173.78027091335125 
-173.78027091335161 
-173.7802709133515 
-173.78027091335136 
-173.78027091335136 
-173.78027091335127 
-173.78027091335184 
-173.78027091335179 
-173.78027091335173 
-173.78027091335196 
-173.78027091335164 
-173.78027091335153 
-173.78027091335176 
-173.78027091335179 
-173.7802709133519 
-173.780270913352 
-173.780270913352 
-173.780270913352 
-173.780270913362 
-173.78027091335227 
-173.78027091335252 
-173.78027091335233 
-173.78027091335298 
-173.78027091335213 
-173.78027091335215 
-173.7802709133518 
-173.78027091335207 
-173.7802709133518 
-173.7802709133519 
-173.78027091335179 
-173.78027091335176 
-173.78027091335176 
-173.78027091335196 
-173.78027091335233 
-173.78027091335213 
-173.78027091335218 
-173.780270913352 
-173.78027091335238 
-173.78027091335215 
-173.78027091335238 
-173.78027091335247 
-173.78027091335258 
-173.7802709133524 
-173.78027091335215 
-173.78027091335218 
-173.7802709133528 
-173.7802709133525 
-173.78027091335224 
-173.7802709133526 
-173.78027091335258 
-173.78027091335215 
-173.78027091335218 
-173.78027091335224 
-173.78027091335218 
-173.78027091335218 
-173.78027091335193 
-173.78027091335173 
-173.78027091335176 
-173.78027091335173 
-173.78027091335153 
-173.78027091335161 
-173.78027091335142 
-173.7802709133514 
-173.780270913352 
-173.78027091335176 
-173.78027091335136 
-173.78027091335122 
-173.7802709133512 
-173.78027091335136 
-173.78027091335147 
-173.78027091335142 
-173.78027091335144 
-173.7802709133513 
-173.78027091335142 
-173.78027091335147 
-173.78027091335176 
-173.78027091335179 
-173.7802709133521 
-173.78027091335167 
-173.78027091335156 
-173.78027091335133 
-173.78027091335133 
-173.78027091335116 
-173.7802709133512 
-173.78027091335144 
-173.78027091335161 
-173.78027091335107 
-173.78027091335116 
-173.7802709133513 
-173.78027091335122 
-173.78027091335127 
-173.78027091335113 
-173.78027091335102 
-173.78027091335113 
-173.78027091335125 
-173.78027091335125 
-173.78027091335093 
-173.78027091335082 
-173.78027091335093 
-173.78027091335076 
-173.78027091335085 
-173.78027091335125 
-173.78027091335136 
-173.78027091335156 
-173.78027091335122 
-173.7802709133511 
-173.78027091335142 
-173.78027091335127 
-173.78027091335096 
-173.78027091335073 
-173.78027091335073 
-173.78027091335068 
-173.78027091335096 
-173.78027091335088 
-173.7802709133512 
-173.7802709133512 
-173.7802709133509 
-173.78027091335102 
-173.7802709133507 
-173.78027091335102 
-173.78027091335088 
-173.78027091335065 
-173.78027091335102 
-173.78027091335045 
-173.78027091335053 
-173.7802709133504 
-173.7802709133501 
-173.78027091335042 
-173.78027091335062 
-173.7802709133503 
-173.78027091335045 
-173.7802709133504 
-173.7802709133504 
-173.78027091334974 
-173.7802709133498 
-173.78027091334977 
-173.78027091335065 
-173.78027091334974 
