2 -0.40445952227502935 
3 -0.41261185303893577 
4 -0.41605405120115474 
5 -0.4165122302773451 
6 -0.41646816885892807 
7 -0.416367187766759 
8 -0.416303268580323 
9 -0.4162763132338677 
10 -0.4162680085853541 
11 -0.4162666970276352 
12 -0.4162671819678849 
13 -0.4162677450700922 
14 -0.416268058311732 
15 -0.41626818187301035 
16 -0.4162682145974744 
17 -0.416268216076935 
18 -0.4162682113364958 
19 -0.4162682076958336 
20 -0.41626820594469244 
21 -0.41626820534617165 
22 -0.4162682052329551 
23 -0.4162682052598009 
24 -0.41626820529951786 
25 -0.41626820532314657 
26 -0.41626820533283876 
27 -0.4162682053355303 
28 -0.41626820533566156 
29 -0.4162682053352929 
30 -0.41626820533505576 
31 -0.4162682053348941 
32 -0.41626820533486963 
33 -0.4162682053348157 
34 -0.41626820533481207 
35 -0.4162682053348123 
36 -0.4162682053348422 
37 -0.41626820533485376 
38 -0.416268205334861 
39 -0.41626820533489306 
40 -0.4162682053349142 
41 -0.41626820533485887 
42 -0.4162682053348224 
43 -0.41626820533473224 
44 -0.41626820533485565 
45 -0.4162682053348563 
46 -0.416268205334876 
47 -0.41626820533487113 
48 -0.416268205334861 
49 -0.4162682053348302 
50 -0.4162682053348208 
51 -0.41626820533480036 
52 -0.41626820533481246 
53 -0.4162682053348216 
54 -0.41626820533483444 
55 -0.4162682053347589 
56 -0.41626820533481934 
57 -0.416268205334845 
58 -0.41626820533481207 
59 -0.41626820533481046 
60 -0.4162682053348419 
61 -0.41626820533483744 
62 -0.4162682053347986 
63 -0.4162682053348007 
64 -0.41626820533485653 
65 -0.41626820533481357 
66 -0.4162682053348355 
67 -0.4162682053348291 
68 -0.41626820533476955 
69 -0.41626820533483155 
70 -0.4162682053348499 
71 -0.4162682053348704 
72 -0.4162682053348685 
73 -0.41626820533485165 
74 -0.416268205334824 
75 -0.4162682053348458 
76 -0.4162682053348991 
77 -0.4162682053348296 
78 -0.4162682053348437 
79 -0.4162682053348092 
80 -0.4162682053347911 
81 -0.41626820533482567 
82 -0.4162682053348486 
83 -0.41626820533481496 
84 -0.41626820533481507 
85 -0.4162682053348718 
86 -0.41626820533483416 
87 -0.41626820533484593 
88 -0.4162682053348181 
89 -0.4162682053352356 
90 -0.41626820533543235 
91 -0.41626820533508957 
92 -0.4162682053349035 
93 -0.41626820533491266 
94 -0.4162682053348788 
95 -0.4162682053348425 
96 -0.4162682053347891 
97 -0.4162682053348322 
98 -0.41626820533482495 
99 -0.4162682053348183 
100 -0.41626820533481546 
101 -0.4162682053347979 
102 -0.4162682053348384 
103 -0.41626820533483383 
104 -0.41626820533476716 
105 -0.4162682053348117 
106 -0.4162682053350971 
107 -0.4162682053345783 
108 -0.41626820533473124 
109 -0.4162682053346901 
110 -0.41626820533474895 
111 -0.4162682053347578 
112 -0.41626820533482384 
113 -0.4162682053347878 
114 -0.41626820533482184 
115 -0.416268205334894 
116 -0.41626820533483433 
117 -0.41626820533484327 
118 -0.41626820533484976 
119 -0.4162682053348392 
120 -0.4162682053347652 
121 -0.4162682053347724 
122 -0.41626820533484815 
123 -0.41626820533484343 
124 -0.4162682053348552 
125 -0.4162682053348183 
126 -0.4162682053349076 
127 -0.41626820533479303 
128 -0.41626820533482795 
129 -0.4162682053347982 
130 -0.4162682053347951 
131 -0.4162682053348294 
132 -0.41626820533482994 
133 -0.4162682053348841 
134 -0.4162682053348494 
135 -0.4162682053348201 
136 -0.4162682053348011 
137 -0.41626820533513736 
138 -0.4162682053328907 
139 -0.41626820533535325 
140 -0.41626820533527525 
141 -0.4162682053350982 
142 -0.416268205335006 
143 -0.4162682053348852 
144 -0.4162682053348877 
145 -0.41626820533488434 
146 -0.4162682053348824 
147 -0.4162682053348527 
148 -0.4162682053348339 
149 -0.41626820533480946 
150 -0.416268205334836 
151 -0.41626820533481584 
152 -0.41626820533482356 
153 -0.4162682053348503 
154 -0.41626820533484843 
155 -0.41626820533485365 
156 -0.4162682053348073 
157 -0.4162682053348166 
158 -0.4162682053348206 
159 -0.4162682053348458 
160 -0.4162682053348136 
161 -0.4162682053348307 
162 -0.41626820533479636 
163 -0.4162682053349806 
164 -0.41626820533496867 
165 -0.41626820533460246 
166 -0.41626820533493 
167 -0.4162682053349327 
168 -0.416268205334883 
169 -0.4162682053350696 
170 -0.41626820533533193 
171 -0.4162682053357547 
172 -0.4162682053355269 
173 -0.4162682053328955 
174 -0.4162682053230785 
175 -0.41626820529956 
176 -0.4162682052599788 
177 -0.4162682052332682 
178 -0.41626820534690945 
179 -0.41626820594593666 
180 -0.4162682076976807 
181 -0.4162682113386401 
182 -0.41626821607863246 
183 -0.41626821459693475 
184 -0.41626818186835424 
185 -0.4162680583009877 
186 -0.4162677450547228 
187 -0.41626718194681334 
188 -0.41626669699267294 
189 -0.41626800857442964 
190 -0.41627631319462327 
191 -0.41630326831760894 
192 -0.41636718758817987 
193 -0.4164681686989279 
194 -0.416512230156628 
195 -0.4160540511240831 
196 -0.41261185295236424 
197 -0.4044595226866453 
