2 3 0.005851435650289793 
3 4 0.006202096228177003 
4 5 0.006300268365890587 
5 6 0.006328644393924316 
6 7 0.006337054176182291 
7 8 0.00633959525021399 
8 9 0.006340423881755079 
9 10 0.006340634087733386 
10 11 0.0063407251217912665 
11 12 0.006340754868811618 
12 13 0.006340761027736572 
13 14 0.00634076109403824 
14 15 0.006340760392443892 
15 16 0.006340759992454411 
16 17 0.006340759516710975 
17 18 0.006340759786886774 
18 19 0.006340760003118093 
19 20 0.006340759295301304 
20 21 0.00634075906012346 
21 22 0.006340759129716741 
22 23 0.006340759299728955 
23 24 0.006340759429908918 
24 25 0.006340759500962745 
25 26 0.0063407595338125025 
26 27 0.00634075954757084 
27 28 0.006340759552974109 
28 29 0.006340759555007196 
29 30 0.006340759555746816 
30 31 0.006340759556008373 
31 32 0.006340759556101327 
32 33 0.006340759556139205 
33 34 0.006340759556149126 
34 35 0.006340759556151191 
35 36 0.006340759556152428 
36 37 0.006340759556141146 
37 38 0.006340759555947073 
38 39 0.006340759557218451 
39 40 0.006340759555732139 
40 41 0.006340759554306522 
41 42 0.006340759554562759 
42 43 0.006340759555234092 
43 44 0.006340759555714894 
44 45 0.006340759555965036 
45 46 0.006340759556082957 
46 47 0.006340759555401414 
47 48 0.006340759546807078 
48 49 0.0063407595606696935 
49 50 0.0063407595576185725 
50 51 0.006340759553001172 
51 52 0.006340759552903342 
52 53 0.006340759554213394 
53 54 0.006340759555209748 
54 55 0.00634075955570844 
55 56 0.006340759556534449 
56 57 0.006340759482089163 
57 58 0.006340759353091847 
58 59 0.006340759343343052 
59 60 0.006340759478248187 
60 61 0.006340759746581361 
61 62 0.006340759758908638 
62 63 0.006340759681261887 
63 64 0.006340759617320478 
64 65 0.006340759582577438 
65 66 0.006340759566753392 
66 67 0.006340759560218019 
67 68 0.006340759557667468 
68 69 0.0063407595567064575 
69 70 0.006340759556355623 
70 71 0.00634075955623572 
71 72 0.006340759556192245 
72 73 0.006340759556167363 
73 74 0.00634075955616999 
74 75 0.0063407595561675014 
75 76 0.006340759556166584 
76 77 0.00634075955616823 
77 78 0.006340759556165762 
78 79 0.0063407595561715295 
79 80 0.006340759556166603 
80 81 0.006340759556162447 
81 82 0.006340759556160775 
82 83 0.0063407595561582345 
83 84 0.006340759556165682 
84 85 0.0063407595561566525 
85 86 0.006340759556152752 
86 87 0.006340759556152849 
87 88 0.006340759556138783 
88 89 0.006340759556117728 
89 90 0.006340759556103753 
90 91 0.006340759556082783 
91 92 0.006340759560080561 
92 93 0.0063407595316283295 
93 94 0.0063407604311711595 
94 95 0.006340757764145743 
95 96 0.006340759367677262 
96 97 0.006340759432056148 
97 98 0.006340759333111477 
98 99 0.006340759420696576 
99 100 0.006340759503022181 
100 101 0.006340759537893927 
101 102 0.006340759539683 
102 103 0.006340759511259561 
103 104 0.006340759418450111 
104 105 0.006340759137767124 
105 106 0.006340758285462073 
106 107 0.00634075567967779 
107 108 0.006340747658901992 
108 109 0.006340722782767363 
109 110 0.006340644961461007 
110 111 0.00634039903575281 
111 112 0.006339612578144691 
112 113 0.006337061525542537 
113 114 0.0063286429627276795 
114 115 0.006300268287474159 
115 116 0.00620209619132663 
116 117 0.005851435639944949 
117 118 0.004558661081437491 
