2 0.23506156363075242 
3 -0.6163806803325472 
4 0.5483980943849992 
5 -0.2953827559671655 
6 -0.08852455191504684 
7 0.4113496930037963 
8 -0.5401584034247432 
9 0.42329088599038217 
10 -0.12485260200275966 
11 -0.21969204185314978 
12 0.4571339996245159 
13 -0.4837388615436571 
14 0.2943313897769727 
15 0.02180735555905456 
16 -0.3226093422329619 
17 0.473430969362535 
18 -0.4094617829731826 
19 0.16340780059467344 
20 0.15301933991453237 
21 -0.397401443231857 
22 0.4604054604965869 
23 -0.31606270700850286 
24 0.03066934245654409 
25 0.26722442072702374 
26 -0.44319207555052803 
27 0.4187069767690558 
28 -0.20562885369037717 
29 -0.10034256003105377 
30 0.3611929409766087 
31 -0.4590733258305159 
32 0.3498440165878641 
33 -0.08176365818709047 
34 -0.2250376663906014 
35 0.43182096376168727 
36 -0.44465597777092214 
37 0.25596536098932865 
38 0.05135075286193187 
39 -0.3391601467836843 
40 0.476881010821131 
41 -0.40009581191725674 
42 0.13940293239175225 
43 0.19020106132026735 
44 -0.4401053961927042 
45 0.4955158560427937 
46 -0.32580994917567047 
47 0.0012012791610946788 
48 0.33458459034379434 
49 -0.529387923156682 
50 0.489498627447429 
51 -0.2212009472297203 
52 -0.16432873019506064 
53 0.4966707159990498 
54 -0.6232635050118236 
55 0.46993834119847333 
56 -0.07922198023209717 
57 -0.41215713874074456 
