2 -0.965726278560818 
3 0.9649922081461468 
4 -0.9646632332828161 
5 0.9646540412162541 
6 -0.9646636736436817 
7 0.9646671777549805 
8 -0.9646677578755721 
9 0.9646677100545445 
10 -0.9646676623287117 
11 0.9646676513283535 
12 -0.9646676511181025 
13 0.9646676518840647 
14 -0.9646676519594626 
15 0.9646676521330155 
16 -0.9646676519860016 
17 0.9646676520033609 
18 -0.9646676519908721 
19 0.9646676520491438 
20 -0.964667651881938 
21 0.964667654456471 
22 -0.9646676494613559 
23 0.9646676500998491 
24 -0.9646676506178221 
25 0.964667651392391 
26 -0.96466765166856 
27 0.9646676517819562 
28 -0.9646676520713563 
29 0.9646676521079186 
30 -0.9646676520041215 
31 0.9646676519781355 
32 -0.9646676519662344 
33 0.9646676519442319 
34 -0.9646676518303797 
35 0.964667652330033 
36 -0.9646676530969299 
37 0.9646676524476021 
38 -0.9646676520088782 
39 0.9646676522709143 
40 -0.9646676519448442 
41 0.9646676519245087 
42 -0.9646676519579263 
43 0.9646676519879341 
44 -0.9646676519915225 
45 0.9646676522201036 
46 -0.9646676520617076 
47 0.9646676517210199 
48 -0.9646676519175278 
49 0.964667651989139 
50 -0.9646676522500944 
51 0.9646676532156305 
52 -0.9646676519194164 
53 0.9646676520525133 
54 -0.964667652672318 
55 0.9646676468740768 
56 -0.9646676505498475 
57 0.9646676507668719 
58 -0.9646676517086914 
59 0.9646676519268562 
60 -0.964667651190217 
61 0.9646676510862489 
62 -0.9646676502951288 
63 0.9646676514582866 
64 -0.9646676555511465 
65 0.9646676487945961 
66 -0.9646676503254356 
67 0.9646676526026421 
68 -0.9646676522493197 
69 0.964667652198573 
70 -0.9646676520169016 
71 0.9646676522262227 
72 -0.9646676519850235 
73 0.9646676519698827 
74 -0.9646676519758466 
75 0.9646676519858515 
76 -0.9646676520171262 
77 0.9646676520024595 
78 -0.9646676519184009 
79 0.964667651915565 
80 -0.9646676519545394 
81 0.9646676519705056 
82 -0.9646676519802405 
83 0.9646676519870006 
84 -0.9646676518072569 
85 0.9646676520653936 
86 -0.9646676516671623 
87 0.9646676520359786 
88 -0.9646676520084194 
89 0.9646676519149804 
90 -0.9646676519082533 
91 0.9646676520058126 
92 -0.9646676520757458 
93 0.964667651994713 
94 -0.9646676519670542 
95 0.9646676519448026 
96 -0.9646676519560625 
97 0.9646676519660883 
98 -0.9646676519721537 
99 0.9646676519784319 
100 -0.9646676520245013 
101 0.9646676520071024 
102 -0.9646676520768841 
103 0.9646676521891118 
104 -0.9646676537250857 
105 0.9646676443553241 
106 -0.9646676388554988 
107 0.9646676470209529 
108 -0.9646676509876314 
109 0.9646676520496936 
110 -0.9646676521012096 
111 0.9646676517428956 
112 -0.9646676508255122 
113 0.9646676517222498 
114 -0.9646676489869981 
115 0.9646676508991132 
116 -0.9646676518505372 
117 0.9646676519145789 
118 -0.9646676519348251 
119 0.9646676519782756 
120 -0.9646676520571058 
121 0.9646676520158118 
122 -0.9646676519650653 
123 0.9646676519730368 
124 -0.964667651970377 
125 0.9646676519258387 
126 -0.964667651976035 
127 0.9646676519915104 
128 -0.9646676519887607 
129 0.9646676519703673 
130 -0.964667651955354 
131 0.964667652009644 
132 -0.9646676524589074 
133 0.9646676539336817 
134 -0.9646676477340929 
135 0.964667492652515 
136 -0.9646676301870201 
137 0.9646676272172138 
138 -0.9646676461978031 
139 0.9646676508361071 
140 -0.9646676517498911 
141 0.9646676519369171 
142 -0.9646676520078536 
143 0.9646676520878138 
144 -0.9646676514875371 
145 0.9646676516802556 
146 -0.9646676520158548 
147 0.9646676519957212 
148 -0.9646676519910478 
149 0.964667652136829 
150 -0.9646676519540675 
151 0.9646676519473291 
152 -0.9646676520174913 
153 0.9646676522837887 
154 -0.964667651432106 
155 0.9646676519823539 
156 -0.9646676514340201 
157 0.9646676517812721 
158 -0.9646676520298781 
159 0.9646676520348425 
160 -0.9646676519919369 
161 0.9646676519776896 
162 -0.9646676519746903 
163 0.9646676519741392 
164 -0.9646676519738048 
165 0.9646676519765377 
166 -0.9646676519957031 
167 0.9646676519982001 
168 -0.9646676519796746 
169 0.9646676519012947 
170 -0.9646676519070919 
171 0.964667652038322 
172 -0.9646676520842086 
173 0.9646676520066936 
174 -0.9646676519888869 
175 0.9646676519934999 
176 -0.9646676520019956 
177 0.9646676521541058 
178 -0.9646676529263489 
179 0.9646676522898725 
180 -0.9646676519086735 
181 0.9646676519454637 
182 -0.9646676519680352 
183 0.9646676519806422 
184 -0.9646676519879652 
185 0.9646676518032504 
186 -0.9646676517465198 
187 0.9646676511571386 
188 -0.9646676510495542 
189 0.964667660997368 
190 -0.9646677069578551 
191 0.9646677774348167 
192 -0.9646676522878127 
193 0.9646637376134969 
194 -0.9646540547975269 
195 0.9646632351284593 
196 -0.9649922084588098 
197 0.9657262786285679 
