-169.00579787218953 
-169.0057978721895 
-169.0057978721896 
-169.00579787218965 
-169.0057978721897 
-169.00579787218962 
-169.00579787218948 
-169.00579787218942 
-169.00579787218942 
-169.0057978721894 
-169.0057978721895 
-169.0057978721895 
-169.00579787218948 
-169.0057978721895 
-169.0057978721896 
-169.00579787218942 
-169.00579787218962 
-169.00579787218953 
-169.00579787218956 
-169.0057978721897 
-169.0057978721898 
-169.00579787218973 
-169.0057978721898 
-169.00579787218996 
-169.00579787219007 
-169.0057978721901 
-169.00579787219004 
-169.0057978721902 
-169.00579787219024 
-169.00579787219016 
-169.0057978721901 
-169.0057978721902 
-169.00579787219033 
-169.00579787219027 
-169.0057978721903 
-169.00579787219013 
-169.0057978721901 
-169.00579787219021 
-169.00579787219033 
-169.00579787219007 
-169.0057978721901 
-169.00579787219004 
-169.00579787219002 
-169.00579787218985 
-169.00579787219002 
-169.00579787219013 
-169.00579787218987 
-169.00579787218985 
-169.00579787219007 
-169.00579787219104 
-169.00579787219013 
-169.0057978721901 
-169.00579787219036 
-169.0057978721903 
-169.0057978721906 
-169.00579787219013 
-169.00579787219033 
-169.00579787219036 
-169.00579787219056 
-169.00579787219215 
-169.0057978721906 
-169.00579787219098 
-169.0057978721916 
-169.0057978721917 
-169.00579787219058 
-169.00579787219078 
-169.00579787219053 
-169.00579787219147 
-169.0057978721904 
-169.00579787219047 
-169.00579787219024 
-169.00579787219013 
-169.00579787219027 
-169.00579787219024 
-169.00579787219016 
-169.0057978721903 
-169.00579787219024 
-169.00579787219044 
-169.00579787219036 
-169.00579787219033 
-169.00579787219027 
-169.00579787219027 
-169.00579787219039 
-169.00579787219036 
-169.00579787219044 
-169.0057978721903 
-169.00579787219016 
-169.00579787219027 
-169.00579787219024 
-169.00579787219033 
-169.00579787219027 
-169.00579787219024 
-169.0057978721902 
-169.00579787219016 
-169.00579787219002 
-169.00579787218987 
-169.0057978721899 
-169.0057978721897 
-169.00579787218976 
-169.0057978721898 
-169.00579787218973 
-169.0057978721896 
-169.00579787218973 
-169.0057978721896 
-169.00579787218953 
-169.00579787218962 
-169.00579787218956 
-169.00579787218962 
-169.00579787218948 
-169.00579787218948 
-169.0057978721895 
-169.00579787218985 
-169.00579787218976 
-169.0057978721898 
-169.00579787218973 
-169.00579787218965 
-169.00579787218962 
-169.0057978721896 
-169.0057978721898 
-169.0057978721898 
-169.00579787218993 
-169.00579787218993 
-169.0057978721899 
-169.00579787218982 
-169.00579787218982 
-169.0057978721898 
-169.00579787218982 
-169.00579787218973 
-169.0057978721897 
-169.0057978721896 
-169.00579787218956 
-169.0057978721895 
-169.0057978721896 
-169.00579787218945 
-169.00579787218936 
-169.00579787218928 
-169.00579787218928 
-169.0057978721892 
-169.00579787218905 
-169.0057978721891 
-169.005797872189 
-169.0057978721891 
-169.00579787218908 
-169.0057978721891 
-169.0057978721889 
-169.005797872189 
-169.00579787218896 
-169.0057978721892 
-169.00579787218908 
-169.00579787218902 
-169.00579787218913 
-169.00579787218905 
-169.0057978721891 
-169.00579787218913 
-169.00579787218922 
-169.00579787218933 
-169.0057978721892 
-169.0057978721893 
-169.0057978721893 
-169.00579787218916 
-169.00579787218928 
-169.00579787218922 
-169.00579787218916 
-169.00579787218936 
-169.0057978721895 
-169.00579787218996 
-169.00579787218945 
-169.00579787219033 
-169.00579787218922 
-169.00579787218933 
-169.00579787218945 
-169.00579787219186 
-169.00579787219 
-169.00579787218993 
-169.0057978721895 
-169.00579787218967 
-169.00579787219 
-169.00579787218985 
-169.00579787218948 
-169.00579787218956 
-169.0057978721895 
-169.00579787218933 
-169.00579787218936 
-169.00579787218933 
-169.00579787218905 
-169.00579787218945 
-169.00579787218948 
-169.0057978721891 
-169.00579787218916 
-169.00579787218896 
-169.00579787218894 
-169.00579787218896 
-169.00579787218896 
-169.00579787218894 
-169.00579787218894 
-169.0057978721889 
-169.0057978721889 
-169.00579787218905 
-169.00579787218908 
-169.00579787218925 
-169.00579787218933 
-169.00579787218936 
-169.00579787218933 
-169.00579787218945 
-169.00579787218953 
-169.00579787218948 
-169.00579787218962 
-169.0057978721897 
-169.0057978721898 
-169.0057978721897 
-169.00579787218962 
-169.00579787218962 
-169.00579787218948 
-169.00579787218962 
-169.00579787218956 
-169.00579787218965 
-169.00579787218987 
-169.00579787218976 
-169.00579787218982 
-169.00579787218982 
-169.0057978721899 
-169.00579787218973 
-169.00579787218982 
-169.00579787218987 
-169.00579787218982 
-169.00579787218982 
-169.00579787218973 
-169.00579787218973 
-169.00579787218973 
-169.00579787218985 
-169.00579787218973 
-169.0057978721898 
-169.0057978721899 
-169.00579787219002 
-169.00579787218987 
-169.00579787218973 
-169.00579787218973 
-169.00579787218987 
-169.00579787218985 
-169.0057978721899 
-169.00579787218985 
-169.00579787218985 
-169.00579787218996 
-169.0057978721899 
-169.00579787218976 
-169.00579787218982 
-169.00579787218973 
-169.00579787218973 
-169.0057978721898 
-169.0057978721898 
-169.00579787218973 
-169.0057978721898 
-169.00579787218973 
-169.0057978721898 
-169.00579787218976 
-169.00579787218993 
-169.00579787218993 
-169.00579787219 
-169.00579787218996 
-169.0057978721901 
-169.00579787219013 
-169.0057978721902 
-169.0057978721903 
-169.00579787219016 
-169.00579787219004 
-169.00579787219002 
-169.00579787219004 
-169.00579787219 
-169.00579787218996 
-169.00579787218993 
-169.00579787218996 
-169.00579787218993 
-169.00579787219004 
-169.00579787219013 
-169.00579787219036 
-169.00579787219047 
-169.0057978721905 
-169.00579787219058 
-169.0057978721907 
-169.00579787219058 
-169.0057978721905 
-169.00579787219064 
-169.00579787219098 
-169.00579787219075 
-169.00579787219075 
-169.00579787219192 
-169.00579787219058 
-169.00579787219073 
-169.00579787219047 
-169.00579787219056 
-169.00579787219112 
-169.00579787219118 
-169.0057978721907 
-169.00579787219237 
-169.0057978721911 
-169.0057978721907 
-169.00579787219056 
-169.0057978721907 
-169.00579787219053 
-169.0057978721905 
-169.00579787219036 
-169.0057978721904 
-169.00579787219064 
-169.0057978721904 
-169.00579787219039 
-169.00579787219047 
-169.00579787219027 
-169.00579787219021 
-169.0057978721901 
-169.00579787219 
-169.00579787218996 
-169.00579787219004 
-169.00579787219 
-169.00579787219 
-169.00579787219013 
-169.00579787218993 
-169.00579787218993 
-169.00579787219016 
-169.00579787219024 
-169.00579787219004 
-169.00579787219002 
-169.00579787219002 
-169.00579787218993 
-169.00579787218996 
-169.00579787219 
-169.00579787219 
-169.00579787218973 
-169.00579787218976 
-169.00579787218976 
-169.00579787218976 
-169.0057978721897 
-169.00579787218982 
-169.00579787218976 
-169.00579787218973 
-169.0057978721898 
-169.0057978721898 
-169.00579787218985 
-169.0057978721898 
-169.00579787218996 
-169.00579787218982 
-169.00579787218976 
-169.0057978721899 
-169.00579787218982 
-169.00579787218987 
-169.00579787218982 
-169.00579787218985 
-169.00579787218976 
-169.00579787219 
-169.00579787218987 
-169.0057978721898 
-169.00579787218967 
-169.00579787218956 
-169.0057978721897 
-169.0057978721898 
-169.0057978721897 
-169.00579787218976 
-169.00579787218976 
-169.00579787218973 
-169.00579787218962 
-169.00579787218965 
-169.0057978721896 
-169.00579787218976 
-169.0057978721896 
-169.0057978721897 
-169.0057978721896 
-169.00579787218962 
-169.00579787218956 
-169.00579787218965 
-169.0057978721895 
-169.0057978721895 
-169.0057978721895 
-169.00579787218965 
-169.0057978721897 
-169.0057978721897 
-169.0057978721896 
-169.0057978721896 
-169.00579787218948 
-169.00579787218945 
-169.00579787218942 
-169.00579787218933 
-169.00579787218933 
-169.00579787218925 
-169.00579787218916 
-169.00579787218922 
-169.00579787218905 
-169.00579787218902 
-169.00579787218908 
-169.00579787218905 
-169.0057978721891 
-169.00579787218908 
-169.00579787218905 
-169.00579787218928 
-169.00579787218925 
-169.00579787218925 
-169.00579787218945 
-169.00579787218948 
-169.0057978721903 
-169.0057978721895 
-169.00579787218962 
-169.00579787219004 
-169.00579787219 
-169.00579787219 
-169.00579787218967 
-169.0057978721902 
-169.0057978721913 
-169.00579787218962 
-169.0057978721895 
