2 0.0025303276471911385 
3 -1.9609820674513874e-07 
4 -2.2786196951720146e-05 
5 1.0245280076620687e-07 
6 2.625197152794399e-07 
7 1.5341949015152397e-09 
8 1.4710248423782251e-09 
9 1.5090132361463703e-10 
10 2.4046672590939376e-11 
11 -1.9711011320588134e-12 
12 -3.334001338783968e-13 
13 3.369525110873021e-14 
14 1.434408142330553e-13 
15 -4.746758542679746e-13 
16 1.6797674352583728e-13 
17 2.075894295040839e-15 
18 -1.4180400360564818e-15 
19 3.9711635540375666e-15 
20 1.9379334698529394e-15 
21 -4.8659874287776305e-15 
22 8.167694440520121e-15 
23 -7.709546369321794e-16 
24 -1.879543565836219e-15 
25 -7.232284420349813e-15 
26 -1.0849731286689378e-15 
27 4.266421588589118e-17 
28 -9.279638828005573e-16 
29 -9.18439674975183e-16 
30 -7.084799382306827e-15 
31 2.094942715721317e-15 
32 1.3030359141777778e-14 
33 2.722979699194819e-15 
34 -5.522597035727327e-15 
35 -5.677972185874595e-15 
36 -1.0180631451989642e-14 
37 -2.6471754752484322e-15 
38 -1.1434502998249173e-16 
39 -1.5655250740994631e-15 
40 6.247142559535442e-16 
41 -3.793861235454055e-15 
42 -1.0849731286689343e-15 
43 -2.237114317075798e-17 
44 1.7809242239845626e-15 
45 -3.3037850821981582e-15 
46 3.925176610631707e-15 
47 7.547849740668459e-16 
48 -4.238741637016196e-14 
49 3.1670689090448873e-15 
50 3.1069576421678475e-16 
51 1.7618758083337685e-15 
52 2.0684361628806853e-14 
53 -5.1895301283397804e-15 
54 1.4478573165970131e-15 
55 -1.261030790188104e-15 
56 5.154312049823655e-15 
57 -1.8890677736616156e-15 
58 3.6111581188949515e-15 
59 -7.423820134559922e-16 
60 8.00771917472714e-16 
61 1.3637735418895657e-15 
62 5.062338163011932e-15 
63 1.2908480707286385e-15 
64 -4.532920521390082e-15 
65 7.0686297194414895e-15 
66 -2.5361531727859173e-15 
67 -2.193562057572992e-15 
68 -2.7135427585085865e-16 
69 2.945024304119858e-15 
70 -1.1434502998248177e-16 
71 -4.93096709258277e-17 
72 -6.261656321663355e-15 
73 -2.5361531727859177e-15 
74 -2.656699683073828e-15 
75 -5.633619338189843e-15 
76 -1.5750492819248596e-15 
77 9.434926711013661e-15 
78 -2.8137089289422057e-15 
79 -9.279638828005567e-16 
80 -7.509840176506102e-15 
81 4.396204348236838e-15 
82 2.8530504173081333e-15 
83 1.5588796190595304e-15 
84 -9.64426618381023e-16 
85 -3.127727420678965e-15 
86 4.442191291642699e-15 
87 -9.43204795822822e-15 
88 -5.170481712688991e-15 
89 -1.4275642438818783e-15 
90 1.2908480707286385e-15 
91 -3.793861235454057e-15 
92 2.788015058251481e-15 
93 3.925176610631707e-15 
94 -1.793803890391351e-16 
95 -7.666849422374482e-15 
96 -3.636851989585678e-15 
97 2.8340020016573423e-15 
98 1.0688034658036072e-15 
99 -3.1563000441551485e-15 
100 3.1210819656390277e-15 
101 -5.6700820737703185e-15 
102 -2.8137089334511575e-15 
103 -7.382983120643002e-15 
104 4.207745255945694e-14 
105 -3.7969628934697695e-14 
106 1.3822255640722818e-14 
107 -1.5965045536601907e-13 
108 -8.21321820013745e-14 
109 1.926165579014556e-11 
110 1.0395563965518175e-10 
111 -2.877018744582701e-09 
112 -4.361260246707232e-09 
113 2.617446031230171e-07 
114 1.0248399226428162e-07 
115 -2.278619496810654e-05 
116 -1.9609873811545228e-07 
117 0.0025303276475394697 
