2 3 0.0004269192999409705 
3 4 2.1622577945847874e-05 
4 5 9.420677303227983e-06 
5 6 8.553265274125743e-07 
6 7 2.388210776482286e-07 
7 8 3.493268210618157e-08 
8 9 7.691236851013875e-09 
9 10 1.4686859672097697e-09 
10 11 3.0407728944323277e-10 
11 12 6.517074716318819e-11 
12 13 1.3724038706408263e-11 
13 14 3.0751321134083203e-12 
14 15 6.708881594830374e-13 
15 16 1.5332741445143439e-13 
16 17 3.435391652875223e-14 
17 18 7.962092324229241e-15 
18 19 1.7804061945361403e-15 
19 20 4.152058987950857e-16 
20 21 9.651292791136371e-17 
21 22 -4.216339632224768e-16 
22 23 5.1552337614957e-18 
23 24 -4.429272154838405e-16 
24 25 4.443430550876167e-16 
25 26 2.220930391833297e-16 
26 27 7.363783966969413e-21 
27 28 1.0438910250488253e-21 
28 29 -4.4408906972515515e-16 
29 30 0.0 
30 31 4.440892098500625e-16 
31 32 -4.440892098500627e-16 
32 33 0.0 
33 34 4.440892098500625e-16 
34 35 -4.440892098500627e-16 
35 36 -4.440892098500627e-16 
36 37 -4.440892098500627e-16 
37 38 4.440892098500625e-16 
38 39 -4.440892098500627e-16 
39 40 0.0 
40 41 0.0 
41 42 0.0 
42 43 0.0 
43 44 -4.440892098500627e-16 
44 45 -4.440892098500627e-16 
45 46 -4.440892098500627e-16 
46 47 0.0 
47 48 0.0 
48 49 -4.440892098500627e-16 
49 50 0.0 
50 51 -4.440892098500627e-16 
51 52 0.0 
52 53 4.440892098500625e-16 
53 54 0.0 
54 55 -4.440892098500627e-16 
55 56 -4.440892098500627e-16 
56 57 0.0 
57 58 0.0 
58 59 4.440892098500625e-16 
59 60 0.0 
60 61 0.0 
61 62 0.0 
62 63 -4.440892098500627e-16 
63 64 0.0 
64 65 0.0 
65 66 0.0 
66 67 0.0 
67 68 0.0 
68 69 -4.440892098500627e-16 
69 70 0.0 
70 71 0.0 
71 72 0.0 
72 73 0.0 
73 74 0.0 
74 75 6.661338147750936e-16 
75 76 0.0 
76 77 0.0 
77 78 4.440892098500625e-16 
78 79 -4.440892098500627e-16 
79 80 4.440892098500625e-16 
80 81 -4.440892098500627e-16 
81 82 -4.440892098500627e-16 
82 83 4.440892098500625e-16 
83 84 0.0 
84 85 4.440892098500625e-16 
85 86 0.0 
86 87 4.440892098500625e-16 
87 88 0.0 
88 89 0.0 
89 90 1.5377840798279238e-22 
90 91 -4.4408815933260875e-16 
91 92 4.924316841733682e-21 
92 93 -4.440653394902089e-16 
93 94 2.22186414503382e-16 
94 95 5.242021285211988e-19 
95 96 2.4232933125167497e-18 
96 97 6.318393834250263e-18 
97 98 2.389870021727503e-17 
98 99 9.805678340733338e-17 
99 100 -2.749689076905334e-17 
100 101 1.3377225254892528e-15 
101 102 7.7414717076117e-15 
102 103 3.435572890355507e-14 
103 104 1.528861542067043e-13 
104 105 6.706732517081807e-13 
105 106 3.0751478703385495e-12 
106 107 1.3724080970058263e-11 
107 108 6.517098289776573e-11 
108 109 3.040780223035603e-10 
109 110 1.4686851664881433e-09 
110 111 7.691234509021197e-09 
111 112 3.4932655233660264e-08 
112 113 2.388209401153359e-07 
113 114 8.553263643347372e-07 
114 115 9.420686940787e-06 
115 116 2.1622601216341344e-05 
116 117 0.0004269193907098721 
117 118 0.0004225769817357721 
