2 3 0.2779848204105904 
3 4 0.4050690188800007 
4 5 0.43983276457025333 
5 6 0.41654344209393745 
6 7 0.4019942466325548 
7 8 0.42884479187144403 
8 9 0.48438153390190497 
9 10 0.5297430896170976 
10 11 0.5373014225876566 
11 12 0.5208650670754255 
12 13 0.5140041749853475 
13 14 0.5342303843251048 
14 15 0.5708182778953342 
15 16 0.5960097060307874 
16 17 0.5953702368729303 
17 18 0.5822274884125217 
18 19 0.5797612382474682 
19 20 0.5976981464361447 
20 21 0.6241638365454409 
21 22 0.638924339205676 
22 23 0.6350469890521456 
23 24 0.6246240127926685 
24 25 0.6247791634153846 
25 26 0.6403372456316193 
26 27 0.6601911378718388 
27 28 0.6693389433138353 
28 29 0.6640569822211477 
29 30 0.6553263341849382 
30 31 0.6566243502015158 
31 32 0.6703260123997848 
32 33 0.6862156116714436 
33 34 0.6917703312091241 
34 35 0.6852904949195128 
35 36 0.677504347093129 
36 37 0.6796547993322324 
37 38 0.6923921482200082 
38 39 0.7053731038670755 
39 40 0.7078853758439558 
40 41 0.7003663175616985 
41 42 0.693442902539706 
42 43 0.6965204285052351 
43 44 0.7084291670531173 
44 45 0.7187407272046002 
45 46 0.7187337689154898 
46 47 0.7104875508041731 
47 48 0.7043614617461128 
48 49 0.7081156299736406 
49 50 0.7191036389241346 
50 51 0.7271653115168675 
51 52 0.725085070976428 
52 53 0.7161451053478647 
53 54 0.7106171938009004 
54 55 0.7149089351889164 
55 56 0.7251880991915719 
56 57 0.7313017833563739 
57 58 0.7271949309069261 
58 59 0.7175306997105969 
59 60 0.7126054461381642 
60 61 0.7175306997283835 
61 62 0.727194930734599 
62 63 0.7313017830908884 
63 64 0.7251880987783267 
64 65 0.7149089347611308 
65 66 0.710617193475145 
66 67 0.7161451050911248 
67 68 0.7250850707287605 
68 69 0.7271653111401751 
69 70 0.7191036385553087 
70 71 0.7081156296238929 
71 72 0.7043614614402323 
72 73 0.7104875505425019 
73 74 0.7187337686299312 
74 75 0.718740726781065 
75 76 0.7084291664528503 
76 77 0.6965204277797145 
77 78 0.6934429018648753 
78 79 0.7003663170403105 
79 80 0.7078853753766763 
80 81 0.705373103201566 
81 82 0.6923921473215596 
82 83 0.6796547985196988 
83 84 0.6775043465785164 
84 85 0.6852904944581065 
85 86 0.6917703305942473 
86 87 0.6862156107456772 
87 88 0.6703260112349495 
88 89 0.656624349100825 
89 90 0.6553263330849115 
90 91 0.6640569810606493 
91 92 0.6693389419805794 
92 93 0.6601911360522802 
93 94 0.6403372434937518 
94 95 0.6247791612373437 
95 96 0.6246240107956744 
96 97 0.6350469873008503 
97 98 0.6389243370421587 
98 99 0.6241638336833272 
99 100 0.5976981435919947 
100 101 0.5797612361339393 
101 102 0.5822274871172919 
102 103 0.5953702356521903 
103 104 0.5960097040040193 
104 105 0.5708182747307619 
105 106 0.5342303803144736 
106 107 0.5140041712573471 
107 108 0.5208650645252807 
108 109 0.5373014206171953 
109 110 0.5297430862476391 
110 111 0.48438152661875594 
111 112 0.42884478383209124 
112 113 0.4019942441405718 
113 114 0.4165434437137925 
114 115 0.43983276552080697 
115 116 0.40506901676370444 
116 117 0.2779848183761936 
117 118 0.11810666523616245 
