2 0.00034112879307258867 
3 -0.00018752079602979725 
4 2.280073720263703e-05 
5 3.3968192143173276e-07 
6 -4.0185507804966785e-07 
7 2.2330664824564345e-08 
8 4.487730904241562e-09 
9 -5.456853258538261e-10 
10 -5.4296765124857184e-11 
11 2.354713787892222e-11 
12 -1.29627591963375e-11 
13 1.3046240085279292e-11 
14 -1.3210024989116321e-11 
15 1.3348169257693695e-11 
16 -1.3466982801985353e-11 
17 -2.8257889966079828e-12 
18 -1.1479896187909326e-11 
19 1.3345315453584834e-11 
20 -1.292299201837482e-11 
21 1.3189483032532334e-11 
22 -1.3292854392067774e-11 
23 1.3276516252795278e-11 
24 -1.2627495671610282e-11 
25 1.2044225516933233e-11 
26 6.093265537718211e-11 
27 3.817103309514376e-11 
28 -1.3346690829210861e-11 
29 1.3337483679679881e-11 
30 -1.3281458564137405e-11 
31 1.3238466754093132e-11 
32 -1.3194908585300328e-11 
33 1.3235898105985182e-11 
34 -1.324274826180582e-11 
35 1.3217382623567626e-11 
36 -1.3225528054662206e-11 
37 1.365013305630486e-11 
38 -1.589807551958428e-11 
39 5.323309731973498e-12 
40 7.733491467507821e-11 
41 9.252531774004455e-10 
42 -1.9336515536828035e-10 
43 1.4465329774215893e-11 
44 -1.4975254359705118e-11 
45 1.335232426021614e-11 
46 -1.3237763163649524e-11 
47 1.3237734038926386e-11 
48 -1.3241491592782192e-11 
49 1.3232452455217608e-11 
50 -1.3238451743743366e-11 
51 1.3175126024493885e-11 
52 -1.324322409521157e-11 
53 1.3220207332766337e-11 
54 -1.3522389302069976e-11 
55 1.3226395637178218e-11 
56 -1.3218649487147536e-11 
57 1.3281351597050243e-11 
58 -1.3343845663082594e-11 
59 1.3593438109825797e-11 
60 -1.2713294774905622e-11 
61 1.3064640099042131e-11 
62 -1.465900901331378e-11 
63 1.308676464534818e-11 
64 -1.3253438999333225e-11 
65 1.3225518141932968e-11 
66 -1.3224750631575495e-11 
67 1.3215198129932727e-11 
68 -1.3285380070326095e-11 
69 1.3223482247244292e-11 
70 -1.3217691984012534e-11 
71 1.3235737178958046e-11 
72 -1.3293718615335767e-11 
73 1.3203266010579278e-11 
74 -1.323866620212166e-11 
75 1.323739659619873e-11 
76 -1.322703222400641e-11 
77 1.3408724332456052e-11 
78 -1.3258962179876137e-11 
79 1.3225979775034495e-11 
80 -1.32431930071029e-11 
81 1.3165183983502563e-11 
82 -1.3243114029527527e-11 
83 1.3208070420812111e-11 
84 -1.3185415224385838e-11 
85 1.2887996499831304e-11 
86 -1.3260562576409078e-11 
87 1.3175140535295554e-11 
88 -1.271289599705646e-11 
89 1.3054643265439108e-11 
90 -1.4219794511193904e-11 
91 -1.3475793586236106e-11 
92 -1.1495625800458554e-09 
93 -8.817103038957873e-11 
94 -1.4134586635962188e-11 
95 1.3337695449061792e-11 
96 -1.3217944730997015e-11 
97 1.3248689557007948e-11 
98 -1.3228232366088897e-11 
99 1.3253534095881943e-11 
100 -1.3051834784701285e-11 
101 1.3278303101457878e-11 
102 -1.3236598521453753e-11 
103 1.3225774573983891e-11 
104 -1.3226975039248928e-11 
105 1.3249145208359459e-11 
106 -1.314231160773063e-11 
107 1.4855525828218413e-11 
108 -1.2579755005200871e-11 
109 1.327628955451311e-11 
110 -1.3238558918161052e-11 
111 1.3227233753847395e-11 
112 -1.3214782392985626e-11 
113 1.2426612991202788e-11 
114 -1.3455458985821123e-11 
115 1.3246613716945224e-11 
116 -1.331737195166049e-11 
117 1.1592175964295209e-11 
118 -1.2726897739658011e-11 
119 1.3405790288930903e-11 
120 -1.2674659905514374e-11 
121 1.3036353367288275e-11 
122 -1.3249395362599996e-11 
123 1.3280511121514986e-11 
124 -1.3137396511181844e-11 
125 1.2577685045336407e-11 
126 -1.3283078198615655e-11 
127 1.3293137190668128e-11 
128 1.1013158905713368e-10 
129 4.57036768548792e-12 
130 -1.1384441880097332e-11 
131 1.4931037214397884e-11 
132 -1.4087077951958167e-11 
133 1.3394136783511659e-11 
134 -1.1758667944674839e-11 
135 7.93674708654669e-12 
136 -1.6700594603452124e-11 
137 1.0331803762053103e-10 
138 -3.5734120850575782e-12 
139 -8.261984899790545e-10 
140 -1.4858836731231453e-08 
141 9.591506901068998e-10 
142 -1.2960624698793992e-11 
143 1.3601776225157772e-11 
144 -1.3084814360834263e-11 
145 1.3222904778672796e-11 
146 -1.3065784586213933e-11 
147 1.3212048042286625e-11 
148 -1.3245265881220401e-11 
149 1.324295131298348e-11 
150 -1.3238037168258473e-11 
151 1.3241232719620708e-11 
152 -1.323790947335225e-11 
153 1.3178883483292488e-11 
154 -1.2550993293937837e-11 
155 1.3363300923818017e-11 
156 -1.3242093788249031e-11 
157 1.3233736564534002e-11 
158 -1.3239140162285166e-11 
159 1.3239539595397546e-11 
160 -1.3246943459181292e-11 
161 1.3215839291634089e-11 
162 -1.3231261401461672e-11 
163 1.3246532079986985e-11 
164 -1.3226401671323713e-11 
165 1.3240667259717117e-11 
166 -1.3319071834402567e-11 
167 1.3215153666423171e-11 
168 -1.331019214555293e-11 
169 1.3250835540792795e-11 
170 -1.3224728662483918e-11 
171 1.3237154266920032e-11 
172 -1.32249452287037e-11 
173 1.3409228005557205e-11 
174 -1.3305803039423812e-11 
175 1.3076538719353019e-11 
176 -1.4228931430597753e-11 
177 1.6702410694371556e-11 
178 -4.158395083923625e-11 
179 -4.5421838075888277e-10 
180 3.8488892416492484e-11 
181 1.3514109667672768e-11 
182 -1.329627280401839e-11 
183 1.3878511324253402e-11 
184 -1.3277057484625251e-11 
185 1.3241162876857679e-11 
186 -1.3459808967553878e-11 
187 1.3936065433504359e-11 
188 -2.6929369550388065e-12 
189 -2.3640244570550478e-11 
190 -5.73202027801006e-10 
191 4.509741493107982e-09 
192 2.231540104852503e-08 
193 -4.0187170203795773e-07 
194 3.396575521067526e-07 
195 2.2800635342252525e-05 
196 -0.00018752071867131543 
197 0.00034112879029558755 
