0.0 
-173.77422163893738 
-173.77422947375203 
-173.77422947450262 
-173.77423719158108 
-173.77423719233525 
-173.77424485998262 
-173.77424486073818 
-173.77425256144898 
-173.77425256220297 
-173.7742602292418 
-173.77426022999603 
-173.7742679238453 
-173.77426792459877 
-173.77427561707094 
-173.77427561782451 
-173.7742833044693 
-173.77428330522255 
-173.77429099461082 
-173.7742909953639 
-173.77429868453657 
-173.77429868528986 
-173.77430637091413 
-173.774306371667 
-173.77431405388504 
-173.77431405463736 
-173.77432173587326 
-173.77432173662615 
-173.77432941485264 
-173.77432941560448 
-173.7743370884209 
-173.77433708917252 
-173.77434476105074 
-173.7743447618022 
-173.7743524281084 
-173.77435242886017 
-173.774360089519 
-173.77436009026954 
-173.7743737421765 
-173.7743737429134 
-173.7743858692609 
-173.77438586999233 
-173.77439949341885 
-173.77439949415407 
-173.774413913515 
-173.77441391424833 
-173.77442740243336 
-173.77442740316604 
-173.77444087198523 
-173.77444087271633 
-173.7744543691285 
-173.7744543698583 
-173.774467747794 
-173.77446774851828 
-173.77447592240358 
-173.77447592315008 
-173.7744891068088 
-173.77448910751892 
-173.77450289520237 
-173.77450289585923 
-173.77450289586002 
-173.77450289586318 
-173.7745028973508 
-173.77450291340998 
-173.77450291829484 
-173.77450291857096 
-173.77450291902477 
-173.77450291946772 
-173.7745029195485 
-173.77450296404288 
-173.7745030001101 
-173.77450300223 
-173.7745030350378 
-173.77450306011085 
-173.77450308698795 
-173.77450311657958 
-173.7745031422871 
-173.77450317909162 
-173.7745031978504 
-173.77450320637735 
-173.77450320695712 
-173.77450322014084 
-173.774503242156 
-173.7745032496899 
-173.77450341591813 
-173.77450341838951 
-173.77450348450387 
-173.77450356237404 
-173.77450361099494 
-173.77450385761884 
-173.7745039228933 
-173.77450393358427 
-173.77450395642686 
-173.77450396918465 
-173.7745039902579 
-173.7745040021014 
-173.77450401524138 
-173.77450402686202 
-173.77450403708858 
-173.77450403909913 
-173.7745040402283 
-173.77450404029187 
-173.77450404033456 
-173.77450411380985 
-173.77450412801164 
-173.77450413570898 
-173.77450415004117 
-173.77450415274663 
-173.77450415278787 
-173.77450415289016 
-173.77450415393756 
-173.77450415503387 
-173.77450415541952 
-173.77450415586102 
-173.77450415586054 
-173.77450415586063 
-173.77450415586046 
-173.77450415586057 
-173.77450415586043 
-173.77450415586043 
-173.77450415586048 
-173.77450415586046 
-173.77450415586063 
-173.77450415586046 
-173.77450415586037 
-173.7745041558604 
-173.7745041558603 
-173.7745041558603 
-173.7745041558602 
-173.77450415586028 
-173.77450415586 
-173.7745041558601 
-173.7745041558603 
-173.7745041558599 
-173.77450415586074 
-173.77450415586006 
-173.77450415585992 
-173.77450415586017 
-173.77450415586102 
-173.77450415586 
-173.77450415586003 
-173.77450415585977 
-173.77450415585952 
-173.77450415585983 
-173.77450415585966 
-173.77450415585952 
-173.77450415585966 
-173.77450415585963 
-173.77450415585943 
-173.77450415586014 
-173.7745041558605 
-173.7745041558593 
-173.77450415585923 
-173.7745041558593 
-173.77450415585923 
-173.7745041558595 
-173.7745041558595 
-173.77450415585957 
-173.77450415585977 
-173.77450415586108 
-173.77450415585946 
-173.77450415586023 
-173.77450415585943 
-173.77450415585997 
-173.77450415585938 
-173.77450415585926 
-173.77450415586023 
-173.77450415585932 
-173.77450415585943 
-173.7745041558593 
-173.77450415585926 
-173.77450415585943 
-173.77450415586074 
-173.77450415585972 
-173.7745041558623 
-173.7745041558623 
-173.77450415586137 
-173.77450415586225 
-173.77450415586134 
-173.77450415586202 
-173.77450415586185 
-173.7745041558619 
-173.77450415586233 
-173.77450415586148 
-173.77450415586148 
-173.77450415586142 
-173.7745041558657 
-173.77450415586185 
-173.77450415586165 
-173.7745041558615 
-173.77450415586222 
-173.77450415586247 
-173.77450415586156 
-173.7745041558623 
-173.77450415586182 
-173.7745041558617 
-173.774504155862 
-173.77450415586236 
-173.77450415586142 
-173.77450415586128 
-173.7745041558615 
-173.77450415586145 
-173.7745041558621 
-173.77450415586165 
-173.77450415586168 
-173.77450415586213 
-173.77450415586202 
-173.77450415586216 
-173.7745041558622 
-173.77450415586216 
-173.77450415586245 
-173.77450415586281 
-173.77450415586225 
-173.7745041558631 
-173.7745041558621 
-173.7745041558623 
-173.7745041558629 
-173.774504155862 
-173.77450415586216 
-173.77450415586202 
-173.774504155865 
-173.7745041558632 
-173.77450415586227 
-173.7745041558627 
-173.77450415586333 
-173.7745041558622 
-173.7745041558623 
-173.77450415586242 
-173.77450415586318 
-173.77450415586392 
-173.7745041558623 
-173.77450415586304 
-173.77450415586185 
-173.7745041558626 
-173.77450415586296 
-173.77450415586358 
-173.77450415586216 
-173.77450415586213 
-173.77450415586227 
-173.7745041558629 
-173.77450415586313 
-173.77450415586293 
-173.7745041558638 
-173.77450415586185 
-173.77450415586256 
-173.7745041558622 
-173.77450415586202 
-173.77450415586193 
-173.77450415586333 
-173.7745041558619 
-173.77450415586182 
-173.77450415586188 
-173.77450415586196 
-173.77450415586188 
-173.7745041558623 
-173.7745041558616 
-173.7745041558617 
-173.7745041558617 
-173.7745041558617 
-173.77450415586176 
-173.7745041558619 
-173.77450415586182 
-173.77450415586188 
-173.77450415586188 
-173.77450415586188 
-173.77450415586202 
-173.77450415586188 
-173.77450415586173 
-173.77450415586165 
-173.77450415586287 
-173.77450415586225 
-173.7745041558619 
-173.7745041558619 
-173.77450415586208 
-173.77450415586185 
-173.77450415586225 
-173.7745041558616 
-173.77450415586137 
-173.77450415586108 
-173.77450415586125 
-173.7745041558614 
-173.77450415586125 
-173.77450415586102 
-173.77450415586162 
-173.7745041558613 
-173.77450415586176 
-173.77450415586122 
-173.7745041558612 
-173.77450415586165 
-173.7745041558613 
-173.77450415586114 
-173.77450415586137 
-173.7745041558616 
-173.7745041558614 
-173.77450415586168 
-173.77450415586114 
-173.7745041558612 
-173.7745041558613 
-173.7745041558612 
-173.77450415586114 
-173.77450415586134 
-173.77450415586156 
-173.77450415586156 
-173.77450415586148 
-173.77450415586142 
-173.7745041558613 
-173.7745041558612 
-173.7745041558613 
-173.77450415586176 
-173.77450415586162 
-173.77450415586114 
-173.77450415586125 
-173.77450415586128 
-173.77450415586094 
-173.77450415586233 
-173.77450415586142 
-173.77450415586236 
-173.77450415586193 
-173.77450415586065 
-173.7745041558604 
-173.77450415586122 
-173.7745041558606 
-173.77450415586048 
-173.77450415586054 
-173.7745041558605 
-173.7745041558607 
-173.7745041558609 
-173.77450415586102 
-173.7745041558611 
-173.774504155861 
-173.77450415586108 
-173.77450415586122 
-173.77450415586395 
-173.7745041558611 
-173.77450415586154 
-173.7745041558612 
-173.7745041558611 
-173.7745041558613 
-173.7745041558616 
-173.7745041558616 
-173.7745041558615 
-173.7745041558615 
-173.77450415586185 
-173.77450415586227 
-173.7745041558618 
-173.77450415586202 
-173.7745041558617 
-173.7745041558615 
-173.77450415586154 
-173.77450415586168 
-173.77450415586287 
-173.77450415586176 
-173.7745041558619 
-173.77450415586185 
-173.77450415586222 
-173.77450415586185 
-173.7745041558621 
-173.77450415586227 
-173.77450415586202 
-173.7745041558621 
-173.77450415586165 
-173.77450415586162 
-173.77450415586188 
-173.77450415586168 
-173.77450415586227 
-173.774504155862 
-173.77450415586182 
-173.7745041558618 
-173.77450415586233 
-173.774504155862 
-173.77450415586182 
-173.77450415586193 
-173.7745041558612 
-173.7745041558631 
-173.7745041558629 
-173.77450415586154 
-173.7745041558614 
-173.77450415586375 
-173.77450415586196 
-173.7745041558634 
-173.77450415586216 
-173.77450415586227 
-173.7745041558623 
-173.774504155862 
-173.7745041558636 
-173.774504155862 
-173.77450415586176 
-173.77450415586242 
-173.7745041558621 
-173.7745041558622 
-173.77450415586188 
-173.77450415586287 
-173.77450415586208 
-173.77450415586205 
-173.77450415586193 
-173.7745041558619 
-173.7745041558619 
-173.77450415586193 
-173.77450415586185 
-173.7745041558621 
-173.77450415586182 
-173.7745041558618 
-173.77450415586205 
-173.77450415586213 
-173.77450415586193 
-173.77450415586193 
-173.77450415586188 
-173.77450415586205 
-173.77450415586227 
-173.7745041558627 
-173.77450415586216 
-173.77450415586296 
-173.7745041558623 
-173.77450415586318 
-173.774504155862 
-173.7745041558622 
-173.77450415586225 
-173.77450415586273 
-173.7745041558622 
-173.77450415586227 
-173.77450415586256 
-173.77450415586293 
-173.77450415586262 
-173.77450415586281 
-173.7745041558627 
-173.77450415586358 
-173.77450415586287 
-173.7745041558648 
-173.77450415586236 
-173.77450415586307 
-173.77450415586264 
-173.77450415586276 
-173.77450415586284 
-173.7745041558629 
-173.77450415586432 
-173.77450415586313 
-173.7745041558627 
-173.77450415586284 
-173.774504155863 
-173.77450415586287 
-173.77450415586287 
-173.77450415586418 
-173.77450415586304 
-173.77450415586398 
-173.77450415586296 
-173.77450415586387 
-173.77450415586367 
-173.774504155863 
-173.77450415586299 
-173.7745041558631 
-173.77450415586276 
-173.7745041558629 
-173.77450415586375 
-173.77450415586353 
-173.77450415586313 
-173.77450415586358 
-173.77450415586335 
-173.77450415586404 
-173.77450415586344 
-173.77450415586353 
-173.774504155864 
-173.7745041558641 
-173.77450415586384 
-173.77450415586515 
-173.77450415586367 
