2 -0.0227357620100108 
3 -0.3549987169499345 
4 0.5168901845652059 
5 -0.14422179907336363 
6 -0.17988276299853265 
7 0.42093485689946847 
8 -0.28990169534521965 
9 -0.03970411046071659 
10 0.30720945461911603 
11 -0.3409994719029079 
12 0.10237422060485121 
13 0.18715882916097232 
14 -0.3268619727791164 
15 0.2106268025156047 
16 0.054845486714027586 
17 -0.26394766255779706 
18 0.26864127388777004 
19 -0.07079219661732881 
20 -0.16603873759221943 
21 0.27229701398577194 
22 -0.17049312383446055 
23 -0.05040959670260358 
24 0.22621540783175226 
25 -0.22919074598906064 
26 0.06341097855529554 
27 0.14221790795965866 
28 -0.23916841064069505 
29 0.15656925228273544 
30 0.03732525915396967 
31 -0.20142883509371823 
32 0.21378598442795183 
33 -0.06905888643144024 
34 -0.1253254282941508 
35 0.22609974827641463 
36 -0.15809337327818843 
37 -0.026502319439997132 
38 0.19265532779166775 
39 -0.2143154293491214 
40 0.07615762437898105 
41 0.12091956984823012 
42 -0.2281324395358188 
43 0.1638256115016523 
44 0.02516050298942198 
45 -0.19756232053851153 
46 0.2207756249092996 
47 -0.07638043090209998 
48 -0.12870428231410716 
49 0.2368988006149385 
50 -0.16489382854367207 
51 -0.034650977413122716 
52 0.20940158995068398 
53 -0.22429362056927682 
54 0.06699671033135693 
55 0.1433637223825516 
56 -0.24390259126540534 
57 0.1574553857918328 
58 0.05091799459031528 
59 -0.22020711725362324 
60 0.2202051142914508 
61 -0.05091349729625661 
62 -0.1574589494883717 
63 0.2439025480478907 
64 -0.14336008524157817 
65 -0.0670011880281092 
66 0.22429553729202553 
67 -0.2093994938665072 
68 0.034646401979024175 
69 0.16489736486642392 
70 -0.23689860824736242 
71 0.12870044513783005 
72 0.07638500184882421 
73 -0.22077747297854058 
74 0.19756000175372004 
75 -0.02515576772843182 
76 -0.16382912348653178 
77 0.22813205734788283 
78 -0.12091551635118941 
79 -0.07616220739699486 
80 0.2143170543108887 
81 -0.19265273889058074 
82 0.026497574818964458 
83 0.15809663609541857 
84 -0.2260990235851092 
85 0.12532132254372505 
86 0.06906312571679338 
87 -0.21378711158196356 
88 0.20142603252397454 
89 -0.03732080616616656 
90 -0.15657189887627143 
91 0.23916728896775302 
92 -0.14221401237051837 
93 -0.06341455425496288 
94 0.22919130456041303 
95 -0.22621263618168352 
96 0.05040578656948867 
97 0.17049506048631752 
98 -0.27229569927422914 
99 0.16603538009243998 
100 0.07079495042232656 
101 -0.268641421770096 
102 0.26394524882706877 
103 -0.054842585528994604 
104 -0.2106280767402563 
105 0.3268607332582445 
106 -0.187156358542362 
107 -0.10237605976472494 
108 0.3409993908397891 
109 -0.3072077960982664 
110 0.03970241340594229 
111 0.2899024438963791 
112 -0.42093409725646935 
113 0.179881737454193 
114 0.1442225995419144 
115 -0.5168902766074693 
116 0.3549982825829409 
117 0.022736064817050757 
