2 -0.9275424200092363 
3 0.8866782486627857 
4 -0.8203234117729219 
5 0.727524297957913 
6 -0.6081895745058268 
7 0.4665475847095746 
8 -0.3091261876422547 
9 0.14381134616480404 
10 0.021100054059388723 
11 -0.17752076576873077 
12 0.3181612263487914 
13 -0.4369458584536843 
14 0.5292072270246438 
15 -0.5917036471783539 
16 0.6225896236413656 
17 -0.6214038591325025 
18 0.5890622344606868 
19 -0.5278304870574674 
20 0.4412662278786091 
21 -0.33410945744899945 
22 0.21208838348129866 
23 -0.08163124838373528 
24 -0.05048672587047688 
25 0.17751899038536778 
26 -0.29311426372497384 
27 0.39164688886199384 
28 -0.46848366139953357 
29 0.5201721100125288 
30 -0.544558337578019 
31 0.5408498096784766 
32 -0.5096291944712906 
33 0.45281657825395505 
34 -0.3735773951935273 
35 0.27617431000268255 
36 -0.16576025888580695 
37 0.04811394946056007 
38 0.07066760476788912 
39 -0.18449462555049884 
40 0.2876055415818474 
41 -0.37486188998647807 
42 0.44200154152292903 
43 -0.4858346724758994 
44 0.5043789468451212 
45 -0.49693555860181443 
46 0.46410989833028954 
47 -0.4077745944459834 
48 0.3309748440785792 
49 -0.2377771481514931 
50 0.13306485825870373 
51 -0.022286486354909478 
52 -0.08883091943502684 
53 0.1945841436530872 
54 -0.28959135462149677 
55 0.3690673083311765 
56 -0.4290616175674127 
57 0.466648088073943 
58 -0.480057892383736 
59 0.4687548794296701 
60 -0.4334535737535731 
61 0.37607957755523097 
62 -0.2996722047292595 
63 0.20823168106362394 
64 -0.10651612457892128 
65 -0.0002037475919007825 
66 0.10642011718521976 
67 -0.2066770283007427 
68 0.2958542187233795 
69 -0.36942912566099884 
70 0.4237035248627207 
71 -0.4559840666893114 
72 0.46470936050464484 
73 -0.44952027628439367 
74 0.4112727838708035 
75 -0.35199328264338026 
76 0.27477704509861706 
77 -0.18363264662054113 
78 0.08327826835270219 
79 0.021101291866994047 
80 -0.12412466628220517 
81 0.2204952414070811 
82 -0.3052763425828549 
83 0.3741442372210419 
84 -0.423605892915118 
85 0.45117140481079576 
86 -0.4554740510746095 
87 0.43633423379697556 
88 -0.39476609248423483 
89 0.33292678835282896 
90 -0.25400956474221226 
91 0.16208391084060733 
92 -0.061889129149379975 
93 -0.04140937916918519 
94 0.14248863248239887 
95 -0.23614588609807025 
96 0.31756888006447515 
97 -0.3825828954304777 
98 0.4278618675118632 
99 -0.45109386763505427 
100 0.4510942891893682 
101 -0.4278631048214383 
102 0.38258488050351824 
103 -0.31757152481625417 
104 0.23614908179097008 
105 -0.14249223922191825 
106 0.04141323140740741 
107 0.06188520601822135 
108 -0.1620800916417735 
109 0.25400602019096846 
110 -0.33292367127717326 
111 0.39476352529425063 
112 -0.43633231387757465 
113 0.45547285965565487 
114 -0.4511709937914981 
115 0.42360626251646344 
116 -0.37414533899384966 
117 0.3052781050998329 
118 -0.2204975817075973 
119 0.12412747639161666 
120 -0.021104430956010316 
121 -0.08327495778443501 
122 0.18362931963108978 
123 -0.2747738501298018 
124 0.3519903584935293 
125 -0.4112702473080531 
126 0.44951821595750235 
127 -0.46470784501600554 
128 0.45598314537673307 
129 -0.42370320801848116 
130 0.369429371856881 
131 -0.29585495446167664 
132 0.2066781756932764 
133 -0.10642158983281953 
134 0.0002054249941268807 
135 0.10651439698540766 
136 -0.2082300563311359 
137 0.2996708084672521 
138 -0.37607852115681073 
139 0.433452973658748 
140 -0.4687548397992763 
141 0.4800584684378087 
142 -0.46664928039590475 
143 0.42906339884633116 
144 -0.36906963244042756 
145 0.2895941270975091 
146 -0.19458720003875812 
147 0.08883405314630859 
148 0.02228347166701191 
149 -0.13306212125587816 
150 0.2377748089062373 
151 -0.3309729748947634 
152 0.4077732012774651 
153 -0.4641089640712171 
154 0.49693508283701915 
155 -0.5043789273650798 
156 0.4858351533113675 
157 -0.4420024276939969 
158 0.37486314563286616 
159 -0.28760707325595747 
160 0.18449638106982796 
161 -0.07066939152999838 
162 -0.048112172429184114 
163 0.1657586513146293 
164 -0.2761729317795576 
165 0.3735763011065563 
166 -0.4528158073736762 
167 0.5096287442147429 
168 -0.5408496811202773 
169 0.5445584898371768 
170 -0.5201724951821183 
171 0.4684842765509153 
172 -0.3916477035705698 
173 0.29311522301424575 
174 -0.1775200495524663 
175 0.050487817229890986 
176 0.08163020055346083 
177 -0.21208743885524384 
178 0.33410864469111423 
179 -0.44126557402768013 
180 0.5278300065427128 
181 -0.5890619543800494 
182 0.6214037795507567 
183 -0.6225897306839165 
184 0.59170391130002 
185 -0.52920761318376 
186 0.43694633600539334 
187 -0.3181617598181462 
188 0.17752132756915262 
189 -0.02110061032478341 
190 -0.14381082701823042 
191 0.30912573330838683 
192 -0.4665472141712582 
193 0.6081892976186091 
194 -0.7275241092106527 
195 0.8203232970544245 
196 -0.8866781903993763 
197 0.9275423981584455 
