0.0 
100.14955570894394 
97.48817784306102 
94.4019094702645 
92.14681841397639 
89.09707114525928 
86.97103038960584 
83.34684833659067 
81.29107511450219 
77.54655741392538 
75.43867605861831 
71.78445364181188 
69.69182090307986 
65.98198955252901 
63.88546525721401 
60.198587173317875 
58.10196632703326 
54.407525145752565 
52.31175635955707 
48.61844860016023 
46.522101575076384 
42.82926361589884 
40.7332004362624 
37.03978745866556 
34.94362335828606 
31.25054621632922 
29.154406065831356 
25.4611838252482 
23.3650448257767 
19.67186818221931 
17.57572404143203 
13.882540084064118 
11.78639958381971 
8.093212639931973 
5.997070390445467 
2.303886999704374 
0.20774538293774625 
-3.485440100858736 
-5.581581865117915 
-9.274766448417386 
-11.370908219202443 
-15.064093086796923 
-17.16023482553798 
-20.853419647614402 
-22.949561408935384 
-26.642746212570955 
-28.7388879630052 
-32.432072788714656 
-34.528214543081845 
-38.221399355787575 
-40.317541109234625 
-44.010725927541266 
-46.10686768094846 
-49.80005249748598 
-51.89619425109195 
-55.589379067913725 
-57.68552082137938 
-61.378705638315296 
-63.47484739184864 
-67.16803220864747 
-69.26417396215628 
-72.95735877903601 
-75.05350053255056 
-78.74668534939549 
-80.84282710291028 
-84.53601191976607 
-86.63215367327966 
-90.32533849013375 
-92.42148024364825 
-96.1146650605017 
-98.21080681401568 
-101.90399163086994 
-104.00013338438411 
-107.69331820123794 
-109.78945995475205 
-113.48264477160608 
-115.57878652512025 
-119.27197134197417 
-121.36811309548834 
-125.06129791234228 
-127.1574396658565 
-130.85062448271046 
-132.9467662362246 
-136.63995105307853 
-138.73609280659267 
-142.42927762344655 
-144.52541937696074 
-148.2186041938147 
-150.31474594732887 
-154.00793076418276 
-156.10407251769695 
-159.79725733455092 
-161.89339908806508 
-165.58658390491897 
-167.68272565843313 
-171.3759104752871 
-173.47205222880135 
-177.16523704565526 
-179.26137879916948 
-182.95456361602353 
-185.05070536953772 
-188.74389018639206 
-190.84003193990512 
-194.53321675678546 
-196.62935851022146 
-200.3225433288614 
-202.41868507683938 
-206.1118700151643 
-208.20801135053125 
-211.90120445461866 
-213.9973099109205 
-217.6910648573074 
-219.78329249909828 
-223.5160787810206 
-225.38027415333517 
-229.59791404228997 
-232.1840410983435 
-232.23533627248156 
-232.28197018952093 
-232.29415126592338 
-232.33901362448142 
-232.34640834281288 
-232.39518254139932 
-232.4037432826176 
-232.45067781424783 
-232.45892867096933 
-232.5061905724892 
-232.5144541994323 
-232.56161549006313 
-232.569890712528 
-232.61703931961893 
-232.62530204810488 
-232.67245802866424 
-232.6807254717282 
-232.7278750482262 
-232.73614068609524 
-232.78329220858646 
-232.7915583084296 
-232.83870906989858 
-232.84697507353124 
-232.8941259718569 
-232.90239197630137 
-232.9495428460841 
-232.9578088585863 
-233.00495972015506 
-233.0132257270636 
-233.06037659351654 
-233.06864260259232 
-233.1157934661005 
-233.12405947443864 
-233.171210338857 
-233.1794763473746 
-233.22662721148836 
-233.2348932199763 
-233.28204408414157 
-233.29031009262587 
-233.33746095678526 
-233.34572696527465 
-233.39287782942887 
-233.40114383791544 
-233.44829470207247 
-233.4565607105599 
-233.50371157471554 
-233.51197758320282 
-233.5591284473592 
-233.56739445584657 
-233.61454532000252 
-233.6228113284897 
-233.66996219264553 
-233.67822820113287 
-233.72537906529075 
-233.73364507377804 
-233.78079593792881 
-233.7890619464162 
-233.8362128105844 
-233.84447881907278 
-233.89162968320878 
-233.89989569169182 
-233.94704655586267 
-233.95531256436055 
-234.00246342856624 
-234.01072943703284 
-234.05788030090883 
-234.0661463094221 
-234.11329717444008 
-234.12156318293512 
-234.16871404513304 
-234.17698005344812 
-234.224130920828 
-234.23239692997115 
-234.2795477917549 
-234.28781379853348 
-234.33496465474497 
-234.343230666575 
-234.39038157574026 
-234.39864758003694 
-234.44579830561906 
-234.45406431292557 
-234.5012154922433 
-234.5094815285314 
-234.5566318735915 
-234.56489777702137 
-234.6120490255787 
-234.62031531007352 
-234.66746744991966 
-234.67573292410432 
-234.72287656861482 
-234.73114326491935 
-234.7783164563275 
-234.7865826983691 
-234.8336830084045 
-234.84194469026704 
-234.88917982816616 
-234.89746328873437 
-234.94455572948817 
-234.95277859082816 
-234.99974585171782 
-235.00810484167766 
-235.0564955013931 
-235.06467754561396 
-235.10853781882972 
-235.1168976194581 
-235.17302509861696 
-235.18240333851836 
-235.22407091646778 
-235.22983296207042 
-235.32946313823206 
-235.350766089841 
-235.6119602599895 
-235.65426586816915 
-235.66528678543034 
-235.66528678543042 
-260.57350579912 
-260.66252119654956 
-260.66499594550686 
-260.6666934018626 
-260.6680868493592 
-260.669584961673 
-260.67029402835664 
-260.6709394955571 
-260.67158732589115 
-260.67210055485003 
-260.67264194969124 
-260.67311835623576 
-260.67365563468746 
-260.6741302045776 
-260.67467570907894 
-260.67515374776355 
-260.67568946761185 
-260.67616502970253 
-260.67670524209353 
-260.67718177550125 
-260.67772002838143 
-260.67819620750225 
-260.6787349758677 
-260.6792112008953 
-260.6797498988496 
-260.6802261381545 
-260.68076478302106 
-260.68124099839036 
-260.6817796911766 
-260.68225591915035 
-260.68279458447915 
-260.6832708068916 
-260.6838094832638 
-260.6842857072044 
-260.6848243801722 
-260.68530060391805 
-260.68583927732533 
-260.68631550090475 
-260.68685417458636 
-260.6873303983123 
-260.68786907170244 
-260.68834529534655 
-260.6888839689007 
-260.689360192577 
-260.68989886606215 
-260.69037508972923 
-260.69091376323496 
-260.69138998690283 
-260.69192866040606 
-260.69240488407496 
-260.69294355757626 
-260.69341978124424 
-260.6939584547444 
-260.69443467841535 
-260.69497335191994 
-260.69544957558827 
-260.6959882490906 
-260.69646447275903 
-260.69700314626147 
-260.69747936993116 
-260.6980180434338 
-260.69849426710283 
-260.69903294060515 
-260.6995091642736 
-260.7000478377765 
-260.7005240614446 
-260.701062734947 
-260.7015389586148 
-260.702077632117 
-260.7025538557854 
-260.703092529288 
-260.7035687529563 
-260.70410742645873 
-260.7045836501272 
-260.70512232362967 
-260.7055985472985 
-260.7061372208006 
-260.706613444468 
-260.70715211797057 
-260.7076283416422 
-260.7081670151469 
-260.7086432388118 
-260.70918191230766 
-260.7096581359834 
-260.7101968095246 
-260.7106730331597 
-260.7112117066046 
-260.7116879301754 
-260.71222660398206 
-260.71270282828715 
-260.71324150171097 
-260.7137177239443 
-260.7142563979144 
-260.7147326274284 
-260.7152713075539 
-260.7157475273123 
-260.71628618674634 
-260.716762423077 
-260.7173011932028 
-260.7177775026699 
-260.7183160737807 
-260.7187920133683 
-260.71933138711967 
-260.71980928234876 
-260.72034878250366 
-260.7208225318138 
-260.72136253284333 
-260.7218548197231 
-260.7224162987455 
-260.7228970305187 
-260.7234221521864 
-260.7239632542647 
-260.7246822536135 
-260.72548718282377 
-260.72549284486155 
-260.7254928448616 
-260.72549284486144 
-260.72549284486166 
-260.7254928448619 
-260.72549284660045 
-260.72550145401914 
-260.72551196501644 
-260.7255232594494 
-260.7255324520889 
-260.72554220397654 
-260.72555112488504 
-260.72556067561555 
-260.7255693843851 
-260.7255785600532 
-260.72558712829124 
-260.72559621626095 
-260.7256047465135 
-260.72561380692576 
-260.7256223080439 
-260.72563135609033 
-260.7256398505663 
-260.7256488965226 
-260.72565738820305 
-260.7256664320743 
-260.7256749228729 
-260.7256839662354 
-260.7256924568408 
-260.7257014999407 
-260.72570999038425 
-260.72571903340355 
-260.72572752381365 
-260.72573656681544 
-260.72574505720746 
-260.72575410020744 
-260.72576259058866 
-260.7257716335744 
-260.72578012395417 
-260.72578916693834 
-260.7257976573173 
-260.72580670029953 
-260.72581519067836 
-260.72582423366197 
-260.72583272404046 
-260.7258417670228 
-260.7258502574011 
-260.7258593003839 
-260.7258677907621 
-260.72587683374564 
-260.7258853241237 
-260.7258943671072 
-260.72590285748555 
-260.7259119004692 
-260.7259203908472 
-260.7259294338323 
-260.72593792421077 
-260.72594696719415 
-260.7259554575722 
-260.7259645005542 
-260.7259729909326 
-260.7259820339147 
-260.7259905242933 
-260.72599956727635 
-260.7260080576547 
-260.7260171006381 
-260.7260255910166 
-260.7260346339987 
-260.72604312437727 
-260.7260521673605 
-260.72606065773886 
-260.7260697007219 
-260.7260781911005 
-260.726087234084 
-260.72609572446277 
-260.7261047674462 
-260.72611325782447 
-260.7261223008075 
-260.72613079118645 
-260.7261398341698 
-260.72614832454866 
-260.7261573675327 
-260.72616585791144 
-260.7261749008931 
-260.7261833912742 
-260.7261924342636 
-260.72620092463507 
-260.7262099676114 
-260.72621845801785 
-260.7262275010177 
-260.72623599135846 
-260.7262450343709 
-260.7262535248546 
-260.7262625677867 
-260.726271058235 
-260.7262801017786 
-260.7262885919634 
-260.7262976343854 
-260.7263061268516 
-260.7263151732862 
-260.7263236621272 
-260.7263327055287 
-260.7263412087023 
-260.726350260787 
-260.7263587656278 
-260.7263678557203 
-260.72637637809765 
-260.72638542024544 
-260.7263941588172 
-260.72640370301764 
-260.7264123876259 
-260.72642149930624 
-260.72643170560804 
-260.72644393233406 
-260.72645535492376 
-260.72646862786183 
-260.72646864513484 
-260.7264686469685 
-260.72646864696804 
-260.72646864696816 
-260.72646864696827 
-260.7264686469686 
-260.72646864712345 
-260.72646864704205 
-260.7264687423611 
-260.7264688667155 
-260.7264690102068 
-260.726469127954 
-260.72646923970683 
-260.72646934134315 
-260.72646945379137 
-260.72646955562857 
-260.72646965869416 
-260.72646975387767 
-260.7264698551864 
-260.72646994951157 
-260.72647005027824 
-260.72647014365003 
-260.7264702438733 
-260.72647033702737 
-260.72647043720036 
-260.72647053032864 
-260.7264706303892 
-260.72647072346837 
-260.72647082351904 
-260.72647091659786 
-260.72647101663875 
-260.72647110970814 
-260.7264712097473 
-260.7264713028157 
-260.7264714028542 
-260.7264714959221 
-260.7264715959597 
-260.72647168902716 
-260.7264717890649 
-260.726471882132 
-260.72647198216976 
-260.7264720752375 
-260.7264721752752 
-260.72647226834283 
-260.72647236838037 
-260.7264724614475 
-260.7264725614853 
-260.72647265455254 
-260.7264727545903 
-260.7264728476576 
-260.7264729476952 
-260.7264730407624 
-260.72647314080046 
-260.72647323386803 
-260.72647333390586 
-260.7264734269733 
-260.72647352701114 
-260.7264736200785 
-260.7264737201161 
-260.7264738131834 
-260.726473913221 
-260.7264740062882 
-260.7264741063256 
-260.7264741993927 
-260.7264742994302 
-260.7264743924995 
-260.7264744925373 
-260.7264745856044 
-260.7264746856417 
-260.7264747787089 
-260.7264748787466 
-260.72647497181396 
-260.72647507185155 
-260.72647516491924 
-260.72647526495706 
-260.72647535802474 
-260.7264754580629 
-260.7264755511306 
-260.7264756511698 
-260.72647574423706 
-260.72647584427483 
-260.72647593734206 
-260.7264760373799 
-260.7264761304471 
-260.7264762304846 
-260.7264763235523 
-260.7264764235901 
-260.72647651665767 
-260.7264766166956 
-260.72647670976374 
-260.72647680980225 
-260.72647690287073 
-260.72647700291094 
-260.7264770959827 
-260.72647719602713 
-260.7264772891023 
-260.7264773891534 
-260.72647748225324 
-260.7264775823424 
-260.72647767548045 
-260.7264777756256 
-260.726477868887 
-260.7264779692952 
-260.7264780629717 
-260.726478164057 
-260.7264782582242 
-260.7264783604248 
-260.7264784588411 
-260.726478566946 
-260.72647866796996 
-260.7264787796211 
-260.7264788935244 
-260.7264790189079 
-260.72647914796306 
-260.7264792600229 
-260.72647926662404 
-260.7264792667756 
-260.7264792666837 
-260.7264792666834 
-260.7264792666833 
-260.72647926668355 
-260.7264792666836 
-260.7264792667756 
-260.72647926669555 
-260.7264792667908 
-260.72647926719554 
-260.72647926774295 
-260.72647926851744 
-260.7264792693117 
-260.7264792702446 
-260.72647927105373 
-260.7264792718947 
-260.726479272673 
-260.72647927355735 
-260.7264792743001 
-260.7264792751306 
-260.7264792758337 
-260.7264792766511 
-260.7264792773521 
-260.72647927813256 
-260.7264792788026 
-260.72647927958093 
-260.72647928024975 
-260.72647928102737 
-260.7264792816955 
-260.72647928247244 
-260.72647928314007 
-260.7264792839167 
-260.7264792845842 
-260.726479285361 
-260.7264792860281 
-260.7264792868047 
-260.7264792874721 
-260.72647928824875 
-260.7264792889161 
-260.72647928969303 
-260.7264792903603 
-260.7264792911372 
-260.7264792918049 
-260.7264792925817 
-260.72647929324916 
-260.7264792940258 
-260.726479294693 
-260.72647929546935 
-260.72647929613646 
-260.7264792969128 
-260.72647929758006 
-260.72647929835676 
-260.726479299024 
-260.7264792998007 
-260.7264793004685 
-260.7264793012452 
-260.726479301913 
-260.7264793026895 
-260.7264793033566 
-260.7264793041332 
-260.72647930480065 
-260.72647930557724 
-260.7264793062446 
-260.7264793070212 
-260.7264793076885 
-260.72647930846495 
-260.72647930913274 
-260.72647930990973 
-260.72647931057685 
-260.72647931135344 
-260.7264793120208 
-260.72647931279727 
-260.7264793134647 
-260.7264793142412 
-260.72647931490883 
-260.7264793156855 
-260.72647931635294 
-260.7264793171299 
-260.7264793177971 
-260.72647931857415 
-260.7264793192415 
-260.72647932001826 
-260.7264793206854 
-260.72647932146236 
-260.72647932212993 
-260.72647932290704 
-260.7264793235742 
-260.7264793243509 
-260.7264793250185 
-260.72647932579565 
-260.72647932646277 
-260.7264793272393 
-260.7264793279067 
-260.72647932868375 
-260.72647932935166 
-260.7264793301289 
-260.726479330797 
-260.72647933157515 
-260.7264793322443 
-260.72647933302477 
-260.7264793336977 
-260.7264793344837 
-260.72647933516424 
-260.7264793359605 
-260.72647933669396 
-260.7264793374515 
-260.72647933823856 
-260.72647933904557 
-260.72647933985496 
-260.7264793407489 
-260.72647934155617 
-260.72647934252205 
-260.7264793432192 
-260.7264793438285 
-260.72647934390346 
-260.7264793438429 
-260.7264793439229 
-260.72647934383093 
-260.72647934383104 
-260.72647934383093 
-260.72647934383093 
-260.7264793438307 
-260.72647934392245 
-260.7264793438421 
-260.726479343903 
-260.7264793439853 
-260.72647934399987 
-260.7264793440307 
-260.7264793440466 
-260.7264793440442 
-260.7264793440481 
-260.7264793440684 
-260.7264793440956 
-260.7264793441229 
-260.7264793441481 
-260.72647934417165 
-260.72647934422207 
-260.72647934427295 
-260.7264793443233 
-260.726479344373 
-260.7264793444239 
-260.7264793444734 
-260.7264793445236 
-260.72647934457365 
-260.72647934462435 
-260.72647934467426 
-260.7264793447248 
-260.7264793447748 
-260.72647934482546 
-260.7264793448756 
-260.72647934492556 
-260.7264793449753 
-260.72647934502623 
-260.7264793450758 
-260.7264793451265 
-260.72647934517653 
-260.7264793452269 
-260.726479345277 
-260.7264793453276 
-260.7264793453775 
-260.726479345428 
-260.726479345478 
-260.72647934552873 
-260.72647934557864 
-260.72647934562934 
-260.726479345679 
-260.7264793457298 
-260.7264793457795 
-260.72647934583034 
-260.72647934588 
-260.72647934593095 
-260.72647934598075 
-260.72647934603157 
-260.72647934608125 
-260.7264793461321 
-260.7264793461821 
-260.7264793462329 
-260.726479346283 
-260.72647934633363 
-260.72647934638354 
-260.72647934643425 
-260.72647934648415 
-260.72647934653475 
-260.7264793465842 
-260.7264793466347 
-260.72647934668436 
-260.72647934673506 
-260.7264793467853 
-260.72647934683613 
-260.72647934688626 
-260.72647934693606 
-260.7264793469864 
-260.7264793470371 
-260.7264793470875 
-260.7264793471383 
-260.72647934718856 
-260.72647934723915 
-260.72647934728894 
-260.7264793473396 
-260.72647934738956 
-260.7264793474407 
-260.7264793474905 
-260.72647934754133 
-260.72647934759124 
-260.72647934764217 
-260.72647934769236 
-260.72647934774307 
-260.7264793477929 
-260.7264793478435 
-260.72647934789325 
-260.72647934794384 
-260.7264793479937 
-260.72647934804417 
-260.7264793480943 
-260.7264793481457 
-260.72647934819594 
-260.72647934824835 
-260.72647934827586 
-260.7264793483037 
-260.7264793483325 
-260.72647934836306 
-260.72647934839443 
-260.72647934842695 
-260.7264793484588 
-260.7264793484696 
-260.72647934849493 
-260.72647934852745 
-260.72647934856553 
-260.72647934856224 
-260.7264793485711 
-260.7264793485144 
-260.7264793484531 
-260.7264793485329 
-260.7264793484408 
-260.7264793484406 
-260.7264793484405 
-260.72647934844036 
-260.7264793484405 
-260.72647934853256 
-260.72647934845253 
-260.7264793485139 
-260.7264793485972 
-260.72647934858804 
-260.7264793486176 
-260.7264793486309 
-260.72647934862727 
-260.72647934863 
-260.72647934862135 
-260.7264793486191 
-260.72647934861715 
-260.72647934861374 
-260.72647934861106 
-260.7264793486091 
-260.7264793486084 
-260.72647934860703 
-260.7264793486066 
-260.72647934860623 
-260.72647934860606 
-260.72647934860555 
-260.7264793486053 
-260.7264793486051 
-260.72647934860487 
-260.72647934860487 
-260.72647934860476 
-260.7264793486045 
-260.7264793486041 
-260.72647934860373 
-260.7264793486036 
-260.7264793486034 
-260.7264793486033 
-260.72647934860316 
-260.7264793486025 
-260.72647934860237 
-260.7264793486019 
-260.72647934860186 
-260.7264793486015 
-260.72647934860106 
-260.7264793486009 
-260.72647934860055 
-260.72647934860055 
-260.72647934859987 
-260.72647934860026 
-260.7264793486 
-260.72647934859964 
-260.7264793485992 
-260.72647934859896 
-260.72647934859873 
-260.72647934859873 
-260.72647934859884 
-260.72647934859873 
-260.72647934859873 
-260.7264793485985 
-260.7264793485985 
-260.7264793485985 
-260.72647934859833 
-260.72647934859805 
-260.7264793485977 
-260.7264793485977 
-260.7264793485976 
-260.72647934859737 
-260.7264793485969 
-260.72647934859657 
-260.7264793485967 
-260.72647934859646 
-260.72647934859646 
-260.7264793485963 
-260.72647934859634 
-260.7264793485961 
-260.7264793485958 
-260.72647934859543 
-260.7264793485951 
-260.72647934859475 
-260.7264793485944 
-260.7264793485943 
-260.7264793485943 
-260.72647934859384 
-260.72647934859384 
-260.7264793485935 
-260.7264793485937 
-260.7264793485934 
-260.72647934859316 
-260.72647934859316 
-260.72647934859305 
-260.7264793485931 
-260.7264793485927 
-260.7264793485925 
-260.72647934859214 
-260.72647934859225 
-260.72647934859225 
-260.72647934859236 
-260.7264793485926 
-260.7264793485924 
-260.7264793485928 
-260.7264793485933 
-260.7264793485939 
-260.7264793485951 
-260.7264793485969 
-260.7264793485997 
-260.7264793486011 
-260.7264793486033 
-260.7264793486113 
-260.7264793486084 
-260.7264793486126 
-260.72647934859873 
-260.7264793485918 
-260.7264793486001 
-260.72647934851693 
-260.7264793484557 
-260.7264793485362 
-260.7264793484442 
-260.72647934844446 
-260.72647934844457 
-260.72647934844446 
-260.7264793484441 
-260.7264793485364 
-260.72647934845605 
-260.72647934851767 
-260.7264793486009 
-260.7264793485928 
-260.7264793485995 
-260.72647934861317 
-260.72647934860896 
-260.72647934861203 
-260.72647934860385 
-260.7264793486016 
-260.72647934859964 
-260.7264793485968 
-260.72647934859486 
-260.7264793485935 
-260.7264793485929 
-260.7264793485923 
-260.72647934859185 
-260.7264793485919 
-260.7264793485917 
-260.7264793485916 
-260.7264793485917 
-260.72647934859157 
-260.72647934859174 
-260.7264793485919 
-260.7264793485919 
-260.7264793485919 
-260.726479348592 
-260.72647934859236 
-260.7264793485926 
-260.7264793485928 
-260.7264793485928 
-260.7264793485928 
-260.7264793485927 
-260.7264793485928 
-260.7264793485927 
-260.7264793485925 
-260.7264793485926 
-260.72647934859265 
-260.7264793485927 
-260.72647934859293 
-260.72647934859305 
-260.72647934859305 
-260.72647934859293 
-260.72647934859305 
-260.72647934859305 
-260.72647934859316 
-260.72647934859305 
-260.7264793485933 
-260.7264793485935 
-260.7264793485934 
-260.7264793485934 
-260.72647934859316 
-260.7264793485935 
-260.7264793485936 
-260.7264793485936 
-260.7264793485936 
-260.7264793485939 
-260.72647934859407 
-260.7264793485942 
-260.72647934859435 
-260.7264793485947 
-260.72647934859475 
-260.72647934859475 
-260.7264793485947 
-260.72647934859486 
-260.72647934859475 
-260.72647934859475 
-260.7264793485951 
-260.72647934859543 
-260.72647934859555 
-260.72647934859566 
-260.72647934859555 
-260.7264793485953 
-260.72647934859555 
-260.72647934859543 
-260.72647934859555 
-260.72647934859566 
-260.72647934859566 
-260.7264793485959 
-260.7264793485958 
-260.72647934859566 
-260.72647934859555 
-260.726479348596 
-260.7264793485961 
-260.72647934859646 
-260.7264793485968 
-260.72647934859714 
-260.7264793485976 
-260.7264793485977 
-260.7264793485978 
-260.72647934859816 
-260.7264793485983 
-260.7264793485986 
-260.72647934859907 
-260.7264793486003 
-260.7264793486007 
-260.72647934860237 
-260.72647934860476 
-260.7264793486078 
-260.7264793486101 
-260.7264793486121 
-260.72647934862033 
-260.72647934861715 
-260.72647934862084 
-260.72647934860714 
-260.7264793486001 
-260.72647934860817 
-260.72647934852483 
-260.7264793484638 
-260.72647934854416 
-260.7264793484522 
-260.7264793484522 
-260.7264793484522 
-260.7264793484523 
-260.7264793484523 
-260.7264793485443 
-260.726479348464 
-260.7264793485252 
-260.7264793486085 
-260.7264793486005 
-260.7264793486075 
-260.7264793486213 
-260.7264793486174 
-260.72647934862056 
-260.72647934861214 
-260.7264793486103 
-260.72647934860805 
-260.7264793486048 
-260.72647934860254 
-260.726479348601 
-260.72647934860066 
-260.7264793485994 
-260.72647934859896 
-260.72647934859873 
-260.7264793485986 
-260.7264793485984 
-260.72647934859845 
-260.7264793485983 
-260.72647934859805 
-260.7264793485977 
-260.7264793485975 
-260.72647934859725 
-260.72647934859714 
-260.7264793485969 
-260.726479348597 
-260.7264793485972 
-260.72647934859725 
-260.72647934859714 
-260.726479348597 
-260.7264793485968 
-260.726479348597 
-260.72647934859714 
-260.7264793485969 
-260.726479348597 
-260.726479348597 
-260.7264793485969 
-260.7264793485967 
-260.72647934859646 
-260.7264793485961 
-260.726479348596 
-260.7264793485961 
-260.726479348596 
-260.7264793485961 
-260.726479348596 
-260.72647934859566 
-260.7264793485955 
-260.72647934859543 
-260.7264793485952 
-260.7264793485952 
-260.72647934859486 
-260.72647934859475 
-260.72647934859486 
-260.72647934859475 
-260.72647934859447 
-260.72647934859464 
-260.72647934859464 
-260.72647934859464 
-260.7264793485945 
-260.72647934859435 
-260.7264793485945 
-260.7264793485943 
-260.72647934859424 
-260.7264793485943 
-260.7264793485942 
-260.72647934859407 
-260.72647934859395 
-260.72647934859384 
-260.72647934859407 
-260.72647934859407 
-260.7264793485939 
-260.7264793485943 
-260.72647934859407 
-260.72647934859395 
-260.72647934859395 
-260.7264793485937 
-260.7264793485935 
-260.7264793485933 
-260.726479348593 
-260.7264793485926 
-260.7264793485924 
-260.7264793485925 
-260.7264793485925 
-260.72647934859225 
-260.726479348592 
-260.7264793485919 
-260.726479348592 
-260.7264793485919 
-260.726479348592 
-260.72647934859225 
-260.7264793485925 
-260.72647934859316 
-260.7264793485937 
-260.72647934859503 
-260.726479348597 
-260.72647934859987 
-260.7264793486019 
-260.7264793486042 
-260.7264793486126 
-260.7264793486093 
-260.72647934861357 
-260.7264793486001 
-260.7264793485935 
-260.72647934860146 
-260.72647934851835 
-260.7264793484569 
-260.726479348537 
-260.726479348445 
-260.72647934844525 
-260.72647934844514 
