2 3 0.057196078074623576 
3 4 0.07709094271080927 
4 5 0.09326045957767765 
5 6 0.10682117668653819 
6 7 0.11846943948487872 
7 8 0.12865956507789497 
8 9 0.13770194056312293 
9 10 0.14581719285479333 
10 11 0.1531674270446355 
11 12 0.15987509324849727 
12 13 0.16603486807724643 
13 14 0.1717214236532928 
14 15 0.1769946648554394 
15 16 0.18190336462542553 
16 17 0.18648774924629138 
17 18 0.19078137516416138 
18 19 0.19481251839560887 
19 20 0.1986052212478091 
20 21 0.202180079324945 
21 22 0.2055549031275503 
22 23 0.2087451308765886 
23 24 0.21176427647798665 
24 25 0.21462421701078843 
25 26 0.21733543958085463 
26 27 0.21990724556963162 
27 28 0.2223479185870954 
28 29 0.2246648631677291 
29 30 0.2268647209324629 
30 31 0.2289534663151982 
31 32 0.23093648914844692 
32 33 0.23281866383157118 
33 34 0.2346044082925616 
34 35 0.23629773401738247 
35 36 0.2379022945758275 
36 37 0.23942140727168137 
37 38 0.24085810950428835 
38 39 0.24221517093841588 
39 40 0.2434951204151225 
40 41 0.24470026940361111 
41 42 0.24583273063605596 
42 43 0.24689443507971207 
43 44 0.24788714636225595 
44 45 0.24881247350644087 
45 46 0.2496718826208674 
46 47 0.2504667060422114 
47 48 0.25119815272817875 
48 49 0.2518673146386362 
49 50 0.25247517439428513 
50 51 0.2530226107861389 
51 52 0.2535104039887253 
52 53 0.25393924531765555 
53 54 0.25430972827890763 
54 55 0.2546223605115615 
55 56 0.25487757463864064 
56 57 0.2550757192659957 
57 58 0.2552170621266409 
58 59 0.25530179293588157 
59 60 0.2553300249544789 
60 61 0.2553017957150531 
61 62 0.25521706712271996 
62 63 0.2550757254001582 
63 64 0.2548775800725401 
64 65 0.2546223633039295 
65 66 0.2543097267727267 
66 67 0.25393924498104503 
67 68 0.2535104069175233 
68 69 0.2530226129341123 
69 70 0.25247517565279187 
70 71 0.2518673155000084 
71 72 0.25119815224500763 
72 73 0.2504667041350252 
73 74 0.24967187962288379 
74 75 0.24881247020612418 
75 76 0.2478871429664437 
76 77 0.2468944321456618 
77 78 0.24583272828645716 
78 79 0.24470026842519535 
79 80 0.24349511870000812 
80 81 0.24221516991385658 
81 82 0.24085811037445595 
82 83 0.23942140807381873 
83 84 0.237902294106778 
84 85 0.23629773607479498 
85 86 0.23460440982589142 
86 87 0.23281866556988987 
87 88 0.23093649150193105 
88 89 0.22895346970183866 
89 90 0.22686472556037526 
90 91 0.22466486945573785 
91 92 0.22234792592919342 
92 93 0.21990725306487022 
93 94 0.21733544612857797 
94 95 0.2146242215017457 
95 96 0.21176427811897997 
96 97 0.20874512980554116 
97 98 0.2055549030260261 
98 99 0.20218008627098052 
99 100 0.19860522181854842 
100 101 0.1948125208787237 
101 102 0.19078137810079243 
102 103 0.18648775285404642 
103 104 0.18190336725073794 
104 105 0.17699466823450324 
105 106 0.1717214267655319 
106 107 0.166034870040215 
107 108 0.15987509438514355 
108 109 0.15316742822482327 
109 110 0.14581719358848497 
110 111 0.13770194083028514 
111 112 0.12865956444910767 
112 113 0.11846943841495813 
113 114 0.10682117596670325 
114 115 0.09326045933467383 
115 116 0.07709094287099098 
116 117 0.05719607832093504 
117 118 0.031813631825556174 
