-175.06970951207535 
-175.06970951207515 
-175.0697095120787 
-175.06970951208214 
-175.06970951208547 
-175.06970951208902 
-175.06970951209234 
-175.06970951209564 
-175.06970951209888 
-175.0697095121022 
-175.06970951210576 
-175.0697095121091 
-175.06970951211284 
-175.06970951211656 
-175.06970951211966 
-175.06970951212307 
-175.0697095121263 
-175.0697095121297 
-175.0697095121326 
-175.0697095121363 
-175.06970951213953 
-175.06970951214342 
-175.0697095121463 
-175.06970951214947 
-175.0697095121525 
-175.06970951215575 
-175.06970951215942 
-175.0697095121625 
-175.06970951216624 
-175.06970951216928 
-175.0697095121731 
-175.06970951217622 
-175.06970951217926 
-175.06970951218292 
-175.069709512186 
-175.0697095121894 
-175.0697095121926 
-175.0697095121959 
-175.06970951219924 
-175.0697095122032 
-175.06970951220652 
-175.0697095122099 
-175.06970951221328 
-175.0697095122168 
-175.0697095122201 
-175.06970951222323 
-175.06970951222647 
-175.06970951222957 
-175.06970951223306 
-175.06970951223695 
-175.06970951224199 
-175.06970951224912 
-175.06970951225884 
-175.0697095122713 
-175.06970951235672 
-175.06970951238088 
-175.0697095123824 
-175.0697095123832 
-175.06970951238236 
-175.06970951238318 
-175.06970951238242 
-175.06970951238245 
-175.06970951238208 
-175.06970951238426 
-175.06970951238276 
-175.0697095123825 
-175.0697095123827 
-175.0697095123825 
-175.06970951238225 
-175.06970951238216 
-175.06970951238225 
-175.06970951238242 
-175.06970951238242 
-175.06970951238245 
-175.06970951238247 
-175.0697095123825 
-175.0697095123827 
-175.06970951238264 
-175.06970951238284 
-175.06970951238284 
-175.06970951238276 
-175.069709512383 
-175.06970951238276 
-175.0697095123829 
-175.0697095123828 
-175.06970951238304 
-175.06970951238299 
-175.06970951238273 
-175.0697095123827 
-175.06970951238284 
-175.06970951238281 
-175.0697095123829 
-175.06970951238296 
-175.0697095123833 
-175.06970951238344 
-175.0697095123834 
-175.06970951238333 
-175.06970951238344 
-175.06970951238327 
-175.06970951238367 
-175.0697095123833 
-175.06970951238367 
-175.06970951238378 
-175.06970951238407 
-175.06970951238404 
-175.06970951238378 
-175.0697095123838 
-175.0697095123839 
-175.06970951238387 
-175.06970951238418 
-175.0697095123837 
-175.06970951238353 
-175.06970951238367 
-175.06970951238364 
-175.0697095123836 
-175.06970951238344 
-175.06970951238662 
-175.06970951239032 
-175.069709512393 
-175.06970951239703 
-175.06970951240058 
-175.06970951240396 
-175.06970951240754 
-175.0697095124101 
-175.0697095124135 
-175.06970951241692 
-175.06970951242022 
-175.06970951242323 
-175.06970951242693 
-175.06970951243025 
-175.0697095124339 
-175.06970951243719 
-175.06970951244054 
-175.0697095124439 
-175.06970951244756 
-175.06970951245057 
-175.06970951245367 
-175.06970951245714 
-175.0697095124605 
-175.0697095124637 
-175.0697095124671 
-175.06970951247055 
-175.0697095124736 
-175.0697095124773 
-175.06970951248033 
-175.0697095124833 
-175.06970951248678 
-175.0697095124898 
-175.06970951249312 
-175.0697095124969 
-175.0697095124999 
-175.06970951250312 
-175.0697095125066 
-175.0697095125097 
-175.06970951251282 
-175.0697095125166 
-175.0697095125201 
-175.06970951252353 
-175.0697095125268 
-175.06970951253012 
-175.06970951253368 
-175.06970951253678 
-175.06970951254 
-175.06970951254348 
-175.06970951254627 
-175.0697095125502 
-175.0697095125553 
-175.06970951256292 
-175.06970951257267 
-175.06970951258526 
-175.0697095126707 
-175.06970951269443 
-175.0697095126953 
-175.06970951269705 
-175.06970951269471 
-175.06970951269543 
-175.06970951269517 
-175.06970951269497 
-175.06970951269562 
-175.06970951269545 
-175.0697095126964 
-175.06970951269665 
-175.06970951269548 
-175.0697095126953 
-175.06970951269545 
-175.06970951269548 
-175.06970951269543 
-175.06970951269545 
-175.06970951269565 
-175.06970951269554 
-175.06970951269543 
-175.06970951269537 
-175.06970951269565 
-175.06970951269523 
-175.06970951269534 
-175.0697095126954 
-175.0697095126954 
-175.0697095126953 
-175.06970951269525 
-175.06970951269537 
-175.0697095126953 
-175.06970951269548 
-175.06970951269506 
-175.06970951269523 
-175.0697095126954 
-175.0697095126952 
-175.06970951269543 
-175.06970951269523 
-175.06970951269534 
-175.0697095126952 
-175.06970951269497 
-175.0697095126951 
-175.0697095126945 
-175.06970951269466 
-175.0697095126948 
-175.0697095126948 
-175.0697095126946 
-175.06970951269477 
-175.0697095126946 
-175.0697095126948 
-175.06970951269466 
-175.06970951269457 
-175.06970951269483 
-175.06970951269463 
-175.06970951269517 
-175.0697095126947 
-175.0697095126949 
-175.0697095126947 
-175.06970951269463 
-175.0697095126944 
-175.06970951269398 
-175.069709512694 
-175.06970951269406 
-175.06970951269452 
-175.06970951269466 
-175.0697095126944 
-175.0697095126942 
-175.06970951269426 
-175.06970951269435 
-175.06970951269477 
-175.06970951269471 
-175.06970951269452 
-175.0697095126946 
-175.0697095126946 
-175.06970951269483 
-175.0697095126943 
-175.06970951269435 
-175.0697095126946 
-175.06970951269463 
-175.06970951269423 
-175.06970951269386 
-175.06970951269403 
-175.06970951269406 
-175.06970951269417 
-175.06970951269392 
-175.0697095126939 
-175.069709512694 
-175.06970951269395 
-175.06970951269395 
-175.06970951269415 
-175.06970951269426 
-175.06970951269415 
-175.06970951269426 
-175.06970951269471 
-175.0697095126946 
-175.0697095126948 
-175.06970951269463 
-175.06970951269463 
-175.06970951269477 
-175.0697095126948 
-175.0697095126951 
-175.0697095126951 
-175.0697095126949 
-175.0697095126949 
-175.06970951269474 
-175.06970951269494 
-175.06970951269486 
-175.06970951269471 
-175.06970951269494 
-175.0697095126949 
-175.06970951269503 
-175.06970951269517 
-175.0697095126952 
-175.06970951269528 
-175.06970951269557 
-175.06970951269506 
-175.06970951269517 
-175.06970951269565 
-175.06970951269471 
-175.06970951269508 
-175.06970951269471 
-175.0697095126949 
-175.06970951269656 
-175.06970951269497 
-175.06970951269557 
-175.06970951269517 
-175.06970951269545 
-175.0697095126952 
-175.06970951269494 
-175.06970951269506 
-175.06970951269508 
-175.0697095126949 
-175.06970951269494 
-175.06970951269486 
-175.0697095126949 
-175.06970951269506 
-175.06970951269463 
-175.0697095126946 
-175.0697095126946 
-175.06970951269437 
-175.06970951269452 
-175.06970951269412 
-175.06970951269412 
-175.06970951269386 
-175.0697095126939 
-175.06970951269383 
-175.06970951269375 
-175.06970951269363 
-175.06970951269338 
-175.0697095126932 
-175.06970951269338 
-175.06970951269304 
-175.06970951269292 
-175.06970951269275 
-175.0697095126926 
-175.0697095126927 
-175.0697095126926 
-175.0697095126928 
-175.06970951269292 
-175.06970951269292 
-175.06970951269238 
-175.06970951269255 
-175.06970951269315 
-175.06970951269304 
-175.0697095126928 
-175.06970951269278 
-175.06970951269292 
-175.06970951269327 
-175.0697095126932 
-175.06970951269338 
-175.06970951269352 
-175.06970951269372 
-175.06970951269358 
-175.06970951269363 
-175.06970951269346 
-175.06970951269346 
-175.06970951269344 
-175.06970951269344 
-175.06970951269344 
-175.0697095126933 
-175.06970951269355 
-175.06970951269378 
-175.06970951269383 
-175.0697095126939 
-175.0697095126943 
-175.06970951269426 
-175.06970951269471 
-175.06970951269454 
-175.0697095126946 
-175.0697095126944 
-175.06970951269446 
-175.06970951269483 
-175.0697095126948 
-175.06970951269463 
-175.06970951269463 
-175.0697095126948 
-175.06970951269474 
-175.06970951269443 
-175.06970951269426 
-175.06970951269463 
-175.06970951269466 
-175.06970951269483 
-175.06970951269483 
-175.06970951269489 
-175.06970951269506 
-175.0697095126951 
-175.06970951269514 
-175.06970951269537 
-175.06970951269548 
-175.06970951269534 
-175.06970951269554 
-175.06970951269594 
-175.06970951269577 
-175.06970951269545 
-175.0697095126954 
-175.06970951269548 
-175.0697095126955 
-175.06970951269545 
-175.06970951269537 
-175.06970951269534 
-175.06970951269543 
-175.06970951269525 
-175.06970951269525 
-175.06970951269554 
-175.0697095126957 
-175.06970951269577 
-175.06970951269608 
-175.0697095126961 
-175.0697095126964 
-175.06970951269636 
-175.06970951269594 
-175.06970951269633 
-175.06970951270043 
-175.0697095126975 
-175.06970951269588 
-175.06970951269594 
-175.0697095126961 
