2 -0.22589091548555232 
3 -0.22961122144056306 
4 -0.23143423549391764 
5 -0.23134534666021833 
6 -0.2312231745274972 
7 -0.23120008147398216 
8 -0.2312056781716612 
9 -0.23120918912627023 
10 -0.2312092007525781 
11 -0.23120879197817884 
12 -0.23120873085192065 
13 -0.23120877865339526 
14 -0.23120878474544326 
15 -0.2312087876825489 
16 -0.23120878455243923 
17 -0.23120878384341118 
18 -0.231208784744684 
19 -0.23120878598148123 
20 -0.231208785782579 
21 -0.2312087856155172 
22 -0.23120878565113764 
23 -0.23120878562053915 
24 -0.23120878541519554 
25 -0.23120878565599104 
26 -0.23120878345181228 
27 -0.23120878581297613 
28 -0.23120879031639952 
29 -0.2312087807688551 
30 -0.2312087780804718 
31 -0.23120878790686947 
32 -0.2312087857275802 
33 -0.2312087846161176 
34 -0.23120878583328283 
35 -0.2312087872075646 
36 -0.2312087855533611 
37 -0.23120878927225874 
38 -0.23120878520799265 
39 -0.2312087850468778 
40 -0.23120878543285395 
41 -0.23120878559655 
42 -0.2312087856652001 
43 -0.23120878573101322 
44 -0.23120878601141276 
45 -0.23120878729328054 
46 -0.23120877278305327 
47 -0.23120877561584077 
48 -0.2312087848806558 
49 -0.23120879077151155 
50 -0.231208789414417 
51 -0.23120878614816257 
52 -0.23120878533177724 
53 -0.2312087855784125 
54 -0.23120878745246687 
55 -0.23120878822437868 
56 -0.2312087850302702 
57 -0.23120878765277159 
58 -0.2312087862722368 
59 -0.23120878670332956 
60 -0.2312087858335521 
61 -0.2312087855655816 
62 -0.23120878558980296 
63 -0.23120878561152997 
64 -0.23120878561513117 
65 -0.23120878558153415 
66 -0.23120878562533248 
67 -0.23120878559944097 
68 -0.23120878559539806 
69 -0.2312087856153733 
70 -0.23120878561365243 
71 -0.23120878561162317 
72 -0.23120878561217023 
73 -0.23120878562029712 
74 -0.2312087856063701 
75 -0.2312087856217098 
76 -0.23120878562162808 
77 -0.23120878561679348 
78 -0.23120878569796538 
79 -0.2312087852721993 
80 -0.23120878514585025 
81 -0.23120878574005405 
82 -0.23120878566886963 
83 -0.2312087856174065 
84 -0.23120878560658623 
85 -0.23120878561307961 
86 -0.23120878561457853 
87 -0.2312087856104699 
88 -0.2312087856014936 
89 -0.23120878561094868 
90 -0.23120878562852298 
91 -0.2312087855916936 
92 -0.23120878556417215 
93 -0.23120878643149917 
94 -0.231208785209358 
95 -0.2312087833816534 
96 -0.23120878636764602 
97 -0.23120878610324827 
98 -0.23120878561282499 
99 -0.2312087891012944 
100 -0.23120878835826056 
101 -0.2312087858831789 
102 -0.2312087925726103 
103 -0.2312087841631321 
104 -0.23120878665091424 
105 -0.23120879239843206 
106 -0.23120877742767038 
107 -0.23120873099342173 
108 -0.23120879195335003 
109 -0.23120919785564875 
110 -0.23120918498670165 
111 -0.23120567901651254 
112 -0.2312000815386149 
113 -0.23122317447179852 
114 -0.23134534667765763 
115 -0.23143423550007 
116 -0.22961122144308382 
117 -0.2258909154847435 
