2 0.0005101339609879017 
3 -4.047007556152631e-05 
4 4.848627659293162e-06 
5 -6.235983272570199e-07 
6 4.142312752690311e-08 
7 -2.4616981246032735e-09 
8 -9.442822251734578e-11 
9 -4.776649322493445e-11 
10 2.6461445477953473e-10 
11 -5.733063186412753e-10 
12 -2.7220696563826453e-09 
13 -3.151828164573936e-10 
14 -1.1824356362389695e-09 
15 -1.7942236125089778e-08 
16 3.2256553375850823e-09 
17 1.0639675031716299e-08 
18 -2.124982701703108e-09 
19 1.4648095703797698e-09 
20 1.1932437843683075e-09 
21 8.22535834027826e-09 
22 -1.1346975984099633e-09 
23 -2.3489413714791624e-09 
24 -9.215253416955083e-10 
25 8.638465766779035e-11 
26 2.8423483802332745e-10 
27 -1.01689564996576e-10 
28 2.281944333174826e-10 
29 -4.4055059425552696e-10 
30 9.410762923469944e-12 
31 4.1884391014360007e-10 
32 -1.4894294383568794e-10 
33 9.583322703886946e-10 
34 4.857455638440452e-09 
35 -6.331877526839728e-10 
36 -1.390390593657345e-09 
37 -1.298256747202839e-08 
38 1.8474131196707773e-10 
39 -8.035270125913457e-11 
40 1.2041626530885246e-10 
41 -1.887121832500889e-09 
42 2.7057311123739295e-09 
43 3.1428099774521432e-09 
44 1.4607177536146194e-10 
45 9.659431524872908e-09 
46 1.2931444097522354e-09 
47 -3.845389582679808e-09 
48 -1.7849420426199064e-09 
49 2.0363666428129698e-10 
50 8.383372091560548e-12 
51 -1.0057979126042765e-10 
52 -6.817012480174312e-11 
53 -1.7178058576872552e-09 
54 -9.54540202125411e-11 
55 9.39615542894618e-11 
56 -2.423077307484599e-09 
57 -2.398647041696077e-08 
58 2.7618920289738605e-09 
59 -4.827704729252324e-10 
60 3.095290054626895e-11 
61 1.142109449495665e-09 
62 5.354924209808635e-09 
63 -8.170194579513366e-10 
64 6.061613472923196e-11 
65 -7.328886678339751e-12 
66 3.077757499250381e-11 
67 -5.275855110067122e-10 
68 -2.1009904930814266e-09 
69 2.394340621501205e-10 
70 1.211447724394046e-09 
71 -1.0121728395991648e-10 
72 1.9750730615219015e-10 
73 1.4521025915894029e-09 
74 1.0880711555637532e-09 
75 -2.484267859232468e-11 
76 -4.672804082313122e-10 
77 8.373798045208172e-10 
78 2.478198022349717e-10 
79 3.0113455186384084e-09 
80 1.7245943748936995e-09 
81 1.127566021364488e-08 
82 -1.061103778362716e-09 
83 1.4689887948321106e-10 
84 -5.862703087736399e-10 
85 -2.217473855166529e-09 
86 -1.800149811776044e-10 
87 -2.3156678577795686e-09 
88 4.3418989080316146e-10 
89 3.3663526444294947e-10 
90 -2.2521777812536748e-11 
91 4.702016788187378e-11 
92 7.95864356727902e-12 
93 -2.3134267271485688e-11 
94 -7.83062044435095e-11 
95 -4.009096020969166e-11 
96 -1.4660689946135926e-09 
97 1.287474626477276e-10 
98 7.975199660188762e-11 
99 -1.4040532648009486e-11 
100 -9.13892828610803e-11 
101 -4.2875677757467114e-10 
102 5.656000586601674e-10 
103 -2.0588801629832986e-09 
104 1.2072506554725818e-09 
105 -8.690272164252034e-09 
106 -1.049022800405927e-08 
107 -5.711945299537719e-09 
108 2.6977176168664444e-09 
109 -2.6647045854299397e-09 
110 1.1004301605484384e-10 
111 -3.6020038232222334e-11 
112 1.4986652901108536e-09 
113 4.117495058060695e-09 
114 2.441820076926307e-09 
115 4.1634272879301e-10 
116 -1.8133101635309207e-10 
117 1.5813292756306737e-10 
118 1.4508456644140054e-09 
119 -2.9504446826053814e-11 
120 -4.7860472894630934e-11 
121 -3.6224536580251326e-10 
122 5.7093019887274555e-12 
123 2.776325927474511e-12 
124 -3.0521715762288777e-10 
125 1.1870687349816667e-11 
126 -2.2260157140430303e-13 
127 6.1286899014778266e-12 
128 -1.676890877052767e-12 
129 1.2610005499825848e-11 
130 2.0781659211269864e-11 
131 1.3012295481882634e-10 
132 -1.2426375989914569e-10 
133 1.5257855898091206e-09 
134 7.739899662912987e-10 
135 -4.654068508365573e-10 
136 1.2799159516947407e-10 
137 1.1117413078727667e-10 
138 -9.904738682019419e-10 
139 -4.759552756154942e-10 
140 -7.930199293595905e-11 
141 -3.867338218392308e-12 
142 2.6965896595821156e-09 
143 1.8394961213973301e-09 
144 5.908358964450295e-10 
145 -4.1961920481627147e-10 
146 5.664490685618969e-11 
147 -4.3698535813051786e-10 
148 -2.2259145208694616e-09 
149 2.042019353306026e-10 
150 1.2167327171019268e-12 
151 -4.5726249631178486e-11 
152 2.863268447720627e-10 
153 9.208911748651058e-11 
154 -4.3813563252704103e-10 
155 -2.2456430585228675e-10 
156 2.142122867305521e-10 
157 -2.471992566495035e-10 
158 -5.56349837180242e-09 
159 1.0339901375973852e-11 
160 5.319370002226181e-12 
161 -2.8901631284116352e-11 
162 4.030528251861154e-10 
163 -1.1019123652595573e-09 
164 -5.795594463199758e-09 
165 4.692615913611482e-09 
166 -2.897204377993031e-10 
167 1.540891195269466e-10 
168 -2.877642488112505e-10 
169 3.7056796995880304e-10 
170 -2.169015885722783e-11 
171 -6.778400765405864e-11 
172 -5.438933837951586e-10 
173 7.516731232474392e-11 
174 -2.438894713759596e-11 
175 5.6512060873124964e-11 
176 3.434911966720226e-11 
177 -3.089573822886532e-11 
178 6.377690764288123e-10 
179 -6.506819178008703e-09 
180 -2.6955830466376323e-08 
181 5.114376853994697e-09 
182 1.1291185759873175e-09 
183 5.7214984330012304e-09 
184 -3.480028246756189e-09 
185 -8.957718407000219e-09 
186 1.607846002983282e-09 
187 -1.0677054697329697e-09 
188 5.1767300788589425e-09 
189 1.4234192324587454e-08 
190 -3.5041423090583963e-09 
191 8.724633523016196e-10 
192 -3.4681930182028964e-09 
193 3.59211962504746e-08 
194 -6.204001032322029e-07 
195 4.846010284293226e-06 
196 -4.047030063006483e-05 
197 0.0005101339810730075 
