2 -0.958300942970309 
3 0.9555059854233756 
4 -0.9525462320139177 
5 0.9499508378204203 
6 -0.9463705097504973 
7 0.9413426621585875 
8 -0.9347248970609738 
9 0.926439128691416 
10 -0.9163735749683293 
11 0.9043911800111679 
12 -0.890368339379052 
13 0.8742127298847244 
14 -0.8558586751477397 
15 0.8352587130241405 
16 -0.812380992789641 
17 0.7872115054077446 
18 -0.7597575732216367 
19 0.7300495763484796 
20 -0.6981386878748248 
21 0.6640922437317228 
22 -0.627992139678262 
23 0.5899381838619193 
24 -0.5500503428949938 
25 0.5084645129494243 
26 -0.46532594195705934 
27 0.4207883996085426 
28 -0.3750187294180493 
29 0.3281974977021604 
30 -0.2805120392640961 
31 0.23215059019372272 
32 -0.18330392041101753 
33 0.13416936096960871 
34 -0.08494916839531355 
35 0.03584294333424118 
36 0.012955078786357505 
37 -0.06125354452120814 
38 0.10886136440598469 
39 -0.15559121264588877 
40 0.20126435880286617 
41 -0.24571063644023688 
42 0.2887660779057357 
43 -0.33027329481028667 
44 0.370084078255563 
45 -0.40805854904277167 
46 0.444067850037428 
47 -0.4779912709371992 
48 0.5097186280216641 
49 -0.5391509242494977 
50 0.5661957870145392 
51 -0.5907653167362699 
52 0.612789300298572 
53 -0.6322017240855174 
54 0.6489543638066813 
55 -0.6629922686811871 
56 0.6742741439993092 
57 -0.6827764638544035 
58 0.6884696462319518 
59 -0.6913382668763004 
60 0.6913798836733568 
61 -0.6885810131290024 
62 0.6829723123309913 
63 -0.6745496600377702 
64 0.6633668207303784 
65 -0.6494326605919336 
66 0.6327830042714094 
67 -0.6134675473404025 
68 0.5915576223486841 
69 -0.5671174750724373 
70 0.5401756800585893 
71 -0.5108250232844973 
72 0.47918889653481167 
73 -0.4453549615880148 
74 0.4094183347664856 
75 -0.37153633330520563 
76 0.33182155662965424 
77 -0.29039482323392773 
78 0.24741076088496208 
79 -0.20299898468692304 
80 0.15735984184812224 
81 -0.11066635454864311 
82 0.06309261223344753 
83 -0.014807090691020992 
84 -0.033988081076821566 
85 0.08311650006823726 
86 -0.13237362661632057 
87 0.18155161689890367 
88 -0.2304529753094022 
89 0.27887499116672 
90 -0.32662838595000565 
91 0.37351781091229336 
92 -0.419358775543555 
93 0.46397793817077543 
94 -0.5072015316436242 
95 0.5488749940737754 
96 -0.5888483852883263 
97 0.6269904323944144 
98 -0.6631813557628362 
99 0.697319776364315 
100 -0.7293213148770737 
101 0.7591159035373011 
102 -0.7866528265761829 
103 0.8119010335262882 
104 -0.8348515087839636 
105 0.8555180960091424 
106 -0.8739331569080808 
107 0.8901434872529008 
108 -0.9042138969303035 
109 0.9162370841762535 
110 -0.9263377962966309 
111 0.9346526417461133 
112 -0.9412930008490545 
113 0.9463380084066053 
114 -0.9499312226598245 
115 0.9525357332687705 
116 -0.9555012244710566 
117 0.9582992599056965 
