2 -0.9995557073380271 
3 0.9995494729600012 
4 -0.9995492842084753 
5 0.9995492892843751 
6 -0.9995492894366671 
7 0.9995492894354999 
8 -0.999549289435206 
9 0.9995492894352184 
10 -0.9995492894352395 
11 0.9995492894351816 
12 -0.9995492894352243 
13 0.9995492894350088 
14 -0.9995492894349512 
15 0.9995492894352773 
16 -0.9995492894352164 
17 0.9995492894352043 
18 -0.9995492894351853 
19 0.9995492894352223 
20 -0.9995492894348893 
21 0.9995492894352155 
22 -0.999549289435206 
23 0.9995492894351944 
24 -0.9995492894351844 
25 0.9995492894352555 
26 -0.9995492894350808 
27 0.9995492894348825 
28 -0.9995492894353262 
29 0.9995492894352149 
30 -0.9995492894352308 
31 0.9995492894352495 
32 -0.9995492894354616 
33 0.9995492894337713 
34 -0.9995492894335004 
35 0.9995492894351875 
36 -0.999549289435197 
37 0.9995492894352017 
38 -0.999549289435208 
39 0.9995492894352 
40 -0.9995492894352003 
41 0.9995492894351993 
42 -0.9995492894351689 
43 0.9995492894351975 
44 -0.9995492894352266 
45 0.9995492894352156 
46 -0.9995492894352701 
47 0.9995492894351656 
48 -0.9995492894352074 
49 0.9995492894351763 
50 -0.9995492894351452 
51 0.9995492894348548 
52 -0.9995492894355112 
53 0.9995492894351918 
54 -0.9995492894352275 
55 0.9995492894352 
56 -0.9995492894352138 
57 0.9995492894355905 
58 -0.9995492894351876 
59 0.999549289435198 
60 -0.9995492894351699 
61 0.9995492894353881 
62 -0.9995492894372577 
63 0.9995492894351962 
64 -0.9995492894351673 
65 0.9995492894352025 
66 -0.999549289434942 
67 0.9995492894375085 
68 -0.9995492894387425 
69 0.999549289435217 
70 -0.9995492894351888 
71 0.9995492894353366 
72 -0.9995492894348404 
73 0.9995492894368884 
74 -0.9995492894423065 
75 0.9995492894008071 
76 -0.999549289242453 
77 0.999549289434169 
78 -0.9995492894351807 
79 0.999549289435168 
80 -0.9995492894352203 
81 0.999549289435334 
82 -0.9995492894351714 
83 0.9995492894354944 
84 -0.9995492894354044 
85 0.9995492894351938 
86 -0.9995492894350171 
87 0.9995492894358441 
88 -0.9995492894355634 
89 0.9995492894351934 
90 -0.9995492894352811 
91 0.9995492894351953 
92 -0.999549289435226 
93 0.9995492894376344 
94 -0.999549289442615 
95 0.9995492894102397 
96 -0.9995492894337645 
97 0.9995492894351306 
98 -0.9995492894351513 
99 0.9995492894352084 
100 -0.9995492894351754 
101 0.9995492894352013 
102 -0.9995492894351995 
103 0.9995492894351995 
104 -0.9995492894352075 
105 0.9995492894351876 
106 -0.9995492894351609 
107 0.9995492894351659 
108 -0.9995492894351047 
109 0.9995492894351985 
110 -0.9995492894351977 
111 0.9995492894352525 
112 -0.9995492894353093 
113 0.9995492894342661 
114 -0.999549289435208 
115 0.9995492894352084 
116 -0.9995492894353116 
117 0.9995492894354251 
118 -0.9995492894350962 
119 0.9995492894269314 
120 -0.9995492894415883 
121 0.9995492894350719 
122 -0.9995492894352123 
123 0.9995492894352148 
124 -0.9995492894352435 
125 0.9995492894351399 
126 -0.9995492894352089 
127 0.9995492894352049 
128 -0.9995492894352007 
129 0.9995492894351988 
130 -0.9995492894351895 
131 0.9995492894351821 
132 -0.9995492894351915 
133 0.999549289435239 
134 -0.9995492894353495 
135 0.9995492894352058 
136 -0.9995492894352022 
137 0.9995492894352005 
138 -0.999549289435187 
139 0.9995492894351432 
140 -0.9995492894351685 
141 0.9995492894351986 
142 -0.9995492894351387 
143 0.9995492894351538 
144 -0.9995492894351924 
145 0.9995492894352005 
146 -0.999549289435195 
147 0.9995492894351471 
148 -0.9995492894351756 
149 0.9995492894347184 
150 -0.9995492894354036 
151 0.9995492894406083 
152 -0.9995492894350914 
153 0.9995492894351344 
154 -0.9995492894352078 
155 0.9995492894352115 
156 -0.9995492894351999 
157 0.9995492894351886 
158 -0.9995492894351857 
159 0.9995492894353183 
160 -0.9995492894352451 
161 0.9995492894351322 
162 -0.9995492894350588 
163 0.9995492894351881 
164 -0.9995492894352467 
165 0.9995492894345936 
166 -0.999549289433884 
167 0.999549289435231 
168 -0.9995492894352012 
169 0.9995492894352126 
170 -0.9995492894352069 
171 0.9995492894352074 
172 -0.999549289435213 
173 0.9995492894350935 
174 -0.999549289435193 
175 0.9995492894351908 
176 -0.9995492894351589 
177 0.9995492894355438 
178 -0.9995492894342478 
179 0.9995492894352292 
180 -0.9995492894351998 
181 0.9995492894352013 
182 -0.9995492894352016 
183 0.9995492894352 
184 -0.9995492894351924 
185 0.9995492894352003 
186 -0.9995492894352238 
187 0.9995492894352018 
188 -0.9995492894351931 
189 0.9995492894351099 
190 -0.9995492894351025 
191 0.9995492894352018 
192 -0.9995492894355271 
193 0.9995492894361937 
194 -0.9995492891456744 
195 0.9995492841087686 
196 -0.9995494729572022 
197 0.9995557073421744 
