2 0.32548271302747833 
3 0.19127530060659692 
4 0.11249048794289318 
5 0.06616732694149977 
6 0.03892140797424075 
7 0.022894857319810693 
8 0.013467548576035781 
9 0.007922085250310648 
10 0.004660050328889054 
11 0.002741207147772439 
12 0.0016124763643763362 
13 0.0009485189660795035 
14 0.0005579574311200264 
15 0.00032821909124525206 
16 0.00019308538216078475 
17 0.00011360576337809958 
18 6.687122355064634e-05 
19 3.941115986616506e-05 
20 2.331062582006105e-05 
21 1.3928916807237623e-05 
22 8.561932303918773e-06 
23 5.6627419668942025e-06 
24 4.395729120698633e-06 
25 4.395694624792501e-06 
26 5.6626427131223345e-06 
27 8.56176002563512e-06 
28 1.39286766766684e-05 
29 2.3310327949724186e-05 
30 3.9410837073322574e-05 
31 6.687093934162948e-05 
32 0.00011360560573861767 
33 0.00019308541678252078 
34 0.0003282192593709876 
35 0.0005579574763498463 
36 0.0009485187315191879 
37 0.001612476567722343 
38 0.00274120707783064 
39 0.004660050337431873 
40 0.007922085244906087 
41 0.013467548568008669 
42 0.0228948573056142 
43 0.03892140795069007 
44 0.06616732690749655 
45 0.11249048791054889 
46 0.1912753005802105 
47 0.32548271301028764 
