0.0 
51.70762485310306 
50.11239009360727 
47.23090184679017 
46.16116487790125 
42.76234698537151 
41.68907240669743 
38.29264513937195 
37.217874107412364 
33.81192753715019 
32.737736486184865 
29.3340125110968 
28.259302837504002 
24.854570095327198 
23.780200660697343 
20.37565885211676 
19.301169443655997 
15.89659493350872 
14.822146770251123 
11.417569922224697 
10.343109540863264 
6.9385385773581945 
5.8640809367329805 
2.4595066182221603 
1.385048642621085 
-2.01952425637174 
-3.0939823344787385 
-6.498555748406094 
-7.573013721081924 
-10.977586975723971 
-12.05204500284621 
-15.456618298251524 
-16.531076303252657 
-19.93564959135684 
-21.01010760401923 
-24.41468089199777 
-25.48913890239093 
-28.893712191297155 
-29.968170202233786 
-33.37274349056924 
-34.44720150142596 
-37.851774790014225 
-38.926232800858315 
-42.33080608935318 
-43.40526410021453 
-46.80983738873902 
-47.88429539959094 
-51.28886868810757 
-52.36332669896342 
-55.76789998748157 
-56.842357998336084 
-60.246931286854206 
-61.321389297709075 
-64.72596258622706 
-65.80042059708178 
-69.20499388559982 
-70.27945189645465 
-73.68402518497268 
-74.75848319582748 
-78.16305648434569 
-79.23751449520053 
-82.64208778371855 
-83.7165457945734 
-87.12111908309144 
-88.19557709394637 
-91.60015038246446 
-92.67460839331925 
-96.07918168183734 
-97.15363969269214 
-100.55821298121026 
-101.63267099206512 
-105.03724428058325 
-106.11170229143816 
-109.51627557995624 
-110.59073359081104 
-113.99530687932922 
-115.06976489018393 
-118.47433817870206 
-119.5487961895568 
-122.95336947807482 
-124.02782748892955 
-127.43240077744758 
-128.5068587883023 
-131.91143207682035 
-132.98589008767513 
-136.3904633761933 
-137.46492138704807 
-140.86949467556607 
-141.94395268642083 
-145.3485259749389 
-146.42298398579365 
-149.82755727431177 
-150.90201528516653 
-154.3065885736846 
-155.38104658453946 
-158.78561987305753 
-159.86007788391245 
-163.26465117243046 
-164.33910918328522 
-167.74368247180323 
-168.81814048265858 
-172.2227137711751 
-173.297171782062 
-176.7017450705021 
-177.77620308280612 
-181.18077636722168 
-182.25523444397626 
-185.65980750793958 
-186.7342685368226 
-190.13882899853408 
-191.2134251062358 
-194.61719367571897 
-195.69724951349323 
-199.01937707432353 
-199.91404072056713 
-200.28169579588157 
-205.02884242227233 
-205.13079327118427 
-205.14353056273671 
-205.14579250859475 
-205.17401623531342 
-205.17575828499403 
-205.2047991294672 
-205.2065713671452 
-205.23550253676916 
-205.23727995780058 
-205.26619558802273 
-205.26796933471078 
-205.29688826622785 
-205.2986625852504 
-205.32757987112578 
-205.32935408735312 
-205.35827142196203 
-205.360045631931 
-205.38896295037017 
-205.3907371647594 
-205.4196544695938 
-205.4214286826388 
-205.45034598874597 
-205.4521202019316 
-205.48103750743925 
-205.48281172061283 
-205.5117290260732 
-205.51350323923887 
-205.54242054469879 
-205.54419475786634 
-205.57311206331914 
-205.57488627648624 
-205.60380358193893 
-205.60557779510614 
-205.63449510055884 
-205.636269313726 
-205.66518661917868 
-205.66696083234572 
-205.6958781377984 
-205.69765235096557 
-205.726569656418 
-205.7283438695853 
-205.75726117503777 
-205.75903538820486 
-205.78795269365742 
-205.78972690682434 
-205.81864421227692 
-205.82041842544368 
-205.84933573089623 
-205.85110994406327 
-205.88002724951585 
-205.8818014626828 
-205.9107187681353 
-205.91249298130228 
-205.94141028675492 
-205.9431844999219 
-205.97210180537456 
-205.97387601854152 
-206.0027933239939 
-206.0045675371607 
-206.03348484261323 
-206.03525905578027 
-206.06417636123294 
-206.06595057440006 
-206.09486787985256 
-206.09664209301965 
-206.12555939847232 
-206.12733361163913 
-206.15625091709117 
-206.15802513025818 
-206.18694243571335 
-206.1887166488801 
-206.2176339543253 
-206.2194081674924 
-206.24832547296444 
-206.25009968613142 
-206.2790169915423 
-206.28079120470747 
-206.30970851021956 
-206.3114827233945 
-206.34040002888239 
-206.34217424202146 
-206.3710915467695 
-206.37286576002072 
-206.40178306900307 
-206.40355728195172 
-206.43247457427864 
-206.43424878790833 
-206.46316613439654 
-206.46494034692384 
-206.493857542152 
-206.49563175479244 
-206.5245493053375 
-206.52632352697782 
-206.55524044550904 
-206.55701461827076 
-206.58593193034366 
-206.58770629523076 
-206.6166270588898 
-206.61840079648786 
-206.64729977198544 
-206.649075184 
-206.67806150089226 
-206.6798331646314 
-206.7085189717328 
-206.71029977332896 
-206.73987428468607 
-206.74165571735077 
-206.76948774224795 
-206.77133044834352 
-206.80597154838617 
-206.80730323291414 
-206.84926712420426 
-206.85413633165405 
-206.85419703422934 
-206.85419703422946 
-212.4936712751749 
-212.54657099515828 
-212.5475877570973 
-212.5480276438165 
-212.54808894027119 
-212.54815939284637 
-212.548226820184 
-212.54826974051028 
-212.54832948631324 
-212.54837744115625 
-212.54843734316367 
-212.5484834155028 
-212.54854293931245 
-212.54858992419764 
-212.5486494212856 
-212.5486961019673 
-212.5487556199246 
-212.54880238877377 
-212.548861898468 
-212.54890864105792 
-212.54896815234608 
-212.5490148996865 
-212.5490744104358 
-212.54912115763975 
-212.54918066838272 
-212.5492274150922 
-212.54928692585818 
-212.54933367289098 
-212.54939318363822 
-212.54943993052157 
-212.54949944127657 
-212.5495461882161 
-212.54960569896784 
-212.54965244588905 
-212.54971195664208 
-212.54975870356827 
-212.54981821432082 
-212.5498649612458 
-212.54992447199865 
-212.54997121892396 
-212.55003072967688 
-212.55007747660213 
-212.55013698735522 
-212.55018373428064 
-212.55024324503344 
-212.55028999195864 
-212.5503495027115 
-212.5503962496367 
-212.55045576038955 
-212.5505025073148 
-212.55056201806772 
-212.5506087649928 
-212.5506682757456 
-212.55071502267103 
-212.55077453342383 
-212.55082128034886 
-212.55088079110166 
-212.55092753802705 
-212.55098704877994 
-212.55103379570528 
-212.55109330645806 
-212.5511400533832 
-212.55119956413583 
-212.5512463110608 
-212.55130582181343 
-212.55135256873862 
-212.55141207949143 
-212.55145882641668 
-212.55151833716943 
-212.55156508409456 
-212.5516245948476 
-212.5516713417728 
-212.55173085252548 
-212.5517775994507 
-212.5518371102033 
-212.55188385712884 
-212.5519433678812 
-212.55199011480633 
-212.5520496255592 
-212.55209637248444 
-212.55215588323725 
-212.55220263016244 
-212.55226214091525 
-212.55230888784033 
-212.55236839859307 
-212.55241514551847 
-212.5524746562712 
-212.5525214031965 
-212.55258091394907 
-212.55262766087432 
-212.55268717162758 
-212.5527339185543 
-212.5527934293089 
-212.5528401762364 
-212.55289968698983 
-212.55294643393992 
-212.5530059447611 
-212.55305269183137 
-212.55311220254978 
-212.55315894969888 
-212.5532184610718 
-212.55326521151684 
-212.55332472729745 
-212.55337147914784 
-212.5534309845656 
-212.5534777493801 
-212.55353741452208 
-212.55358453090716 
-212.5536441713854 
-212.55369107473638 
-212.55375073723002 
-212.55380592223892 
-212.55388010335886 
-212.55394723620785 
-212.55394735923517 
-212.55394735915428 
-212.55394735915394 
-212.55394735915394 
-212.55394735923483 
-212.55394735919467 
-212.55394774412147 
-212.55394830056468 
-212.5539488362136 
-212.55394927891786 
-212.5539497115577 
-212.55395014809963 
-212.55395056768796 
-212.5539509990406 
-212.5539514142968 
-212.55395184287957 
-212.5539522571631 
-212.55395268534136 
-212.55395309955472 
-212.55395352760993 
-212.55395394173732 
-212.5539543697694 
-212.55395478388132 
-212.5539552119089 
-212.55395562601757 
-212.55395605404308 
-212.55395646815103 
-212.55395689617617 
-212.55395731028395 
-212.55395773830892 
-212.5539581524165 
-212.55395858044156 
-212.553958994549 
-212.5539594225739 
-212.55395983668146 
-212.55396026470638 
-212.5539606788141 
-212.553961106839 
-212.5539615209464 
-212.55396194897148 
-212.55396236307902 
-212.55396279110388 
-212.55396320521132 
-212.55396363323652 
-212.55396404734395 
-212.55396447536876 
-212.5539648894762 
-212.55396531750105 
-212.55396573160866 
-212.5539661596334 
-212.55396657374078 
-212.55396700176573 
-212.55396741587313 
-212.55396784389805 
-212.5539682580056 
-212.55396868603057 
-212.55396910013835 
-212.5539695281632 
-212.55396994227053 
-212.55397037029522 
-212.5539707844027 
-212.55397121242768 
-212.55397162653497 
-212.55397205455992 
-212.55397246866764 
-212.55397289669256 
-212.55397331079988 
-212.55397373882502 
-212.55397415293257 
-212.55397458095737 
-212.55397499506464 
-212.55397542308972 
-212.55397583719724 
-212.55397626522225 
-212.55397667932962 
-212.55397710735437 
-212.55397752146163 
-212.5539779494865 
-212.5539783635941 
-212.5539787916193 
-212.5539792057268 
-212.55397963375165 
-212.5539800478592 
-212.55398047588417 
-212.5539808899916 
-212.5539813180164 
-212.5539817321238 
-212.55398216014882 
-212.55398257425597 
-212.55398300228083 
-212.5539834163886 
-212.55398384441352 
-212.5539842585213 
-212.5539846865464 
-212.55398510065376 
-212.5539855286788 
-212.55398594278756 
-212.5539863708136 
-212.55398678492455 
-212.55398721295535 
-212.55398762706457 
-212.5539880550987 
-212.55398846930066 
-212.55398889746326 
-212.55398931154755 
-212.5539897397217 
-212.5539901549541 
-212.55399058557404 
-212.55399100243352 
-212.55399143616788 
-212.55399186236363 
-212.55399230044674 
-212.55399278818626 
-212.55399341870788 
-212.5539939431607 
-212.55399394335586 
-212.55399394345807 
-212.55399394342788 
-212.553993943428 
-212.553993943428 
-212.55399394345818 
-212.5539939434766 
-212.5539939434278 
-212.55399394473088 
-212.55399394685637 
-212.55399394959858 
-212.55399395187376 
-212.55399395383418 
-212.5539939558909 
-212.55399395775493 
-212.55399395979512 
-212.55399396164216 
-212.55399396363853 
-212.5539939654751 
-212.55399396746535 
-212.55399396930014 
-212.5539939712904 
-212.55399397312374 
-212.55399397511343 
-212.55399397694666 
-212.55399397893635 
-212.55399398076955 
-212.55399398275952 
-212.55399398459284 
-212.55399398658247 
-212.55399398841584 
-212.55399399040576 
-212.5539939922389 
-212.5539939942287 
-212.5539939960622 
-212.553993998052 
-212.55399399988536 
-212.55399400187522 
-212.55399400370877 
-212.55399400569857 
-212.55399400753205 
-212.5539940095219 
-212.5539940113555 
-212.55399401334498 
-212.55399401517835 
-212.55399401716804 
-212.5539940190012 
-212.5539940209912 
-212.5539940228247 
-212.55399402481456 
-212.55399402664776 
-212.55399402863762 
-212.55399403047107 
-212.5539940324609 
-212.5539940342941 
-212.55399403628357 
-212.5539940381171 
-212.55399404010674 
-212.55399404194003 
-212.55399404392986 
-212.55399404576335 
-212.55399404775315 
-212.55399404958663 
-212.55399405157672 
-212.55399405341032 
-212.55399405540004 
-212.55399405723378 
-212.55399405922353 
-212.55399406105707 
-212.55399406304684 
-212.55399406488064 
-212.55399406687067 
-212.55399406870433 
-212.5539940706943 
-212.55399407252773 
-212.55399407451768 
-212.55399407635107 
-212.553994078341 
-212.55399408017442 
-212.55399408216422 
-212.55399408399782 
-212.55399408598745 
-212.55399408782094 
-212.55399408981086 
-212.55399409164434 
-212.55399409363432 
-212.55399409546746 
-212.5539940974572 
-212.55399409929046 
-212.55399410128038 
-212.55399410311384 
-212.55399410510373 
-212.5539941069371 
-212.5539941089269 
-212.55399411076021 
-212.55399411274985 
-212.5539941145832 
-212.55399411657302 
-212.55399411840645 
-212.55399412039642 
-212.55399412223014 
-212.55399412421988 
-212.55399412605377 
-212.5539941280447 
-212.55399412987973 
-212.55399413187305 
-212.55399413371933 
-212.55399413572874 
-212.55399413758826 
-212.55399413962377 
-212.55399414158796 
-212.55399414387907 
-212.55399414614658 
-212.5539941486534 
-212.55399415056408 
-212.5539941509132 
-212.5539941509625 
-212.55399415099714 
-212.55399415096682 
-212.55399415096704 
-212.55399415096684 
-212.5539941509971 
-212.55399415101553 
-212.5539941509666 
-212.553994151042 
-212.55399415104856 
-212.5539941510858 
-212.55399415110017 
-212.5539941511179 
-212.55399415113405 
-212.5539941511348 
-212.55399415113706 
-212.55399415114042 
-212.5539941511431 
-212.55399415114604 
-212.5539941511488 
-212.55399415115232 
-212.5539941511552 
-212.55399415115878 
-212.5539941511615 
-212.55399415116463 
-212.5539941511675 
-212.55399415117066 
-212.55399415117375 
-212.55399415117702 
-212.55399415118004 
-212.55399415118313 
-212.5539941511861 
-212.55399415118936 
-212.55399415119243 
-212.5539941511956 
-212.55399415119885 
-212.55399415120226 
-212.55399415120533 
-212.55399415120868 
-212.5539941512117 
-212.5539941512148 
-212.55399415121778 
-212.55399415122116 
-212.55399415122415 
-212.55399415122744 
-212.55399415123034 
-212.55399415123387 
-212.55399415123713 
-212.55399415124046 
-212.55399415124336 
-212.5539941512467 
-212.55399415124973 
-212.55399415125274 
-212.55399415125558 
-212.55399415125893 
-212.55399415126178 
-212.55399415126536 
-212.55399415126826 
-212.5539941512716 
-212.55399415127468 
-212.55399415127798 
-212.55399415128093 
-212.5539941512843 
-212.5539941512873 
-212.5539941512907 
-212.55399415129372 
-212.5539941512973 
-212.5539941513002 
-212.5539941513037 
-212.55399415130708 
-212.55399415131046 
-212.5539941513135 
-212.55399415131663 
-212.5539941513197 
-212.55399415132288 
-212.553994151326 
-212.5539941513294 
-212.5539941513324 
-212.55399415133596 
-212.55399415133908 
-212.55399415134238 
-212.5539941513454 
-212.5539941513487 
-212.55399415135165 
-212.55399415135486 
-212.55399415135795 
-212.55399415136137 
-212.55399415136446 
-212.5539941513679 
-212.55399415137092 
-212.55399415137416 
-212.55399415137705 
-212.55399415138032 
-212.55399415138314 
-212.55399415138655 
-212.55399415138967 
-212.5539941513929 
-212.5539941513958 
-212.55399415139917 
-212.5539941514022 
-212.5539941514055 
-212.55399415140846 
-212.55399415141224 
-212.55399415141503 
-212.55399415141855 
-212.55399415142196 
-212.55399415142577 
-212.55399415142878 
-212.55399415143356 
-212.55399415143947 
-212.55399415144794 
-212.55399415147562 
-212.5539941515067 
-212.55399415151555 
-212.55399415153224 
-212.55399415145675 
-212.55399415150563 
-212.5539941514872 
-212.5539941514567 
-212.55399415145672 
-212.55399415145683 
-212.5539941514873 
-212.55399415150578 
-212.55399415145686 
-212.55399415153255 
-212.5539941515183 
-212.55399415153258 
-212.55399415152564 
-212.55399415152039 
-212.55399415153275 
-212.55399415152945 
-212.55399415152843 
-212.55399415152843 
-212.55399415152812 
-212.55399415152786 
-212.55399415152775 
-212.55399415152763 
-212.55399415152746 
-212.55399415152752 
-212.55399415152746 
-212.55399415152743 
-212.55399415152746 
-212.55399415152755 
-212.55399415152763 
-212.55399415152755 
-212.55399415152758 
-212.5539941515277 
-212.55399415152792 
-212.55399415152803 
-212.55399415152814 
-212.5539941515281 
-212.55399415152786 
-212.5539941515278 
-212.55399415152792 
-212.55399415152814 
-212.55399415152834 
-212.55399415152831 
-212.5539941515284 
-212.55399415152826 
-212.55399415152814 
-212.55399415152806 
-212.55399415152792 
-212.55399415152792 
-212.55399415152792 
-212.55399415152772 
-212.55399415152814 
-212.55399415152831 
-212.55399415152837 
-212.55399415152834 
-212.55399415152831 
-212.55399415152854 
-212.55399415152837 
-212.5539941515283 
-212.55399415152837 
-212.55399415152814 
-212.55399415152817 
-212.55399415152806 
-212.55399415152792 
-212.55399415152792 
-212.55399415152775 
-212.55399415152763 
-212.55399415152763 
-212.5539941515277 
-212.5539941515276 
-212.55399415152766 
-212.55399415152775 
-212.55399415152752 
-212.5539941515277 
-212.55399415152775 
-212.5539941515278 
-212.55399415152797 
-212.55399415152792 
-212.55399415152786 
-212.55399415152786 
-212.55399415152814 
-212.55399415152786 
-212.55399415152792 
-212.55399415152775 
-212.55399415152758 
-212.55399415152763 
-212.5539941515278 
-212.5539941515276 
-212.5539941515277 
-212.55399415152746 
-212.5539941515274 
-212.55399415152735 
-212.5539941515277 
-212.5539941515276 
-212.5539941515277 
-212.5539941515278 
-212.5539941515279 
-212.55399415152797 
-212.55399415152792 
-212.553994151528 
-212.5539941515282 
-212.55399415152826 
-212.55399415152866 
-212.55399415152854 
-212.55399415152866 
-212.55399415152866 
-212.55399415152894 
-212.5539941515293 
-212.55399415152985 
-212.55399415152996 
-212.55399415153127 
-212.5539941515342 
-212.55399415152183 
-212.5539941515269 
-212.55399415153363 
-212.55399415151876 
-212.55399415153275 
-212.55399415145686 
-212.55399415150586 
-212.55399415148736 
-212.553994151457 
-212.55399415145706 
-212.5539941514572 
-212.55399415148776 
-212.55399415150637 
-212.55399415145743 
-212.55399415153337 
-212.5539941515194 
-212.55399415153428 
-212.55399415152746 
-212.55399415152246 
-212.5539941515348 
-212.55399415153136 
-212.55399415153002 
-212.55399415152985 
-212.55399415152937 
-212.55399415152914 
-212.55399415152905 
-212.55399415152888 
-212.5539941515287 
-212.55399415152888 
-212.55399415152831 
-212.55399415152843 
-212.5539941515283 
-212.55399415152826 
-212.55399415152826 
-212.55399415152826 
-212.55399415152814 
-212.55399415152812 
-212.55399415152826 
-212.55399415152812 
-212.55399415152777 
-212.55399415152786 
-212.5539941515278 
-212.55399415152797 
-212.55399415152786 
-212.55399415152797 
-212.55399415152775 
-212.55399415152783 
-212.55399415152803 
-212.55399415152803 
-212.55399415152786 
-212.55399415152797 
-212.55399415152772 
-212.55399415152786 
-212.55399415152795 
-212.55399415152797 
-212.55399415152786 
-212.55399415152775 
-212.55399415152758 
-212.55399415152763 
-212.55399415152775 
-212.5539941515277 
-212.55399415152766 
-212.55399415152777 
-212.55399415152775 
-212.55399415152795 
-212.5539941515278 
-212.55399415152795 
-212.5539941515279 
-212.55399415152803 
-212.55399415152814 
-212.55399415152797 
-212.55399415152814 
-212.55399415152814 
-212.55399415152826 
-212.5539941515283 
-212.553994151528 
-212.55399415152792 
-212.5539941515279 
-212.55399415152792 
-212.5539941515278 
-212.55399415152758 
-212.55399415152775 
-212.5539941515277 
-212.5539941515278 
-212.5539941515278 
-212.55399415152775 
-212.55399415152775 
-212.55399415152792 
-212.55399415152792 
-212.55399415152786 
-212.55399415152772 
-212.55399415152758 
-212.55399415152763 
-212.55399415152746 
-212.55399415152763 
-212.55399415152763 
-212.55399415152758 
-212.55399415152735 
-212.55399415152715 
-212.5539941515273 
-212.55399415152735 
-212.55399415152746 
-212.55399415152735 
-212.55399415152746 
-212.55399415152746 
-212.55399415152743 
-212.5539941515277 
-212.55399415152792 
-212.55399415152786 
-212.55399415152803 
-212.5539941515282 
-212.55399415152866 
-212.5539941515289 
-212.55399415152917 
-212.55399415153028 
-212.5539941515336 
-212.55399415152098 
-212.5539941515264 
-212.55399415153326 
-212.55399415151854 
-212.5539941515324 
-212.55399415145664 
-212.5539941515055 
-212.55399415148702 
-212.55399415145678 
-212.55399415145666 
