2 3 0.00013839226835576422 
3 4 7.456035678618807e-06 
4 5 4.388130910082146e-06 
5 6 2.789731398854187e-06 
6 7 2.748365194342194e-06 
7 8 2.7370881094132182e-06 
8 9 2.7349304296197245e-06 
9 10 2.7346456090763234e-06 
10 11 2.734650621955762e-06 
11 12 2.7346587506406783e-06 
12 13 2.7346614828880476e-06 
13 14 2.7346440270369863e-06 
14 15 2.734646611691705e-06 
15 16 2.7346671578473697e-06 
16 17 2.7346584548674855e-06 
17 18 2.7346494551433967e-06 
18 19 2.7346490172635546e-06 
19 20 2.734650750535398e-06 
20 21 2.7346574363475046e-06 
21 22 2.734652390258824e-06 
22 23 2.734656854589205e-06 
23 24 2.734660615488895e-06 
24 25 2.7346497368264547e-06 
25 26 2.7346506956639724e-06 
26 27 2.7346498978134393e-06 
27 28 2.7346511238365383e-06 
28 29 2.7346508728997687e-06 
29 30 2.7346481071546773e-06 
30 31 2.73464934137535e-06 
31 32 2.734648279397232e-06 
32 33 2.734647591348952e-06 
33 34 2.7346500152410905e-06 
34 35 2.734648488171844e-06 
35 36 2.7346524389093236e-06 
36 37 2.734656372953001e-06 
37 38 2.734644400364605e-06 
38 39 2.7346683587730133e-06 
39 40 2.7346543822400095e-06 
40 41 2.7346472488505332e-06 
41 42 2.7346569777274975e-06 
42 43 2.734648369204863e-06 
43 44 2.734649580577115e-06 
44 45 2.7346504892929338e-06 
45 46 2.734649102402359e-06 
46 47 2.7346641607529867e-06 
47 48 2.734650041988106e-06 
48 49 2.734639524694553e-06 
49 50 2.7346549880586228e-06 
50 51 2.73465122449552e-06 
51 52 2.7346217392756053e-06 
52 53 2.7346492952903072e-06 
53 54 2.73465173970635e-06 
54 55 2.734650339723575e-06 
55 56 2.7346512248738842e-06 
56 57 2.7346494644935004e-06 
57 58 2.7346481284251535e-06 
58 59 2.7346654048661633e-06 
59 60 2.7346353015034447e-06 
60 61 2.734652005701099e-06 
61 62 2.7346591648055435e-06 
62 63 2.734649664995741e-06 
63 64 2.7346454535567387e-06 
64 65 2.7346479791168153e-06 
65 66 2.73464924112749e-06 
66 67 2.7346623373213917e-06 
67 68 2.7346504271366286e-06 
68 69 2.734648036743182e-06 
69 70 2.734649867712331e-06 
70 71 2.7346316799015678e-06 
71 72 2.734648871771824e-06 
72 73 2.73464934569679e-06 
73 74 2.7346477375705193e-06 
74 75 2.7346508372347405e-06 
75 76 2.7346467597273594e-06 
76 77 2.734651204663464e-06 
77 78 2.73464963752332e-06 
78 79 2.7346498697566334e-06 
79 80 2.7346466913101734e-06 
80 81 2.734649477698188e-06 
81 82 2.7346526046646797e-06 
82 83 2.7346519890059386e-06 
83 84 2.734648416429359e-06 
84 85 2.734650338273262e-06 
85 86 2.7346509107061403e-06 
86 87 2.734598122118527e-06 
87 88 2.734656194318361e-06 
88 89 2.734633010090997e-06 
89 90 2.734648414583143e-06 
90 91 2.73471702359719e-06 
91 92 2.7346630249215472e-06 
92 93 2.7346656944736364e-06 
93 94 2.734660528052565e-06 
94 95 2.734650768526236e-06 
95 96 2.7346505133961435e-06 
96 97 2.734649715436311e-06 
97 98 2.734644042360246e-06 
98 99 2.73464163254371e-06 
99 100 2.734643425319397e-06 
100 101 2.734649754033453e-06 
101 102 2.7346499951140634e-06 
102 103 2.7346502952805844e-06 
103 104 2.7346510215710374e-06 
104 105 2.7346486566871347e-06 
105 106 2.7346504290187524e-06 
106 107 2.7346507906604666e-06 
107 108 2.7346505674212127e-06 
108 109 2.734648607381231e-06 
109 110 2.7346543425263742e-06 
110 111 2.7346567743726296e-06 
111 112 2.73465207433363e-06 
112 113 2.7346343064403235e-06 
113 114 2.734661516129519e-06 
114 115 2.7346527061419873e-06 
115 116 2.73464637215494e-06 
116 117 2.7346503464479885e-06 
117 118 2.7346076657510436e-06 
118 119 2.734635957985321e-06 
119 120 2.7346517344214932e-06 
120 121 2.734653631133113e-06 
121 122 2.734649844955405e-06 
122 123 2.734650082527345e-06 
123 124 2.7346500766686813e-06 
124 125 2.7346501025203047e-06 
125 126 2.7346497708664393e-06 
126 127 2.7346501187661175e-06 
127 128 2.734650633109041e-06 
128 129 2.7346482083971115e-06 
129 130 2.7346504632174213e-06 
130 131 2.734650150259118e-06 
131 132 2.734650319602923e-06 
132 133 2.734650050491913e-06 
133 134 2.7346500998554306e-06 
134 135 2.73464998920389e-06 
135 136 2.7346501772727796e-06 
136 137 2.734649916765146e-06 
137 138 2.7346501123521147e-06 
138 139 2.734645116639892e-06 
139 140 2.7346501396284264e-06 
140 141 2.734651098059014e-06 
141 142 2.7346504274754456e-06 
142 143 2.7346550456338285e-06 
143 144 2.7346502951467777e-06 
144 145 2.7346504674677268e-06 
145 146 2.7346501410935177e-06 
146 147 2.7346500008232044e-06 
147 148 2.7346494847817284e-06 
148 149 2.7346357681058844e-06 
149 150 2.7346383060039924e-06 
150 151 2.7346495573450106e-06 
151 152 2.7346499850568266e-06 
152 153 2.734650010459546e-06 
153 154 2.734652374899778e-06 
154 155 2.7346514003243447e-06 
155 156 2.7346479942963094e-06 
156 157 2.734644428275044e-06 
157 158 2.734653565269626e-06 
158 159 2.7346212270922165e-06 
159 160 2.734645625217493e-06 
160 161 2.7346387155025857e-06 
161 162 2.734647693853412e-06 
162 163 2.7346498952574276e-06 
163 164 2.734651732232655e-06 
164 165 2.734653056408954e-06 
165 166 2.734650796148535e-06 
166 167 2.734647818786853e-06 
167 168 2.734645333569258e-06 
168 169 2.734650612757608e-06 
169 170 2.7346510243905165e-06 
170 171 2.7346498684770978e-06 
171 172 2.734649889537429e-06 
172 173 2.7346508640302e-06 
173 174 2.734649980072838e-06 
174 175 2.734647720142637e-06 
175 176 2.734652029658638e-06 
176 177 2.734647779866033e-06 
177 178 2.7346394142849187e-06 
178 179 2.7346817754024956e-06 
179 180 2.734658675762954e-06 
180 181 2.7346500111125638e-06 
181 182 2.734649997954056e-06 
182 183 2.7346502332098702e-06 
183 184 2.7346502977889983e-06 
184 185 2.734649917861529e-06 
185 186 2.7346526510799956e-06 
186 187 2.7346479123757906e-06 
187 188 2.7346513344611697e-06 
188 189 2.734650592965212e-06 
189 190 2.734586038335915e-06 
190 191 2.734834404081304e-06 
191 192 2.7370279201802434e-06 
192 193 2.7483341797283547e-06 
193 194 2.7896887433485525e-06 
194 195 4.388149605404167e-06 
195 196 7.45607736298814e-06 
196 197 0.00013839229538842638 
197 198 0.00014831142475447745 
