2 -0.32449718961527796 
3 -0.3268791342483645 
4 -0.3274469562209768 
5 -0.32756867806653805 
6 -0.3276000106252704 
7 -0.3276086764598632 
8 -0.3276111888317181 
9 -0.32761194240394426 
10 -0.32761217612656157 
11 -0.32761224830971425 
12 -0.32761227124873715 
13 -0.3276122786628122 
14 -0.32761228111211804 
15 -0.3276122819488158 
16 -0.3276122821615438 
17 -0.32761228223658084 
18 -0.32761228224056965 
19 -0.32761228230655454 
20 -0.32761228207025056 
21 -0.3276122828499283 
22 -0.32761228252246677 
23 -0.3276122824127462 
24 -0.32761228219467187 
25 -0.3276122822340603 
26 -0.3276122823006326 
27 -0.3276122822781607 
28 -0.3276122822816413 
29 -0.32761228228421163 
30 -0.32761228228689926 
31 -0.32761228228808464 
32 -0.3276122823119307 
33 -0.32761228228195466 
34 -0.32761228222144884 
35 -0.3276122823200449 
36 -0.3276122824342919 
37 -0.327612282377119 
38 -0.32761228231675843 
39 -0.32761228229039735 
40 -0.3276122822858319 
41 -0.3276122822897867 
42 -0.3276122822673938 
43 -0.32761228253153574 
44 -0.3276122821649197 
45 -0.3276122822058191 
46 -0.32761228231255013 
47 -0.3276122823617222 
48 -0.3276122823053256 
49 -0.327612282290721 
50 -0.32761228228693096 
51 -0.32761228228600936 
52 -0.3276122822858505 
53 -0.3276122822857845 
54 -0.32761228228568606 
55 -0.3276122822856576 
56 -0.3276122822856761 
57 -0.32761228228557315 
58 -0.3276122822857299 
59 -0.3276122822859727 
60 -0.3276122822891211 
61 -0.32761228228823863 
62 -0.32761228228264777 
63 -0.32761228228251144 
64 -0.3276122822768177 
65 -0.32761228204522413 
66 -0.32761228233245154 
67 -0.3276122825644053 
68 -0.3276122823800497 
69 -0.32761228231719086 
70 -0.32761228118474395 
71 -0.32761228060444714 
72 -0.32761228199294146 
73 -0.3276122842884018 
74 -0.3276122785076635 
75 -0.3276122802260782 
76 -0.32761228192552116 
77 -0.3276122821589036 
78 -0.3276122820903384 
79 -0.3276122803885277 
80 -0.32761228124417063 
81 -0.3276122819535038 
82 -0.32761228230651207 
83 -0.32761228196955455 
84 -0.3276122821698227 
85 -0.327612282187017 
86 -0.327612283284249 
87 -0.32761227561212675 
88 -0.3276122897512691 
89 -0.3276122857535863 
90 -0.3276122834824268 
91 -0.32761228255417996 
92 -0.3276122825162182 
93 -0.327612282357683 
94 -0.32761228248929847 
95 -0.32761228234979906 
96 -0.3276122822733307 
97 -0.3276122822883671 
98 -0.32761228223038175 
99 -0.32761228222797084 
100 -0.32761228225594297 
101 -0.32761228215621463 
102 -0.32761228272237614 
103 -0.3276122825576946 
104 -0.3276122823458441 
105 -0.3276122822990313 
106 -0.32761228228809086 
107 -0.32761228227066796 
108 -0.32761228227338957 
109 -0.3276122822575588 
110 -0.32761228227495065 
111 -0.3276122822955211 
112 -0.3276122822921325 
113 -0.3276122823007579 
114 -0.3276122823059818 
115 -0.32761228235914397 
116 -0.32761228228134215 
117 -0.3276122822745735 
118 -0.3276122822795562 
119 -0.32761228228068623 
120 -0.3276122822096795 
121 -0.32761228257216785 
122 -0.32761228209541354 
123 -0.3276122824704602 
124 -0.32761228217824634 
125 -0.3276122822232221 
126 -0.32761228226082445 
127 -0.3276122822766496 
128 -0.32761228228647615 
129 -0.32761228233317335 
130 -0.3276122822931888 
131 -0.32761228228712796 
132 -0.327612282286965 
133 -0.3276122822870828 
134 -0.3276122822799502 
135 -0.3276122822766111 
136 -0.3276122822814168 
137 -0.3276122822848759 
138 -0.3276122822829496 
139 -0.3276122823184905 
140 -0.32761228230245876 
141 -0.32761228217769267 
142 -0.32761227938923887 
143 -0.3276122817334461 
144 -0.32761228219769456 
145 -0.32761228227497136 
146 -0.3276122822859589 
147 -0.32761228228654893 
148 -0.3276122822868983 
149 -0.3276122822972758 
150 -0.32761228226034256 
151 -0.32761228228383266 
152 -0.3276122822864276 
153 -0.32761228229126355 
154 -0.32761228228217004 
155 -0.3276122822905021 
156 -0.327612282260486 
157 -0.32761228238651774 
158 -0.3276122823304681 
159 -0.3276122823025201 
160 -0.32761228229167766 
161 -0.3276122822856927 
162 -0.3276122822868121 
163 -0.327612282290654 
164 -0.32761228227814565 
165 -0.3276122821997306 
166 -0.3276122822204365 
167 -0.3276122822503662 
168 -0.3276122822714921 
169 -0.3276122822804358 
170 -0.32761228228375056 
171 -0.32761228228492706 
172 -0.32761228228545547 
173 -0.3276122822855542 
174 -0.3276122822859716 
175 -0.3276122822863047 
176 -0.3276122822835918 
177 -0.3276122822898422 
178 -0.32761228220949495 
179 -0.3276122822765765 
180 -0.3276122822800296 
181 -0.3276122822697872 
182 -0.3276122822558611 
183 -0.32761228232171336 
184 -0.3276122819111489 
185 -0.3276122810727903 
186 -0.32761227859742376 
187 -0.32761227103818846 
188 -0.3276122476645406 
189 -0.327612174461745 
190 -0.32761194161808144 
191 -0.32761118645409376 
192 -0.327608674906307 
193 -0.3276000103108499 
194 -0.327568678069319 
195 -0.32744695629679244 
196 -0.3268791341839686 
197 -0.3244971896501157 
