2 1.1449108379547491e-14 
3 1.793901078644128e-14 
4 -1.0699280228721753e-14 
5 1.6048665624653933e-15 
6 4.934006696389934e-14 
7 1.0307585241301716e-12 
8 -4.397655724449655e-14 
9 5.487378957211202e-15 
10 -9.029704033739507e-14 
11 -1.0199679867640433e-14 
12 3.0436629559077186e-14 
13 4.2851820457743226e-15 
14 3.0796634994219794e-14 
15 -1.1484326458063645e-14 
16 2.3740544700915067e-13 
17 -4.241435489791704e-14 
18 1.2984372198371916e-14 
19 -1.2389919197693448e-14 
20 -2.166163518253335e-14 
21 -3.793861235454055e-15 
22 1.533162077429329e-14 
23 -3.8763411315921616e-14 
24 3.9365754428704024e-14 
25 -1.913832894509278e-14 
26 -1.8635901538815994e-13 
27 -1.099425030480772e-14 
28 2.184846170894214e-14 
29 -1.862129245906544e-15 
30 -1.1508928169339343e-13 
31 3.8293628235380465e-14 
32 2.240357322125472e-14 
33 -1.3894674125802938e-15 
34 3.2590427958566127e-15 
35 -3.2752124587219433e-15 
36 7.650679759509136e-15 
37 -3.7385156742965565e-14 
38 -1.0375576300089245e-13 
39 -5.921000265167293e-14 
40 -6.594723229050902e-15 
41 4.2582435180192536e-15 
42 -1.0199679867640433e-14 
43 -1.3176599522756452e-14 
44 -1.6502424563270784e-13 
45 -1.1281330268789404e-14 
46 -4.264888973059188e-15 
47 1.446249077024396e-14 
48 -1.6818018896926457e-14 
49 4.729271255624385e-15 
50 -8.131240431653669e-14 
51 1.3693442067481165e-13 
52 7.206590549659073e-15 
53 1.2854301480258606e-14 
54 3.566827076226514e-16 
55 -1.9251585088766648e-13 
56 -5.358594101156954e-13 
57 -1.3841099241810434e-14 
58 3.782260049777534e-14 
59 1.2044326720496786e-13 
60 -2.512128108585e-12 
61 -3.546294896124343e-14 
62 1.653381768573017e-14 
63 3.480921810707889e-14 
64 1.2605318347578509e-14 
65 -1.2610307901881036e-15 
66 -6.832470939064455e-14 
67 9.147846747031976e-15 
68 4.141803292853943e-14 
69 -3.613860698384391e-14 
70 -1.9628405098348707e-14 
71 -2.949169533108167e-14 
72 -6.343510616163173e-14 
73 -3.1182032128535658e-15 
74 1.0082012110137963e-14 
75 4.492149147249179e-14 
76 -2.2465729827526036e-14 
77 -1.1438339514657782e-14 
78 -4.043203945112653e-13 
79 -1.3046528804643147e-14 
80 -3.4067280068357686e-14 
81 4.3470311428374826e-14 
82 -3.2005477360696855e-14 
83 1.1579179097660801e-14 
84 1.6357760024210998e-14 
85 1.0311946827167267e-14 
86 -1.143450299824811e-16 
87 5.9124197514104714e-15 
88 -4.342607464367844e-13 
89 3.5594264336420763e-14 
90 -7.549815993224326e-14 
91 -2.2308720581657657e-14 
92 1.3711047833633082e-13 
93 -3.322727519965453e-18 
94 6.119060033741085e-14 
95 -7.177265678336576e-14 
96 -6.612137548980578e-15 
97 4.5913104254068006e-15 
98 1.071004909361147e-14 
99 -4.1286717553362194e-14 
100 1.399763454718104e-12 
101 -1.6013924251933774e-14 
102 1.2575002111607545e-13 
103 -2.29098190373761e-14 
104 8.544677859674634e-14 
105 -3.363896349075124e-16 
106 -6.987738752939868e-14 
107 -5.679606281595705e-15 
108 1.9254566816819776e-13 
109 -5.839638379885484e-14 
110 -6.7422082670938844e-15 
111 9.591935956882038e-15 
112 -7.352830930637721e-15 
113 5.1660377012065627e-14 
114 6.215170422827189e-14 
115 -9.579532996271202e-15 
116 -2.2272257846077186e-14 
117 1.0688034658036072e-15 
