-9369.64237501523 
-9370.96138563797 
-9372.128291130066 
-9372.3392000305 
-9373.1407881045 
-9374.676363070623 
-9375.047791085808 
-9375.657298645196 
-9376.964042290681 
-9377.679140955193 
-9377.933796675126 
-9379.333029430592 
-9380.301166482881 
-9380.502745799193 
-9381.462438463142 
-9382.753981236228 
-9383.014875630297 
-9383.874337014771 
-9385.014990167323 
-9385.54796866535 
-9385.918136943006 
-9387.243668337165 
-9388.073667335057 
-9388.287614603974 
-9389.277582593408 
-9390.355111189505 
-9390.58668021795 
-9391.593444161977 
-9392.633841986595 
-9393.038744033518 
-9393.53669437365 
-9394.79390526114 
-9395.50809990447 
-9395.742590216907 
-9396.811241400574 
-9397.780807205321 
-9397.986807553183 
-9399.074876339086 
-9400.04960113489 
-9400.372816044828 
-9401.022019144 
-9402.20774435176 
-9402.832408741917 
-9403.100259562008 
-9404.248074804998 
-9405.121938684732 
-9405.309321196773 
-9406.5012117244 
-9407.595723481892 
-9407.904552623444 
-9408.5436725412 
-9409.975220715996 
-9410.8559811306 
-9411.25648287315 
-9413.01498192573 
-9414.515996466478 
-9415.417678502123 
-9415.417678502135 
-9415.41767850214 
-9415.417678502163 
-9415.417678502132 
-9415.448216638939 
-9415.488500672369 
-9415.522271467846 
-9415.547509815045 
-9415.601933198332 
-9415.661207568979 
-9415.699150839268 
-9415.75200528233 
-9415.81366946798 
-9415.866601090185 
-9415.911504061007 
-9415.974502690586 
-9416.021836681615 
-9416.069640332731 
-9416.131565662005 
-9416.193609097512 
-9416.24060425159 
-9416.305364054138 
-9416.370381942483 
-9416.427625314853 
-9416.48232336183 
-9416.555566060997 
-9416.606032712883 
-9416.66188024527 
-9416.739051080394 
-9416.803517232533 
-9416.855607287256 
-9416.934450563209 
-9417.0053204515 
-9417.073294266032 
-9417.137365172617 
-9417.215675439402 
-9417.272499320188 
-9417.331635919498 
-9417.424032010715 
-9417.488974906748 
-9417.544232655295 
-9417.63955352099 
-9417.717567555983 
-9417.78670357404 
-9417.864529686543 
-9417.955906787893 
-9418.027711450886 
-9418.092996238762 
-9418.202174950315 
-9418.27022782577 
-9418.325774446099 
-9418.433246035096 
-9418.510906006693 
-9418.580193861451 
-9418.672129201652 
-9418.750733492641 
-9418.82775242967 
-9418.873183189782 
-9418.873183189791 
-9419.242582874964 
-9420.532251962884 
-9421.364868655406 
-9421.579512800181 
-9422.641838053243 
-9423.805736853705 
-9424.02874213643 
-9425.099833626358 
-9426.175825191516 
-9426.614602908903 
-9427.019374237043 
-9428.299352594711 
-9429.01474118644 
-9429.22336133594 
-9430.330212920235 
-9431.382160956691 
-9431.569346830496 
-9432.732024115348 
-9433.727478366232 
-9434.104299020415 
-9434.59259980158 
-9435.827765131991 
-9436.494388607667 
-9436.721962895086 
-9437.782637744125 
-9438.757268637692 
-9438.956918724063 
-9440.153839869507 
-9441.106340180299 
-9441.426723576224 
-9442.023071154932 
-9443.21752775375 
-9443.825727723886 
-9444.079153033043 
-9445.183152901842 
-9446.085264520258 
-9446.279017737392 
-9447.4839670419 
-9448.405211808682 
-9448.683153070377 
-9449.410889003912 
-9450.553549726534 
-9451.11135870678 
-9451.397404751808 
-9452.556847859045 
-9453.3899036805 
-9453.574731613586 
-9454.83837272838 
-9455.890665670218 
-9456.17252589193 
-9456.85610049195 
-9458.25685719879 
-9459.081713597612 
-9459.501621043173 
-9461.246977685953 
-9462.73692560369 
-9463.634652252045 
-9463.634652252045 
-9463.634652252029 
-9463.634652252045 
-9463.634652252053 
-9463.66532540207 
-9463.705638736763 
-9463.73877109869 
-9463.76417808598 
-9463.817489732903 
-9463.876873299334 
-9463.915205000276 
-9463.965275148277 
-9464.026403922988 
-9464.076873196658 
-9464.120705815729 
-9464.182416604934 
-9464.229256639408 
-9464.276751151874 
-9464.333642213229 
-9464.396119793324 
-9464.442002770467 
-9464.499301851925 
-9464.563534526611 
-9464.614588908978 
-9464.666610951039 
-9464.737645744633 
-9464.786078025983 
-9464.841571732102 
-9464.908138277839 
-9464.97288727759 
-9465.022742556135 
-9465.086458414084 
-9465.154901128915 
-9465.21050471788 
-9465.26813097224 
-9465.34289901478 
-9465.393719284164 
-9465.452511921943 
-9465.527547582791 
-9465.592156906048 
-9465.644261184743 
-9465.714715890323 
-9465.789218162896 
-9465.843171870287 
-9465.895790742872 
-9465.98010771829 
-9466.032863242439 
-9466.095601942017 
-9466.184530594503 
-9466.249441024152 
-9466.304249110239 
-9466.38735943981 
-9466.466105110296 
-9466.522351636793 
-9466.589585227113 
-9466.684822127032 
-9466.749259368666 
-9466.827833182013 
-9466.96837114523 
-9467.062305035995 
-9467.238511997506 
-9467.259164218118 
-9467.282832030565 
-9467.305637243235 
-9467.319191980743 
-9467.33851576353 
-9467.358159135998 
-9467.371401539216 
-9467.389721163041 
-9467.407128376644 
-9467.419857301857 
-9467.434870192874 
-9467.450819826347 
-9467.465207429528 
-9467.477500766709 
-9467.49460948566 
-9467.511062757116 
-9467.523600225628 
-9467.54086292873 
-9467.558466385546 
-9467.569955272029 
-9467.586151797366 
-9467.602011632449 
-9467.614980715563 
-9467.627683152066 
-9467.642989355145 
-9467.658315212846 
-9467.670914951012 
-9467.688194046877 
-9467.706528965362 
-9467.717838027818 
-9467.733955029775 
-9467.750058442356 
-9467.761885666265 
-9467.775544304937 
-9467.790444040533 
-9467.803853098023 
-9467.816146781353 
-9467.831996939463 
-9467.848460807563 
-9467.859313386056 
-9467.873936857362 
-9467.887440245579 
-9467.897353668888 
-9467.91091158663 
-9467.925361079984 
-9467.936228874474 
-9467.948634342967 
-9467.965430096236 
-9467.979398606329 
-9467.992125038772 
-9468.001460377347 
-9468.009902253309 
-9468.01388102347 
-9468.013881023471 
-9468.013881023477 
-9468.013881023504 
-9468.013881023471 
-9468.013881023504 
-9468.013881023478 
-9468.013881023455 
-9468.013881023468 
-9468.013915829299 
-9468.014044005424 
-9468.014244787617 
-9468.014642365826 
-9468.015307653674 
-9468.016354462188 
-9468.017479892922 
-9468.018625622726 
-9468.020181066135 
-9468.021987946968 
-9468.023541439108 
-9468.025260092445 
-9468.027371398388 
-9468.029183535808 
-9468.031147513944 
-9468.033730263516 
-9468.03612286317 
-9468.038315120144 
-9468.040883173517 
-9468.043599333589 
-9468.045797918014 
-9468.048230079487 
-9468.050971073053 
-9468.05319533854 
-9468.055642111749 
-9468.058875432112 
-9468.061608800566 
-9468.064353936057 
-9468.067492155873 
-9468.070462205196 
-9468.072903092529 
-9468.07573002928 
-9468.078691921903 
-9468.081118062333 
-9468.0837687387 
-9468.087187321162 
-9468.089970489611 
-9468.092938640713 
-9468.096360816771 
-9468.099309359628 
-9468.101982382623 
-9468.104972712938 
-9468.107770608907 
-9468.11028057508 
-9468.11275210727 
-9468.115615429126 
-9468.11790206853 
-9468.12006451066 
-9468.122464249505 
-9468.124031209714 
-9468.125157640618 
-9468.126114398716 
-9468.126114398736 
-9468.140156946805 
-9468.15098555406 
-9468.165781684287 
-9468.183416677912 
-9468.19729361293 
-9468.211196282411 
-9468.231579335421 
-9468.249875710659 
-9468.263313364074 
-9468.283244469047 
-9468.303863874762 
-9468.315984986875 
-9468.335289699158 
-9468.355292363287 
-9468.369069658915 
-9468.38399915767 
-9468.405472332064 
-9468.422389854519 
-9468.436585559102 
-9468.456816651838 
-9468.477600631637 
-9468.48983735898 
-9468.509873315137 
-9468.52985268205 
-9468.543017242906 
-9468.558735073022 
-9468.577280648411 
-9468.59317500718 
-9468.607594600366 
-9468.62713580359 
-9468.646828658058 
-9468.6590019113 
-9468.677750770214 
-9468.696066483486 
-9468.707903791923 
-9468.723606245003 
-9468.740634925567 
-9468.754180425716 
-9468.767639572932 
-9468.784871808395 
-9468.801517924247 
-9468.813245976755 
-9468.829163899356 
-9468.843558660172 
-9468.853565478712 
-9468.868637223897 
-9468.884611212126 
-9468.895683000579 
-9468.908862167833 
-9468.927366331933 
-9468.941767302304 
-9468.955155741653 
-9468.965053478998 
-9468.973899734687 
-9468.977978135426 
-9468.977978135421 
-9468.977978135428 
-9468.977978135454 
-9468.977978135425 
-9468.977978135443 
-9468.977978135415 
-9468.97797813542 
-9468.97797813542 
-9468.978012905955 
-9468.978142720904 
-9468.978344070294 
-9468.978739239068 
-9468.979390212087 
-9468.980432336744 
-9468.981585627202 
-9468.982714561438 
-9468.98424481588 
-9468.986098537107 
-9468.987640728 
-9468.989326786203 
-9468.991509619224 
-9468.993323850866 
-9468.995249165173 
-9468.997799628458 
-9469.000184743036 
-9469.002229443602 
-9469.004713386299 
-9469.007506161835 
-9469.009649211062 
-9469.012023135512 
-9469.014998027782 
-9469.017205128448 
-9469.019628786971 
-9469.02296978914 
-9469.025764720036 
-9469.028307549466 
-9469.031461677096 
-9469.034714215235 
-9469.037104449442 
-9469.040021898543 
-9469.04363536809 
-9469.046057107862 
-9469.048917787604 
-9469.053028202536 
-9469.056087857629 
-9469.059199295074 
-9469.063268604856 
-9469.067064224111 
-9469.070000770036 
-9469.073634453156 
-9469.077894869766 
-9469.080683720822 
-9469.084181651313 
-9469.089252839733 
-9469.092667410334 
-9469.096590153664 
-9469.102057343185 
-9469.106606452762 
-9469.110477197843 
-9469.115594450881 
-9469.121541759549 
-9469.126312598957 
-9469.138052889548 
-9469.139498576433 
-9469.141051088163 
-9469.142257129795 
-9469.14308843217 
-9469.14401738394 
-9469.144957819904 
-9469.145674768455 
-9469.146367668855 
-9469.147243028614 
-9469.147953981112 
-9469.148582604292 
-9469.149350335574 
-9469.150020529425 
-9469.150602962352 
-9469.15138587808 
-9469.152117969474 
-9469.15276289075 
-9469.153437181483 
-9469.15419683117 
-9469.154822629858 
-9469.155418526156 
-9469.156171008144 
-9469.156752222367 
-9469.157305321218 
-9469.15802778097 
-9469.158674016237 
-9469.159253524142 
-9469.159911671144 
-9469.160594570314 
-9469.161157414706 
-9469.161697478115 
-9469.16236686521 
-9469.162873856216 
-9469.163362740379 
-9469.164036696455 
-9469.164557365673 
-9469.165035124131 
-9469.16557246654 
-9469.1660663692 
-9469.16647304234 
-9469.166880080951 
-9469.167288897332 
-9469.16758210654 
-9469.167825984221 
-9469.16805221586 
-9469.168197090758 
-9469.16830667479 
-9469.168367471193 
-9469.168391346138 
-9469.168399459075 
-9469.168401377627 
-9469.168401357578 
-9469.168401357578 
-9469.168401357576 
-9469.168401357623 
-9469.168401357636 
-9469.168401357563 
-9469.168401357641 
-9469.16840135762 
-9469.168401357578 
-9469.168401357581 
-9469.168401357574 
-9469.168401377632 
-9469.168401524643 
-9469.16840177203 
-9469.168402247606 
-9469.168403011348 
-9469.16840399485 
-9469.168405445333 
-9469.168407749785 
-9469.168410744607 
-9469.168414755231 
-9469.168421077718 
-9469.16842937285 
-9469.168439119461 
-9469.168451674013 
-9469.168468215428 
-9469.168486902967 
-9469.168507147528 
-9469.168534362238 
-9469.168563494655 
-9469.168594187835 
-9469.168629311373 
-9469.168666664878 
-9469.168707834022 
-9469.1687503349 
-9469.168797958298 
-9469.168848603309 
-9469.168895939758 
-9469.168951140427 
-9469.169005357548 
-9469.16905635617 
-9469.169113841623 
-9469.169170502817 
-9469.169226870985 
-9469.169284865118 
-9469.169344322841 
-9469.16940830526 
-9469.16946693298 
-9469.169530249737 
-9469.169590536607 
-9469.169644222855 
-9469.169702331195 
-9469.169758096565 
-9469.16981121259 
-9469.169864432824 
-9469.16991346256 
-9469.169960691914 
-9469.17000217337 
-9469.170040332676 
-9469.170073294272 
-9469.17009949654 
-9469.170123464932 
-9469.170134425007 
-9469.170445094938 
-9469.170785693594 
-9469.171174362808 
-9469.171695321898 
-9469.172140418294 
-9469.17257848285 
-9469.17314202478 
-9469.173653189537 
-9469.174154793374 
-9469.174687585131 
-9469.175229004628 
-9469.1757027297 
-9469.176164423945 
-9469.17670306193 
-9469.177157316833 
-9469.177602385875 
-9469.17817397585 
-9469.17867362154 
-9469.179147691297 
-9469.179656983644 
-9469.180173001321 
-9469.180620461208 
-9469.1810638894 
-9469.181582611813 
-9469.181999963956 
-9469.1824144554 
-9469.182972922286 
-9469.183421639813 
-9469.183857902268 
-9469.184334820686 
-9469.184813132133 
-9469.185234973776 
-9469.185666604813 
-9469.186154248408 
-9469.186541306868 
-9469.186927481154 
-9469.187446567918 
-9469.187837966547 
-9469.188212421588 
-9469.188631220859 
-9469.189013350404 
-9469.189335666044 
-9469.189672383374 
-9469.189987122867 
-9469.190224893802 
-9469.190423976468 
-9469.190603747673 
-9469.190717921341 
-9469.190805902117 
-9469.1908556165 
-9469.19087563578 
-9469.190882595425 
-9469.190884328 
-9469.190884307856 
-9469.190884307876 
-9469.190884307878 
-9469.190884307902 
-9469.19088430791 
-9469.19088430786 
-9469.190884307902 
-9469.190884307902 
-9469.190884307853 
-9469.190884307862 
-9469.190884307853 
-9469.190884328 
-9469.19088447529 
-9469.190884723832 
-9469.190885201422 
-9469.19088596226 
-9469.19088693172 
-9469.190888344165 
-9469.190890530508 
-9469.190893357329 
-9469.190897042934 
-9469.190902732373 
-9469.190910409472 
-9469.190919061804 
-9469.19093020254 
-9469.190944745824 
-9469.190960808472 
-9469.19097807586 
-9469.191001169549 
-9469.191026012453 
-9469.191051558762 
-9469.191080608653 
-9469.19111298299 
-9469.191148182203 
-9469.191183664572 
-9469.191223891643 
-9469.191264692747 
-9469.191303718953 
-9469.191350417215 
-9469.191396862027 
-9469.191440878112 
-9469.191488435516 
-9469.191537589657 
-9469.191587371986 
-9469.191637288739 
-9469.191691349914 
-9469.191746751556 
-9469.191798310128 
-9469.191860240233 
-9469.191918078417 
-9469.191973292127 
-9469.19203315072 
-9469.19209424834 
-9469.192154014876 
-9469.192216311962 
-9469.192281836185 
-9469.192349562361 
-9469.192415198184 
-9469.192488743633 
-9469.19255954206 
-9469.192627647331 
-9469.192707363694 
-9469.19279115199 
-9469.192873776828 
-9469.192966800709 
-9469.193026523673 
-9469.193071848622 
-9469.19310440866 
-9469.193130839345 
-9469.193153950262 
-9469.193173012149 
-9469.193189518364 
-9469.193205094618 
-9469.19322005571 
-9469.19323353481 
-9469.193246245573 
-9469.193259215115 
-9469.193270519783 
-9469.193281754096 
-9469.193293494945 
-9469.193304389564 
-9469.193314885268 
-9469.19332595368 
-9469.193336471086 
-9469.193346098222 
-9469.193355907035 
-9469.193365692416 
-9469.193374494815 
-9469.193383179703 
-9469.193391896952 
-9469.193399885538 
-9469.19340740281 
-9469.193414877778 
-9469.193421796752 
-9469.19342794957 
-9469.193433808643 
-9469.193439074677 
-9469.193443457008 
-9469.19344736502 
-9469.193450622864 
-9469.193453304984 
-9469.193455438071 
-9469.193457030315 
-9469.19345821061 
-9469.1934591356 
-9469.193459488604 
-9469.193459368 
-9469.193459383736 
-9469.19345898669 
-9469.193458275644 
-9469.193457611773 
-9469.193457039237 
-9469.193456406407 
-9469.193455942977 
-9469.193455697892 
-9469.193455547354 
-9469.193455526574 
-9469.193455526613 
-9469.193455526623 
-9469.193455526714 
-9469.19345552675 
-9469.193455526589 
-9469.193455526745 
-9469.193455526702 
-9469.193455526618 
-9469.19345552661 
-9469.193455526567 
-9469.193455547333 
-9469.193455697927 
-9469.193455943823 
-9469.193456410207 
-9469.193457054287 
-9469.193457655825 
-9469.193458385593 
-9469.193459241616 
-9469.193459908556 
-9469.19346028321 
-9469.193461003024 
-9469.193461533365 
-9469.193461776656 
-9469.193462176841 
-9469.193462685223 
-9469.193462989775 
-9469.19346332749 
-9469.193463877953 
-9469.19346437995 
-9469.193464870194 
-9469.193465435113 
-9469.19346619043 
-9469.193466862751 
-9469.193467514475 
-9469.193468441994 
-9469.1934693372 
-9469.193470140062 
-9469.193471241317 
-9469.193472371791 
-9469.193473404697 
-9469.193474583853 
-9469.193475872065 
-9469.193477196348 
-9469.193478367317 
-9469.19347975868 
-9469.19348129076 
-9469.193482552133 
-9469.19348405007 
-9469.19348562413 
-9469.193486923199 
-9469.193488464545 
-9469.193490017828 
-9469.193491483778 
-9469.193492964147 
-9469.193494473659 
-9469.19349616263 
-9469.193497564707 
-9469.193499106525 
-9469.193500889121 
-9469.193502502025 
-9469.193504606255 
-9469.193507273434 
-9469.193511396013 
-9469.193516765587 
-9469.193523293925 
-9469.19353108143 
-9469.193538689411 
-9469.193546965324 
-9469.193556078095 
-9469.193564591887 
-9469.193573293534 
-9469.193582555969 
-9469.193591368045 
-9469.193600285022 
-9469.193609001102 
-9469.193618044217 
-9469.19362655735 
-9469.193635104353 
-9469.193644219136 
-9469.193652602306 
-9469.193660840188 
-9469.193669689768 
-9469.193677742101 
-9469.193685606046 
-9469.193693608198 
-9469.193701399092 
-9469.193708756839 
-9469.19371590006 
-9469.193723074848 
-9469.193729728606 
-9469.193735994122 
-9469.19374215419 
-9469.193747823807 
-9469.193753029655 
-9469.19375802657 
-9469.193762373687 
-9469.193766112861 
-9469.19376939978 
-9469.19377207562 
-9469.193774318055 
-9469.193776091146 
-9469.193777373539 
-9469.193778323193 
-9469.193779081688 
-9469.193779315534 
-9469.193779091232 
-9469.193779047126 
-9469.19377860365 
-9469.193777863225 
-9469.193777185706 
-9469.19377660613 
-9469.193775970798 
-9469.193775506612 
-9469.193775261374 
-9469.193775110853 
-9469.193775090078 
-9469.193775090063 
-9469.193775090092 
-9469.193775090129 
-9469.193775090174 
-9469.193775090109 
-9469.193775090189 
-9469.19377509015 
-9469.193775090123 
-9469.193775090107 
-9469.193775090098 
-9469.193775110869 
-9469.193775261425 
-9469.193775507272 
-9469.193775973466 
-9469.193776617356 
-9469.193777218597 
-9469.193777948234 
-9469.19377880362 
-9469.193779470428 
-9469.193779843521 
-9469.193780561467 
-9469.193781092774 
-9469.193781335767 
-9469.193781730333 
-9469.193782231558 
-9469.193782530067 
-9469.19378286053 
-9469.193783397572 
-9469.193783883333 
-9469.193784354453 
-9469.193784894118 
-9469.193785620459 
-9469.193786272306 
-9469.19378687565 
-9469.193787755334 
-9469.19378858737 
-9469.193789335599 
-9469.193790376934 
-9469.193791443971 
-9469.193792419881 
-9469.193793533987 
-9469.1937947758 
-9469.193796053776 
-9469.193797145002 
-9469.193798493283 
-9469.193799971847 
-9469.19380116463 
-9469.193802656182 
-9469.193804216802 
-9469.193805560226 
-9469.193807132302 
-9469.19380875013 
-9469.193810350058 
-9469.19381188853 
-9469.193813522767 
-9469.193815425479 
-9469.193816999776 
-9469.193818641166 
-9469.193820561313 
-9469.193822230282 
-9469.193824056154 
-9469.193825849263 
-9469.193827582525 
-9469.193829206242 
-9469.193830611046 
-9469.193831817043 
-9469.193832818768 
-9469.19383352561 
-9469.193834441805 
-9469.193835121023 
-9469.193835500515 
-9469.19383607001 
-9469.193836521545 
-9469.193836951503 
-9469.193837281562 
-9469.193837568404 
-9469.19383794675 
-9469.193838138304 
-9469.193838394398 
-9469.193838723906 
-9469.193838784324 
-9469.193839016514 
-9469.193839219526 
-9469.193839261437 
-9469.193839342044 
-9469.193839376194 
-9469.19383942921 
-9469.193839386315 
-9469.193839254438 
-9469.193839249258 
-9469.193839123083 
-9469.193838916724 
-9469.193838823267 
-9469.193838614046 
-9469.193838319561 
-9469.193838045436 
-9469.193837777431 
-9469.193837465615 
-9469.193837031957 
-9469.193836765438 
-9469.19383650798 
-9469.19383604282 
-9469.193835641987 
-9469.193835387385 
-9469.193834847858 
-9469.193834101647 
-9469.19383370557 
-9469.193833019812 
-9469.193832146506 
-9469.19383140495 
-9469.193830798233 
-9469.193830150874 
-9469.193829682961 
-9469.193829436595 
-9469.193829285887 
-9469.19382926511 
-9469.193829265105 
-9469.19382926512 
-9469.19382926515 
-9469.19382926519 
-9469.193829265134 
-9469.193829265174 
-9469.193829265165 
-9469.193829265141 
-9469.193829265128 
-9469.193829265128 
-9469.193829285905 
-9469.193829436612 
-9469.193829682998 
-9469.193830150845 
-9469.193830798118 
-9469.19383140466 
-9469.193832146244 
-9469.193833018151 
-9469.19383370364 
-9469.193834096386 
-9469.193834843976 
-9469.193835383585 
-9469.193835639262 
-9469.19383604874 
-9469.193836512744 
-9469.193836792636 
-9469.193837083552 
-9469.19383754426 
-9469.193837905943 
-9469.193838236415 
-9469.193838585414 
-9469.193838981018 
-9469.193839324127 
-9469.19383956242 
-9469.19383992847 
-9469.19384024726 
-9469.193840470241 
-9469.193840824946 
-9469.193841126706 
-9469.193841377079 
-9469.193841627566 
-9469.193841865681 
-9469.193842184955 
-9469.193842337101 
-9469.193842455163 
-9469.193842843477 
-9469.193842923052 
-9469.193843088213 
-9469.193843340006 
-9469.193843437974 
-9469.193843653547 
-9469.193843838464 
-9469.19384397073 
-9469.193844094394 
-9469.193844116682 
-9469.193844470268 
-9469.1938445193 
-9469.19384442278 
-9469.193844707124 
-9469.193844757105 
-9469.193844887744 
-9469.193845031436 
-9469.193845137437 
-9469.193845356183 
-9469.193845566831 
-9469.19384577925 
-9469.193846033197 
-9469.193846135397 
-9469.19384660035 
-9469.193846870126 
-9469.193846942626 
-9469.193847282466 
-9469.193847499655 
-9469.193847754686 
-9469.193847931765 
-9469.193848091003 
-9469.193848351282 
-9469.193848456365 
-9469.193848617675 
-9469.193848859588 
-9469.19384883782 
-9469.193849009183 
-9469.193849134032 
-9469.193849120536 
-9469.193849144598 
-9469.19384912422 
-9469.193849139578 
-9469.193849054582 
-9469.193848891384 
-9469.193848848765 
-9469.193848695639 
-9469.193848463803 
-9469.193848341154 
-9469.193848110826 
-9469.19384780163 
-9469.193847509558 
-9469.193847233639 
-9469.193846910975 
-9469.193846470956 
-9469.193846196422 
-9469.193845932115 
-9469.193845465414 
-9469.193845060727 
-9469.193844803765 
-9469.193844261143 
-9469.1938435131 
-9469.19384311736 
-9469.19384243075 
-9469.19384155724 
-9469.193840815491 
-9469.193840208738 
-9469.193839561445 
-9469.193839093585 
-9469.193838847248 
-9469.193838696532 
-9469.19383867575 
-9469.193838675765 
-9469.193838675772 
-9469.193838675777 
-9469.193838675776 
-9469.193838675747 
-9469.193838675801 
-9469.193838675768 
-9469.19383867576 
-9469.193838675752 
-9469.193838675756 
-9469.193838696532 
-9469.193838847246 
-9469.193839093603 
-9469.193839561405 
-9469.19384020861 
-9469.193840815018 
-9469.19384155651 
-9469.193842428225 
-9469.193843113755 
-9469.193843505229 
-9469.193844252577 
-9469.193844793197 
-9469.193845048982 
-9469.193845458407 
-9469.19384592095 
-9469.193846201399 
-9469.193846493832 
-9469.193846954626 
-9469.19384731587 
-9469.193847644749 
-9469.193847994895 
-9469.193848390236 
-9469.193848733697 
-9469.193848971894 
-9469.193849338355 
-9469.193849655003 
-9469.193849879188 
-9469.19385023369 
-9469.193850535568 
-9469.193850785567 
-9469.193851035849 
-9469.193851272232 
-9469.19385159053 
-9469.19385174233 
-9469.193851859953 
-9469.193852245115 
-9469.193852327056 
-9469.19385249861 
-9469.193852744886 
-9469.19385284993 
-9469.193853066517 
-9469.193853251461 
-9469.193853404124 
-9469.193853527864 
-9469.193853541894 
-9469.19385391156 
-9469.193853973105 
-9469.193853858214 
-9469.193854140123 
-9469.19385419139 
-9469.193854284262 
-9469.193854369352 
-9469.193854421008 
-9469.19385450198 
-9469.193854521012 
-9469.193854557358 
-9469.193854597777 
-9469.193854388555 
-9469.19385460701 
-9469.193854605466 
-9469.193854315241 
-9469.193854369123 
-9469.193854305448 
-9469.193854212388 
-9469.193854085883 
-9469.193853925884 
-9469.193853849973 
-9469.19385363962 
-9469.19385352299 
-9469.193853460445 
-9469.193853098812 
-9469.193853019506 
-9469.193852882496 
-9469.193852570117 
-9469.193852365896 
-9469.193852115757 
-9469.193851853812 
-9469.193851552529 
-9469.193851212443 
-9469.193850980064 
-9469.193850644298 
-9469.193850272479 
-9469.193850018682 
-9469.193849658854 
-9469.193849257528 
-9469.193848888117 
-9469.193848538645 
-9469.193848162324 
-9469.193847685036 
-9469.193847380055 
-9469.19384708714 
-9469.193846614748 
-9469.193846197364 
-9469.193845932685 
-9469.193845388496 
-9469.193844635258 
-9469.193844239308 
-9469.193843551146 
-9469.193842677454 
-9469.19384193492 
-9469.193841328055 
-9469.193840680604 
-9469.193840212742 
-9469.193839966347 
-9469.193839815642 
-9469.19383979486 
-9469.193839794867 
-9469.19383979487 
-9469.193839794889 
-9469.193839794882 
-9469.193839794854 
-9469.193839794887 
-9469.193839794883 
-9469.193839794862 
-9469.193839794829 
-9469.193839794823 
-9469.193839815607 
-9469.193839966298 
-9469.193840212705 
-9469.193840680562 
-9469.193841327995 
-9469.193841934884 
-9469.193842677418 
-9469.193843550745 
-9469.193844238867 
-9469.193844633752 
-9469.193845386708 
-9469.193845930069 
-9469.193846193157 
-9469.19384661012 
-9469.193847076798 
-9469.193847369635 
-9469.193847671198 
-9469.193848144361 
-9469.193848516472 
-9469.193848860228 
-9469.193849224559 
-9469.19384961917 
-9469.193849977055 
-9469.19385022661 
-9469.193850591086 
-9469.193850919732 
-9469.193851150312 
-9469.193851479757 
-9469.193851782426 
-9469.193852047576 
-9469.19385228733 
-9469.193852480488 
-9469.19385279598 
-9469.193852928807 
-9469.193852994726 
-9469.19385336402 
-9469.193853431898 
-9469.193853537896 
-9469.193853748375 
-9469.193853830951 
-9469.19385398706 
-9469.193854111028 
-9469.193854218232 
-9469.193854284587 
-9469.193854220877 
-9469.193854538289 
-9469.193854542435 
-9469.193854330042 
-9469.19385456326 
-9469.193854543753 
-9469.193854538913 
-9469.193854570243 
-9469.193854550327 
-9469.193854544075 
-9469.19385450711 
-9469.193854493833 
-9469.193854489622 
-9469.193854240224 
-9469.193854436904 
-9469.19385440066 
-9469.193854082787 
-9469.193854126124 
-9469.19385405054 
-9469.193853938796 
-9469.193853800753 
-9469.19385363456 
-9469.193853546967 
-9469.193853332321 
-9469.19385320667 
-9469.193853137664 
-9469.19385276907 
-9469.193852687378 
-9469.193852544086 
-9469.193852227856 
-9469.193852019858 
-9469.193851766318 
-9469.193851501932 
-9469.193851196964 
-9469.193850856878 
-9469.193850621721 
-9469.19385028483 
-9469.193849912095 
-9469.193849656414 
-9469.193849295307 
-9469.19384889339 
-9469.19384852188 
-9469.193848173265 
-9469.19384779631 
-9469.193847318757 
-9469.193847012348 
-9469.193846718694 
-9469.193846247277 
-9469.193845829333 
-9469.193845564605 
-9469.193845019267 
-9469.193844265992 
-9469.193843870653 
-9469.19384318246 
-9469.193842308772 
-9469.193841566292 
-9469.193840959462 
-9469.19384031201 
-9469.193839844153 
-9469.193839597763 
-9469.193839447029 
-9469.193839426254 
-9469.193839426242 
-9469.193839426258 
-9469.193839426247 
-9469.193839426262 
-9469.193839426258 
