0.0 
109.48613742834242 
107.19423820597757 
105.23960964444113 
103.69606969528837 
101.04936334241638 
100.0151011310325 
96.72814645825892 
95.70701552337955 
92.40668963357673 
91.387007921364 
88.08519421355061 
87.06562194086119 
83.76369468570682 
82.7441310133509 
79.44219488732885 
78.42263183974599 
75.12069506922337 
74.10113206795604 
70.79919524964113 
69.77963225172296 
66.47769542995034 
65.45813243227668 
62.15619561025172 
61.136632612595854 
57.83469579055252 
56.81513279289794 
53.513195970853225 
52.49363297319874 
49.19169615115391 
48.17213315349943 
44.87019633145457 
43.85063333380008 
40.54869651175523 
39.52913351410074 
36.227196692055905 
35.207633694401416 
31.905696872356547 
30.886133874702043 
27.584197052657167 
26.564634055002674 
23.262697232957795 
22.243134235303305 
18.941197413258397 
17.9216344156039 
14.619697593559014 
13.600134595904517 
10.298197773859608 
9.278634776205108 
5.976697954160187 
4.95713495650569 
1.655198134460762 
0.6356351368062596 
-2.666301685238678 
-3.6858646828931834 
-6.987801504938126 
-8.007364502592631 
-11.309301324637582 
-12.3288643222921 
-15.630801144337044 
-16.65036414199155 
-19.952300964036496 
-20.971863961690996 
-24.273800783735947 
-25.29336378139042 
-28.595300603435362 
-29.614863601089848 
-32.91680042313481 
-33.936363420789284 
-37.238300242834235 
-38.25786324048874 
-41.559800062533675 
-42.57936306018818 
-45.8812998822331 
-46.90086287988762 
-50.20279970193257 
-51.22236269958705 
-54.524299521631995 
-55.543862519286485 
-58.84579934133142 
-59.86536233898596 
-63.1672991610309 
-64.18686215868537 
-67.48879898073031 
-68.50836197838477 
-71.81029880042975 
-72.82986179808427 
-76.13179862012917 
-77.1513616177837 
-80.4532984398286 
-81.4728614374831 
-84.77479825952804 
-85.79436125718256 
-89.09629807922747 
-90.11586107688196 
-93.4177978989269 
-94.43736089658135 
-97.73929771862633 
-98.75886071628082 
-102.06079753832582 
-103.08036053598033 
-106.38229735802531 
-107.40186035567984 
-110.70379717772481 
-111.72336017537928 
-115.02529699742425 
-116.04485999507766 
-119.34679681712267 
-120.36635981428302 
-123.66829663634239 
-124.68785941452478 
-127.98979624589096 
-129.00926199087527 
-132.3110930180617 
-133.29708868490778 
-137.11132687119638 
-138.50812701256646 
-138.5081275837381 
-138.50855256345787 
-138.50856441516115 
-138.5089974418283 
-138.50900940358994 
-138.5094422965747 
-138.50945426801522 
-138.50988716261386 
-138.509899134082 
-138.51033202880936 
-138.5103440002905 
-138.51077689502503 
-138.51078886650774 
-138.51122176124298 
-138.51123373272563 
-138.51166662746084 
-138.51167859894358 
-138.51211149367882 
-138.51212346516152 
-138.51255635989676 
-138.51256833137953 
-138.5130012261148 
-138.51301319759753 
-138.51344609233288 
-138.5134580638156 
-138.51389095855083 
-138.5139029300336 
-138.5143358247689 
-138.51434779625149 
-138.51478069098678 
-138.5147926624695 
-138.51522555720456 
-138.5152375286872 
-138.5156704234224 
-138.5156823949051 
-138.51611528964034 
-138.516127261123 
-138.5165601558583 
-138.51657212734105 
-138.5170050220763 
-138.51701699355888 
-138.51744988829415 
-138.51746185977683 
-138.51789475451213 
-138.51790672599486 
-138.51833962073007 
-138.51835159221278 
-138.518784486948 
-138.51879645843073 
-138.51922935316597 
-138.51924132464862 
-138.51967421938403 
-138.51968619086674 
-138.52011908560195 
-138.52013105708468 
-138.5205639518199 
-138.52057592330252 
-138.52100881803784 
-138.52102078952052 
-138.52145368425576 
-138.5214656557384 
-138.52189855047376 
-138.52191052195636 
-138.52234341669165 
-138.5223553881742 
-138.52278828290943 
-138.52280025439197 
-138.52323314912744 
-138.52324512061006 
-138.52367801534538 
-138.52368998682803 
-138.52412288156327 
-138.5241348530458 
-138.52456774778122 
-138.5245797192639 
-138.52501261399908 
-138.5250245854817 
-138.52545748021706 
-138.52546945169976 
-138.52590234643495 
-138.52591431791765 
-138.5263472126529 
-138.52635918413537 
-138.52679207887067 
-138.52680405035332 
-138.52723694508867 
-138.5272489165712 
-138.52768181130645 
-138.52769378278916 
-138.52812667752445 
-138.52813864900716 
-138.52857154374234 
-138.528583515225 
-138.5290164099607 
-138.52902838144334 
-138.52946127618472 
-138.52947324766737 
-138.52990614248608 
-138.5299181139683 
-138.53035100984349 
-138.53036298132278 
-138.53079589081185 
-138.5308078622542 
-138.53124096347884 
-138.53125293318251 
-138.53168904517295 
-138.5317010278109 
-138.53215318698508 
-138.53216535307885 
-138.53275765998424 
-138.53276869279185 
-138.66361303884415 
-138.6636447551734 
-138.73152644270866 
-138.7315264427086 
-171.36829697917872 
-171.36874603896928 
-171.36874687831576 
-171.3687470102769 
-171.36874706849088 
-171.36874718324938 
-171.36874719688538 
-171.3687471998151 
-171.36874720445198 
-171.3687472071438 
-171.36874721186805 
-171.36874721453452 
-171.36874721926822 
-171.36874722193178 
-171.36874722666786 
-171.36874722933138 
-171.36874723406746 
-171.36874723673102 
-171.36874724146722 
-171.3687472441308 
-171.36874724886695 
-171.36874725153044 
-171.36874725626657 
-171.36874725893009 
-171.36874726366622 
-171.36874726632956 
-171.36874727106576 
-171.36874727372916 
-171.36874727846526 
-171.36874728112846 
-171.36874728586477 
-171.36874728852828 
-171.36874729326453 
-171.36874729592788 
-171.36874730066418 
-171.36874730332775 
-171.3687473080639 
-171.36874731072734 
-171.36874731546348 
-171.3687473181269 
-171.3687473228631 
-171.3687473255267 
-171.36874733026283 
-171.36874733292635 
-171.36874733766254 
-171.36874734032602 
-171.3687473450622 
-171.36874734772553 
-171.36874735246167 
-171.368747355125 
-171.3687473598612 
-171.36874736252466 
-171.3687473672609 
-171.36874736992442 
-171.36874737466067 
-171.368747377324 
-171.36874738206015 
-171.36874738472378 
-171.36874738945997 
-171.3687473921237 
-171.36874739685973 
-171.36874739952341 
-171.36874740425955 
-171.36874740692323 
-171.36874741165954 
-171.36874741432305 
-171.36874741905925 
-171.36874742172287 
-171.3687474264589 
-171.36874742912235 
-171.36874743385854 
-171.36874743652194 
-171.36874744125814 
-171.36874744392176 
-171.368747448658 
-171.36874745132152 
-171.36874745605778 
-171.3687474587213 
-171.36874746345737 
-171.36874746612082 
-171.36874747085713 
-171.3687474735207 
-171.36874747825706 
-171.36874748092063 
-171.36874748565688 
-171.3687474883205 
-171.36874749305682 
-171.36874749572038 
-171.36874750045658 
-171.36874750312003 
-171.36874750785617 
-171.36874751051963 
-171.36874751525582 
-171.36874751791927 
-171.36874752265547 
-171.36874752531904 
-171.36874753005506 
-171.36874753271857 
-171.3687475374547 
-171.3687475401181 
-171.3687475448543 
-171.36874754751784 
-171.368747552254 
-171.36874755491746 
-171.36874755965354 
-171.36874756231705 
-171.36874756705336 
-171.3687475697171 
-171.36874757445506 
-171.36874757712272 
-171.3687475818734 
-171.3687475845916 
-171.368747589673 
-171.36874759278604 
-171.3687475927924 
-171.36874759280508 
-171.36874759272976 
-171.36874759280514 
-171.3687475927944 
-171.36874759279388 
-171.36874759280298 
-171.36874759280508 
-171.36874759280633 
-171.36874759280866 
-171.36874759281002 
-171.3687475928124 
-171.36874759281383 
-171.3687475928161 
-171.36874759281764 
-171.36874759282009 
-171.36874759282153 
-171.36874759282384 
-171.3687475928251 
-171.36874759282745 
-171.36874759282884 
-171.36874759283117 
-171.3687475928326 
-171.36874759283498 
-171.36874759283623 
-171.36874759283862 
-171.36874759283987 
-171.36874759284234 
-171.3687475928438 
-171.36874759284612 
-171.36874759284754 
-171.36874759284993 
-171.3687475928513 
-171.36874759285362 
-171.368747592855 
-171.36874759285737 
-171.36874759285874 
-171.368747592861 
-171.3687475928622 
-171.3687475928643 
-171.36874759286573 
-171.36874759286817 
-171.36874759286943 
-171.36874759287176 
-171.36874759287318 
-171.3687475928754 
-171.3687475928767 
-171.36874759287915 
-171.36874759288057 
-171.3687475928829 
-171.36874759288432 
-171.36874759288676 
-171.36874759288818 
-171.36874759289051 
-171.3687475928917 
-171.36874759289398 
-171.36874759289535 
-171.36874759289768 
-171.36874759289898 
-171.36874759290143 
-171.36874759290268 
-171.36874759290504 
-171.36874759290632 
-171.36874759290868 
-171.36874759291018 
-171.36874759291257 
-171.36874759291393 
-171.36874759291638 
-171.36874759291769 
-171.36874759292013 
-171.3687475929215 
-171.36874759292377 
-171.3687475929252 
-171.36874759292758 
-171.36874759292877 
-171.3687475929311 
-171.3687475929324 
-171.36874759293485 
-171.36874759293627 
-171.36874759293855 
-171.36874759293997 
-171.36874759294224 
-171.36874759294378 
-171.36874759294616 
-171.36874759294741 
-171.3687475929498 
-171.36874759295134 
-171.36874759295367 
-171.36874759295515 
-171.36874759295742 
-171.36874759295912 
-171.36874759296157 
-171.368747592963 
-171.36874759296526 
-171.3687475929668 
-171.36874759296919 
-171.3687475929705 
-171.36874759297282 
-171.3687475929742 
-171.36874759297658 
-171.36874759297783 
-171.36874759298004 
-171.3687475929813 
-171.36874759298362 
-171.368747592985 
-171.3687475929872 
-171.36874759298857 
-171.36874759299096 
-171.36874759299243 
-171.36874759299488 
-171.3687475929962 
-171.3687475929989 
-171.36874759300045 
-171.3687475930017 
-171.3687475930092 
-171.36874759300323 
-171.36874759300397 
-171.36874759301472 
-171.36874759299772 
-171.36874759301483 
-171.368747593004 
-171.3687475930033 
-171.36874759301074 
-171.36874759301023 
-171.36874759301028 
-171.3687475930101 
-171.36874759300989 
-171.36874759301006 
-171.36874759300983 
-171.36874759300983 
-171.36874759301006 
-171.3687475930101 
-171.36874759301034 
-171.36874759301057 
-171.36874759301057 
-171.36874759301097 
-171.36874759301108 
-171.36874759301114 
-171.36874759301102 
-171.36874759301097 
-171.36874759301114 
-171.3687475930112 
-171.36874759301142 
-171.36874759301142 
-171.36874759301153 
-171.3687475930116 
-171.36874759301153 
-171.36874759301165 
-171.36874759301188 
-171.36874759301182 
-171.36874759301193 
-171.36874759301193 
-171.36874759301207 
-171.3687475930121 
-171.36874759301222 
-171.3687475930124 
-171.36874759301256 
-171.36874759301278 
-171.36874759301284 
-171.3687475930129 
-171.36874759301296 
-171.36874759301318 
-171.36874759301324 
-171.36874759301347 
-171.36874759301352 
-171.36874759301352 
-171.36874759301352 
-171.36874759301364 
-171.36874759301375 
-171.3687475930137 
-171.36874759301358 
-171.36874759301375 
-171.3687475930137 
-171.36874759301364 
-171.3687475930137 
-171.36874759301375 
-171.36874759301386 
-171.36874759301392 
-171.36874759301398 
-171.3687475930141 
-171.36874759301412 
-171.36874759301415 
-171.36874759301426 
-171.36874759301438 
-171.3687475930145 
-171.36874759301472 
-171.3687475930145 
-171.3687475930145 
-171.3687475930145 
-171.36874759301455 
-171.36874759301466 
-171.3687475930146 
-171.36874759301477 
-171.36874759301472 
-171.36874759301475 
-171.368747593015 
-171.3687475930149 
-171.36874759301494 
-171.36874759301517 
-171.36874759301529 
-171.36874759301529 
-171.36874759301523 
-171.36874759301534 
-171.36874759301546 
-171.36874759301546 
-171.36874759301546 
-171.3687475930154 
-171.36874759301557 
-171.36874759301557 
-171.36874759301568 
-171.36874759301566 
-171.36874759301568 
-171.36874759301574 
-171.36874759301588 
-171.3687475930159 
-171.36874759301597 
-171.36874759301602 
-171.36874759301602 
-171.36874759301614 
-171.36874759301625 
-171.36874759301614 
-171.36874759301602 
-171.36874759301602 
-171.36874759301597 
-171.36874759301617 
-171.36874759301594 
-171.36874759301597 
-171.36874759301625 
-171.36874759301665 
-171.36874759301688 
-171.3687475930175 
-171.36874759301006 
-171.36874759301045 
-171.36874759302145 
-171.36874759300437 
-171.36874759302137 
-171.3687475930104 
-171.36874759301 
-171.3687475930174 
-171.36874759301682 
-171.36874759301665 
-171.36874759301625 
-171.36874759301602 
-171.36874759301588 
-171.36874759301597 
-171.3687475930159 
-171.36874759301585 
-171.36874759301574 
-171.36874759301574 
-171.36874759301585 
-171.36874759301563 
-171.3687475930154 
-171.36874759301523 
-171.36874759301523 
-171.3687475930152 
-171.36874759301506 
-171.3687475930149 
-171.36874759301472 
-171.36874759301472 
-171.3687475930146 
-171.36874759301432 
-171.3687475930142 
-171.36874759301404 
-171.36874759301415 
-171.36874759301398 
-171.36874759301392 
-171.3687475930138 
-171.36874759301358 
-171.36874759301358 
-171.36874759301364 
-171.36874759301358 
-171.36874759301352 
-171.36874759301347 
-171.3687475930134 
-171.3687475930133 
-171.36874759301324 
-171.36874759301313 
-171.36874759301307 
-171.36874759301307 
-171.3687475930129 
-171.36874759301296 
-171.3687475930129 
-171.36874759301296 
-171.368747593013 
-171.36874759301273 
-171.36874759301256 
-171.3687475930125 
-171.3687475930124 
-171.36874759301233 
-171.36874759301227 
-171.36874759301222 
-171.3687475930121 
-171.368747593012 
-171.36874759301182 
-171.3687475930117 
-171.36874759301162 
-171.36874759301153 
-171.36874759301148 
-171.36874759301142 
-171.36874759301142 
-171.36874759301153 
-171.36874759301142 
-171.36874759301125 
-171.3687475930112 
-171.36874759301125 
-171.36874759301114 
-171.3687475930109 
-171.36874759301097 
-171.36874759301068 
-171.3687475930105 
-171.36874759301034 
-171.36874759301023 
-171.36874759301003 
-171.36874759300989 
-171.36874759300966 
-171.3687475930096 
-171.36874759300943 
-171.36874759300932 
-171.36874759300915 
-171.36874759300903 
-171.36874759300886 
-171.36874759300864 
-171.36874759300846 
-171.3687475930084 
-171.36874759300835 
-171.36874759300818 
-171.36874759300807 
-171.36874759300784 
-171.36874759300773 
-171.36874759300767 
-171.36874759300755 
-171.36874759300755 
-171.3687475930075 
-171.36874759300738 
-171.3687475930071 
-171.36874759300701 
-171.36874759300676 
-171.36874759300653 
-171.36874759300647 
-171.3687475930063 
-171.36874759300613 
-171.36874759300628 
-171.36874759300608 
-171.3687475930062 
-171.3687475930063 
-171.36874759300625 
-171.36874759300687 
-171.36874759299937 
-171.3687475929999 
-171.36874759301074 
-171.36874759299354 
