2 3.8524064851263126e-05 
3 -0.005345879712570991 
4 -0.00017293969519592968 
5 0.0005323573820290625 
6 6.141712974860967e-05 
7 -4.6269748127815354e-05 
8 -2.1768539204274335e-05 
9 9.051476507521541e-07 
10 5.028040211326765e-06 
11 2.165871584532795e-06 
12 -5.60942854651797e-07 
13 -9.900085638799235e-07 
14 -2.7107307429796193e-07 
15 2.4389794867296315e-07 
16 2.2337977607275887e-07 
17 1.111714005282254e-08 
18 -8.906868211703642e-08 
19 -4.866199566567763e-08 
20 1.4715096410665022e-08 
21 2.9022722657696538e-08 
22 7.854641703063546e-09 
23 -9.34874803711328e-09 
24 -8.420572817700159e-09 
25 1.4117140789693394e-10 
26 4.079083687078859e-09 
27 2.0267193711570686e-09 
28 -9.391939554546855e-10 
29 -1.4663597730590162e-09 
30 -2.9752621886014814e-10 
31 5.726034654083013e-10 
32 4.3595900990265164e-10 
33 -6.166905884824767e-11 
34 -2.4456984896353925e-10 
35 -9.732455498516015e-11 
36 7.130567203293287e-11 
37 8.460650498609698e-11 
38 7.407257741883672e-12 
39 -3.770659511574487e-11 
40 -1.5160425282338575e-11 
41 2.5793204655828785e-11 
42 -3.9580370338277076e-11 
43 -2.923353624551962e-10 
44 1.8496792301944473e-11 
45 1.147479918952101e-11 
46 -2.3201398157419923e-10 
47 1.8045476803098721e-10 
48 -3.994880729788152e-12 
49 2.2969720896077855e-12 
50 9.725659703602517e-12 
51 2.544883461875642e-11 
52 -5.578901395347761e-12 
53 9.884955347341532e-12 
54 -2.103011137214128e-12 
55 6.262175940962237e-13 
56 -2.8931779552887954e-13 
57 -5.4419197948847447e-14 
58 2.449070149262438e-13 
59 3.4539744914922633e-13 
60 -2.3142619807916543e-13 
61 -4.1700266986745857e-13 
62 -4.6972458291837956e-14 
63 3.8254232975751317e-13 
64 -4.0830164875356585e-14 
65 -1.5923983238396394e-13 
66 2.2467123571488532e-13 
67 1.5123124890942594e-13 
68 -4.177248208599992e-13 
69 -5.282790611992735e-13 
70 -1.8957021897449984e-14 
71 1.0363458364487469e-12 
72 1.2076711626454316e-12 
73 -5.413364874868985e-13 
74 -3.39771060629179e-12 
75 -2.6616283061985794e-12 
76 3.456113021952496e-12 
77 9.911198562065137e-12 
78 2.7005922861856827e-12 
79 -1.7926807857319838e-11 
80 -2.46198693832729e-11 
81 1.2164836638772697e-11 
82 6.78979688491265e-11 
83 4.283349018316764e-11 
84 -7.250328649963116e-11 
85 -1.8092519502743434e-10 
86 -1.0657693460309087e-10 
87 6.284703631794037e-10 
88 1.0032084859762907e-09 
89 -2.4412280263860596e-10 
90 -6.690820881036904e-10 
91 -4.961467286767132e-10 
92 3.1407156334792565e-09 
93 2.5486521215733598e-09 
94 -2.0472676816360513e-09 
95 -9.476154589892063e-09 
96 -8.159804325044389e-09 
97 9.392169625953971e-09 
98 2.6009655055601766e-08 
99 1.6479197189058447e-08 
100 -4.7269953288585304e-08 
101 -9.434591696103415e-08 
102 1.5464374601602473e-08 
103 2.286995408054681e-07 
104 2.3939741987209146e-07 
105 -2.815657622742849e-07 
106 -9.86723979154016e-07 
107 -5.566811020362501e-07 
108 2.17775989545226e-06 
109 5.009816938687834e-06 
110 8.686889533182782e-07 
111 -2.178233392896578e-05 
112 -4.626212750055802e-05 
113 6.141884999975634e-05 
114 0.0005323570426489653 
115 -0.00017294011939260193 
116 -0.005345879891098414 
117 3.852418920184176e-05 
