2 3 0.00036534796470983233 
3 4 0.00039213936883507544 
4 5 0.0003965892435379064 
5 6 0.00039528258951378994 
6 7 0.000394999208152066 
7 8 0.0003950004338470792 
8 9 0.0003950092485975922 
9 10 0.00039500998833340105 
10 11 0.0003950096691778711 
11 12 0.00039500956509520797 
12 13 0.0003950097359503867 
13 14 0.00039500973346406486 
14 15 0.00039500969434547064 
15 16 0.00039500969179482383 
16 17 0.00039500949738523395 
17 18 0.00039500962306017516 
18 19 0.0003950095205271771 
19 20 0.00039500949564400065 
20 21 0.00039500964637243034 
21 22 0.00039500972214972146 
22 23 0.0003950097827437915 
23 24 0.00039500967302030386 
24 25 0.0003950096732892702 
25 26 0.0003950096783188226 
26 27 0.00039500967894932307 
27 28 0.0003950096786275637 
28 29 0.0003950096787411552 
29 30 0.00039500967877663086 
30 31 0.0003950096784905161 
31 32 0.0003950096771100764 
32 33 0.0003950096784879184 
33 34 0.0003950096785703817 
34 35 0.00039500967868129084 
35 36 0.0003950096786088342 
36 37 0.0003950096786039899 
37 38 0.0003950096799049821 
38 39 0.0003950096785419363 
39 40 0.0003950096746459049 
40 41 0.00039500967555042656 
41 42 0.0003950096777268086 
42 43 0.000395009678938328 
43 44 0.0003950096786767001 
44 45 0.0003950096787167807 
45 46 0.0003950096786288764 
46 47 0.00039500967861512664 
47 48 0.00039500967861363603 
48 49 0.0003950096786226572 
49 50 0.00039500967862152474 
50 51 0.00039500967861912545 
51 52 0.0003950096786205221 
52 53 0.0003950096786194542 
53 54 0.00039500967861837464 
54 55 0.00039500967861998907 
55 56 0.00039500967862238527 
56 57 0.00039500967862154664 
57 58 0.00039500967862042964 
58 59 0.0003950096786206123 
59 60 0.000395009678621371 
60 61 0.0003950096786193426 
61 62 0.00039500967862185867 
62 63 0.00039500967862489243 
63 64 0.00039500967861906024 
64 65 0.0003950096786189161 
65 66 0.00039500967862224535 
66 67 0.00039500967862012904 
67 68 0.000395009678620563 
68 69 0.00039500967862246973 
69 70 0.0003950096786229889 
70 71 0.0003950096786203032 
71 72 0.00039500967862027807 
72 73 0.0003950096786190973 
73 74 0.00039500967862545134 
74 75 0.00039500967840960766 
75 76 0.0003950096790819146 
76 77 0.0003950096783631339 
77 78 0.0003950096786019285 
78 79 0.0003950096786139718 
79 80 0.0003950096786241803 
80 81 0.00039500967861885673 
81 82 0.0003950096786170371 
82 83 0.00039500967867089654 
83 84 0.0003950096786529872 
84 85 0.00039500967862441056 
85 86 0.0003950096786262058 
86 87 0.0003950096785887853 
87 88 0.0003950096786101419 
88 89 0.00039500967862497906 
89 90 0.00039500967856538225 
90 91 0.00039500967881157687 
91 92 0.00039500967862179205 
92 93 0.00039500967865230675 
93 94 0.0003950096786043007 
94 95 0.0003950096787005563 
95 96 0.0003950096788455724 
96 97 0.00039500967904518145 
97 98 0.0003950096788278591 
98 99 0.0003950096788210322 
99 100 0.00039500967840476285 
100 101 0.00039500967857696695 
101 102 0.00039500967831259596 
102 103 0.00039500967888713367 
103 104 0.00039500967874394786 
104 105 0.0003950096788551988 
105 106 0.00039500967868706205 
106 107 0.00039500967685819773 
107 108 0.00039500967183784527 
108 109 0.0003950097112127852 
109 110 0.0003950099517787268 
110 111 0.00039500928213907777 
111 112 0.00039500047798934814 
112 113 0.00039499913520762444 
113 114 0.00039528261877795477 
114 115 0.00039658931990418613 
115 116 0.00039213932236016195 
116 117 0.0003653478849101093 
117 118 0.000387009467691003 
