2 3 0.000282587420259785 
3 4 1.333330181350572e-05 
4 5 5.669661224924333e-06 
5 6 8.24265067775658e-07 
6 7 5.636813558781723e-07 
7 8 4.80767139748432e-07 
8 9 4.6919638620413834e-07 
9 10 4.673856338903239e-07 
10 11 4.672706448510287e-07 
11 12 4.672624269915315e-07 
12 13 4.6719294368250895e-07 
13 14 4.6717072947372755e-07 
14 15 4.6724172544812797e-07 
15 16 4.6720878627904257e-07 
16 17 4.671896486059627e-07 
17 18 4.6719342350420464e-07 
18 19 4.671941299540267e-07 
19 20 4.671809288283242e-07 
20 21 4.671959063085442e-07 
21 22 4.671929293038747e-07 
22 23 4.6719124158362973e-07 
23 24 4.6719155444418997e-07 
24 25 4.671916180938753e-07 
25 26 4.6719160347984256e-07 
26 27 4.671916010154185e-07 
27 28 4.671916021271207e-07 
28 29 4.671916016777969e-07 
29 30 4.671916016786822e-07 
30 31 4.6719160197085733e-07 
31 32 4.6719160173818315e-07 
32 33 4.671916015234651e-07 
33 34 4.671916025367961e-07 
34 35 4.6719160204654825e-07 
35 36 4.6719160195154975e-07 
36 37 4.671916021877166e-07 
37 38 4.671916023354067e-07 
38 39 4.671916024162029e-07 
39 40 4.6719160149596995e-07 
40 41 4.671916019101551e-07 
41 42 4.671916019153935e-07 
42 43 4.67191601596539e-07 
43 44 4.6719159924709944e-07 
44 45 4.6719160237945613e-07 
45 46 4.671916020759494e-07 
46 47 4.6719160208448717e-07 
47 48 4.6719160171799216e-07 
48 49 4.6719160212289567e-07 
49 50 4.67191601885954e-07 
50 51 4.6719160259056887e-07 
51 52 4.6719160254292676e-07 
52 53 4.671916015560402e-07 
53 54 4.6719160024953524e-07 
54 55 4.671915978745966e-07 
55 56 4.671916004211726e-07 
56 57 4.6719160153457517e-07 
57 58 4.6719156200300114e-07 
58 59 4.671917339690276e-07 
59 60 4.6720226275380406e-07 
60 61 4.671960914278197e-07 
61 62 4.671890050339678e-07 
62 63 4.671891448717877e-07 
63 64 4.6719126160266374e-07 
64 65 4.6719144044337455e-07 
65 66 4.6719656842287314e-07 
66 67 4.671706219628756e-07 
67 68 4.671748783120089e-07 
68 69 4.672088286581673e-07 
69 70 4.671849623576499e-07 
70 71 4.671946917617459e-07 
71 72 4.6718701411036613e-07 
72 73 4.6720689427241434e-07 
73 74 4.671907064160315e-07 
74 75 4.671912126027739e-07 
75 76 4.671918742906066e-07 
76 77 4.6719157972465273e-07 
77 78 4.671915764004762e-07 
78 79 4.6719155546703514e-07 
79 80 4.6719112384360086e-07 
80 81 4.671906525726548e-07 
81 82 4.6719310632241174e-07 
82 83 4.6720411073379855e-07 
83 84 4.6722605490238143e-07 
84 85 4.672080086409671e-07 
85 86 4.672186436536521e-07 
86 87 4.6717481127346803e-07 
87 88 4.672090740851904e-07 
88 89 4.671814581457669e-07 
89 90 4.671900529791375e-07 
90 91 4.671915954140082e-07 
91 92 4.671917345819039e-07 
92 93 4.6719167433832865e-07 
93 94 4.671916021434659e-07 
94 95 4.6719159446108525e-07 
95 96 4.6719159711074036e-07 
96 97 4.671916013173732e-07 
97 98 4.6719160307364457e-07 
98 99 4.6719160084049054e-07 
99 100 4.671916060210775e-07 
100 101 4.671917121179544e-07 
101 102 4.671917870414879e-07 
102 103 4.671915280692916e-07 
103 104 4.671915794382594e-07 
104 105 4.671918941974173e-07 
105 106 4.6719190042125e-07 
106 107 4.67190593747697e-07 
107 108 4.672073298670911e-07 
108 109 4.6727674437590595e-07 
109 110 4.6738687743932725e-07 
110 111 4.6919617449343326e-07 
111 112 4.807686868696203e-07 
112 113 5.636821979244978e-07 
113 114 8.242653147825895e-07 
114 115 5.669661007650858e-06 
115 116 1.3333301944239962e-05 
116 117 0.0002825874194904005 
117 118 0.0002885531267652872 
