2 -0.016852309688983234 
3 -0.024793446115154574 
4 -0.02528145974423336 
5 -0.02501414223427562 
6 -0.0249956125417993 
7 -0.025008171533181182 
8 -0.02500845041555041 
9 -0.025007822820879377 
10 -0.02500785864212832 
11 -0.025007887760998035 
12 -0.025007899808708635 
13 -0.025007879713221885 
14 -0.02500788788982262 
15 -0.025007892674672304 
16 -0.025007879025955422 
17 -0.025007887888296398 
18 -0.025007883249199468 
19 -0.025007885397956675 
20 -0.025007885408120673 
21 -0.02500788519091844 
22 -0.025007885464554173 
23 -0.02500788520087906 
24 -0.02500788518948298 
25 -0.0250078852059753 
26 -0.02500788520644785 
27 -0.025007885205725694 
28 -0.025007885205605335 
29 -0.025007885205645414 
30 -0.025007885205755878 
31 -0.025007885205751156 
32 -0.025007885205734586 
33 -0.025007885205770464 
34 -0.025007885205785358 
35 -0.02500788520573123 
36 -0.025007885205737056 
37 -0.025007885205702032 
38 -0.025007885205745987 
39 -0.025007885205765464 
40 -0.025007885205620323 
41 -0.025007885205833708 
42 -0.025007885205747097 
43 -0.025007885205491538 
44 -0.0250078852056303 
45 -0.025007885205774575 
46 -0.025007885205725184 
47 -0.025007885205706643 
48 -0.02500788520571247 
49 -0.025007885205763122 
50 -0.02500788520583115 
51 -0.025007885205889147 
52 -0.02500788520575183 
53 -0.02500788520559203 
54 -0.025007885205552093 
55 -0.02500788520674042 
56 -0.025007885208292235 
57 -0.025007885198814507 
58 -0.02500788515170633 
59 -0.025007885389073434 
60 -0.025007884553452465 
61 -0.02500788489050423 
62 -0.025007883583262395 
63 -0.02500788567748069 
64 -0.025007884994749822 
65 -0.025007885641892116 
66 -0.02500788367725097 
67 -0.02500788194222204 
68 -0.025007895070624633 
69 -0.02500787794672027 
70 -0.02500788712033985 
71 -0.025007885971071744 
72 -0.02500788092534899 
73 -0.025007883382565797 
74 -0.025007885379239855 
75 -0.025007885372170184 
76 -0.025007885199849308 
77 -0.025007885197863216 
78 -0.025007885218589574 
79 -0.02500788514564939 
80 -0.02500788507277693 
81 -0.025007886229731286 
82 -0.02500790050707028 
83 -0.025007899992851093 
84 -0.025007856254493848 
85 -0.025007899958866427 
86 -0.025007885810652566 
87 -0.025007882697105185 
88 -0.02500788840871875 
89 -0.025007886151827807 
90 -0.0250078844491932 
91 -0.025007885177120753 
92 -0.02500788525577941 
93 -0.025007885220438918 
94 -0.025007885202709718 
95 -0.025007885202287743 
96 -0.02500788520599448 
97 -0.02500788520671729 
98 -0.025007885205698403 
99 -0.02500788520312237 
100 -0.025007885227157568 
101 -0.025007885113244654 
102 -0.02500788519019905 
103 -0.025007885223626937 
104 -0.025007885242436884 
105 -0.02500788524727347 
106 -0.025007884664961767 
107 -0.02500788581401133 
108 -0.02500789186500929 
109 -0.025007861061276514 
110 -0.025007822713505455 
111 -0.02500845054360837 
112 -0.025008171357174376 
113 -0.024995612553141054 
114 -0.025014142201280617 
115 -0.025281459633995088 
116 -0.024793446159701013 
117 -0.01685230967870318 
