2 -0.25598887285270255 
3 -0.2579373337843613 
4 -0.2587052208643793 
5 -0.2586997454999601 
6 -0.2586790254331256 
7 -0.2586729143824944 
8 -0.2586719732890053 
9 -0.25867203378460546 
10 -0.25867209935148155 
11 -0.2586721141053112 
12 -0.2586721170449802 
13 -0.2586721128178637 
14 -0.25867210687292713 
15 -0.2586721081974548 
16 -0.25867211542581314 
17 -0.25867212531953215 
18 -0.25867211751646824 
19 -0.2586721147403357 
20 -0.2586721139276059 
21 -0.25867211377116966 
22 -0.25867211314556066 
23 -0.25867211365665477 
24 -0.25867211365282844 
25 -0.25867211369351945 
26 -0.25867211371967774 
27 -0.2586721137276221 
28 -0.25867211372932686 
29 -0.25867211372963156 
30 -0.25867211372958365 
31 -0.25867211372976645 
32 -0.25867211373325794 
33 -0.2586721137087836 
34 -0.25867211334952256 
35 -0.2586721134396304 
36 -0.25867211488395764 
37 -0.25867211394601003 
38 -0.25867211378128296 
39 -0.2586721137415999 
40 -0.25867211373365817 
41 -0.25867211398431583 
42 -0.25867211326136313 
43 -0.2586721145142381 
44 -0.2586721138656806 
45 -0.25867211375970145 
46 -0.2586721137521694 
47 -0.25867211373612314 
48 -0.2586721137141424 
49 -0.25867211360445813 
50 -0.2586721140478715 
51 -0.2586721142473554 
52 -0.2586721139506136 
53 -0.2586721120208447 
54 -0.25867211067232476 
55 -0.25867211592014727 
56 -0.25867211013096686 
57 -0.25867211333282325 
58 -0.2586721138836351 
59 -0.2586721137866374 
60 -0.25867211373913346 
61 -0.25867211373071647 
62 -0.2586721137298329 
63 -0.25867211372976534 
64 -0.25867211372973614 
65 -0.25867211372975407 
66 -0.2586721137297275 
67 -0.258672113729782 
68 -0.25867211372979676 
69 -0.2586721137297347 
70 -0.25867211372975357 
71 -0.25867211372976595 
72 -0.2586721137297134 
73 -0.25867211372972215 
74 -0.25867211372977966 
75 -0.2586721137289553 
76 -0.2586721137288846 
77 -0.2586721137305993 
78 -0.25867211372448135 
79 -0.2586721137320239 
80 -0.25867211370625737 
81 -0.2586721134787029 
82 -0.2586721163095669 
83 -0.25867211046166755 
84 -0.25867211070677953 
85 -0.25867211124907274 
86 -0.2586721129761857 
87 -0.25867211409950525 
88 -0.2586721139615335 
89 -0.2586721135950571 
90 -0.2586721134117065 
91 -0.2586721136810984 
92 -0.2586721139627224 
93 -0.25867211349496305 
94 -0.2586721136176414 
95 -0.25867211378443283 
96 -0.2586721135324124 
97 -0.2586721141427927 
98 -0.25867211328459766 
99 -0.2586721135408202 
100 -0.2586721142061155 
101 -0.2586721136259603 
102 -0.25867211364433984 
103 -0.25867211358653935 
104 -0.25867211365693554 
105 -0.25867211373472004 
106 -0.25867211393514317 
107 -0.2586721144122459 
108 -0.25867211335351525 
109 -0.2586720981445249 
110 -0.2586720340549713 
111 -0.2586719733938222 
112 -0.2586729143837961 
113 -0.25867902534834813 
114 -0.25869974771023907 
115 -0.2587052177238399 
116 -0.25793737563276514 
117 -0.2559888563718045 
