2 -0.9973579308852555 
3 0.9971731054622235 
4 -0.9971564978294114 
5 0.9971588799251248 
6 -0.9971593368851606 
7 0.9971593141485954 
8 -0.9971593063589979 
9 0.9971593013020699 
10 -0.9971593056259266 
11 0.9971593052000001 
12 -0.9971593053415385 
13 0.9971593053752363 
14 -0.997159305373764 
15 0.9971593053615188 
16 -0.9971593053725867 
17 0.997159305372161 
18 -0.9971593053731813 
19 0.9971593053969922 
20 -0.9971593052602858 
21 0.9971593046640581 
22 -0.9971593075547133 
23 0.9971593056450665 
24 -0.9971593076903101 
25 0.9971593040657156 
26 -0.9971593052888275 
27 0.9971593054151029 
28 -0.9971593055160969 
29 0.9971593052598383 
30 -0.9971593054630452 
31 0.9971593055711343 
32 -0.997159305449071 
33 0.9971593054554275 
34 -0.9971593050914294 
35 0.9971593034797223 
36 -0.9971593052708515 
37 0.9971593045687759 
38 -0.9971593060107522 
39 0.9971593060085379 
40 -0.9971593056241007 
41 0.9971593054913622 
42 -0.9971593051838787 
43 0.9971593052267087 
44 -0.9971593054130874 
45 0.9971593053536708 
46 -0.9971593053311358 
47 0.9971593053646147 
48 -0.9971593054166632 
49 0.9971593054051245 
50 -0.9971593056492274 
51 0.9971593058237793 
52 -0.9971593054435635 
53 0.9971593057004223 
54 -0.9971593051368571 
55 0.99715930504779 
56 -0.9971593059991702 
57 0.9971593052708739 
58 -0.9971593053005176 
59 0.9971593054279128 
60 -0.9971593053398472 
61 0.997159305499297 
62 -0.9971593053623149 
63 0.9971593053676747 
64 -0.9971593054174679 
65 0.9971593052562697 
66 -0.9971593053116034 
67 0.9971593051316024 
68 -0.9971593053685456 
69 0.9971593054757601 
70 -0.9971593053476004 
71 0.9971593054612794 
72 -0.9971593053172203 
73 0.9971593053806651 
74 -0.9971593053799296 
75 0.9971593053735748 
76 -0.9971593053751535 
77 0.997159305393827 
78 -0.9971593052485425 
79 0.9971593051861211 
80 -0.9971593053392989 
81 0.9971593053820346 
82 -0.9971593053721083 
83 0.9971593053737365 
84 -0.9971593055390975 
85 0.9971593053071827 
86 -0.9971593053151485 
87 0.9971593054116847 
88 -0.9971593053234711 
89 0.9971593053383533 
90 -0.9971593053721033 
91 0.997159305374946 
92 -0.9971593053737718 
93 0.9971593053736599 
94 -0.997159305373694 
95 0.9971593053736987 
96 -0.9971593053736995 
97 0.9971593053737009 
98 -0.9971593053736988 
99 0.997159305373703 
100 -0.9971593053737807 
101 0.9971593053736958 
102 -0.9971593053736723 
103 0.9971593053731941 
104 -0.997159305374303 
105 0.9971593053738308 
106 -0.9971593053736335 
107 0.9971593053734256 
108 -0.9971593053767249 
109 0.9971593053834799 
110 -0.9971593052231501 
111 0.9971593048925613 
112 -0.9971593129405256 
113 0.9971593370482926 
114 -0.9971588797768648 
115 0.9971564980848083 
116 -0.9971731054419625 
117 0.997357930851746 
