2 -0.9949116065287491 
3 0.9949102824344155 
4 -0.9949102485839572 
5 0.994910247624176 
6 -0.9949102475951506 
7 0.9949102475942322 
8 -0.9949102475942031 
9 0.9949102475942038 
10 -0.9949102475941995 
11 0.9949102475942002 
12 -0.9949102475942029 
13 0.9949102475941921 
14 -0.9949102475941998 
15 0.9949102475941995 
16 -0.9949102475942022 
17 0.9949102475942014 
18 -0.9949102475942004 
19 0.9949102475942159 
20 -0.9949102475942032 
21 0.9949102475942009 
22 -0.9949102475942002 
23 0.9949102475942024 
24 -0.9949102475942053 
25 0.9949102475942936 
26 -0.9949102475942095 
27 0.9949102475942031 
28 -0.9949102475942029 
29 0.9949102475941993 
30 -0.9949102475941272 
31 0.9949102475942104 
32 -0.9949102475942015 
33 0.9949102475942007 
34 -0.9949102475942035 
35 0.9949102475942017 
36 -0.9949102475942047 
37 0.9949102475942015 
38 -0.9949102475942537 
39 0.9949102475986997 
40 -0.9949102475953604 
41 0.9949102475942724 
42 -0.9949102475942038 
43 0.9949102475942043 
44 -0.9949102475941998 
45 0.994910247594202 
46 -0.9949102475942063 
47 0.9949102475941833 
48 -0.9949102475941992 
49 0.9949102475942013 
50 -0.9949102475941971 
51 0.9949102475941998 
52 -0.9949102475942307 
53 0.994910247595149 
54 -0.994910247624176 
55 0.9949102485839538 
56 -0.9949102824344261 
57 0.9949116065286883 
