2 -0.11551953046570276 
3 -0.12770107797035402 
4 -0.1334748105806621 
5 -0.13606096647545576 
6 -0.13948393536850798 
7 -0.14377727731444762 
8 -0.14821384778420338 
9 -0.15261816003447334 
10 -0.15699412113711275 
11 -0.1612197249579524 
12 -0.16512360061392373 
13 -0.16860752839923168 
14 -0.1716117787366507 
15 -0.17406605645637985 
16 -0.1759156336202678 
17 -0.17714917929933505 
18 -0.17778021318600887 
19 -0.17783165350182828 
20 -0.17734691154360965 
21 -0.1764000810520772 
22 -0.17507351413183614 
23 -0.17345492615940383 
24 -0.17164359361436882 
25 -0.16974282542541896 
26 -0.16785285803866623 
27 -0.16606264183041886 
28 -0.16445678543747366 
29 -0.1631068230836158 
30 -0.1620667374670222 
31 -0.16137215723734208 
32 -0.16104274841457167 
33 -0.16108156914894745 
34 -0.16146786370358812 
35 -0.16216538425150873 
36 -0.1631321817728014 
37 -0.16430844909283418 
38 -0.16562132763903653 
39 -0.16700248518199026 
40 -0.16837684340459633 
41 -0.1696749834952153 
42 -0.17082757933619816 
43 -0.17178088315111195 
44 -0.17249244091094576 
45 -0.17292574782750664 
46 -0.17306928087323448 
47 -0.17291652978303718 
48 -0.17247963505494485 
49 -0.17178752578026515 
50 -0.17088583212568823 
51 -0.16982068099127673 
52 -0.16865031278137604 
53 -0.1674354645691626 
54 -0.16624255441230057 
55 -0.16513594158047598 
56 -0.16417211582780575 
57 -0.1634004653718265 
58 -0.16286246457660397 
59 -0.1625827817967728 
60 -0.1625859217415725 
61 -0.16286197405972927 
62 -0.16340142236206748 
63 -0.1641727256277054 
64 -0.16513763014628624 
65 -0.16624276667816565 
66 -0.16743378211005477 
67 -0.16864821188004428 
68 -0.16981850479228813 
69 -0.17088418705630137 
70 -0.1717878092111096 
71 -0.17247738244813807 
72 -0.1729118308180353 
73 -0.17306563006950082 
74 -0.17292549217586736 
75 -0.17249231379722 
76 -0.17178098050459 
77 -0.17082739670605407 
78 -0.16967465296749634 
79 -0.16837693468071718 
80 -0.16700159828076747 
81 -0.1656217442473075 
82 -0.16430851217128756 
83 -0.16313326543514622 
84 -0.16216612852611126 
85 -0.16146698752756802 
86 -0.1610809996501105 
87 -0.16104225581219794 
88 -0.16137106297358147 
89 -0.1620659466937093 
90 -0.16310545496977216 
91 -0.1644543922924383 
92 -0.16606054665560588 
93 -0.16785116665663546 
94 -0.16974140633660179 
95 -0.17164181678319987 
96 -0.17345429222594752 
97 -0.175073410735743 
98 -0.17640044746111122 
99 -0.17734810036097076 
100 -0.1778330715276712 
101 -0.1777827554350015 
102 -0.17715212211110465 
103 -0.17591899366977576 
104 -0.17407001893645313 
105 -0.17161611302370855 
106 -0.1686118637619948 
107 -0.16512791501441895 
108 -0.16122401704106723 
109 -0.15699814327393868 
110 -0.15262173461132728 
111 -0.14821697130103703 
112 -0.14377991419320693 
113 -0.13948601315634032 
114 -0.13606249015455432 
115 -0.13347583280687347 
116 -0.12770167987925235 
117 -0.11551978836582207 
