2 3 0.0053436853198236154 
3 4 0.00631470553775785 
4 5 0.0065529291863279755 
5 6 0.006486419696210855 
6 7 0.006414483961955794 
7 8 0.0063912099742181126 
8 9 0.006393809679723657 
9 10 0.0063992018832028635 
10 11 0.006400944044983428 
11 12 0.006400587190121515 
12 13 0.006400088331605248 
13 14 0.0063999664657734285 
14 15 0.006400029942542046 
15 16 0.006400084318291212 
16 17 0.00640008835854752 
17 18 0.006400075529801821 
18 19 0.006400062329634195 
19 20 0.006400065108589217 
20 21 0.006400073773074003 
21 22 0.0064000728966700894 
22 23 0.006400070466926398 
23 24 0.006400069936081357 
24 25 0.006400070348238722 
25 26 0.006400070990277441 
26 27 0.006400071278740247 
27 28 0.006400071553393192 
28 29 0.0064000719805611325 
29 30 0.006400072516967631 
30 31 0.006400065960908868 
31 32 0.006400063398990711 
32 33 0.006400068926613187 
33 34 0.0064000676998943054 
34 35 0.006400067545943455 
35 36 0.006400069168202521 
36 37 0.006400070364545333 
37 38 0.00640007093577504 
38 39 0.006400070520795357 
39 40 0.0064000709946047465 
40 41 0.006400069615452919 
41 42 0.006400069409300605 
42 43 0.006400068832847263 
43 44 0.006400071071525114 
44 45 0.0064000712409251845 
45 46 0.006400070993830275 
46 47 0.006400070872443912 
47 48 0.006400070781209621 
48 49 0.006400070802165959 
49 50 0.006400070882458125 
50 51 0.006400070951339534 
51 52 0.006400070966273574 
52 53 0.006400070932239565 
53 54 0.0064000709235655555 
54 55 0.00640007093489768 
55 56 0.006400070950159367 
56 57 0.006400070976897299 
57 58 0.00640007100481065 
58 59 0.00640007093693973 
59 60 0.006400070802759752 
60 61 0.006400070621944591 
61 62 0.006400071136466441 
62 63 0.006400071381907959 
63 64 0.006400071897431596 
64 65 0.00640007115942401 
65 66 0.0064000691420389 
66 67 0.006400070318601017 
67 68 0.006400073212048284 
68 69 0.00640007344817874 
69 70 0.006400072378432984 
70 71 0.006400071422517405 
71 72 0.006400071027915912 
72 73 0.0064000709547177214 
73 74 0.006400070954585126 
74 75 0.006400070956461039 
75 76 0.00640007095618452 
76 77 0.006400070955903196 
77 78 0.0064000709555208255 
78 79 0.006400070955477461 
79 80 0.006400070954433951 
80 81 0.0064000709549397634 
81 82 0.006400070955400858 
82 83 0.00640007095665738 
83 84 0.006400070955679648 
84 85 0.00640007096484327 
85 86 0.0064000709552417085 
86 87 0.0064000709529168235 
87 88 0.006400070953157966 
88 89 0.006400070954592317 
89 90 0.006400070951577836 
90 91 0.006400070967952127 
91 92 0.006400070963239866 
92 93 0.006400070975598566 
93 94 0.006400070946952623 
94 95 0.006400070896302307 
95 96 0.00640007091291828 
96 97 0.006400071121899389 
97 98 0.006400071367859546 
98 99 0.00640007094375034 
99 100 0.0064000693916066885 
100 101 0.006400068711529385 
101 102 0.0064000737287867775 
102 103 0.006400084044640505 
103 104 0.006400079603837626 
104 105 0.006400029638720861 
105 106 0.00639996802239261 
106 107 0.006400087874959069 
107 108 0.006400585823231443 
108 109 0.00640094287294726 
109 110 0.0063992015166048815 
110 111 0.006393809202933142 
111 112 0.006391210305704147 
112 113 0.0064144841926141675 
113 114 0.00648641964461318 
114 115 0.0065529293750185265 
115 116 0.006314705791921326 
116 117 0.005343685631009959 
117 118 0.004207236226240792 
