0.0 
77.73743135193918 
74.62185538678617 
73.55911584131353 
70.49883389099735 
69.46428781701526 
66.3757894371334 
65.34097860882021 
62.25274497000992 
61.21793226127511 
58.12970050077096 
57.09488813839472 
54.0066560310973 
52.971843678496235 
49.88361156140892 
48.848799208911295 
45.76056709172034 
44.72575473922392 
41.63752262203173 
40.6027102695354 
37.51447815234309 
36.479665799862865 
33.391433682654444 
32.3566213301581 
29.268389212965822 
28.23357686047334 
25.145344743277196 
24.11053239078078 
21.022300273588524 
19.98748792109215 
16.899255803899866 
15.8644434514035 
12.776211334211213 
11.74139898171468 
8.653166864522541 
7.6183545120262215 
4.53012239483386 
3.4953100423377874 
0.4070779251451729 
-0.6277344273511793 
-3.7159665445435195 
-4.750778897039596 
-7.839011014232218 
-8.873823366728589 
-11.962055483920926 
-12.996867836417296 
-16.085099953609618 
-17.119912306106 
-20.208144423298332 
-21.242956775794692 
-24.33118889298704 
-25.36600124548315 
-28.454233362675758 
-29.48904571517213 
-32.57727783236451 
-33.61209018486088 
-36.700322302053245 
-37.73513465455179 
-40.82336677174205 
-41.85817912423807 
-44.94641124143083 
-45.98122359392713 
-49.06945571111956 
-50.10426806361455 
-53.19250018080831 
-54.22731253330469 
-57.31554465049709 
-58.350357002993356 
-61.438589120185874 
-62.47340147268236 
-65.56163358987457 
-66.59644594237089 
-69.68467805956327 
-70.7194904120596 
-73.80772252925188 
-74.84253488174825 
-77.93076699894057 
-78.96557935143541 
-82.05381146862929 
-83.08862382112555 
-86.17685593831807 
-87.21166829081442 
-90.29990040800682 
-91.33471276050231 
-94.42294487769554 
-95.45775723019189 
-98.54598934738424 
-99.58080169988057 
-102.66903381707293 
-103.70384616956882 
-106.79207828676158 
-107.82689063925308 
-110.91512275645036 
-111.9499351089562 
-115.03816722613901 
-116.07297957863412 
-119.16121169582776 
-120.19602404832408 
-123.28425616551645 
-124.31906851801276 
-127.40730063520512 
-128.44211298770142 
-131.5303451048948 
-132.56515745739765 
-135.6533895746592 
-136.68820192759958 
-139.77643404940832 
-140.8112464311998 
-143.89947883508765 
-144.93429282576608 
-148.02253667809296 
-149.05732923933107 
-152.14303234991965 
-153.11294476424015 
-154.31249397448565 
-156.52238664637815 
-158.9726531069667 
-159.05700433870072 
-159.07318429003323 
-159.0731903618172 
-159.1038762777462 
-159.10391652107634 
-159.1224229327527 
-159.12247322611356 
-159.13438986179025 
-159.13444110520047 
-159.14246015192984 
-159.1425090279716 
-159.1480662726759 
-159.1481119570906 
-159.1520399157084 
-159.152082538256 
-159.15489590025342 
-159.15493590274306 
-159.1569687243834 
-159.15700660285736 
-159.15848379950026 
-159.15852000745915 
-159.15959721453146 
-159.1596321333899 
-159.1604192283672 
-159.16045316528115 
-159.1610288348932 
-159.16106203083902 
-159.16148317588116 
-159.16151581665267 
-159.16182384343242 
-159.1618560705022 
-159.16208122654913 
-159.16211314665287 
-159.16227757512067 
-159.1623092682054 
-159.16242919660704 
-159.16246072223345 
-159.1625480484054 
-159.16257945075773 
-159.16264289911865 
-159.16267421087164 
-159.16272017906735 
-159.1627514243276 
-159.16278460407952 
-159.1628158006031 
-159.16283963333777 
-159.16287079419067 
-159.1628878053784 
-159.16291894016936 
-159.16293098443523 
-159.16296210023094 
-159.16297054081517 
-159.16300164281247 
-159.16300748270578 
-159.16303857472755 
-159.1630425522508 
-159.163073637108 
-159.16307629552134 
-159.163107375278 
-159.16310911351573 
-159.163140189685 
-159.16314129959383 
-159.1631723732791 
-159.16317306716684 
-159.1632041391683 
-159.16320457032944 
-159.16323564122254 
-159.16323591902804 
-159.16326698922384 
-159.16326718941892 
-159.16329825921432 
-159.16329842956242 
-159.1633294991671 
-159.1633296627129 
-159.16336073222382 
-159.16336089517532 
-159.16339196466012 
-159.16339212759655 
-159.16342319707925 
-159.1634233600155 
-159.1634544294981 
-159.16345459243436 
-159.163485661917 
-159.16348582485327 
-159.16351689433577 
-159.1635170572719 
-159.16354812675453 
-159.16354828969074 
-159.16357935917355 
-159.1635795221099 
-159.16361059159237 
-159.16361075452866 
-159.16364182401136 
-159.16364198694754 
-159.1636730564301 
-159.16367321936642 
-159.1637042888493 
-159.16370445178566 
-159.1637355212682 
-159.1637356842044 
-159.1637667536871 
-159.16376691662336 
-159.16379798610615 
-159.1637981490425 
-159.16382921853736 
-159.16382938147333 
-159.1638604513065 
-159.16386061423296 
-159.1638916836093 
-159.16389184613925 
-159.16392294198297 
-159.16392308764867 
-159.16398194169247 
-159.16398194201105 
-159.1639819419876 
-164.78313291354493 
-164.855638865878 
-164.9085484960265 
-164.92038830936272 
-164.9293082993987 
-164.93722875783638 
-164.94316056972008 
-164.94843900186927 
-164.95248166863004 
-164.956162942855 
-164.95903108636693 
-164.96168438353058 
-164.96377828574597 
-164.96573795544188 
-164.96729921330152 
-164.96877275107497 
-164.96995466001968 
-164.97107727132718 
-164.97198224661523 
-164.97284553337508 
-164.97354407817394 
-164.9742126487096 
-164.97475509304272 
-164.97527538574897 
-164.97569827972004 
-164.97610459566047 
-164.9764352141636 
-164.9767531736443 
-164.97701204537069 
-164.97726126739315 
-164.97746420264096 
-164.9776595398561 
-164.97781865089618 
-164.97797178626146 
-164.97809650177138 
-164.97821654437908 
-164.97831427562247 
-164.9784083101459 
-164.97848489564657 
-164.9785589689529 
-164.97862194108606 
-164.97870827578058 
-165.08410174186105 
-166.1882891497464 
-166.4280026289181 
-166.61725290634516 
-166.66177817588087 
-166.7195806576735 
-166.73325898548265 
-166.75701025159108 
-166.7628367363357 
-166.77461861188337 
-166.77767976244994 
-166.7843525776294 
-166.78616721213118 
-166.7903180564352 
-166.79146689066695 
-166.79422186858662 
-166.7949766923518 
-166.7968832831884 
-166.7973911987036 
-166.7987445917087 
-166.79909234777844 
-166.80006682496756 
-166.80030855333956 
-166.80101569225226 
-166.80118581423088 
-166.80170115989742 
-166.80182222653178 
-166.80219876806197 
-166.80228577747764 
-166.80256141346158 
-166.80262450408244 
-166.8028266064574 
-166.80287272386775 
-166.80302117195507 
-166.80305514784894 
-166.80316441506633 
-166.80318962750718 
-166.8032702647304 
-166.80328910442822 
-166.80334880646294 
-166.80336297418015 
-166.803407351632 
-166.8034180645424 
-166.8034512014514 
-166.8034593344278 
-166.80348419921663 
-166.80349038859967 
-166.8035091382084 
-166.8035138510102 
-166.80352804725405 
-166.80353163130624 
-166.80354241066848 
-166.8035451286639 
-166.8035533220755 
-166.80355537443577 
-166.80356159398187 
-166.80356313422922 
-166.8035678337614 
-166.80356897919373 
-166.8035724960214 
-166.80357333553766 
-166.80357591930849 
-166.8035765195152 
-166.8035783531238 
-166.80357876351994 
-166.80357998045326 
-166.80358023824616 
-166.8035809419856 
-166.80358107796926 
-166.80358137342475 
-166.80358142052503 
-166.80358146400678 
-166.80358146400832 
-166.80358146401622 
-166.80358146398225 
-166.8035814640163 
-166.80358146398552 
-166.80358146399075 
-166.80358146398387 
-166.80358146398416 
-166.80358146398444 
-166.8035814639846 
-166.80358146398473 
-166.80358146399456 
-166.8035814640048 
-166.80358146401474 
-166.8035814640252 
-166.80358146403537 
-166.80358146404595 
-166.80358146405646 
-166.80358146406755 
-166.80358146407852 
-166.80358146409006 
-166.80358146410114 
-166.80358146411336 
-166.8035814641249 
-166.80358146413786 
-166.80358146415014 
-166.80358146416395 
-166.80358146417674 
-166.80358146419175 
-166.80358146420537 
-166.80358146422137 
-166.80358146423598 
-166.80358146425314 
-166.80358146426883 
-166.80358146428708 
-166.8035814643038 
-166.8035814643229 
-166.8035814643408 
-166.80358146436097 
-166.80358146438002 
-166.8035814644007 
-166.80358146442043 
-166.80358146444198 
-166.80358146446227 
-166.80358146448444 
-166.80358146450587 
-166.80358146452895 
-166.80358146454452 
-166.80358146556077 
-166.80358146557788 
-166.80358146654484 
-166.80358146728483 
-166.80358146828556 
-166.80358146906374 
-166.80358147009113 
-166.80358147090416 
-166.80358147194866 
-166.80358147279708 
-166.80358147384325 
-166.8035814747282 
-166.80358147575149 
-166.80358147678496 
-166.80358147690706 
-166.8035814769781 
-166.80358147713267 
-166.803581477218 
-166.80358147743115 
-166.80358147753188 
-166.80358147954442 
-166.80358147969187 
-166.80358148248402 
-166.80358148519886 
-166.80358148586035 
-166.80358148709027 
-166.80358148814648 
-166.80358148824607 
-166.8035814883294 
-166.80358159629466 
-166.80358174504173 
-166.80358188127647 
-166.80358201653985 
-166.80358213619078 
-166.80358225433892 
-166.80358235892967 
-166.80358246196258 
-166.80358255321602 
-166.80358264277388 
-166.80358272211166 
-166.80358279964534 
-166.80358286836085 
-166.80358293525015 
-166.80358299457325 
-166.80358305205792 
-166.8035831031432 
-166.80358315246198 
-166.80358319638333 
-166.80358323862916 
-166.8035832763383 
-166.8035833124683 
-166.80358334478322 
-166.8035833755965 
-166.8035834031654 
-166.803583429283 
-166.80358345260865 
-166.80358347448671 
-166.8035834939146 
-166.80358351185671 
-166.803583527579 
-166.80358354171815 
-166.8035835537686 
-166.80358356409164 
-166.80358357237546 
-166.8035835787638 
-166.80358358314362 
-166.8035835856497 
-166.8035835865846 
-166.8035835865872 
-166.8035835867175 
-166.80358358670068 
-166.80358358671756 
-166.80358358670682 
-166.80358358670188 
-166.80358358670244 
-166.80358358670273 
-166.80358358670279 
-166.80358358670279 
-166.80358358670267 
-166.80358358670267 
-166.80358358670276 
-166.80358358670273 
-166.80358358670296 
-166.8035835867029 
-166.803583586703 
-166.80358358670296 
-166.80358358670307 
-166.8035835867033 
-166.8035835867034 
-166.80358358670364 
-166.80358358670375 
-166.8035835867133 
-166.803583586723 
-166.80358358673269 
-166.8035835867423 
-166.80358358675207 
-166.80358358676187 
-166.80358358677174 
-166.80358358678163 
-166.80358358679146 
-166.80358358680135 
-166.80358358681153 
-166.80358358682165 
-166.8035835868318 
-166.80358358684217 
-166.80358358685274 
-166.80358358686325 
-166.80358358687377 
-166.80358358688446 
-166.8035835868952 
-166.803583586906 
-166.80358358691706 
-166.80358358692817 
-166.80358358692823 
-166.80358358692823 
-166.80358358692834 
-166.80358358692823 
-166.8035835869282 
-166.80358358692817 
-166.80358358692837 
-166.80358358692843 
-166.8035835869284 
-166.8035835869284 
-166.80358358692845 
-166.80358358692845 
-166.80358358692862 
-166.80358358692868 
-166.80358358692885 
-166.8035835869289 
-166.80358358692897 
-166.80358358692897 
-166.80358358692908 
-166.8035835869292 
-166.8035835869292 
-166.80358358692942 
-166.8035835869296 
-166.8035835869297 
-166.80358358692982 
-166.80358358693 
-166.80358358693 
-166.80358358693 
-166.80358358693016 
-166.80358358693027 
-166.8035835869301 
-166.80358358693016 
-166.80358358693016 
-166.8035835869304 
-166.8035835869305 
-166.80358358693056 
-166.80358358693056 
-166.8035835869305 
-166.8035835869304 
-166.80358358693027 
-166.8035835869305 
-166.80358358693056 
-166.8035835869305 
-166.80358358693056 
-166.80358358693073 
-166.80358358693056 
-166.8035835869306 
-166.80358358693064 
-166.8035835869306 
-166.80358358693073 
-166.80358358693073 
-166.80358358693093 
-166.80358358693096 
-166.8035835869309 
-166.803583586931 
-166.80358358693113 
-166.80358358693124 
-166.80358358693118 
-166.80358358693124 
-166.80358358693135 
-166.80358358693135 
-166.80358358693158 
-166.80358358693175 
-166.8035835869318 
-166.80358358693186 
-166.80358358693198 
-166.80358358693198 
-166.80358358693186 
-166.80358358693198 
-166.8035835869317 
-166.80358358693846 
-166.80358358693329 
-166.80358358696398 
-166.80358358692993 
-166.80358358696395 
-166.80358358693323 
-166.80358358693834 
-166.80358358693158 
-166.80358358693175 
-166.80358358693164 
-166.80358358693175 
-166.8035835869317 
-166.8035835869317 
-166.80358358693175 
-166.80358358693175 
-166.80358358693164 
-166.80358358693147 
-166.8035835869314 
-166.80358358693124 
-166.80358358693118 
-166.80358358693118 
-166.80358358693124 
-166.803583586931 
-166.8035835869309 
-166.80358358693084 
-166.80358358693084 
-166.80358358693056 
-166.80358358693056 
-166.8035835869305 
-166.80358358693044 
-166.80358358693027 
-166.80358358693033 
-166.80358358693022 
-166.80358358693022 
-166.8035835869301 
-166.80358358693005 
-166.80358358692993 
-166.80358358692976 
-166.8035835869297 
-166.80358358692976 
-166.8035835869297 
-166.80358358692965 
-166.8035835869296 
-166.8035835869295 
-166.80358358692953 
-166.80358358692948 
-166.80358358692936 
-166.80358358692936 
-166.8035835869293 
-166.80358358692922 
-166.80358358692925 
-166.80358358692922 
-166.80358358692925 
-166.80358358692922 
-166.80358358692914 
-166.80358358692902 
-166.8035835869289 
-166.80358358692897 
-166.80358358692902 
-166.80358358692908 
-166.80358358692908 
-166.80358358692914 
-166.80358358692905 
-166.803583586929 
-166.8035835869289 
-166.80358358692868 
-166.80358358692862 
-166.8035835869285 
-166.80358358692845 
-166.80358358692834 
-166.80358358692817 
-166.8035835869281 
-166.803583586928 
-166.803583586928 
-166.803583586928 
-166.803583586928 
-166.80358358692794 
-166.80358358692789 
-166.80358358692808 
-166.80358358692806 
-166.80358358692823 
-166.80358358692828 
-166.80358358692823 
-166.8035835869284 
-166.8035835869284 
-166.8035835869284 
-166.80358358692828 
-166.80358358692845 
-166.80358358692845 
-166.8035835869284 
-166.8035835869285 
-166.8035835869284 
-166.80358358692834 
-166.80358358692823 
-166.80358358692837 
-166.80358358692823 
-166.80358358692828 
-166.80358358692823 
-166.80358358692834 
-166.8035835869284 
-166.80358358692837 
-166.80358358692823 
-166.80358358692817 
-166.8035835869281 
-166.803583586928 
-166.8035835869282 
-166.8035835869281 
-166.80358358692823 
-166.803583586928 
-166.80358358692806 
-166.8035835869281 
-166.8035835869281 
-166.80358358692834 
-166.80358358692823 
-166.80358358692806 
-166.80358358692772 
-166.8035835869272 
-166.80358358693204 
-166.80358358694278 
-166.803583586926 
-166.80358358694278 
-166.80358358693192 
-166.80358358692703 
-166.80358358692737 
-166.80358358692754 
-166.8035835869276 
-166.80358358692766 
-166.80358358692766 
-166.80358358692766 
-166.8035835869276 
-166.80358358692754 
-166.80358358692766 
-166.80358358692777 
-166.80358358692789 
-166.80358358692794 
-166.80358358692786 
-166.80358358692803 
-166.80358358692823 
-166.80358358692817 
-166.80358358692828 
-166.80358358692828 
-166.80358358692823 
-166.80358358692823 
-166.80358358692823 
-166.80358358692828 
-166.8035835869281 
-166.80358358692823 
-166.80358358692834 
-166.80358358692857 
-166.80358358692862 
-166.80358358692865 
-166.80358358692868 
-166.80358358692868 
-166.8035835869287 
-166.8035835869288 
-166.80358358692888 
-166.80358358692885 
-166.80358358692888 
-166.80358358692885 
-166.80358358692874 
-166.80358358692874 
-166.80358358692885 
-166.80358358692885 
-166.80358358692897 
-166.80358358692902 
-166.80358358692908 
-166.80358358692925 
-166.80358358692942 
-166.80358358692936 
-166.80358358692942 
-166.80358358692965 
-166.80358358692982 
-166.80358358692982 
-166.80358358692993 
-166.80358358693 
-166.80358358693 
-166.8035835869301 
-166.80358358693013 
-166.80358358693016 
-166.8035835869301 
-166.80358358693005 
-166.80358358693 
-166.80358358693005 
-166.80358358693016 
-166.8035835869301 
-166.80358358693 
-166.80358358692982 
-166.80358358693005 
-166.80358358693022 
-166.8035835869301 
-166.80358358693013 
-166.80358358693022 
-166.8035835869303 
-166.8035835869304 
-166.80358358693044 
-166.80358358693044 
-166.8035835869305 
-166.8035835869306 
-166.80358358693073 
-166.80358358693084 
-166.8035835869309 
-166.80358358693093 
-166.80358358693093 
-166.80358358693107 
-166.80358358693107 
-166.80358358693124 
-166.80358358693118 
-166.80358358693135 
-166.8035835869314 
-166.80358358693152 
-166.80358358693158 
-166.80358358693164 
-166.8035835869317 
-166.8035835869317 
-166.80358358693164 
-166.80358358693172 
-166.80358358693175 
-166.8035835869318 
-166.8035835869318 
-166.80358358693186 
-166.80358358693198 
-166.80358358693218 
-166.80358358693223 
-166.80358358693226 
-166.80358358693232 
-166.80358358693226 
-166.8035835869322 
-166.80358358693215 
-166.8035835869322 
-166.8035835869322 
-166.8035835869322 
-166.80358358693204 
-166.8035835869388 
-166.8035835869337 
-166.80358358696452 
-166.8035835869304 
-166.80358358696444 
-166.8035835869336 
-166.80358358693874 
-166.80358358693204 
-166.8035835869322 
-166.80358358693226 
-166.80358358693226 
-166.8035835869322 
-166.80358358693232 
-166.80358358693226 
-166.80358358693232 
-166.80358358693226 
-166.80358358693226 
-166.80358358693215 
-166.80358358693192 
-166.80358358693186 
-166.8035835869318 
-166.8035835869317 
-166.8035835869318 
-166.80358358693175 
-166.80358358693175 
-166.8035835869317 
-166.80358358693175 
-166.80358358693164 
-166.80358358693158 
-166.80358358693147 
-166.8035835869314 
-166.8035835869313 
-166.8035835869311 
-166.80358358693107 
-166.8035835869309 
-166.8035835869309 
-166.80358358693078 
-166.80358358693067 
-166.80358358693067 
-166.80358358693056 
-166.8035835869305 
-166.8035835869304 
-166.8035835869304 
-166.80358358693016 
-166.80358358693016 
-166.80358358693005 
-166.80358358692993 
-166.80358358692988 
-166.8035835869299 
-166.80358358692976 
-166.80358358692953 
-166.80358358692942 
-166.80358358692925 
-166.80358358692936 
-166.8035835869292 
-166.80358358692925 
-166.80358358692908 
-166.80358358692897 
-166.80358358692902 
-166.8035835869289 
-166.8035835869289 
-166.8035835869289 
-166.80358358692874 
-166.80358358692862 
-166.80358358692865 
-166.80358358692868 
-166.80358358692862 
-166.80358358692862 
-166.8035835869285 
-166.8035835869284 
-166.80358358692823 
-166.80358358692823 
-166.80358358692808 
-166.80358358692789 
-166.80358358692783 
-166.80358358692772 
-166.80358358692754 
-166.8035835869275 
-166.80358358692732 
-166.80358358692715 
-166.80358358692703 
-166.80358358692692 
-166.8035835869268 
-166.8035835869267 
-166.80358358692658 
-166.8035835869264 
-166.80358358692624 
-166.80358358692612 
-166.803583586926 
-166.80358358692584 
-166.80358358692578 
-166.80358358692573 
-166.8035835869256 
-166.80358358692553 
-166.8035835869255 
-166.80358358692538 
-166.80358358692536 
-166.8035835869252 
-166.8035835869251 
-166.80358358692504 
-166.80358358692493 
-166.80358358692487 
-166.80358358692476 
-166.80358358692465 
-166.8035835869246 
-166.80358358692447 
-166.80358358692425 
-166.80358358692408 
-166.80358358692408 
-166.80358358692396 
-166.80358358692385 
-166.80358358692388 
-166.80358358692374 
-166.80358358692385 
-166.80358358692382 
-166.8035835869237 
-166.80358358692334 
-166.80358358692817 
-166.80358358693897 
-166.8035835869222 
