2 -0.2533157286812308 
3 -0.25389641079234465 
4 -0.2540607789774941 
5 -0.25407529210169666 
6 -0.2540764193563662 
7 -0.25407648487932094 
8 -0.2540764687201048 
9 -0.25407646352025515 
10 -0.25407646253631994 
11 -0.254076462381869 
12 -0.2540764623623702 
13 -0.2540764623605489 
14 -0.2540764623605419 
15 -0.2540764623604839 
16 -0.25407646236056747 
17 -0.2540764623604896 
18 -0.2540764623601455 
19 -0.2540764623615439 
20 -0.25407646229193787 
21 -0.25407646243763315 
22 -0.25407646237581294 
23 -0.2540764623610197 
24 -0.25407646235878306 
25 -0.25407646236043324 
26 -0.25407646236049464 
27 -0.2540764623605694 
28 -0.2540764623604759 
29 -0.25407646236047493 
30 -0.2540764623605972 
31 -0.25407646236035475 
32 -0.25407646236049475 
33 -0.254076462352489 
34 -0.2540764620997613 
35 -0.2540764624830253 
36 -0.2540764623725261 
37 -0.2540764623612153 
38 -0.254076462360638 
39 -0.25407646236046333 
40 -0.2540764623617171 
41 -0.2540764623521433 
42 -0.25407646234512155 
43 -0.25407646235908443 
44 -0.2540764623604806 
45 -0.25407646236052256 
46 -0.2540764623605581 
47 -0.25407646236059506 
48 -0.2540764623605413 
49 -0.25407646236055503 
50 -0.2540764623605461 
51 -0.2540764623605262 
52 -0.25407646236055004 
53 -0.2540764623605235 
54 -0.25407646236054476 
55 -0.2540764623605133 
56 -0.25407646236049164 
57 -0.25407646236051706 
58 -0.2540764623608424 
59 -0.254076462360903 
60 -0.2540764623605787 
61 -0.254076462360543 
62 -0.25407646236042647 
63 -0.254076462355016 
64 -0.2540764623599894 
65 -0.25407646236059445 
66 -0.2540764623605187 
67 -0.2540764623605453 
68 -0.25407646236052933 
69 -0.2540764623605379 
70 -0.25407646236055875 
71 -0.25407646236031234 
72 -0.2540764623601762 
73 -0.2540764623588318 
74 -0.25407646235900866 
75 -0.2540764623615086 
76 -0.25407646235803294 
77 -0.2540764623978519 
78 -0.2540764623684675 
79 -0.2540764623612398 
80 -0.2540764623605309 
81 -0.25407646236053544 
82 -0.2540764623605021 
83 -0.2540764623605414 
84 -0.2540764623605251 
85 -0.25407646236049863 
86 -0.25407646236054965 
87 -0.2540764623605218 
88 -0.25407646236049425 
89 -0.25407646236058484 
90 -0.25407646236062786 
91 -0.25407646236054365 
92 -0.2540764623605443 
93 -0.25407646236054054 
94 -0.25407646236053566 
95 -0.254076462360546 
96 -0.2540764623605199 
97 -0.254076462360513 
98 -0.2540764623605554 
99 -0.25407646236055326 
100 -0.25407646236053055 
101 -0.2540764623605031 
102 -0.2540764623605211 
103 -0.25407646236056436 
104 -0.25407646236049763 
105 -0.2540764623605372 
106 -0.2540764623607609 
107 -0.2540764623632533 
108 -0.2540764623850931 
109 -0.25407646253041966 
110 -0.25407646330886713 
111 -0.25407646663975514 
112 -0.25407646341984197 
113 -0.2540762833313338 
114 -0.25407505246361367 
115 -0.254055743922575 
116 -0.2538978442342369 
117 -0.2543136351475545 
