2 3 0.462725544734568 
3 4 0.43128497725661785 
4 5 0.45477237865646886 
5 6 0.5093881374079763 
6 7 0.5399640638686038 
7 8 0.5553757898541858 
8 9 0.5642769894003583 
9 10 0.58167834276895 
10 11 0.6062982073991419 
11 12 0.6229414586007078 
12 13 0.6238039175745981 
13 14 0.6299796213140396 
14 15 0.6516256685530001 
15 16 0.6661133031572911 
16 17 0.6657834516028434 
17 18 0.6684624854196916 
18 19 0.6849565363572696 
19 20 0.6984847388189377 
20 21 0.6997386061025421 
21 22 0.6995758657017288 
22 23 0.7107583519805867 
23 24 0.7240418316666816 
24 25 0.7265592612210021 
25 26 0.724200485555668 
26 27 0.7313879658742594 
27 28 0.7438939716892168 
28 29 0.7476006671650319 
29 30 0.7445249542962209 
30 31 0.7484820560872698 
31 32 0.7595447710165094 
32 33 0.7646550798280741 
33 34 0.7616901181641663 
34 35 0.7626670564949459 
35 36 0.7719546527490715 
36 37 0.7782136506662236 
37 38 0.7757206749503086 
38 39 0.774293588883108 
39 40 0.7816002621807157 
40 41 0.7885697688020277 
41 42 0.7870229925991131 
42 43 0.783943761768585 
43 44 0.7889949603039343 
44 45 0.7962913150737162 
45 46 0.7959984091542204 
46 47 0.7918202562897425 
47 48 0.7944348598403068 
48 49 0.8016136883677734 
49 50 0.8026080244306522 
50 51 0.79786235441396 
51 52 0.7981102138233139 
52 53 0.8046684302531396 
53 54 0.8069362641085095 
54 55 0.802206662608592 
55 56 0.8002866761429199 
56 57 0.8057233081407784 
57 58 0.8091391250441518 
58 59 0.8048837630465844 
59 60 0.801031776156355 
60 61 0.8048837625935699 
61 62 0.809139125172231 
62 63 0.8057233094996668 
63 64 0.8002866773123339 
64 65 0.8022066632619824 
65 66 0.8069362651986032 
66 67 0.8046684328253206 
67 68 0.7981102166078813 
68 69 0.7978623569938088 
69 70 0.8026080272007209 
70 71 0.8016136927157462 
71 72 0.7944348650702443 
72 73 0.7918202615457403 
73 74 0.7959984146368649 
74 75 0.7962913221223137 
75 76 0.7889949687933894 
76 77 0.7839437703335507 
77 78 0.7870230014543322 
78 79 0.7885697788267327 
79 80 0.781600273592923 
80 81 0.7742936004729847 
81 82 0.7757206866959134 
82 83 0.7782136630629781 
83 84 0.771954666102927 
84 85 0.7626670704877022 
85 86 0.7616901317047947 
86 87 0.7646550935929906 
87 88 0.7595447857388182 
88 89 0.7484820713254116 
89 90 0.7445249687910622 
90 91 0.7476006821778626 
91 92 0.7438939873958755 
92 93 0.7313879812660806 
93 94 0.7242005012162736 
94 95 0.7265592766830369 
95 96 0.7240418469879311 
96 97 0.710758367274659 
97 98 0.6995758825165309 
98 99 0.6997386212315155 
99 100 0.6984847547176594 
100 101 0.6849565542292149 
101 102 0.6684625039979698 
102 103 0.6657834715510851 
103 104 0.666113323731432 
104 105 0.6516256908067436 
105 106 0.6299796436727695 
106 107 0.6238039427096866 
107 108 0.6229414840934957 
108 109 0.6062982339735682 
109 110 0.5816783750071172 
110 111 0.5642770292305657 
111 112 0.5553758243726556 
112 113 0.5399640889118058 
113 114 0.5093881432203164 
114 115 0.45477238687818367 
115 116 0.4312849827886185 
116 117 0.4627255396470625 
117 118 0.3426637377347729 
