2 3 0.014327186284750642 
3 4 0.01780836422957803 
4 5 0.01914554863460855 
5 6 0.019198530524591476 
6 7 0.01886342319272509 
7 8 0.018572429658375352 
8 9 0.018444647898684628 
9 10 0.018435055866591145 
10 11 0.01846795685592529 
11 12 0.01849624934810492 
12 13 0.01850694268512064 
13 14 0.01850552471604859 
14 15 0.018500801852461026 
15 16 0.01849777920439796 
16 17 0.018497209730645527 
17 18 0.01849786162849765 
18 19 0.018498558685189438 
19 20 0.018498820777395456 
20 21 0.018498742453707622 
21 22 0.018498579912244874 
22 23 0.01849849206422044 
23 24 0.018498494614118163 
24 25 0.01849853191532415 
25 26 0.01849856126554688 
26 27 0.018498565832117286 
27 28 0.018498555296466282 
28 29 0.01849854674747313 
29 30 0.01849854159791915 
30 31 0.018498541281289877 
31 32 0.018498543967952166 
32 33 0.018498546740107136 
33 34 0.01849854792940312 
34 35 0.01849854796277712 
35 36 0.01849854778074518 
36 37 0.018498547773948347 
37 38 0.0184985478993029 
38 39 0.018498548075649573 
39 40 0.01849854826770854 
40 41 0.018498548365126627 
41 42 0.018498548366508303 
42 43 0.018498547905258327 
43 44 0.01849854793974221 
44 45 0.018498548067628455 
45 46 0.018498548162291326 
46 47 0.018498548195515777 
47 48 0.018498548253090153 
48 49 0.018498548328990568 
49 50 0.018498548350838483 
50 51 0.018498548298476344 
51 52 0.018498548204765184 
52 53 0.018498548191785234 
53 54 0.0184985481851505 
54 55 0.01849854817741258 
55 56 0.018498548174511423 
56 57 0.018498548169153937 
57 58 0.018498548160461918 
58 59 0.018498548130614082 
59 60 0.01849854807795223 
60 61 0.018498548115390992 
61 62 0.018498548231886968 
62 63 0.0184985483245468 
63 64 0.01849854826794828 
64 65 0.018498548001315535 
65 66 0.018498547776030133 
66 67 0.018498547966128827 
67 68 0.018498548526835516 
68 69 0.018498548841029673 
69 70 0.018498548637600754 
70 71 0.018498548283373963 
71 72 0.018498548035569294 
72 73 0.01849854794756521 
73 74 0.018498547931074284 
74 75 0.018498547975248934 
75 76 0.018498547995705113 
76 77 0.018498548018023468 
77 78 0.0184985480744563 
78 79 0.01849854815880239 
79 80 0.01849854822848979 
80 81 0.01849854820099637 
81 82 0.018498548029415727 
82 83 0.018498547810836905 
83 84 0.018498547812582596 
84 85 0.018498548282656183 
85 86 0.018498549071270114 
86 87 0.01849854939533764 
87 88 0.018498548247970367 
88 89 0.018498545615755417 
89 90 0.018498543658488492 
90 91 0.018498546099751257 
91 92 0.01849855458642862 
92 93 0.01849856365792065 
93 94 0.018498560108543435 
94 95 0.018498533335993803 
95 96 0.018498495120763805 
96 97 0.018498491178762625 
97 98 0.018498575689546368 
98 99 0.01849873709320246 
99 100 0.018498821380594648 
100 101 0.018498568575123803 
101 102 0.018497873420199512 
102 103 0.018497204357601854 
103 104 0.018497774288377605 
104 105 0.018500801863138263 
105 106 0.01850552488381576 
106 107 0.018506941982891465 
107 108 0.018496245985688945 
108 109 0.01846794946268143 
109 110 0.018435041685275058 
110 111 0.018444626839635478 
111 112 0.018572414602072845 
112 113 0.01886342943562828 
113 114 0.019198539794515593 
114 115 0.019145553596483338 
115 116 0.01780836364970279 
116 117 0.014327185378323145 
117 118 0.009506037377901745 
