2 -0.3963241982684298 
3 -0.4058100775375891 
4 -0.4105287925381527 
5 -0.41074910171955675 
6 -0.4102207535611534 
7 -0.4097517497208489 
8 -0.4095228576597911 
9 -0.4094771408295437 
10 -0.40950571958673193 
11 -0.4095402932083671 
12 -0.40955759870725966 
13 -0.4095598501819316 
14 -0.40955609879675237 
15 -0.4095526612904689 
16 -0.40955142769325514 
17 -0.409551704081842 
18 -0.4095523248774324 
19 -0.40955266809635116 
20 -0.4095526847053684 
21 -0.4095525627684937 
22 -0.4095524691205804 
23 -0.4095524510674701 
24 -0.40955248039961256 
25 -0.4095525053916086 
26 -0.40955251308247514 
27 -0.4095525080927007 
28 -0.4095524997295132 
29 -0.4095524968412034 
30 -0.40955249223720097 
31 -0.40955249353455014 
32 -0.40955249617048617 
33 -0.40955249756220313 
34 -0.40955249793709964 
35 -0.40955249801910854 
36 -0.40955249793950665 
37 -0.40955249803217464 
38 -0.4095524981537074 
39 -0.40955249823588546 
40 -0.40955249840693464 
41 -0.40955249844422786 
42 -0.4095524976670983 
43 -0.40955249818665745 
44 -0.40955249869643695 
45 -0.40955249861256754 
46 -0.4095524985038521 
47 -0.40955249828064244 
48 -0.40955249838880303 
49 -0.40955249844142955 
50 -0.4095524983926509 
51 -0.4095524982287404 
52 -0.4095524981878302 
53 -0.40955249826669327 
54 -0.4095524982317579 
55 -0.4095524982480242 
56 -0.4095524982348396 
57 -0.4095524982478938 
58 -0.40955249825879125 
59 -0.4095524981697854 
60 -0.40955249816401484 
61 -0.4095524982402697 
62 -0.40955249833572943 
63 -0.4095524983680414 
64 -0.4095524983068026 
65 -0.4095524979221037 
66 -0.4095524979769249 
67 -0.40955249841174435 
68 -0.4095524986184693 
69 -0.40955249855578324 
70 -0.40955249833291507 
71 -0.4095524981561839 
72 -0.40955249808091715 
73 -0.4095524980842888 
74 -0.4095524980927343 
75 -0.4095524981723807 
76 -0.40955249816920397 
77 -0.40955249816577016 
78 -0.40955249819854844 
79 -0.4095524982673199 
80 -0.4095524983064786 
81 -0.40955249825463735 
82 -0.40955249810005856 
83 -0.40955249796293575 
84 -0.4095524980649257 
85 -0.409552498527004 
86 -0.40955249909388824 
87 -0.40955249904047886 
88 -0.4095524977482655 
89 -0.4095524956798675 
90 -0.40955249497636215 
91 -0.4095524983556964 
92 -0.409552505669313 
93 -0.40955251056087066 
94 -0.40955250233338764 
95 -0.40955247690258545 
96 -0.40955245207461843 
97 -0.4095524692875884 
98 -0.4095525602696806 
99 -0.40955268080808876 
100 -0.4095526681157139 
101 -0.4095523259156573 
102 -0.40955170198239765 
103 -0.40955142528418625 
104 -0.40955266137586865 
105 -0.40955609821600814 
106 -0.4095598502808655 
107 -0.4095575976507453 
108 -0.40954028870631964 
109 -0.40950571322800366 
110 -0.40947712627954985 
111 -0.4095228333956661 
112 -0.40975174481797866 
113 -0.41022076610946845 
114 -0.41074910842108286 
115 -0.4105287954914476 
116 -0.4058100732699312 
117 -0.39632419659143003 
