0.0 
174.36338996128526 
171.46850744581187 
169.87683547002038 
167.1475936128305 
165.54581237661873 
162.82667748750745 
161.20626017254372 
158.50574452572417 
156.88511145980974 
154.18481272761872 
152.56467875242888 
149.8638806635066 
148.2437569447184 
145.5429485717075 
143.9228146766761 
141.22201648782183 
139.6018823033709 
136.90108440458764 
135.2809504125871 
132.5801523211937 
130.96001833600556 
128.25922023778597 
126.6390862490314 
123.93828815438128 
122.31815416547724 
119.61735607097675 
117.99722208213852 
115.29642398757224 
113.67628999873708 
110.97549190416765 
109.35535791533127 
106.65455982076305 
105.0344258319266 
102.33362773735853 
100.71349374852214 
98.01269565395395 
96.39256166511764 
93.69176357054944 
92.07162958171301 
89.37083148714483 
87.75069749830838 
85.04989940374021 
83.42976541490377 
80.72896732033557 
79.10883333149916 
76.40803523693101 
74.78790124809457 
72.08710315352634 
70.46696916468994 
67.76617107012173 
66.14603708128529 
63.44523898671712 
61.825104997880665 
59.1243069033125 
57.504172914476094 
54.80337481990791 
53.183240831071465 
50.48244273650325 
48.862308747666845 
46.161510653098624 
44.541376664262195 
41.84057856969394 
40.22044458085751 
37.51964648628928 
35.899512497452854 
33.19871440288464 
31.5785804140482 
28.87778231947998 
27.257648330643566 
24.556850236075313 
22.936716247238888 
20.235918152670646 
18.61578416383421 
15.914986069265955 
14.294852080429525 
11.594053985861278 
9.973919997024852 
7.273121902456596 
5.652987913620163 
2.952189819051906 
1.33205583021548 
-1.3687422643527891 
-2.98887625318922 
-5.689674347757491 
-7.309808336593919 
-10.010606431162204 
-11.630740419998636 
-14.331538514566924 
-15.951672503403346 
-18.652470597971632 
-20.27260458680806 
-22.97340268137636 
-24.59353667021281 
-27.29433476478109 
-28.914468753617513 
-31.615266848185797 
-33.23540083702221 
-35.9361989315905 
-37.55633292042691 
-40.25713101499522 
-41.87726500383166 
-44.578063098399944 
-46.1981970872364 
-48.89899518180461 
-50.51912917064107 
-53.219927265209435 
-54.840061254045814 
-57.54085934861405 
-59.16099333745048 
-61.86179143201873 
-63.48192542085508 
-66.1827235154234 
-67.80285750425975 
-70.5036555988281 
-72.12378958766445 
-74.82458768223283 
-76.44472167106916 
-79.1455197656374 
-80.76565375447377 
-83.46645184904212 
-85.08658583787846 
-87.7873839324468 
-89.40751792128309 
-92.10831601585149 
-93.72845000468779 
-96.42924809925604 
-98.04938208809237 
-100.75018018266081 
-102.37031417149709 
-105.07111226606534 
-106.69124625490171 
-109.39204434946996 
-111.01217833830627 
-113.71297643287456 
-115.33311042171083 
-118.03390851627917 
-119.65404250511551 
-122.35484059968375 
-123.97497458852 
-126.67577268308845 
-128.29590667192477 
-130.99670476649297 
-132.61683875532927 
-135.31763684989758 
-136.93777083873394 
-139.6385689333022 
-141.25870292213847 
-143.95950101670658 
-145.57963500554277 
-148.28043310011114 
-149.90056708894744 
-152.60136518351592 
-154.2214991723521 
-156.92229726692054 
-158.54243125575678 
-161.24322935032532 
-162.86336333916145 
-165.56416143372996 
-167.18429542256618 
-169.88509351713455 
-171.50522750597068 
-174.20602560053905 
-175.82615958937518 
-178.52695768394366 
-180.1470916727799 
-182.8478897673484 
-184.46802375618458 
-187.16882185075272 
-188.78895583958888 
-191.4897539341574 
-193.1098879229935 
-195.810686017562 
-197.43082000639814 
-200.13161810096656 
-201.75175208980264 
-204.45255018437135 
-206.07268417320736 
-208.7734822677758 
-210.3936162566119 
-213.09441435118 
-214.71454834001628 
-217.41534643458508 
-219.0354804234197 
-221.73627851793324 
-223.35641250745357 
-226.05721060015446 
-227.67734453284015 
-230.37814339528674 
-231.99827501280012 
-234.69901071092804 
-236.32004890339067 
-239.01752739052168 
-240.5766233940005 
-244.36291957830943 
-244.6462194985261 
-246.84777001180026 
-246.86676257894777 
-246.93953488989152 
-246.93968940492164 
-246.98315615635508 
-246.9834010246073 
-247.01003963378008 
-247.01030603498765 
-247.0277026735505 
-247.02796884087172 
-247.03987370108305 
-247.04013281498348 
-247.04855265034104 
-247.0488034119813 
-247.05489695277572 
-247.05513994395204 
-247.05962081623682 
-247.0598571632333 
-247.06318809465336 
-247.06341897638694 
-247.0659124437979 
-247.06613892106404 
-247.0680128355597 
-247.06823580575707 
-247.0696460870907 
-247.06986628697575 
-247.07092683608673 
-247.07114486103416 
-247.07194029130656 
-247.0721566181963 
-247.07275063064736 
-247.0729656393426 
-247.0734066775616 
-247.07362066935184 
-247.0739458273972 
-247.07415904021582 
-247.07439682745843 
-247.07460944826556 
-247.07478179558157 
-247.07499397043244 
-247.0751177235381 
-247.07532956578888 
-247.07541762086578 
-247.07562921786447 
-247.0756913971162 
-247.07590281562767 
-247.07594654657112 
-247.07615783714613 
-247.0761886813296 
-247.07639988180716 
-247.07642194868515 
-247.0766330870083 
-247.07664936131061 
-247.0768604578014 
-247.0768730613371 
-247.07708413052273 
-247.07709453219542 
-247.07730558424112 
-247.07731476682773 
-247.07752580864096 
-247.07753439879335 
-247.07774543491672 
-247.07775380025967 
-247.07796483360025 
-247.07797314925557 
-247.07818418111665 
-247.0781924945333 
-247.07840352596625 
-247.07841184006503 
-247.07862287150903 
-247.0786311856303 
-247.07884221708412 
-247.07885053118784 
-247.07906156264156 
-247.0790698767513 
-247.0792809082048 
-247.07928922230903 
-247.07950025376257 
-247.0795085678654 
-247.0797195993192 
-247.07972791342158 
-247.07993894487518 
-247.0799472589782 
-247.0801582904316 
-247.08016660453356 
-247.08037763598685 
-247.0803859500897 
-247.080596981543 
-247.08060529564625 
-247.08081632710002 
-247.08082464120227 
-247.08103567265542 
-247.0810439867587 
-247.08125501821237 
-247.08126333231584 
-247.0814743637697 
-247.0814826778725 
-247.08169370932592 
-247.08170202342885 
-247.08191305488245 
-247.08192136898577 
-247.08213240043915 
-247.08214071454134 
-247.0823517459949 
-247.08236006009793 
-247.08257109155136 
-247.0825794056546 
-247.08279043710843 
-247.0827987512119 
-247.08300978266556 
-247.08301809676857 
-247.08322912822211 
-247.08323744232501 
-247.0834484737785 
-247.08345678788157 
-247.08366781933518 
-247.08367613343782 
-247.08388716489142 
-247.08389547899455 
-247.0841065104481 
-247.0841148245512 
-247.0843258560048 
-247.0843341701064 
-247.08454520156 
-247.0845535156631 
-247.0847645471166 
-247.08477286121968 
-247.0849838926734 
-247.08499220677632 
-247.08520323823 
-247.08521155233322 
-247.0854225837868 
-247.08543089788992 
-247.0856419293437 
-247.08565024344668 
-247.08586127490054 
-247.0858695890036 
-247.08608062045732 
-247.08608893456028 
-247.086299966014 
-247.08630828011704 
-247.0865193115706 
-247.08652762567118 
-247.0867386571248 
-247.08674697122805 
-247.08695800268157 
-247.08696631677873 
-247.08717734823233 
-247.08718566233685 
-247.08739669379054 
-247.0874050078948 
-247.08761603934823 
-247.0876243534513 
-247.08783538490508 
-247.08784369900823 
-247.08805473046192 
-247.08806304456505 
-247.08827407601865 
-247.08828239012195 
-247.08849342157586 
-247.08850173567862 
-247.08871276713234 
-247.0887210812692 
-247.08893211272323 
-247.08894042682743 
-247.08915145828183 
-247.08915977239872 
-247.08937080385212 
-247.08937911795627 
-247.08959014941018 
-247.0895984635128 
-247.08980949496657 
-247.08981780906592 
-247.09002884051878 
-247.09003715462165 
-247.09024818606778 
-247.09025650017074 
-247.09046753165143 
-247.09047584575717 
-247.0906868776154 
-247.09069519172834 
-247.0909062219044 
-247.09091453586205 
-247.09112554574853 
-247.09113385930485 
-247.091344947468 
-247.09135326883447 
-247.0915653627394 
-247.09157370150578 
-247.0917825218949 
-247.09179046010658 
-247.09196451826483 
-247.09197210450247 
-247.09215175468654 
-247.0921519323522 
-247.092151932346 
-263.2350830110267 
-263.3734302088921 
-263.4126029947499 
-263.42691906239185 
-263.43913299543016 
-263.44746260881885 
-263.4584933578311 
-263.4634093402883 
-263.4713212098215 
-263.4744783230513 
-263.4801444341643 
-263.48245741229215 
-263.4866561127797 
-263.4884031800314 
-263.49159121001145 
-263.4929341535896 
-263.4953982410031 
-263.49644601125664 
-263.49837680432216 
-263.49920385063837 
-263.5007322869911 
-263.50139058934514 
-263.5026102354246 
-263.50313789350315 
-263.5041170300779 
-263.50454275324813 
-263.5053334884588 
-263.50567778720955 
-263.50631871897684 
-263.5065985453753 
-263.5071204843776 
-263.50734700067136 
-263.50777188565036 
-263.5079581327839 
-263.50830770363194 
-263.50845648466833 
-263.5087402043907 
-263.5088646847324 
-263.50909701940446 
-263.50919901888625 
-263.5093894364905 
-263.5094730800685 
-263.5096292415539 
-263.5096978645627 
-263.5098259871925 
-263.5098823042571 
-263.50998745693744 
-263.51003366245976 
-263.5101199470019 
-263.51015786397994 
-263.51022862203337 
-263.5102598000594 
-263.5103178778166 
-263.51034340466794 
-263.51039100889085 
-263.5104119637279 
-263.51045099415154 
-263.5104681403205 
-263.5105001033059 
-263.51051414076466 
-263.51054029309086 
-263.51055177353766 
-263.5105731495734 
-263.5105825283411 
-263.51059996481416 
-263.51060760048307 
-263.5106217677937 
-263.510627961955 
-263.5106394393313 
-263.51064445126275 
-263.51065372498243 
-263.5106577693594 
-263.5106652411409 
-263.5106684944856 
-263.5106744959539 
-263.51067710504657 
-263.5106819084936 
-263.5106839935124 
-263.5106878244031 
-263.51068948451535 
-263.51069252821736 
-263.5106938449998 
-263.51069625398094 
-263.51069729433544 
-263.51069918829614 
-263.5107000025583 
-263.51070148158004 
-263.5107021166238 
-263.51070326780473 
-263.51070376151216 
-263.5107046546387 
-263.51070503741204 
-263.5107057281571 
-263.51070602356214 
-263.5107065540788 
-263.5107067807917 
-263.510707186502 
-263.51070735974696 
-263.510707668622 
-263.5107078004956 
-263.51070803443264 
-263.51070813433324 
-263.51070831044484 
-263.510708385691 
-263.51070851731794 
-263.5107085736773 
-263.51070867095274 
-263.5107087126328 
-263.510708783502 
-263.5107088139957 
-263.51070886482916 
-263.510708886867 
-263.5107089225918 
-263.5107089383027 
-263.5107089627746 
-263.5107089737689 
-263.5107089899631 
-263.51070899753967 
-263.5107090078022 
-263.5107090129622 
-263.5107090191414 
-263.5107090226831 
-263.51070902624264 
-263.5107090287873 
-263.5107090308648 
-263.5107090329082 
-263.51070903432117 
-263.510709036168 
-263.5107090374191 
-263.51070903922806 
-263.5107090404651 
-263.5107090422801 
-263.510709043419 
-263.51070904559896 
-263.51070904829396 
-263.51070905804585 
-263.51070907828637 
-263.5107091323686 
-263.51070920803477 
-263.51070940726896 
-263.51070960256703 
-263.51071017734444 
-263.51071061022793 
-263.5107120372673 
-263.5107129545591 
-263.5107161863685 
-263.51071812582296 
-263.5107250452024 
-263.51072917883454 
-263.5107434769862 
-263.5107523835574 
-263.51078133906066 
-263.51080087293434 
-263.51085927966557 
-263.51090336603085 
-263.5110227453881 
-263.5111256845233 
-263.51137260834827 
-263.51161069427457 
-263.5120817247495 
-263.51253613103034 
-263.51320595486385 
-263.51380555374254 
-263.5144896063036 
-263.51509753421016 
-263.51568674424055 
-263.51623787926036 
-263.5167140809891 
-263.51719158168663 
-263.5175678134569 
-263.51797217502707 
-263.51826725974064 
-263.51860404361577 
-263.5188351542208 
-263.51911086071044 
-263.519291793964 
-263.5195125920839 
-263.519653756262 
-263.51982526274963 
-263.51993419178615 
-263.52006170827536 
-263.52014375227003 
-263.5202325984381 
-263.52029160536534 
-263.52034802598547 
-263.52038749878164 
-263.52041888570767 
-263.5204423998753 
-263.5204568307349 
-263.5204686572751 
-263.5204737794549 
-263.5204785973488 
-263.52047983093877 
-263.5204813053876 
-263.5204813069203 
-263.5204813069632 
-263.52048130694965 
-263.5204813069632 
-263.5204813069532 
-263.52048130695295 
-263.52048130697233 
-263.5204813070397 
-263.520481307147 
-263.5204813077658 
-263.52048130970337 
-263.5204813250337 
-263.5204813541181 
-263.520481480638 
-263.52048168806317 
-263.52048230289694 
-263.52048320247803 
-263.5204853101557 
-263.52048918799466 
-263.52049237263367 
-263.5205007522464 
-263.52050811050384 
-263.520524681679 
-263.5205391055744 
-263.52056826270626 
-263.5205926346085 
-263.52063923676775 
-263.5206754546805 
-263.5207432493515 
-263.52079176268165 
-263.520880742702 
-263.5209409197559 
-263.5210449793745 
-263.5211153082892 
-263.52122205153984 
-263.52129854794583 
-263.5213921612936 
-263.52146500410726 
-263.52153308405315 
-263.5215874328604 
-263.5216276356752 
-263.52165667292485 
-263.52167331168135 
-263.5216853761719 
-263.5216899911583 
-263.5216924794361 
-263.5216927938233 
-263.52169280212996 
-263.52169335707964 
-263.52169453260245 
-263.5216974298318 
-263.5217009278894 
-263.52170699059815 
-263.52171279930633 
-263.52172160748086 
-263.5217308944439 
-263.5217415344462 
-263.52175228348375 
-263.5217630635347 
-263.5217726146173 
-263.52178277618657 
-263.52179325254093 
-263.5217995217302 
-263.5218048597585 
-263.52180713124045 
-263.52185258086917 
-263.52191962444596 
-263.52197332051804 
-263.522022152949 
-263.5220641001932 
-263.52210720079694 
-263.60264501348337 
-263.7166374684294 
-263.9504164810408 
-263.97247005862613 
-264.0428449618027 
-264.05008807756377 
-264.0801093065514 
-264.08331767950546 
-264.0986769916722 
-264.10037787728425 
-264.1092458828417 
-264.11025802158014 
-264.1158159266732 
-264.11646736751146 
-264.120156525025 
-264.12060068338934 
-264.12315602800396 
-264.12347196643947 
-264.12529914021405 
-264.12553168385995 
-264.1268722541366 
-264.1270478967469 
-264.1280550601902 
-264.12819066078424 
-264.1286480955833 
-264.1287551561281 
-264.1291293818802 
-264.1292143520894 
-264.12951293112246 
-264.1295803714011 
-264.1298158787215 
-264.1298693926804 
-264.13005441601825 
-264.1300969706145 
-264.1302424491691 
-264.1302764339735 
-264.130393732836 
-264.1304136443751 
-264.1305068756222 
-264.130522875355 
-264.13059748097675 
-264.1306104166171 
-264.13067058559733 
-264.1306810880927 
-264.1307301098595 
-264.1307389155235 
-264.13075858268184 
-264.1307658897451 
-264.13078254126964 
-264.1307886452891 
-264.1308027433079 
-264.1308078767344 
-264.13081980722785 
-264.1308241527783 
-264.1308342452775 
-264.13083794395214 
-264.130846476304 
-264.1308496413204 
-264.1308568562495 
-264.13085957647667 
-264.13086568113835 
-264.1308680287416 
-264.1308732037549 
-264.130875242875 
-264.13087965853623 
-264.13088101861837 
-264.1308845691273 
-264.1308857833098 
-264.13088883485665 
-264.13088992710055 
-264.13089255608105 
-264.13089354522134 
-264.1308958147868 
-264.1308967169327 
-264.1308986808754 
-264.13089950588864 
-264.1309012071527 
-264.1309019667712 
-264.13090344440315 
-264.1309041428173 
-264.13090542681704 
-264.1309060728699 
-264.1309071915229 
-264.1309077904037 
-264.13090876708844 
-264.1309093236293 
-264.1309101781364 
-264.1309106964498 
-264.13091144576674 
-264.1309119298739 
-264.130912588342 
-264.13091304132996 
-264.1309136212978 
-264.13091403692357 
-264.1309145456891 
-264.13091494342683 
-264.13091539413296 
-264.13091576570076 
-264.1309161623148 
-264.13091651121414 
-264.13091686030776 
-264.1309171858165 
-264.13091749142836 
-264.130917793951 
-264.1309180598326 
-264.130918338594 
-264.13091857006833 
-264.13091876963307 
-264.1309189663926 
-264.1309191475622 
-264.13091930457546 
-264.130919463977 
-264.1309195933141 
-264.1309197301112 
-264.1309198331019 
-264.1309199458537 
-264.13092002369393 
-264.1309201094975 
-264.1309201624708 
-264.1309202259003 
-264.1309202564958 
-264.1309202834248 
-264.13092029507453 
-264.1309203013263 
-264.13092030340414 
-264.13092030354386 
-264.1309203035516 
-264.1309203035476 
-264.1309203035514 
-264.1309203035496 
-264.13092030355057 
-264.13092030355284 
-264.1309203035551 
-264.1309203035578 
-264.1309203035533 
-264.13092030355364 
-264.13092030355403 
-264.13092030355443 
-264.130920303555 
-264.13092030355574 
-264.1309203035568 
-264.13092030355773 
-264.13092030355926 
-264.13092030356046 
-264.13092030356216 
-264.1309203035641 
-264.1309203035663 
-264.13092030356796 
-264.13092030357035 
-264.1309203035718 
-264.13092030357376 
-264.13092030359127 
-264.1309203036097 
-264.1309203036271 
-264.13092030364527 
-264.1309203036623 
-264.1309203036805 
-264.13092030369734 
-264.1309203037155 
-264.13092030373224 
-264.13092030375043 
-264.1309203037668 
-264.1309203037855 
-264.13092030380227 
-264.13092030382137 
-264.13092030383876 
-264.1309203038591 
-264.13092030387696 
-264.130920303898 
-264.1309203039156 
-264.130920303938 
-264.1309203039562 
-264.1309203039795 
-264.1309203039976 
-264.13092030404613 
-264.1309203040867 
-264.13092030413776 
-264.13092030417863 
-264.1309203042312 
-264.1309203042726 
-264.13092030432773 
-264.1309203043696 
-264.1309203044273 
-264.1309203044696 
-264.1309203045305 
-264.13092030457307 
-264.1309203046382 
-264.1309203046813 
-264.1309203047509 
-264.1309203047944 
-264.1309203048698 
-264.1309203049164 
-264.1309203050111 
-264.1309203050669 
-264.13092030517583 
-264.130920305237 
-264.1309203053615 
-264.1309203054305 
-264.130920305575 
-264.13092030565537 
-264.13092030582476 
-264.13092030592117 
-264.1309203061216 
-264.1309203062413 
-264.1309203064814 
-264.1309203066343 
-264.1309203069214 
-264.13092030712124 
-264.1309203074633 
-264.1309203077299 
-264.1309203081431 
-264.1309203083869 
-264.13092030883297 
-264.1309203090912 
-264.1309203095612 
-264.1309203098514 
-264.1309203103286 
-264.13092031067123 
-264.1309203111443 
-264.13092031148534 
-264.130920314159 
-264.1309203146889 
-264.13092031746754 
-264.13092031815273 
-264.1309203208485 
-264.13092032173967 
-264.1309203243074 
-264.13092032549076 
-264.13092032724563 
-264.1309203287877 
-264.13092033088816 
-264.1309203328561 
-264.13092033547036 
-264.13092033786717 
-264.13092034066545 
-264.13092034285756 
-264.13092034519315 
-264.13092034730806 
-264.1309203493417 
-264.1309203514341 
-264.13092035328253 
-264.1309203553429 
-264.13092035710343 
-264.13092035924313 
-264.1309203610379 
-264.130920363454 
-264.13092036561903 
-264.13092036750976 
-264.1309203702438 
-264.130920371325 
-264.13092037383643 
-264.13092037472575 
-264.1309203756278 
-264.13092037737084 
-264.1309203780291 
-264.13092054915097 
-264.1309207412988 
-264.13092091892946 
-264.13092109042486 
-264.13092124796793 
-264.1309214039399 
-264.13092156356214 
-264.13092161247886 
-264.13092164551705 
-264.1309216750106 
-264.13092169563964 
-264.1309217129257 
-264.1309217214594 
-264.1309217299392 
-264.1309217360237 
-264.1309217414137 
-264.1309217454338 
-264.1309217490438 
-264.13092174957654 
-264.1309217499283 
-264.1309217501642 
-264.1309217503622 
-264.1309217505264 
-264.1309217506693 
-264.13092175079663 
-264.13092175090816 
-264.1309217510081 
-264.1309217510545 
-264.1309217511022 
-264.1309217511387 
-264.1309217511726 
-264.13092175120397 
-264.13092175123205 
-264.1309217512607 
-264.1309217512848 
-264.13092175131015 
-264.1309217513314 
-264.13092175135165 
-264.1309217513696 
-264.13092175138553 
-264.13092175140065 
-264.13092175141327 
-264.1309217514311 
-264.13092175144715 
-264.13092175146056 
-264.1309217514735 
-264.1309217514835 
-264.13092175149376 
-264.13092175150115 
-264.1309217515084 
-264.1309217515137 
-264.13092175151843 
-264.13092175152195 
-264.130921751525 
-264.1309217515274 
-264.13092175153605 
-264.1309217515424 
-264.1309217515467 
-264.1309217515512 
-264.1309217515569 
-264.1309217515596 
-264.1309217515598 
-264.13092175155856 
-264.1309217515546 
-264.1309217515533 
-264.13092175155117 
-264.13092175155185 
-264.1309217515621 
-264.1309217515586 
-264.130921751562 
-264.1309217515599 
-264.13092175156083 
-264.130921751563 
-264.13092175156527 
-264.130921751568 
-264.13092175156333 
-264.1309217515638 
-264.1309217515639 
-264.1309217515638 
-264.1309217515637 
-264.1309217515638 
-264.1309217515637 
-264.1309217515638 
-264.1309217515637 
-264.1309217515639 
-264.1309217515641 
-264.13092175156424 
-264.13092175156436 
-264.13092175156413 
-264.130921751564 
-264.13092175156424 
-264.13092175156436 
-264.1309217515645 
-264.1309217515646 
-264.1309217515646 
-264.1309217515646 
-264.1309217515648 
-264.1309217515647 
-264.1309217515649 
-264.13092175156515 
-264.13092175156515 
-264.13092175156527 
-264.13092175156527 
-264.1309217515654 
-264.1309217515655 
-264.13092175156584 
-264.13092175156584 
-264.13092175156584 
-264.1309217515657 
-264.13092175156584 
-264.13092175156595 
-264.13092175156606 
-264.13092175156606 
-264.1309217515663 
-264.1309217515729 
-264.1309217515797 
-264.13092175158664 
-264.1309217515938 
-264.1309217516005 
-264.13092175160745 
-264.13092175161614 
-264.1309217516261 
-264.13092175163723 
-264.13092175164894 
-264.1309217516617 
-264.13092175167503 
-264.1309217516894 
-264.1309217517048 
-264.1309217517201 
-264.13092175173574 
-264.1309217517525 
-264.13092175177184 
-264.1309217517921 
-264.1309217518129 
-264.13092175183465 
-264.13092175185676 
-264.13092175187927 
-264.1309217519021 
-264.13092175191446 
-264.13092175191485 
-264.13092175191485 
-264.1309217519151 
-264.1309217519154 
-264.1309217519154 
-264.1309217519153 
-264.13092175191554 
-264.13092175191576 
-264.130921751916 
-264.1309217519161 
-264.13092175191656 
-264.130921751917 
-264.13092175191747 
-264.1309217519177 
-264.1309217519179 
-264.13092175191827 
-264.1309217519184 
-264.13092175191883 
-264.13092175191895 
-264.13092175191906 
-264.1309217519192 
-264.1309217519193 
-264.13092175192014 
-264.13092175192054 
-264.13092175192145 
-264.1309217519217 
-264.1309217519303 
-264.13092175193844 
-264.1309217519468 
-264.1309217519558 
-264.13092175196374 
-264.13092175197295 
-264.1309217519812 
-264.13092175199205 
-264.1309217519918 
-264.13092175199205 
-264.1309217519924 
-264.13092175199273 
-264.1309217519928 
-264.1309217519929 
-264.1309217519932 
-264.13092175199364 
-264.1309217519937 
-264.13092175199364 
-264.1309217519935 
-264.13092175199364 
-264.13092175199404 
-264.1309217519942 
-264.1309217519943 
-264.1309217519942 
-264.1309217519941 
-264.1309217519941 
-264.13092175199444 
-264.1309217519946 
-264.13092175199455 
-264.13092175199466 
-264.1309217519949 
-264.1309217519951 
-264.13092175199523 
-264.13092175199534 
-264.1309217519956 
-264.1309217519958 
-264.13092175199614 
-264.13092175199637 
-264.1309217519968 
-264.1309217519968 
-264.1309217519968 
-264.13092175199694 
-264.13092175199716 
-264.1309217519974 
-264.13092175199733 
-264.13092175199745 
-264.1309217519975 
-264.1309217519975 
-264.1309217519976 
-264.13092175199785 
-264.13092175199796 
-264.13092175199796 
-264.1309217519976 
-264.13092175199796 
-264.13092175199796 
-264.1309217519982 
-264.13092175199847 
-264.1309217519988 
-264.1309217519991 
-264.13092175199955 
-264.13092175199944 
-264.1309217519994 
-264.1309217519993 
-264.13092175199955 
-264.13092175199967 
-264.13092175199967 
-264.130921752 
-264.130921752 
-264.13092175200023 
-264.1309217520002 
-264.1309217520001 
-264.13092175200023 
-264.13092175200023 
-264.130921752 
-264.130921752 
-264.13092175199967 
-264.13092175199955 
-264.1309217519998 
-264.1309217520001 
-264.1309217519999 
-264.1309217519998 
-264.13092175199967 
-264.13092175199944 
-264.13092175199944 
-264.1309217519994 
-264.1309217519993 
-264.1309217519992 
-264.1309217519993 
-264.13092175199955 
-264.1309217519998 
-264.1309217519999 
-264.130921752 
-264.13092175199967 
-264.1309217520044 
-264.1309217520017 
-264.13092175199967 
-264.1309217519974 
-264.13092175199625 
-264.1309217519982 
-264.13092175199455 
-264.130921751998 
-264.130921751996 
-264.13092175199705 
-264.1309217519991 
-264.130921752001 
-264.13092175200364 
-264.13092175199864 
-264.13092175199864 
-264.13092175199876 
-264.13092175199864 
-264.13092175199847 
-264.1309217519984 
-264.1309217519982 
-264.1309217519983 
-264.1309217519983 
-264.1309217519983 
-264.1309217519984 
-264.1309217519983 
-264.1309217519984 
-264.1309217519986 
-264.13092175199864 
-264.13092175199864 
-264.13092175199876 
-264.1309217519991 
-264.1309217519991 
-264.13092175199944 
-264.13092175199944 
-264.13092175199955 
-264.13092175199955 
-264.13092175199944 
-264.1309217519994 
-264.13092175199944 
-264.13092175199967 
-264.13092175199967 
-264.1309217519999 
-264.13092175199967 
-264.1309217519999 
-264.130921752 
-264.13092175200035 
-264.1309217520006 
-264.13092175200046 
-264.13092175200035 
-264.13092175200035 
-264.13092175200023 
-264.13092175200046 
-264.1309217520007 
-264.1309217520006 
-264.1309217520007 
-264.1309217520006 
-264.1309217520007 
-264.13092175200063 
-264.1309217520008 
-264.1309217520006 
-264.1309217520007 
-264.1309217520007 
-264.1309217520007 
-264.1309217520007 
-264.1309217520006 
-264.13092175200046 
-264.13092175200063 
-264.1309217520006 
-264.1309217520006 
-264.1309217520006 
-264.1309217520006 
-264.13092175200035 
-264.1309217520006 
-264.1309217520008 
-264.1309217520009 
-264.13092175200103 
-264.1309217520009 
-264.13092175200103 
-264.13092175200114 
-264.13092175200114 
-264.13092175200103 
-264.1309217520009 
-264.13092175200126 
-264.13092175200137 
-264.1309217520015 
-264.1309217520015 
-264.1309217520016 
-264.13092175200154 
-264.1309217520018 
-264.1309217520018 
-264.130921752002 
-264.13092175200194 
-264.1309217520016 
-264.1309217520017 
-264.1309217520016 
-264.13092175200137 
-264.1309217520015 
-264.13092175200126 
-264.13092175200126 
-264.13092175200137 
-264.13092175200126 
-264.13092175200126 
-264.13092175200114 
-264.1309217520012 
-264.13092175200137 
-264.13092175200137 
-264.1309217520016 
-264.13092175200154 
-264.13092175200114 
-264.13092175200126 
-264.1309217520013 
-264.1309217520016 
-264.1309217520017 
-264.1309217520016 
-264.1309217520018 
-264.1309217520016 
-264.1309217520015 
-264.1309217520016 
-264.13092175200137 
-264.13092175200137 
-264.1309217520015 
-264.13092175200114 
-264.13092175200103 
-264.13092175200114 
-264.13092175200114 
-264.130921752001 
-264.1309217520011 
-264.13092175200114 
-264.1309217520009 
-264.1309217520009 
-264.13092175200103 
-264.1309217520009 
-264.1309217520009 
-264.1309217520009 
-264.1309217520009 
-264.13092175200114 
-264.13092175200126 
-264.13092175200126 
-264.1309217520016 
-264.13092175200194 
-264.1309217520018 
-264.13092175200194 
-264.13092175200234 
-264.13092175200217 
-264.13092175200217 
-264.13092175200217 
-264.13092175200205 
-264.1309217520023 
-264.13092175200273 
-264.1309217520031 
-264.1309217520033 
-264.1309217520033 
-264.13092175200336 
-264.1309217520033 
-264.1309217520033 
-264.1309217520034 
-264.1309217520034 
-264.13092175200353 
-264.1309217520032 
-264.13092175200313 
-264.13092175200313 
-264.1309217520032 
-264.1309217520033 
-264.1309217520033 
-264.13092175200353 
-264.1309217520034 
-264.1309217520034 
-264.1309217520034 
-264.13092175200364 
-264.13092175200364 
-264.1309217520034 
-264.1309217520034 
-264.1309217520032 
-264.1309217520032 
-264.1309217520033 
-264.1309217520031 
-264.1309217520031 
-264.1309217520032 
-264.1309217520033 
-264.1309217520032 
-264.1309217520033 
-264.1309217520034 
-264.13092175200353 
-264.13092175200387 
-264.13092175200376 
-264.13092175200376 
-264.130921752004 
-264.13092175200376 
-264.1309217520041 
-264.1309217520041 
-264.1309217520041 
-264.1309217520041 
-264.1309217520041 
-264.1309217520041 
-264.13092175200387 
-264.1309217520036 
-264.1309217520083 
-264.1309217520058 
-264.13092175200353 
-264.1309217520015 
-264.13092175200023 
-264.1309217520023 
-264.1309217519987 
-264.1309217520024 
-264.1309217520005 
-264.1309217520015 
-264.13092175200353 
-264.1309217520058 
-264.1309217520082 
-264.13092175200364 
-264.1309217520039 
-264.1309217520042 
-264.1309217520042 
-264.13092175200444 
-264.13092175200444 
-264.13092175200455 
-264.1309217520042 
-264.13092175200376 
-264.13092175200387 
-264.1309217520035 
-264.1309217520033 
-264.1309217520034 
-264.1309217520033 
-264.13092175200325 
-264.13092175200313 
-264.1309217520032 
-264.1309217520033 
-264.1309217520031 
-264.13092175200285 
-264.13092175200273 
-264.13092175200273 
-264.1309217520027 
-264.1309217520026 
-264.13092175200273 
-264.13092175200285 
-264.13092175200285 
-264.13092175200285 
-264.1309217520026 
-264.1309217520025 
-264.1309217520025 
-264.1309217520026 
-264.1309217520023 
-264.1309217520022 
-264.13092175200194 
-264.13092175200194 
-264.1309217520018 
-264.1309217520017 
-264.1309217520016 
-264.1309217520015 
-264.1309217520015 
-264.1309217520012 
-264.1309217520011 
-264.1309217520012 
-264.13092175200114 
-264.13092175200114 
-264.1309217520009 
-264.1309217520006 
-264.13092175200035 
-264.1309217520001 
-264.1309217520001 
-264.13092175199995 
-264.1309217519998 
-264.130921752 
-264.13092175199995 
-264.1309217519998 
-264.1309217520001 
-264.1309217519999 
-264.1309217519999 
-264.1309217519999 
-264.13092175199984 
-264.1309217519998 
-264.1309217519999 
-264.13092175199967 
-264.13092175199967 
-264.13092175199967 
-264.13092175199967 
-264.13092175199944 
-264.1309217519995 
-264.1309217519993 
-264.1309217519992 
-264.1309217519992 
-264.1309217519993 
-264.1309217519991 
-264.130921751999 
-264.13092175199944 
-264.13092175199944 
-264.13092175199944 
-264.13092175199955 
-264.1309217519998 
-264.1309217519998 
-264.1309217519999 
-264.13092175199995 
-264.130921752 
-264.1309217520001 
-264.130921752 
-264.130921752 
-264.1309217519999 
-264.13092175200023 
-264.1309217520001 
-264.13092175200023 
-264.13092175200023 
-264.1309217520001 
-264.130921752 
-264.1309217520001 
-264.1309217520001 
-264.1309217520001 
-264.130921752 
-264.130921752 
-264.130921752 
-264.13092175199995 
-264.130921752 
-264.13092175200035 
-264.1309217520002 
-264.13092175200046 
-264.1309217520004 
-264.13092175200023 
-264.130921752 
-264.13092175199967 
-264.13092175199955 
-264.13092175199944 
-264.1309217519993 
-264.1309217519991 
-264.13092175199887 
-264.13092175199864 
-264.13092175199887 
-264.130921751999 
-264.13092175199887 
-264.1309217519985 
-264.1309217519985 
-264.1309217519984 
-264.1309217519984 
-264.13092175199813 
-264.13092175199773 
-264.1309217519974 
-264.1309217519976 
-264.1309217519974 
-264.1309217519973 
-264.1309217519972 
-264.1309217519973 
-264.13092175199716 
-264.1309217519972 
-264.13092175199705 
-264.1309217519972 
-264.13092175199716 
-264.1309217519973 
-264.13092175199716 
-264.1309217519973 
-264.13092175199705 
-264.13092175199716 
-264.1309217519968 
-264.13092175199694 
-264.130921751997 
-264.13092175199705 
-264.130921751997 
-264.1309217519967 
-264.1309217519969 
-264.13092175199694 
-264.13092175199705 
-264.1309217519968 
-264.1309217519965 
-264.1309217519963 
-264.13092175199597 
-264.1309217519957 
-264.1309217519957 
-264.13092175199534 
-264.1309217519955 
-264.13092175199523 
-264.1309217519951 
-264.13092175199534 
-264.1309217519954 
-264.13092175199534 
-264.1309217519951 
-264.1309217519951 
-264.1309217519948 
-264.130921751995 
-264.13092175199483 
-264.13092175199455 
-264.1309217519943 
-264.1309217519943 
-264.1309217519943 
-264.1309217519942 
-264.1309217519943 
-264.1309217519943 
-264.13092175199455 
-264.13092175199444 
-264.1309217519943 
-264.13092175199466 
-264.1309217519946 
-264.13092175199466 
-264.13092175199455 
-264.1309217519942 
-264.1309217519941 
-264.1309217519993 
-264.13092175199677 
-264.13092175199466 
-264.1309217519927 
-264.1309217519917 
-264.13092175199387 
-264.1309217519901 
-264.13092175199375 
-264.1309217519916 
-264.13092175199256 
-264.1309217519948 
-264.13092175199716 
-264.13092175199967 
-264.1309217519948 
-264.13092175199495 
-264.1309217519949 
-264.1309217519951 
-264.130921751995 
-264.1309217519951 
-264.13092175199466 
-264.13092175199466 
-264.13092175199466 
-264.1309217519949 
-264.1309217519949 
-264.13092175199495 
-264.1309217519949 
-264.13092175199466 
-264.1309217519947 
-264.1309217519948 
-264.13092175199466 
-264.13092175199455 
-264.13092175199466 
-264.13092175199455 
-264.1309217519948 
-264.130921751994 
-264.13092175199415 
-264.1309217519941 
-264.130921751994 
-264.13092175199375 
-264.130921751994 
-264.1309217519941 
-264.1309217519942 
-264.1309217519942 
-264.13092175199444 
-264.13092175199455 
-264.1309217519947 
-264.13092175199466 
-264.13092175199466 
-264.1309217519948 
-264.1309217519948 
-264.1309217519948 
-264.1309217519948 
-264.13092175199466 
-264.1309217519948 
-264.13092175199466 
-264.13092175199466 
-264.13092175199506 
-264.1309217519949 
-264.130921751995 
-264.130921751995 
-264.1309217519949 
-264.130921751995 
-264.1309217519949 
-264.1309217519949 
-264.13092175199495 
-264.130921751995 
-264.130921751995 
-264.1309217519951 
-264.13092175199523 
-264.13092175199563 
-264.1309217519959 
-264.1309217519957 
-264.1309217519958 
-264.130921751996 
-264.1309217519959 
-264.13092175199614 
-264.13092175199625 
-264.13092175199625 
-264.1309217519965 
-264.1309217519967 
-264.1309217519967 
-264.1309217519968 
-264.1309217519969 
-264.13092175199694 
-264.13092175199694 
-264.1309217519971 
-264.13092175199733 
-264.13092175199756 
-264.13092175199773 
-264.1309217519981 
-264.1309217519982 
-264.1309217519982 
-264.13092175199813 
-264.1309217519981 
-264.1309217519983 
-264.1309217519982 
-264.1309217519984 
-264.1309217519983 
-264.1309217519984 
-264.13092175199876 
-264.1309217519985 
-264.13092175199876 
-264.130921751999 
-264.1309217519991 
-264.130921751999 
-264.13092175199915 
-264.1309217519992 
-264.13092175199927 
-264.1309217519992 
-264.1309217519991 
-264.1309217519991 
-264.1309217519992 
-264.130921751999 
-264.1309217519991 
-264.1309217519991 
-264.130921751999 
-264.130921751999 
-264.13092175199887 
-264.13092175199876 
-264.13092175199864 
-264.1309217519985 
-264.1309217519984 
-264.1309217519985 
-264.13092175199864 
-264.13092175199864 
-264.13092175199887 
-264.1309217519991 
-264.130921751999 
-264.13092175199887 
-264.13092175199904 
-264.1309217519992 
-264.1309217519991 
-264.1309217519991 
-264.130921751999 
-264.13092175199876 
-264.13092175199864 
-264.13092175199864 
-264.1309217519985 
-264.1309217519984 
-264.13092175199864 
-264.1309217519986 
-264.13092175199876 
-264.13092175199876 
-264.1309217519987 
-264.13092175199876 
-264.13092175199887 
-264.13092175199876 
-264.1309217519989 
-264.1309217519992 
-264.1309217519991 
-264.1309217519992 
-264.1309217519992 
-264.1309217519993 
-264.13092175199944 
-264.13092175199944 
-264.1309217519998 
-264.13092175199984 
-264.1309217519999 
-264.13092175200023 
-264.1309217520005 
-264.1309217520005 
-264.13092175200035 
-264.1309217520008 
-264.1309217520009 
-264.13092175200114 
-264.13092175200114 
-264.13092175200114 
-264.13092175200114 
-264.13092175200126 
-264.13092175200126 
-264.13092175200114 
-264.1309217520009 
-264.1309217520009 
-264.13092175200103 
-264.1309217520008 
-264.1309217520009 
-264.13092175200126 
-264.1309217520015 
-264.1309217520018 
-264.1309217520015 
-264.1309217520015 
-264.1309217520015 
-264.1309217520015 
-264.1309217520017 
-264.1309217520016 
-264.13092175200194 
-264.13092175200217 
-264.1309217520023 
-264.13092175200256 
-264.1309217520026 
-264.1309217520027 
-264.1309217520023 
-264.13092175200194 
-264.13092175200194 
-264.1309217520017 
-264.13092175200126 
-264.1309217520057 
-264.1309217520032 
-264.1309217520011 
-264.13092175199887 
-264.13092175199773 
-264.13092175199984 
-264.1309217519962 
-264.1309217519999 
-264.1309217519976 
-264.13092175199864 
-264.1309217520008 
-264.13092175200273 
-264.13092175200535 
-264.1309217520007 
-264.13092175200103 
-264.13092175200126 
-264.13092175200137 
-264.1309217520017 
-264.13092175200217 
-264.13092175200205 
-264.13092175200194 
-264.13092175200205 
-264.13092175200194 
-264.1309217520018 
-264.13092175200154 
-264.1309217520015 
-264.1309217520013 
-264.13092175200126 
-264.13092175200114 
-264.13092175200114 
-264.13092175200126 
-264.1309217520009 
-264.13092175200103 
-264.1309217520008 
-264.1309217520009 
-264.13092175200103 
-264.13092175200103 
-264.13092175200103 
-264.13092175200126 
-264.13092175200137 
-264.13092175200137 
-264.13092175200137 
-264.1309217520015 
-264.13092175200126 
-264.13092175200126 
-264.13092175200126 
-264.13092175200137 
-264.13092175200103 
-264.13092175200126 
-264.1309217520014 
-264.1309217520012 
-264.13092175200103 
-264.13092175200103 
-264.13092175200137 
-264.1309217520015 
-264.1309217520015 
-264.13092175200137 
-264.13092175200137 
-264.13092175200126 
-264.1309217520015 
-264.1309217520017 
-264.1309217520015 
-264.1309217520013 
-264.1309217520015 
-264.1309217520017 
-264.1309217520018 
-264.1309217520016 
-264.1309217520016 
-264.1309217520016 
-264.1309217520015 
-264.13092175200137 
-264.1309217520015 
-264.13092175200137 
-264.13092175200126 
-264.13092175200137 
-264.1309217520015 
-264.1309217520015 
-264.1309217520015 
-264.13092175200165 
-264.1309217520015 
-264.1309217520015 
-264.1309217520016 
-264.1309217520017 
-264.1309217520016 
-264.1309217520016 
-264.1309217520015 
-264.13092175200137 
-264.13092175200126 
-264.13092175200126 
-264.13092175200137 
-264.1309217520016 
-264.1309217520016 
-264.1309217520017 
-264.1309217520018 
-264.1309217520019 
-264.1309217520018 
-264.1309217520018 
-264.1309217520018 
-264.1309217520017 
-264.1309217520018 
-264.13092175200194 
-264.1309217520018 
-264.1309217520018 
-264.1309217520017 
-264.1309217520018 
-264.1309217520019 
-264.13092175200205 
-264.13092175200194 
-264.1309217520018 
-264.13092175200194 
-264.1309217520017 
-264.13092175200177 
-264.13092175200177 
-264.1309217520016 
-264.1309217520016 
-264.1309217520015 
-264.1309217520016 
-264.13092175200154 
-264.1309217520015 
-264.1309217520015 
-264.13092175200137 
-264.13092175200137 
-264.13092175200126 
-264.13092175200114 
-264.13092175200103 
-264.1309217520011 
-264.130921752001 
-264.13092175200114 
-264.13092175200103 
-264.13092175200126 
-264.13092175200103 
-264.1309217520009 
-264.1309217520008 
-264.13092175200075 
-264.1309217520006 
-264.13092175200075 
-264.1309217520006 
-264.1309217520008 
-264.13092175200103 
-264.1309217520007 
-264.13092175200046 
-264.13092175200046 
-264.13092175200023 
-264.13092175200046 
-264.13092175200046 
-264.1309217520006 
-264.13092175200046 
-264.1309217520006 
-264.1309217520006 
-264.1309217520006 
-264.13092175200063 
-264.13092175200046 
-264.1309217520006 
-264.13092175200046 
-264.1309217520006 
-264.1309217520007 
-264.1309217520006 
-264.1309217520008 
-264.13092175200086 
-264.1309217520008 
-264.1309217520008 
-264.130921752001 
-264.13092175200103 
-264.13092175200126 
-264.13092175200114 
-264.1309217520012 
-264.13092175200114 
-264.1309217520012 
-264.13092175200114 
-264.1309217520009 
-264.1309217520007 
-264.1309217520009 
-264.13092175200086 
-264.13092175200103 
-264.13092175200103 
-264.1309217520018 
-264.1309217520017 
-264.1309217520016 
-264.1309217520015 
-264.1309217520015 
-264.1309217520017 
-264.1309217520018 
-264.13092175200194 
-264.1309217520023 
-264.13092175200234 
-264.13092175200205 
-264.13092175200217 
-264.13092175200194 
-264.13092175200194 
-264.13092175200205 
-264.1309217520023 
-264.1309217520023 
-264.1309217520023 
-264.1309217520023 
-264.1309217520023 
-264.1309217520024 
-264.13092175200705 
-264.13092175200455 
-264.1309217520025 
-264.13092175200035 
-264.1309217519994 
-264.1309217520015 
-264.13092175199785 
-264.1309217520016 
-264.13092175199944 
-264.13092175200035 
-264.1309217520026 
-264.130921752005 
-264.1309217520075 
-264.1309217520026 
-264.1309217520025 
-264.1309217520026 
-264.1309217520026 
-264.13092175200273 
-264.13092175200273 
-264.13092175200273 
-264.1309217520029 
-264.13092175200273 
-264.13092175200296 
-264.1309217520028 
-264.13092175200285 
-264.1309217520026 
-264.1309217520026 
-264.13092175200273 
-264.1309217520026 
-264.13092175200285 
-264.1309217520029 
-264.13092175200273 
-264.13092175200273 
-264.13092175200285 
-264.13092175200285 
-264.1309217520029 
-264.1309217520025 
-264.13092175200245 
-264.1309217520025 
-264.13092175200285 
-264.13092175200273 
-264.13092175200285 
-264.13092175200285 
-264.13092175200273 
-264.13092175200285 
-264.13092175200273 
-264.1309217520026 
-264.1309217520026 
-264.1309217520025 
-264.13092175200234 
-264.1309217520023 
-264.1309217520024 
-264.1309217520023 
-264.13092175200217 
-264.13092175200217 
-264.1309217520023 
-264.13092175200205 
-264.13092175200205 
-264.130921752002 
-264.13092175200205 
-264.1309217520023 
-264.13092175200217 
-264.1309217520023 
-264.1309217520024 
-264.13092175200217 
-264.13092175200194 
-264.13092175200177 
-264.1309217520016 
-264.1309217520016 
-264.13092175200137 
-264.1309217520014 
-264.1309217520015 
-264.13092175200126 
-264.13092175200137 
-264.13092175200126 
-264.13092175200137 
-264.1309217520014 
-264.1309217520015 
-264.1309217520015 
-264.1309217520014 
-264.13092175200114 
-264.13092175200114 
-264.13092175200126 
-264.13092175200137 
-264.1309217520015 
-264.13092175200137 
-264.13092175200137 
-264.1309217520015 
-264.13092175200114 
-264.13092175200103 
-264.1309217520009 
-264.1309217520009 
-264.1309217520009 
-264.1309217520007 
-264.1309217520006 
-264.1309217520008 
-264.1309217520008 
-264.1309217520009 
-264.13092175200114 
-264.1309217520011 
-264.13092175200126 
-264.13092175200137 
-264.13092175200126 
-264.13092175200103 
-264.1309217520011 
-264.1309217520009 
-264.1309217520009 
-264.1309217520008 
-264.1309217520008 
-264.1309217520007 
-264.13092175200035 
-264.1309217520006 
-264.1309217520008 
-264.13092175200103 
-264.13092175200114 
-264.13092175200103 
-264.13092175200114 
-264.13092175200103 
-264.13092175200103 
-264.13092175200103 
-264.13092175200114 
-264.13092175200114 
-264.13092175200103 
-264.13092175200103 
-264.1309217520008 
-264.1309217520006 
-264.13092175200046 
-264.13092175200046 
-264.13092175200035 
-264.13092175200046 
-264.13092175200046 
-264.1309217520007 
-264.1309217520007 
-264.1309217520008 
-264.13092175200103 
-264.13092175200103 
-264.13092175200126 
-264.13092175200137 
-264.1309217520015 
-264.1309217520015 
-264.13092175200137 
-264.1309217520015 
-264.1309217520015 
-264.1309217520015 
-264.13092175200126 
-264.13092175200103 
-264.13092175200126 
-264.1309217520016 
-264.13092175200137 
-264.1309217520015 
-264.13092175200137 
-264.1309217520014 
-264.1309217520015 
-264.13092175200137 
-264.13092175200114 
-264.13092175200103 
-264.1309217520008 
-264.1309217520008 
-264.1309217520008 
-264.13092175200103 
-264.1309217520009 
-264.1309217520007 
-264.1309217520008 
-264.1309217520007 
-264.13092175200075 
-264.13092175200075 
-264.1309217520007 
-264.13092175200046 
-264.13092175200035 
-264.13092175200035 
-264.1309217520001 
-264.13092175200023 
-264.13092175200023 
-264.1309217520001 
-264.1309217520001 
-264.1309217520001 
-264.130921752 
-264.1309217519998 
-264.1309217519999 
-264.1309217520001 
-264.13092175199995 
-264.1309217520001 
-264.1309217519999 
-264.1309217519998 
-264.130921752 
-264.13092175200035 
-264.13092175200046 
-264.13092175200046 
-264.13092175200035 
-264.13092175200023 
-264.1309217520005 
-264.1309217520001 
-264.1309217520001 
-264.1309217520002 
-264.1309217519999 
-264.13092175199955 
-264.130921752004 
-264.13092175200114 
-264.1309217519994 
-264.1309217519974 
-264.1309217519967 
-264.130921751999 
-264.1309217519952 
-264.13092175199876 
-264.1309217519965 
-264.1309217519974 
-264.1309217519998 
-264.1309217520016 
-264.1309217520042 
-264.130921752 
-264.13092175200046 
-264.1309217520007 
-264.1309217520008 
-264.1309217520007 
-264.13092175200103 
-264.1309217520008 
-264.1309217520008 
-264.1309217520008 
-264.1309217520007 
-264.1309217520004 
-264.13092175200023 
-264.1309217520001 
-264.13092175200023 
-264.13092175200046 
-264.1309217520006 
-264.1309217520008 
-264.1309217520007 
-264.1309217520008 
-264.13092175200086 
-264.13092175200103 
-264.1309217520009 
-264.13092175200103 
-264.130921752001 
-264.1309217520009 
-264.1309217520009 
-264.13092175200114 
-264.13092175200126 
-264.13092175200137 
-264.1309217520016 
-264.1309217520017 
-264.1309217520015 
-264.1309217520015 
-264.13092175200137 
-264.13092175200114 
-264.13092175200114 
-264.1309217520015 
-264.13092175200137 
-264.13092175200126 
-264.13092175200137 
-264.1309217520014 
-264.13092175200126 
-264.1309217520013 
-264.13092175200126 
-264.13092175200137 
-264.13092175200126 
-264.13092175200126 
-264.1309217520009 
-264.13092175200103 
-264.1309217520007 
-264.13092175200046 
-264.1309217520005 
-264.1309217520007 
-264.1309217520009 
-264.1309217520008 
-264.1309217520008 
-264.13092175200103 
-264.13092175200114 
-264.1309217520009 
-264.1309217520009 
-264.1309217520008 
-264.1309217520008 
-264.1309217520008 
-264.1309217520006 
-264.13092175200075 
-264.13092175200046 
-264.1309217520006 
-264.1309217520004 
-264.13092175200046 
-264.13092175200046 
-264.1309217520008 
-264.1309217520009 
-264.13092175200137 
-264.13092175200137 
-264.13092175200154 
-264.1309217520016 
-264.1309217520015 
-264.13092175200126 
-264.13092175200137 
-264.13092175200126 
-264.13092175200103 
-264.13092175200103 
-264.13092175200103 
-264.1309217520009 
-264.1309217520009 
-264.1309217520008 
-264.130921752001 
-264.1309217520009 
-264.1309217520011 
-264.13092175200114 
-264.13092175200126 
-264.1309217520015 
-264.1309217520015 
-264.1309217520015 
-264.1309217520015 
-264.1309217520015 
-264.1309217520016 
-264.1309217520018 
-264.1309217520018 
-264.1309217520017 
-264.13092175200165 
-264.1309217520017 
-264.1309217520018 
-264.1309217520017 
-264.13092175200194 
-264.1309217520019 
-264.13092175200194 
-264.13092175200217 
-264.1309217520026 
-264.1309217520024 
-264.1309217520024 
-264.1309217520024 
-264.1309217520024 
-264.1309217520024 
-264.13092175200217 
-264.1309217520022 
-264.1309217520025 
-264.13092175200245 
-264.1309217520024 
-264.13092175200256 
-264.1309217520026 
-264.1309217520024 
-264.1309217520026 
-264.13092175200273 
-264.13092175200273 
-264.1309217520026 
-264.13092175200273 
-264.1309217520029 
-264.13092175200273 
-264.1309217520026 
-264.1309217520026 
-264.1309217520028 
-264.1309217520031 
-264.13092175200296 
-264.13092175200285 
-264.13092175200296 
-264.13092175200285 
-264.13092175200273 
-264.1309217520028 
-264.13092175200285 
-264.1309217520032 
-264.13092175200285 
-264.13092175200273 
-264.1309217520026 
-264.1309217520025 
-264.13092175200256 
-264.1309217520026 
-264.13092175200273 
-264.1309217520029 
-264.13092175200296 
-264.1309217520031 
-264.1309217520032 
-264.1309217520031 
-264.13092175200325 
-264.1309217520031 
-264.130921752003 
-264.1309217520032 
-264.13092175200285 
-264.13092175200285 
-264.1309217520031 
-264.1309217520034 
-264.1309217520032 
-264.1309217520032 
-264.1309217520031 
-264.13092175200325 
-264.13092175200353 
-264.13092175200353 
-264.1309217520034 
-264.13092175200353 
-264.1309217520034 
-264.13092175200353 
-264.13092175200364 
-264.13092175200364 
-264.13092175200353 
-264.1309217520033 
-264.1309217520033 
-264.1309217520033 
-264.1309217520033 
-264.1309217520033 
-264.1309217520033 
-264.1309217520032 
-264.1309217520031 
-264.1309217520032 
-264.13092175200796 
-264.13092175200524 
-264.13092175200285 
-264.1309217520006 
-264.1309217519995 
-264.1309217520018 
-264.13092175199785 
-264.13092175200165 
-264.13092175199955 
-264.1309217520008 
-264.130921752003 
-264.130921752005 
-264.13092175200774 
-264.13092175200296 
-264.13092175200285 
-264.13092175200296 
-264.13092175200296 
-264.1309217520031 
-264.13092175200273 
-264.1309217520026 
-264.1309217520026 
-264.1309217520025 
-264.1309217520027 
-264.13092175200273 
-264.1309217520025 
-264.13092175200273 
-264.1309217520026 
-264.1309217520026 
-264.1309217520026 
-264.1309217520026 
-264.13092175200273 
-264.13092175200296 
-264.1309217520031 
-264.13092175200313 
-264.13092175200296 
-264.1309217520032 
-264.13092175200296 
-264.13092175200285 
-264.1309217520026 
-264.1309217520028 
-264.1309217520026 
-264.13092175200256 
-264.1309217520026 
-264.1309217520025 
-264.1309217520025 
-264.1309217520023 
-264.13092175200205 
-264.1309217520023 
-264.13092175200205 
-264.13092175200194 
-264.13092175200177 
-264.1309217520018 
-264.13092175200194 
-264.13092175200217 
-264.13092175200217 
-264.1309217520024 
-264.1309217520023 
-264.1309217520022 
-264.13092175200234 
-264.1309217520023 
-264.13092175200217 
-264.1309217520018 
-264.1309217520018 
-264.13092175200205 
-264.13092175200205 
-264.1309217520018 
-264.13092175200194 
-264.1309217520021 
-264.1309217520023 
-264.13092175200217 
-264.13092175200217 
-264.13092175200217 
-264.1309217520025 
-264.1309217520024 
-264.1309217520023 
-264.13092175200217 
-264.1309217520022 
-264.13092175200205 
-264.13092175200205 
-264.13092175200217 
-264.13092175200194 
-264.13092175200194 
-264.13092175200194 
-264.1309217520017 
-264.1309217520016 
-264.1309217520016 
-264.1309217520017 
-264.13092175200194 
-264.13092175200194 
-264.1309217520018 
-264.1309217520018 
-264.13092175200194 
-264.13092175200194 
-264.130921752002 
-264.13092175200194 
-264.1309217520017 
-264.1309217520017 
-264.1309217520016 
-264.1309217520016 
-264.13092175200137 
-264.13092175200126 
-264.13092175200114 
-264.1309217520011 
-264.13092175200103 
-264.13092175200103 
-264.1309217520009 
-264.1309217520009 
-264.130921752001 
-264.1309217520008 
-264.1309217520009 
-264.13092175200114 
-264.13092175200114 
-264.13092175200086 
-264.1309217520009 
-264.1309217520007 
-264.1309217520007 
-264.1309217520007 
-264.1309217520006 
-264.1309217520006 
-264.1309217520008 
-264.1309217520009 
-264.13092175200114 
-264.13092175200137 
-264.13092175200137 
-264.13092175200137 
-264.13092175200126 
-264.13092175200114 
-264.13092175200103 
-264.13092175200103 
-264.13092175200103 
-264.13092175200103 
-264.13092175200126 
-264.13092175200154 
-264.13092175200137 
-264.1309217520012 
-264.13092175200103 
-264.13092175200103 
-264.13092175200086 
-264.1309217520009 
-264.1309217520008 
-264.1309217520006 
-264.13092175200046 
-264.13092175200035 
-264.13092175200046 
-264.13092175200046 
-264.13092175200046 
-264.13092175200046 
-264.1309217520006 
-264.13092175200035 
-264.1309217520007 
-264.1309217520008 
-264.1309217520009 
-264.1309217520007 
-264.13092175200086 
-264.1309217520009 
-264.1309217520008 
-264.1309217520009 
-264.1309217520009 
-264.13092175200103 
-264.13092175200114 
-264.13092175200114 
-264.13092175200103 
-264.13092175200137 
-264.13092175200137 
-264.1309217520016 
-264.1309217520016 
-264.1309217520016 
-264.1309217520016 
-264.13092175200194 
-264.1309217520018 
-264.1309217520018 
-264.13092175200205 
-264.13092175200205 
-264.13092175200194 
-264.13092175200205 
-264.13092175200205 
-264.13092175200217 
-264.13092175200205 
-264.1309217520021 
-264.1309217520023 
-264.13092175200217 
-264.130921752002 
-264.13092175200194 
-264.13092175200205 
-264.13092175200205 
-264.13092175200217 
-264.1309217520023 
-264.1309217520024 
-264.1309217520024 
-264.1309217520023 
-264.13092175200194 
-264.1309217520018 
-264.1309217520016 
-264.13092175200154 
-264.13092175200137 
-264.1309217520011 
-264.1309217520056 
-264.1309217520031 
-264.13092175200103 
-264.130921751999 
-264.13092175199796 
-264.1309217520001 
-264.1309217519966 
-264.1309217520001 
-264.1309217519981 
-264.13092175199876 
-264.1309217520009 
-264.1309217520031 
-264.1309217520057 
-264.13092175200114 
-264.1309217520015 
-264.1309217520016 
-264.13092175200194 
-264.1309217520018 
-264.1309217520019 
-264.1309217520023 
-264.1309217520023 
-264.13092175200245 
-264.1309217520025 
-264.1309217520026 
-264.1309217520023 
-264.13092175200217 
-264.1309217520018 
-264.1309217520018 
-264.1309217520018 
-264.1309217520018 
-264.1309217520016 
-264.1309217520015 
-264.1309217520016 
-264.13092175200137 
-264.1309217520014 
-264.13092175200114 
-264.1309217520014 
-264.13092175200137 
-264.13092175200126 
-264.13092175200126 
-264.13092175200126 
-264.1309217520009 
-264.1309217520007 
-264.1309217520006 
-264.1309217520008 
-264.1309217520006 
-264.1309217520008 
-264.1309217520006 
-264.1309217520008 
-264.1309217520008 
-264.1309217520007 
-264.1309217520006 
-264.1309217520005 
-264.13092175200035 
-264.13092175200046 
-264.13092175200046 
-264.13092175200035 
-264.13092175200046 
-264.1309217520006 
-264.13092175200046 
-264.130921752 
-264.1309217520001 
-264.130921752 
-264.13092175200006 
-264.13092175200023 
-264.1309217520002 
-264.1309217520003 
-264.13092175200046 
-264.1309217520007 
-264.1309217520006 
-264.1309217520006 
-264.13092175200046 
-264.13092175200035 
-264.13092175200035 
-264.13092175200046 
-264.13092175200046 
-264.1309217520006 
-264.13092175200035 
-264.1309217520001 
-264.130921752 
-264.130921752 
-264.1309217519999 
-264.1309217519999 
-264.1309217519999 
-264.1309217519999 
-264.1309217519999 
-264.1309217519999 
-264.1309217519998 
-264.13092175199955 
-264.1309217519993 
-264.1309217519991 
-264.13092175199887 
-264.13092175199915 
-264.1309217519993 
-264.13092175199944 
-264.13092175199944 
-264.1309217519993 
-264.13092175199944 
-264.1309217519993 
-264.1309217519993 
-264.1309217519992 
-264.1309217519994 
-264.1309217519993 
-264.1309217519995 
-264.13092175199944 
-264.1309217519993 
-264.13092175199967 
-264.1309217519998 
-264.13092175199955 
-264.13092175199944 
-264.13092175199955 
-264.13092175199944 
-264.13092175199944 
-264.13092175199955 
-264.1309217519998 
-264.13092175199967 
-264.1309217519998 
-264.13092175199967 
-264.1309217519997 
-264.13092175199967 
-264.13092175199955 
-264.13092175199944 
-264.1309217519991 
-264.1309217519992 
-264.1309217519993 
-264.13092175199955 
-264.1309217519997 
-264.13092175199967 
-264.1309217519998 
-264.1309217519999 
-264.1309217519999 
-264.1309217519999 
-264.1309217519999 
-264.1309217519999 
-264.130921752 
-264.130921752 
-264.1309217520001 
-264.1309217519997 
-264.1309217519998 
-264.1309217519998 
-264.13092175200006 
-264.13092175200006 
-264.1309217520001 
-264.1309217520002 
-264.13092175200046 
-264.13092175200046 
-264.13092175200035 
-264.13092175200046 
-264.13092175200046 
-264.13092175200046 
-264.13092175200046 
-264.13092175200035 
-264.13092175200046 
-264.13092175200035 
-264.13092175200035 
-264.13092175200035 
-264.1309217520006 
-264.13092175200046 
-264.13092175200035 
-264.13092175200035 
-264.13092175200046 
-264.1309217520007 
-264.13092175200023 
-264.1309217520004 
-264.1309217520006 
-264.1309217520007 
-264.1309217520007 
-264.1309217520008 
-264.13092175200114 
-264.13092175200126 
-264.1309217520009 
-264.1309217520009 
-264.13092175200114 
-264.13092175200126 
-264.13092175200114 
-264.1309217520015 
-264.13092175200137 
-264.1309217520008 
-264.1309217520007 
-264.1309217520006 
-264.1309217520005 
-264.1309217520007 
-264.1309217520007 
-264.1309217520008 
-264.1309217520007 
-264.1309217520009 
-264.13092175200114 
-264.13092175200114 
-264.13092175200137 
-264.13092175200126 
-264.1309217520015 
-264.1309217520017 
-264.1309217520015 
-264.1309217520016 
-264.13092175200137 
-264.1309217520013 
-264.13092175200615 
-264.1309217520037 
-264.1309217520015 
-264.1309217519992 
-264.1309217519982 
-264.1309217520001 
-264.1309217519965 
