0.0 
153.90612131126747 
151.9211168820643 
149.42075061292283 
147.33934905250075 
144.93457283470357 
142.81067100248717 
140.44898601764095 
138.30912238238247 
135.96409532046576 
133.8212586160517 
131.4795973683945 
129.3387404464717 
126.99518520706471 
124.85690706068391 
122.51071647303678 
120.37395268496908 
118.02617675343961 
115.88985449573954 
113.54159678182344 
111.40517656033956 
109.05700515571061 
106.9203748848812 
104.57241596098179 
102.43564496790336 
100.08783219167387 
97.95100956636672 
95.60325209661889 
93.46642943289847 
91.11867336411858 
88.98186601649194 
86.63409464227847 
84.49729971355599 
82.14951552392444 
80.01272610044252 
77.66493608127188 
75.52814742457706 
73.18035649382897 
71.04356682163036 
68.69577688551242 
66.558986162904 
64.21119730332914 
62.07440603183066 
59.72661774851711 
57.58982634469913 
55.242038208105555 
53.10524686028161 
50.75745867122093 
48.62066740808232 
46.27287913291217 
44.13608792171815 
41.78829959240149 
39.651508398105356 
37.30372005053083 
35.16692885447961 
32.81914050821315 
30.682349305717292 
28.334560965937694 
26.197769758743878 
23.849981423829338 
21.713190214746195 
19.365401881843756 
17.228610672626925 
14.880822339907951 
12.744031131144471 
10.396242797975951 
8.259451589619408 
5.9116632560322575 
3.7748720478705287 
1.4270837140779427 
-0.70970749404697 
-3.0574958278814988 
-5.194287036034494 
-7.542075369841936 
-9.67886657802862 
-12.026654911801657 
-14.163446120007299 
-16.511234453760533 
-18.64802566197149 
-20.99581399571889 
-23.13260520392856 
-25.48039353767711 
-27.61718474588412 
-29.96497307963537 
-32.1017642878406 
-34.44955262159372 
-36.58634382979832 
-38.93413216355207 
-41.0709233717567 
-43.41871170551048 
-45.55550291371534 
-47.90329124746886 
-50.04008245567388 
-52.38787078942727 
-54.52466199763236 
-56.872450331385586 
-59.009241539590676 
-61.35702987334401 
-63.49382108154907 
-65.84160941530239 
-67.97840062350748 
-70.32618895726073 
-72.46298016546571 
-74.81076849921902 
-76.9475597074241 
-79.29534804117742 
-81.43213924938233 
-83.77992758313574 
-85.9167187913408 
-88.2645071250942 
-90.40129833329915 
-92.74908666705262 
-94.8858778752576 
-97.23366620901103 
-99.37045741721602 
-101.71824575096934 
-103.85503695917437 
-106.20282529292766 
-108.33961650113271 
-110.68740483488594 
-112.82419604309098 
-115.17198437684418 
-117.30877558504906 
-119.65656391880245 
-121.79335512700735 
-124.14114346076069 
-126.27793466896551 
-128.62572300271884 
-130.7625142109238 
-133.11030254467718 
-135.24709375288214 
-137.59488208663547 
-139.73167329484036 
-142.07946162859398 
-144.21625283679884 
-146.56404117055243 
-148.70083237875733 
-151.04862071251063 
-153.1854119207155 
-155.5332002544688 
-157.66999146267378 
-160.01777979642705 
-162.15457100463195 
-164.5023593383853 
-166.6391505465903 
-168.98693888034364 
-171.1237300885485 
-173.47151842230184 
-175.60830963050677 
-177.95609796426018 
-180.0928891724651 
-182.44067750621832 
-184.5774687144233 
-186.92525704817655 
-189.0620482563816 
-191.40983659013497 
-193.5466277983399 
-195.89441613209317 
-198.0312073402979 
-200.3789956740514 
-202.5157868822562 
-204.86357521600962 
-207.0003664242145 
-209.3481547579679 
-211.48494596617294 
-213.8327342999262 
-215.96952550813123 
-218.31731384188447 
-220.4541050500893 
-222.80189338384258 
-224.93868459204728 
-227.2864729258011 
-229.4232641340058 
-231.77105246775938 
-233.90784367596487 
-236.25563200972005 
-238.39242321793708 
-240.74021155171573 
-242.8770027601103 
-245.2247910942592 
-247.36158230540357 
-249.70937064532407 
-251.84616189919 
-254.19395032896867 
-256.3307422461739 
-258.67853207238164 
-260.8153342614855 
-263.16314542029306 
-265.3001016721043 
-267.6481641666408 
-269.7864046963095 
-272.1219324290949 
-274.0806033481444 
-275.2879107093536 
-277.10805815672467 
-279.0488965279323 
-282.0124959910327 
-282.04699594172115 
-282.04827784561263 
-282.05974401267656 
-282.0620910235521 
-282.06224616229525 
-282.0652863638461 
-282.065518506818 
-282.06858648562775 
-282.0688237947903 
-282.0719067654416 
-282.0721300796406 
-282.0752238842475 
-282.07543261159395 
-282.07853132444 
-282.07873132263427 
-282.08183074053005 
-282.08202794470816 
-282.0851262850435 
-282.0853241009571 
-282.08842120416216 
-282.088620567864 
-282.0917169293728 
-282.09191746177515 
-282.095013593127 
-282.0952146237052 
-282.0983108103473 
-282.09851187391524 
-282.1016081908812 
-282.1018091084988 
-282.10490552240327 
-282.10510629842446 
-282.10820275308225 
-282.1084034538091 
-282.11149991095806 
-282.1117005942006 
-282.11479703931894 
-282.1149977331349 
-282.11809416654097 
-282.1182948762242 
-282.12139130341353 
-282.12159202345856 
-282.1246884492434 
-282.1248891729228 
-282.1279855996469 
-282.1281863229614 
-282.1312827509966 
-282.1314834726542 
-282.1345799015509 
-282.13478062197845 
-282.1378770511472 
-282.13807777093444 
-282.14117420011206 
-282.1413749197565 
-282.1444713488034 
-282.1446720685573 
-282.1477684974805 
-282.1479692175022 
-282.15106564637296 
-282.1512663664624 
-282.15436279534066 
-282.1545635153722 
-282.1576599442612 
-282.15786066425113 
-282.1609570931391 
-282.1611578131346 
-282.1642542420149 
-282.16445496204534 
-282.167551390915 
-282.1677521109403 
-282.1708485398148 
-282.1710492598468 
-282.1741456887234 
-282.17434640875575 
-282.1774428376355 
-282.17764355765524 
-282.1807399865286 
-282.18094070656383 
-282.18403713543296 
-282.1842378554673 
-282.1873342843427 
-282.187535004381 
-282.19063143325457 
-282.19083215330704 
-282.1939285821848 
-282.19412930222126 
-282.1972257311049 
-282.197426451128 
-282.2005228799636 
-282.200723600001 
-282.2038200288103 
-282.2040207488894 
-282.20711717771434 
-282.2073178977684 
-282.21041432660905 
-282.2106150466493 
-282.213711475514 
-282.21391219556375 
-282.2170086244275 
-282.2172093444682 
-282.22030577334266 
-282.2205064933767 
-282.2236029222538 
-282.2238036422753 
-282.22690007115426 
-282.22710079118116 
-282.23019722005995 
-282.23039794011135 
-282.233494369002 
-282.2336950890429 
-282.2367915179442 
-282.23699223795023 
-282.24008866684545 
-282.2402893868306 
-282.24338581572175 
-282.24358653573347 
-282.24668296460226 
-282.24688368462995 
-282.24998011350925 
-282.2501808337637 
-282.25327726258115 
-282.25347798282235 
-282.2565744117129 
-282.2567751317786 
-282.25987156070863 
-282.2600722806803 
-282.26316870960335 
-282.2633694295608 
-282.26646585846476 
-282.266666578454 
-282.26976300735413 
-282.2699637273748 
-282.2730601562725 
-282.2732608763103 
-282.2763573052163 
-282.27655802524356 
-282.27965445409365 
-282.2798551742278 
-282.28295160304 
-282.2831523230554 
-282.28624875156754 
-282.28644947157994 
-282.2895458999814 
-282.2897466199408 
-282.2928430488102 
-282.2930437687836 
-282.296140199277 
-282.29634091942324 
-282.2994373527316 
-282.29963807305916 
-282.3027345086504 
-282.30293522915787 
-282.3060316613675 
-282.3062323818399 
-282.3093287971537 
-282.3095295168766 
-282.3126258975497 
-282.31282661531594 
-282.3159229585888 
-282.31612367332906 
-282.3192200310356 
-282.31942074439615 
-282.3225172673091 
-282.3227179869607 
-282.32581491150137 
-282.3260156530267 
-282.32911311604374 
-282.3293138959704 
-282.33241147509074 
-282.33261228584485 
-282.3357083704108 
-282.33590913606275 
-282.3390007604307 
-282.3392012995326 
-282.3422857993504 
-282.3424858736888 
-282.34556595721 
-282.3457655243706 
-282.3488575967198 
-282.34905733740624 
-282.3521972852834 
-282.35239922991144 
-282.3556296168256 
-282.3558370691156 
-282.35915118400465 
-282.35936590133196 
-282.3626058152942 
-282.3628201582715 
-282.36561565313355 
-282.36580479735994 
-282.36771882707234 
-282.3678540289754 
-282.3687966460505 
-282.36886021277996 
-282.3688606428006 
-282.36886064280014 
-288.3052423469064 
-288.30535013651564 
-288.3053624952508 
-288.3053649529608 
-288.30536737370664 
-288.30536829356976 
-288.305370195478 
-288.3053710823346 
-288.3053737468903 
-288.30537525557327 
-288.3053789094678 
-288.30538105564375 
-288.3053851719431 
-288.30538756471816 
-288.3053915123557 
-288.3053937375543 
-288.3053972594079 
-288.30539916217396 
-288.3054023302089 
-288.3054039906334 
-288.3054069951039 
-288.3054085702698 
-288.3054115732553 
-288.30541318040156 
-288.30541625998245 
-288.3054179423022 
-288.3054211029037 
-288.3054228488459 
-288.3054260584502 
-288.30542783536015 
-288.3054310581063 
-288.30543283696653 
-288.30543605042425 
-288.30543781645196 
-288.3054410140598 
-288.3054427656364 
-288.30544595066635 
-288.30544769303225 
-288.30545087245315 
-288.305452611912 
-288.3054557912016 
-288.3054575318252 
-288.3054607135213 
-288.30546245684053 
-288.305465641157 
-288.3054673866671 
-288.3054705726028 
-288.30547231918644 
-288.3054755055686 
-288.30547725226364 
-288.30548043833335 
-288.3054821846511 
-288.30548537035446 
-288.30548711622527 
-288.30549030157016 
-288.30549204714697 
-288.30549523231736 
-288.3054969778478 
-288.3055001631639 
-288.3055019084406 
-288.30550509343516 
-288.3055068390248 
-288.3055100242952 
-288.3055117699393 
-288.3055149552992 
-288.3055167009873 
-288.305519886322 
-288.30552163200844 
-288.30552481733747 
-288.30552656301444 
-288.30552974833284 
-288.3055314939988 
-288.30553467931685 
-288.3055364249797 
-288.3055396103074 
-288.30554135597475 
-288.3055445413133 
-288.30554628710297 
-288.30554947182526 
-288.30555121749893 
-288.3055544028096 
-288.3055561484879 
-288.30555933377553 
-288.30556107943477 
-288.3055642647677 
-288.30556601042775 
-288.30556919574 
-288.30557094142375 
-288.3055741268034 
-288.3055758723976 
-288.30557905765244 
-288.3055808033237 
-288.3055839886277 
-288.3055857342842 
-288.3055889196134 
-288.3055906652767 
-288.30559385057444 
-288.30559559624055 
-288.3055987815441 
-288.30560052723155 
-288.3056037125388 
-288.305605458205 
-288.30560864350576 
-288.3056103891261 
-288.3056135745514 
-288.3056153202081 
-288.30561850552004 
-288.3056202511514 
-288.30562343640975 
-288.30562518215737 
-288.3056283674642 
-288.3056301131256 
-288.3056332984391 
-288.30563504410617 
-288.3056382294032 
-288.3056399750537 
-288.305643160358 
-288.30564490602325 
-288.3056480913286 
-288.3056498369851 
-288.3056530222149 
-288.30565476794993 
-288.30565795326953 
-288.3056596989358 
-288.30566288424376 
-288.30566462990595 
-288.30566781521003 
-288.3056695608787 
-288.30567274620586 
-288.3056744918719 
-288.30567767716474 
-288.30567942281476 
-288.3056826081242 
-288.30568435378035 
-288.30568753912456 
-288.30568928478084 
-288.30569247011505 
-288.3056942157828 
-288.3056974011525 
-288.305699146784 
-288.30570233190457 
-288.30570407756426 
-288.3057072628622 
-288.30570900850734 
-288.30571219388565 
-288.30571393947906 
-288.3057171248012 
-288.30571887050513 
-288.3057220556546 
-288.30572380133316 
-288.3057269867338 
-288.30572873248474 
-288.30573191780826 
-288.30573366363075 
-288.3057368488963 
-288.30573859468785 
-288.3057417796387 
-288.3057435253576 
-288.30574670987966 
-288.3057484550488 
-288.3057516392782 
-288.305753383982 
-288.3057565687241 
-288.3057583127434 
-288.305761499732 
-288.3057632446018 
-288.3057664352391 
-288.3057681834552 
-288.3057713786556 
-288.3057731332984 
-288.30577632705314 
-288.30577808793765 
-288.30578126575216 
-288.30578302367604 
-288.30578616573405 
-288.30578789866814 
-288.3057910001584 
-288.3057926800322 
-288.3057957849309 
-288.305797404749 
-288.3058006136643 
-288.305802243041 
-288.30580568193676 
-288.30580751695453 
-288.30581124255156 
-288.30581339237193 
-288.3058169184274 
-288.30581889713955 
-288.3058211753144 
-288.3058222949225 
-288.3058231451764 
-288.30582344609337 
-288.3058235908308 
-288.3058236175105 
-288.30582361759144 
-288.30582361764795 
-288.30582361760906 
-288.30582361764795 
-288.30582361762475 
-288.3058236176143 
-288.3058236176633 
-288.3058236177645 
-288.30582361830744 
-288.3058236191187 
-288.30582362259 
-288.3058236301608 
-288.3058236486716 
-288.30582368914 
-288.3058237494749 
-288.3058238607795 
-288.30582396788895 
-288.3058241097848 
-288.305824211627 
-288.305824319735 
-288.3058243918984 
-288.30582446321984 
-288.305824514227 
-288.3058245670556 
-288.3058246110527 
-288.30582466179357 
-288.30582470883684 
-288.30582476661897 
-288.30582482054723 
-288.30582488704783 
-288.3058249468038 
-288.3058250190077 
-288.3058250813838 
-288.3058251550755 
-288.3058252171374 
-288.30582528938413 
-288.3058253496704 
-288.3058254195103 
-288.30582547799816 
-288.30582554594474 
-288.30582560339116 
-288.30582567051187 
-288.305825727759 
-288.30582579497445 
-288.3058258525503 
-288.3058259202943 
-288.3058259783348 
-288.30582604661186 
-288.3058261049909 
-288.3058261735794 
-288.3058262320861 
-288.30582630073246 
-288.3058263592009 
-288.3058264277533 
-288.30582648611215 
-288.30582655452866 
-288.30582661279044 
-288.30582668110475 
-288.30582673931343 
-288.30582680758874 
-288.30582686579044 
-288.3058269340753 
-288.30582699229996 
-288.3058270606177 
-288.30582711886836 
-288.3058271872165 
-288.3058272454852 
-288.3058273138471 
-288.3058273721209 
-288.30582744048417 
-288.3058274987557 
-288.3058275671132 
-288.3058276253783 
-288.3058276937281 
-288.3058277519879 
-288.30582782033235 
-288.3058278785896 
-288.30582794693316 
-288.3058280051915 
-288.3058280735359 
-288.3058281317944 
-288.30582820014 
-288.3058282583998 
-288.3058283267465 
-288.3058283850068 
-288.3058284533542 
-288.3058285116147 
-288.3058285799622 
-288.3058286382225 
-288.3058287065715 
-288.30582876483265 
-288.30582883318124 
-288.30582889144176 
-288.30582895978847 
-288.30582901804786 
-288.30582908639866 
-288.3058291446594 
-288.30582921300606 
-288.3058292712662 
-288.30582933961256 
-288.3058293978734 
-288.3058294662204 
-288.30582952448066 
-288.3058295928275 
-288.30582965108766 
-288.30582971943454 
-288.305829777695 
-288.30582984604183 
-288.3058299043017 
-288.30582997264804 
-288.3058300309073 
-288.3058300992537 
-288.30583015751125 
-288.30583022586137 
-288.30583028412144 
-288.3058303524692 
-288.30583041073004 
-288.30583047907686 
-288.30583053733716 
-288.3058306056849 
-288.30583066394263 
-288.3058307322864 
-288.30583079054355 
-288.30583085888867 
-288.3058309171478 
-288.305830985495 
-288.3058310437554 
-288.3058311121027 
-288.3058311703635 
-288.3058312387108 
-288.3058312969717 
-288.30583136531897 
-288.30583142358 
-288.30583149192694 
-288.30583155018877 
-288.30583161853775 
-288.3058316767993 
-288.30583174514715 
-288.30583180340665 
-288.3058318717494 
-288.30583192999836 
-288.3058319983384 
-288.3058320565903 
-288.3058321249329 
-288.3058321831854 
-288.305832251528 
-288.3058323097881 
-288.30583237813545 
-288.30583243641144 
-288.30583250476997 
-288.3058325630659 
-288.3058326314355 
-288.30583268974345 
-288.3058327581197 
-288.30583281640946 
-288.3058328847723 
-288.3058329429967 
-288.3058330113192 
-288.3058330694377 
-288.30583313769705 
-288.3058331957174 
-288.30583326391553 
-288.30583332193703 
-288.30583339012634 
-288.30583344835776 
-288.305833516674 
-288.3058335753748 
-288.30583364395517 
-288.30583370317487 
-288.3058337719423 
-288.30583383117965 
-288.30583389965943 
-288.3058339579521 
-288.30583402593885 
-288.3058340829254 
-288.3058341515967 
-288.30583420823115 
-288.30583427784893 
-288.30583433382924 
-288.3058343995984 
-288.30583445360736 
-288.3058345138007 
-288.30583456886524 
-288.30583462654414 
-288.30583467775324 
-288.305834723847 
-288.30583475749535 
-288.30583478278805 
-288.3058347973238 
-288.3058348072182 
-288.3058348109351 
-288.3058348141547 
-288.30583481502833 
-288.3058348155051 
-288.3058348155743 
-288.3058348156067 
-288.30583481561683 
-288.30583481564025 
-288.3058348156014 
-288.3058348156405 
-288.3058348156171 
-288.30583481560717 
-288.30583481561774 
-288.3058348156165 
-288.3058348156156 
-288.3058348156216 
-288.30583481562184 
-288.3058348156207 
-288.305834815634 
-288.3058348156532 
-288.30583481568897 
-288.30583481575746 
-288.3058348159208 
-288.30583481621153 
-288.3058348168933 
-288.30583481817615 
-288.3058348204748 
-288.30583482273227 
-288.3058348246421 
-288.30583482593437 
-288.3058348270344 
-288.3058348279681 
-288.30583482902153 
-288.3058348300885 
-288.3058348313786 
-288.3058348326711 
-288.30583483419406 
-288.30583483566585 
-288.3058348373297 
-288.30583483887034 
-288.30583484052903 
-288.3058348420023 
-288.3058348435264 
-288.3058348448535 
-288.3058348462159 
-288.30583484741743 
-288.3058348486848 
-288.30583484983805 
-288.30583485109725 
-288.3058348522706 
-288.30583485357596 
-288.3058348547991 
-288.30583485616086 
-288.30583485742824 
-288.3058348588259 
-288.30583486011454 
-288.30583486152085 
-288.3058348628078 
-288.30583486420204 
-288.3058348654741 
-288.30583486685015 
-288.30583486810696 
-288.3058348694696 
-288.30583487071743 
-288.3058348720742 
-288.3058348733203 
-288.30583487467896 
-288.3058348759286 
-288.3058348772924 
-288.30583487854625 
-288.3058348799147 
-288.30583488117173 
-288.3058348825419 
-288.3058348838006 
-288.3058348851711 
-288.30583488642907 
-288.305834887799 
-288.3058348890557 
-288.3058348904239 
-288.305834891679 
-288.30583489304667 
-288.30583489430154 
-288.3058348956684 
-288.3058348969236 
-288.3058348982909 
-288.30583489954614 
-288.305834900914 
-288.3058349021696 
-288.3058349035377 
-288.3058349047939 
-288.30583490616203 
-288.305834907418 
-288.30583490878627 
-288.30583491004205 
-288.3058349114104 
-288.3058349126663 
-288.3058349140344 
-288.3058349152904 
-288.3058349166583 
-288.3058349179143 
-288.3058349192822 
-288.3058349205378 
-288.30583492190596 
-288.30583492316146 
-288.3058349245296 
-288.30583492578586 
-288.3058349271542 
-288.3058349284103 
-288.3058349297781 
-288.30583493103376 
-288.30583493240164 
-288.3058349336573 
-288.30583493502473 
-288.3058349362805 
-288.3058349376484 
-288.30583493890435 
-288.305834940272 
-288.30583494152785 
-288.3058349428957 
-288.30583494415174 
-288.3058349455201 
-288.30583494677586 
-288.3058349481442 
-288.30583494940043 
-288.30583495076866 
-288.30583495202455 
-288.3058349533925 
-288.30583495464845 
-288.30583495601644 
-288.3058349572722 
-288.3058349586401 
-288.305834959896 
-288.3058349612639 
-288.30583496251955 
-288.30583496388766 
-288.30583496514345 
-288.3058349665113 
-288.3058349677671 
-288.3058349691352 
-288.3058349703918 
-288.3058349717599 
-288.3058349730159 
-288.30583497438425 
-288.3058349756407 
-288.3058349770085 
-288.30583497826404 
-288.30583497963124 
-288.3058349808859 
-288.30583498225263 
-288.30583498350694 
-288.30583498487323 
-288.3058349861279 
-288.30583498749456 
-288.3058349887498 
-288.3058349901184 
-288.30583499137566 
-288.30583499274763 
-288.30583499400785 
-288.30583499538227 
-288.305834996643 
-288.3058349980169 
-288.30583499927604 
-288.3058350006457 
-288.30583500190124 
-288.30583500326344 
-288.3058350045117 
-288.3058350058615 
-288.3058350070963 
-288.305835008429 
-288.30583500965014 
-288.30583501097755 
-288.30583501220286 
-288.3058350135546 
-288.3058350148063 
-288.3058350161925 
-288.3058350174661 
-288.3058350188625 
-288.3058350201224 
-288.3058350216211 
-288.3058350229713 
-288.3058350246885 
-288.3058350263738 
-288.30583502838437 
-288.30583503008444 
-288.3058350314094 
-288.30583503224483 
-288.3058350328353 
-288.30583503328563 
-288.3058350337304 
-288.30583503408604 
-288.3058350344746 
-288.3058350347255 
-288.3058350349178 
-288.3058350350272 
-288.30583503506364 
-288.3058350350863 
-288.3058350350953 
-288.30583503510894 
-288.3058350351025 
-288.3058350351035 
-288.30583503510496 
-288.3058350350951 
-288.3058350351052 
-288.3058350351284 
-288.30583503508933 
-288.30583503512855 
-288.305835035105 
-288.30583503509484 
-288.30583503510474 
-288.3058350351029 
-288.3058350351021 
-288.3058350351085 
-288.3058350351071 
-288.3058350351037 
-288.30583503511167 
-288.30583503510803 
-288.3058350351044 
-288.30583503510957 
-288.3058350351118 
-288.30583503511434 
-288.30583503511644 
-288.3058350351185 
-288.30583503512565 
-288.30583503514043 
-288.3058350351667 
-288.3058350352065 
-288.30583503525696 
-288.30583503534723 
-288.30583503546035 
-288.3058350356013 
-288.30583503574604 
-288.30583503589605 
-288.30583503603447 
-288.30583503616236 
-288.305835036274 
-288.30583503637257 
-288.3058350364551 
-288.3058350365241 
-288.3058350365793 
-288.3058350366245 
-288.30583503666065 
-288.3058350366942 
-288.30583503672636 
-288.30583503676263 
-288.3058350368015 
-288.3058350368456 
-288.3058350368927 
-288.3058350369453 
-288.3058350369993 
-288.3058350370563 
-288.3058350371122 
-288.30583503716935 
-288.30583503722386 
-288.30583503727854 
-288.3058350373312 
-288.30583503738325 
-288.30583503743236 
-288.30583503748204 
-288.3058350375292 
-288.30583503757794 
-288.30583503762546 
-288.3058350376743 
-288.3058350377225 
-288.3058350377725 
-288.3058350378215 
-288.3058350378728 
-288.30583503792246 
-288.3058350379736 
-288.30583503802376 
-288.30583503807503 
-288.3058350381245 
-288.30583503817553 
-288.3058350382254 
-288.30583503827603 
-288.30583503832526 
-288.3058350383756 
-288.3058350384245 
-288.30583503847487 
-288.3058350385235 
-288.3058350385741 
-288.30583503862346 
-288.30583503867393 
-288.30583503872293 
-288.3058350387732 
-288.30583503882275 
-288.3058350388731 
-288.3058350389221 
-288.3058350389727 
-288.30583503902216 
-288.30583503907275 
-288.3058350391221 
-288.3058350391727 
-288.30583503922213 
-288.30583503927295 
-288.30583503932183 
-288.3058350393723 
-288.30583503942154 
-288.30583503947213 
-288.30583503952147 
-288.3058350395722 
-288.3058350396216 
-288.3058350396721 
-288.3058350397212 
-288.3058350397716 
-288.30583503982047 
-288.30583503987106 
-288.3058350399203 
-288.3058350399709 
-288.3058350400201 
-288.30583504007046 
-288.30583504011946 
-288.3058350401698 
-288.3058350402188 
-288.30583504026896 
-288.3058350403184 
-288.30583504036855 
-288.30583504041834 
-288.30583504046905 
-288.30583504051816 
-288.30583504056887 
-288.30583504061764 
-288.3058350406682 
-288.30583504071745 
-288.3058350407679 
-288.30583504081693 
-288.30583504086763 
-288.3058350409171 
-288.30583504096796 
-288.3058350410172 
-288.30583504106755 
-288.30583504111706 
-288.30583504116765 
-288.3058350412169 
-288.3058350412675 
-288.30583504131704 
-288.30583504136797 
-288.30583504141754 
-288.3058350414688 
-288.3058350415186 
-288.3058350415694 
-288.3058350416191 
-288.3058350416699 
-288.30583504171886 
-288.3058350417694 
-288.3058350418185 
-288.3058350418689 
-288.3058350419171 
-288.30583504196653 
-288.3058350420153 
-288.30583504206544 
-288.3058350421142 
-288.30583504216526 
-288.30583504221573 
-288.30583504226803 
-288.30583504232 
-288.30583504237364 
-288.3058350424257 
-288.3058350424787 
-288.30583504252974 
-288.30583504258107 
-288.30583504262887 
-288.3058350426766 
-288.30583504272164 
-288.305835042766 
-288.305835042807 
-288.30583504284783 
-288.3058350428875 
-288.30583504293094 
-288.3058350429772 
-288.30583504303144 
-288.305835043091 
-288.30583504316024 
-288.3058350432355 
-288.30583504332 
-288.3058350434098 
-288.30583504350744 
-288.30583504360476 
-288.305835043728 
-288.30583504384055 
-288.30583504393513 
-288.30583504406496 
-288.30583504415466 
-288.305835044208 
-288.30583504425095 
-288.30583504427375 
-288.3058350442913 
-288.305835044303 
-288.30583504431087 
-288.30583504432667 
-288.30583504432906 
-288.305835044332 
-288.30583504432394 
-288.30583504432644 
-288.3058350443276 
-288.3058350443211 
-288.3058350443221 
-288.3058350443235 
-288.30583504431326 
-288.3058350443235 
-288.3058350443467 
-288.3058350443074 
-288.30583504434674 
-288.30583504432303 
-288.305835044313 
-288.30583504432315 
-288.3058350443218 
-288.3058350443209 
-288.30583504432724 
-288.30583504432565 
-288.30583504432326 
-288.30583504433093 
-288.30583504432803 
-288.30583504432497 
-288.3058350443197 
-288.3058350443214 
-288.3058350443229 
-288.3058350443238 
-288.30583504432747 
-288.3058350443226 
-288.3058350443243 
-288.3058350443273 
-288.3058350443368 
-288.30583504434816 
-288.3058350443633 
-288.30583504438306 
-288.30583504441444 
-288.30583504444866 
-288.3058350444841 
-288.30583504451937 
-288.3058350445535 
-288.30583504458554 
-288.3058350446145 
-288.30583504463044 
-288.3058350446437 
-288.3058350446535 
-288.30583504465926 
-288.3058350446615 
-288.30583504466176 
-288.3058350446616 
-288.3058350446626 
-288.3058350446649 
-288.3058350446684 
-288.30583504467205 
-288.30583504467637 
-288.3058350446809 
-288.30583504468626 
-288.3058350446916 
-288.3058350446965 
-288.3058350447016 
-288.30583504470593 
-288.3058350447105 
-288.30583504471457 
-288.3058350447182 
-288.30583504472173 
-288.30583504472503 
-288.3058350447282 
-288.30583504473117 
-288.3058350447339 
-288.3058350447372 
-288.3058350447412 
-288.30583504474464 
-288.30583504474833 
-288.30583504475254 
-288.3058350447563 
-288.3058350447605 
-288.3058350447645 
-288.3058350447686 
-288.3058350447723 
-288.30583504477596 
-288.30583504477994 
-288.3058350447837 
-288.3058350447872 
-288.30583504479097 
-288.3058350447946 
-288.3058350447981 
-288.30583504480177 
-288.30583504480546 
-288.30583504480984 
-288.30583504481336 
-288.30583504481757 
-288.30583504482115 
-288.3058350448251 
-288.3058350448287 
-288.30583504483246 
-288.3058350448359 
-288.3058350448393 
-288.30583504484304 
-288.3058350448467 
-288.3058350448504 
-288.3058350448543 
-288.3058350448577 
-288.3058350448618 
-288.30583504486566 
-288.3058350448695 
-288.30583504487294 
-288.3058350448768 
-288.3058350448803 
-288.30583504488396 
-288.3058350448877 
-288.30583504489135 
-288.3058350448951 
-288.30583504489874 
-288.30583504490204 
-288.3058350449057 
-288.30583504490943 
-288.3058350449132 
-288.3058350449166 
-288.30583504492046 
-288.3058350449243 
-288.30583504492785 
-288.3058350449317 
-288.30583504493535 
-288.3058350449392 
-288.30583504494297 
-288.3058350449467 
-288.30583504495036 
-288.305835044954 
-288.3058350449572 
-288.30583504496104 
-288.305835044965 
-288.305835044969 
-288.30583504497287 
-288.3058350449764 
-288.30583504498014 
-288.3058350449839 
-288.3058350449882 
-288.30583504499174 
-288.3058350449956 
-288.30583504499947 
-288.30583504500316 
-288.3058350450068 
-288.3058350450106 
-288.3058350450145 
-288.3058350450182 
-288.3058350450221 
-288.3058350450259 
-288.3058350450289 
-288.30583504503295 
-288.30583504503676 
-288.3058350450404 
-288.30583504504415 
-288.30583504504756 
-288.30583504505097 
-288.3058350450546 
-288.3058350450583 
-288.3058350450621 
-288.30583504506563 
-288.30583504506893 
-288.3058350450728 
-288.30583504507723 
-288.30583504508144 
-288.30583504508587 
-288.30583504508985 
-288.3058350450943 
-288.3058350450988 
-288.3058350451033 
-288.30583504510713 
-288.30583504511054 
-288.30583504511344 
-288.305835045116 
-288.30583504511793 
-288.30583504511975 
-288.3058350451217 
-288.3058350451244 
-288.3058350451294 
-288.30583504513623 
-288.30583504514533 
-288.3058350451577 
-288.3058350451723 
-288.30583504519933 
-288.30583504523014 
-288.3058350452649 
-288.3058350453014 
-288.30583504533683 
-288.3058350453679 
-288.30583504538293 
-288.3058350453934 
-288.305835045404 
-288.3058350454324 
-288.3058350454441 
-288.3058350454493 
-288.3058350454458 
-288.3058350454441 
-288.30583504544194 
-288.30583504544626 
-288.305835045449 
-288.3058350454524 
-288.3058350454448 
-288.3058350454476 
-288.30583504544876 
-288.3058350454425 
-288.30583504544376 
-288.30583504544546 
-288.30583504543546 
-288.3058350454456 
-288.305835045469 
-288.30583504542966 
-288.3058350454689 
-288.30583504544546 
-288.3058350454357 
-288.3058350454457 
-288.30583504544444 
-288.3058350454431 
-288.30583504544944 
-288.30583504544853 
-288.3058350454458 
-288.30583504545353 
-288.3058350454501 
-288.30583504544705 
-288.3058350454424 
-288.3058350454443 
-288.3058350454459 
-288.305835045449 
-288.3058350454515 
-288.305835045454 
-288.3058350454566 
-288.30583504545854 
-288.3058350454614 
-288.305835045465 
-288.3058350454674 
-288.30583504547036 
-288.305835045474 
-288.3058350454776 
-288.3058350454824 
-288.30583504548696 
-288.305835045504 
-288.30583504552004 
-288.30583504553505 
-288.3058350455492 
-288.305835045562 
-288.3058350455647 
-288.3058350455669 
-288.3058350455677 
-288.3058350455664 
-288.30583504556574 
-288.30583504556597 
-288.3058350455663 
-288.3058350455672 
-288.3058350455675 
-288.3058350455679 
-288.30583504556824 
-288.3058350455694 
-288.3058350455697 
-288.30583504557063 
-288.305835045571 
-288.30583504557154 
-288.30583504557165 
-288.30583504557205 
-288.3058350455722 
-288.3058350455721 
-288.30583504557256 
-288.3058350455726 
-288.30583504557313 
-288.3058350455735 
-288.30583504557393 
-288.3058350455744 
-288.3058350455745 
-288.3058350455752 
-288.3058350455754 
-288.30583504557586 
-288.3058350455762 
-288.305835045577 
-288.30583504557745 
-288.3058350455777 
-288.30583504557814 
-288.3058350455785 
-288.30583504557893 
-288.30583504557933 
-288.3058350455792 
-288.3058350455796 
-288.30583504557984 
-288.3058350455802 
-288.3058350455804 
-288.30583504558064 
-288.30583504558064 
-288.3058350455812 
-288.3058350455818 
-288.30583504558257 
-288.30583504558325 
-288.3058350455836 
-288.30583504558416 
-288.3058350455843 
-288.3058350455845 
-288.3058350455848 
-288.3058350455852 
-288.30583504558587 
-288.30583504558575 
-288.3058350455863 
-288.3058350455866 
-288.30583504558683 
-288.30583504558734 
-288.305835045588 
-288.30583504558837 
-288.3058350455886 
-288.30583504558894 
-288.30583504558905 
-288.3058350455895 
-288.3058350455898 
-288.3058350455901 
-288.3058350455904 
-288.30583504559064 
-288.30583504559087 
-288.305835045591 
-288.3058350455918 
-288.3058350455919 
-288.3058350455924 
-288.3058350455928 
-288.30583504559337 
-288.3058350455936 
-288.30583504559416 
-288.30583504559473 
-288.30583504559496 
-288.3058350455954 
-288.3058350455957 
-288.30583504559564 
-288.3058350455963 
-288.305835045596 
-288.3058350455963 
-288.30583504559667 
-288.305835045597 
-288.30583504559723 
-288.3058350455976 
-288.3058350455979 
-288.30583504559826 
-288.3058350455985 
-288.3058350455987 
-288.30583504559894 
-288.3058350455993 
-288.3058350455994 
-288.30583504559974 
-288.30583504559996 
-288.30583504559985 
-288.3058350456005 
-288.30583504560093 
-288.30583504560065 
-288.3058350456009 
-288.30583504560155 
-288.3058350456018 
-288.30583504560207 
-288.30583504560235 
-288.30583504560235 
-288.3058350456027 
-288.30583504560303 
-288.30583504560315 
-288.3058350456036 
-288.3058350456044 
-288.30583504560474 
-288.305835045605 
-288.3058350456052 
-288.3058350456059 
-288.3058350456062 
-288.30583504560633 
-288.3058350456062 
-288.3058350456059 
-288.30583504560565 
-288.3058350456059 
-288.3058350456068 
-288.3058350456077 
-288.3058350456092 
-288.30583504561133 
-288.30583504561434 
-288.3058350456194 
-288.30583504562327 
-288.30583504562793 
-288.30583504563316 
-288.30583504563873 
-288.30583504564396 
-288.3058350456484 
-288.30583504565215 
-288.30583504566647 
-288.30583504567875 
-288.30583504568943 
-288.3058350456893 
-288.3058350456899 
-288.30583504569046 
-288.3058350457023 
-288.30583504570876 
-288.30583504571365 
-288.3058350457106 
-288.3058350457082 
-288.30583504571285 
-288.3058350457159 
-288.3058350457189 
-288.3058350457115 
-288.3058350457141 
-288.3058350457157 
-288.30583504570944 
-288.3058350457102 
-288.3058350457115 
-288.3058350457016 
-288.30583504571183 
-288.3058350457356 
-288.30583504569626 
-288.30583504573525 
-288.30583504571183 
-288.30583504570177 
-288.30583504571206 
-288.3058350457107 
-288.3058350457092 
-288.3058350457159 
-288.3058350457149 
-288.30583504571183 
-288.3058350457192 
-288.3058350457161 
-288.3058350457128 
-288.3058350457082 
-288.3058350457108 
-288.305835045714 
-288.30583504570853 
-288.3058350457116 
-288.30583504571376 
-288.3058350457149 
-288.3058350457167 
-288.3058350457199 
-288.30583504572184 
-288.3058350457231 
-288.3058350457245 
-288.3058350457258 
-288.30583504572706 
-288.30583504572763 
-288.305835045728 
-288.3058350457283 
-288.305835045728 
-288.3058350457273 
-288.30583504573707 
-288.305835045746 
-288.3058350457549 
-288.30583504576424 
-288.3058350457638 
-288.3058350457624 
-288.3058350457616 
-288.3058350457621 
-288.3058350457624 
-288.305835045763 
-288.30583504576356 
-288.3058350457638 
-288.3058350457641 
-288.3058350457647 
-288.3058350457647 
-288.3058350457647 
-288.3058350457641 
-288.305835045764 
-288.30583504576356 
-288.30583504576333 
-288.30583504576356 
-288.3058350457638 
-288.305835045764 
-288.305835045764 
-288.305835045764 
-288.3058350457639 
-288.30583504576424 
-288.3058350457647 
-288.3058350457647 
-288.30583504576464 
-288.3058350457649 
-288.30583504576504 
-288.3058350457648 
-288.3058350457648 
-288.3058350457649 
-288.30583504576504 
-288.3058350457647 
-288.3058350457647 
-288.3058350457649 
-288.3058350457648 
-288.3058350457649 
-288.30583504576504 
-288.30583504576515 
-288.30583504576515 
-288.30583504576526 
-288.30583504576504 
-288.30583504576526 
-288.3058350457653 
-288.3058350457654 
-288.30583504576515 
-288.3058350457656 
-288.30583504576515 
-288.3058350457649 
-288.30583504576487 
-288.3058350457648 
-288.3058350457647 
-288.3058350457648 
-288.30583504576515 
-288.3058350457655 
-288.3058350457656 
-288.3058350457657 
-288.30583504576583 
-288.30583504576595 
-288.30583504576583 
-288.3058350457662 
-288.3058350457662 
-288.3058350457665 
-288.30583504576674 
-288.30583504576697 
-288.30583504576686 
-288.30583504576674 
-288.3058350457666 
-288.30583504576697 
-288.3058350457672 
-288.3058350457674 
-288.3058350457677 
-288.3058350457676 
-288.3058350457674 
-288.30583504576765 
-288.305835045768 
-288.30583504576776 
-288.30583504576754 
-288.30583504576776 
-288.3058350457676 
-288.3058350457673 
-288.3058350457674 
-288.3058350457673 
-288.3058350457674 
-288.30583504576754 
-288.30583504576754 
-288.30583504576765 
-288.30583504576765 
-288.30583504576754 
-288.30583504576776 
-288.3058350457682 
-288.3058350457681 
-288.3058350457681 
-288.30583504576833 
-288.30583504576856 
-288.30583504576845 
-288.3058350457679 
-288.30583504576776 
-288.30583504576754 
-288.3058350457674 
-288.3058350457673 
-288.3058350457674 
-288.3058350457674 
-288.3058350457674 
-288.3058350457674 
-288.30583504576754 
-288.30583504576776 
-288.3058350457674 
-288.30583504576765 
-288.30583504576776 
-288.30583504576765 
-288.30583504576776 
-288.3058350457679 
-288.30583504576833 
-288.305835045768 
-288.305835045768 
-288.30583504576845 
-288.3058350457687 
-288.30583504576845 
-288.30583504576845 
-288.3058350457679 
-288.3058350457671 
-288.3058350457666 
-288.3058350457669 
-288.30583504576833 
-288.30583504576947 
-288.3058350457715 
-288.30583504577424 
-288.30583504577675 
-288.3058350457789 
-288.3058350457814 
-288.3058350457836 
-288.30583504578595 
-288.3058350457871 
-288.3058350457881 
-288.3058350457885 
-288.3058350457879 
-288.30583504578715 
-288.30583504578607 
-288.3058350457938 
-288.3058350458006 
-288.30583504579846 
-288.3058350457973 
-288.30583504579505 
-288.30583504579243 
-288.3058350457978 
-288.3058350457939 
-288.30583504579175 
-288.3058350457965 
-288.3058350458001 
-288.305835045803 
-288.3058350457955 
-288.30583504579846 
-288.30583504579926 
-288.305835045793 
-288.305835045794 
-288.30583504579516 
-288.30583504578505 
-288.305835045795 
-288.30583504581824 
-288.305835045779 
-288.30583504581824 
-288.3058350457947 
-288.30583504578493 
-288.3058350457948 
-288.3058350457936 
-288.3058350457928 
-288.30583504579926 
-288.3058350457986 
-288.30583504579556 
-288.305835045803 
-288.30583504580034 
-288.30583504579687 
-288.30583504579204 
-288.30583504579437 
-288.30583504579835 
-288.30583504579266 
-288.3058350457956 
-288.3058350457979 
-288.3058350457989 
-288.3058350458009 
-288.3058350457935 
-288.3058350457955 
-288.30583504579664 
-288.3058350457975 
-288.30583504579835 
-288.3058350457986 
-288.3058350457988 
-288.3058350457988 
-288.3058350457979 
-288.305835045797 
-288.3058350457962 
-288.30583504579516 
-288.3058350457938 
-288.30583504580255 
-288.3058350458111 
-288.3058350458198 
-288.3058350458179 
-288.30583504581597 
-288.30583504581585 
-288.30583504581676 
-288.30583504581733 
-288.30583504581745 
-288.3058350458178 
-288.3058350458179 
-288.30583504581745 
-288.3058350458177 
-288.3058350458178 
-288.305835045818 
-288.3058350458179 
-288.30583504581824 
-288.3058350458181 
-288.305835045818 
-288.3058350458178 
-288.3058350458178 
-288.30583504581756 
-288.3058350458177 
-288.30583504581733 
-288.30583504581733 
-288.3058350458172 
-288.30583504581676 
-288.30583504581733 
-288.3058350458173 
-288.30583504581756 
-288.30583504581756 
-288.3058350458179 
-288.3058350458181 
-288.3058350458179 
-288.30583504581756 
-288.3058350458178 
-288.30583504581745 
-288.3058350458172 
-288.3058350458169 
-288.3058350458168 
-288.3058350458164 
-288.3058350458162 
-288.3058350458162 
-288.3058350458162 
-288.3058350458162 
-288.3058350458163 
-288.3058350458163 
-288.3058350458161 
-288.3058350458161 
-288.30583504581597 
-288.3058350458158 
-288.3058350458162 
-288.3058350458161 
-288.3058350458161 
-288.305835045816 
-288.30583504581574 
-288.30583504581574 
-288.3058350458155 
-288.30583504581506 
-288.30583504581494 
-288.30583504581483 
-288.30583504581483 
-288.3058350458153 
-288.3058350458153 
-288.30583504581483 
-288.3058350458147 
-288.3058350458147 
-288.3058350458147 
-288.30583504581494 
-288.3058350458153 
-288.3058350458155 
-288.3058350458153 
-288.3058350458152 
-288.3058350458146 
-288.3058350458144 
-288.3058350458138 
-288.3058350458138 
-288.3058350458138 
-288.3058350458137 
-288.3058350458138 
-288.30583504581415 
-288.30583504581415 
-288.3058350458139 
-288.3058350458137 
-288.30583504581404 
-288.3058350458138 
-288.3058350458138 
-288.3058350458136 
-288.3058350458136 
-288.3058350458137 
-288.3058350458138 
-288.3058350458137 
-288.3058350458138 
-288.3058350458138 
-288.3058350458136 
-288.305835045814 
-288.3058350458139 
-288.30583504581375 
-288.3058350458138 
-288.30583504581415 
-288.3058350458144 
-288.3058350458139 
-288.3058350458138 
-288.3058350458139 
-288.3058350458138 
-288.3058350458136 
-288.3058350458135 
-288.3058350458136 
-288.30583504581404 
-288.30583504581404 
-288.3058350458138 
-288.3058350458136 
-288.30583504581375 
-288.3058350458138 
-288.30583504581404 
-288.30583504581426 
-288.3058350458144 
-288.30583504581426 
-288.30583504581386 
-288.30583504581335 
-288.305835045813 
-288.3058350458126 
-288.3058350458119 
-288.30583504581136 
-288.30583504581097 
-288.30583504581165 
-288.30583504581324 
-288.3058350458158 
-288.3058350458078 
-288.3058350458103 
-288.30583504581244 
-288.30583504581386 
-288.30583504581546 
-288.30583504581654 
-288.3058350458171 
-288.30583504581716 
-288.30583504581654 
-288.3058350458156 
-288.3058350458145 
-288.3058350458136 
-288.30583504581233 
-288.3058350458103 
-288.30583504581676 
-288.3058350458139 
-288.3058350458128 
-288.3058350458105 
-288.3058350458072 
-288.3058350458128 
-288.30583504580915 
-288.3058350458065 
-288.3058350458113 
-288.30583504581483 
-288.30583504581784 
-288.3058350458102 
-288.30583504581324 
-288.3058350458144 
-288.30583504580767 
-288.3058350458089 
-288.3058350458103 
-288.30583504579994 
-288.3058350458098 
-288.30583504583325 
-288.30583504579414 
-288.30583504583336 
-288.3058350458095 
-288.3058350457997 
-288.3058350458099 
-288.3058350458087 
-288.3058350458078 
-288.3058350458144 
-288.3058350458131 
-288.30583504581006 
-288.3058350458182 
-288.30583504581506 
-288.3058350458114 
-288.30583504580653 
-288.30583504580915 
-288.30583504581267 
-288.3058350458066 
-288.30583504580966 
-288.30583504581216 
-288.3058350458131 
-288.3058350458159 
-288.3058350458086 
-288.3058350458103 
-288.30583504581136 
-288.3058350458124 
-288.30583504581324 
-288.30583504581404 
-288.3058350458146 
-288.3058350458147 
-288.3058350458142 
-288.3058350458137 
-288.30583504581244 
-288.305835045811 
-288.30583504580926 
-288.3058350458068 
-288.3058350458155 
-288.305835045823 
-288.3058350458213 
-288.30583504581915 
-288.3058350458195 
-288.3058350458205 
-288.30583504582086 
-288.3058350458211 
-288.3058350458214 
-288.30583504582177 
-288.3058350458222 
-288.30583504582245 
-288.30583504582233 
-288.3058350458222 
-288.305835045822 
-288.3058350458221 
-288.3058350458219 
-288.30583504582177 
-288.30583504582177 
-288.30583504582165 
-288.3058350458214 
-288.30583504582165 
-288.3058350458219 
-288.3058350458221 
-288.30583504582205 
-288.3058350458222 
-288.3058350458222 
-288.3058350458227 
-288.3058350458227 
-288.3058350458224 
-288.3058350458223 
-288.3058350458221 
-288.3058350458222 
-288.30583504582256 
-288.3058350458227 
-288.30583504582256 
-288.30583504582245 
-288.30583504582233 
-288.30583504582245 
-288.30583504582245 
-288.3058350458222 
-288.3058350458222 
-288.30583504582245 
-288.30583504582256 
-288.30583504582233 
-288.30583504582233 
-288.30583504582233 
-288.305835045822 
-288.305835045822 
-288.305835045822 
-288.305835045822 
-288.305835045822 
-288.3058350458218 
-288.3058350458221 
-288.3058350458221 
-288.30583504582245 
-288.30583504582233 
-288.30583504582256 
-288.305835045822 
-288.30583504582177 
-288.3058350458214 
-288.30583504582154 
-288.3058350458213 
-288.3058350458211 
-288.30583504582086 
-288.30583504582086 
-288.30583504582086 
-288.3058350458211 
-288.3058350458211 
-288.3058350458213 
-288.30583504582154 
-288.305835045822 
-288.3058350458216 
-288.3058350458213 
-288.3058350458214 
-288.3058350458213 
-288.3058350458213 
-288.30583504582086 
-288.3058350458211 
-288.30583504582097 
-288.3058350458205 
-288.30583504582097 
-288.30583504582074 
-288.30583504582046 
-288.30583504582063 
-288.3058350458204 
-288.3058350458205 
-288.30583504582086 
-288.3058350458211 
-288.3058350458212 
-288.30583504582154 
-288.30583504582154 
-288.30583504582154 
-288.30583504582165 
-288.30583504582165 
-288.30583504582177 
-288.3058350458217 
-288.305835045822 
-288.30583504582165 
-288.30583504582165 
-288.30583504582177 
-288.30583504582154 
-288.305835045822 
-288.30583504582165 
-288.30583504582154 
-288.30583504582165 
-288.3058350458212 
-288.30583504582165 
-288.30583504582165 
-288.3058350458222 
-288.30583504582233 
-288.30583504582245 
-288.3058350458222 
-288.30583504582256 
-288.3058350458221 
-288.3058350458221 
-288.30583504582233 
-288.30583504582245 
-288.305835045822 
-288.30583504582165 
-288.30583504582154 
-288.30583504582086 
-288.30583504581983 
-288.30583504581983 
-288.30583504582177 
-288.3058350458243 
-288.30583504581637 
-288.30583504581796 
-288.3058350458198 
-288.30583504582125 
-288.30583504582256 
-288.30583504582336 
-288.30583504582404 
-288.30583504582455 
-288.30583504582444 
-288.30583504582364 
-288.3058350458234 
-288.30583504582245 
-288.305835045822 
-288.30583504581995 
-288.3058350458182 
-288.3058350458255 
-288.305835045823 
-288.30583504582165 
-288.3058350458195 
-288.3058350458164 
-288.3058350458221 
-288.30583504581784 
-288.3058350458153 
-288.30583504581995 
-288.3058350458236 
-288.3058350458263 
-288.3058350458186 
-288.30583504582154 
-288.30583504582256 
-288.30583504581585 
-288.30583504581665 
-288.30583504581824 
-288.30583504580835 
-288.3058350458183 
-288.305835045842 
-288.30583504580255 
-288.30583504584183 
-288.30583504581836 
-288.30583504580835 
-288.3058350458186 
-288.3058350458171 
-288.3058350458161 
-288.30583504582256 
-288.3058350458212 
-288.30583504581824 
-288.30583504582614 
-288.30583504582324 
-288.30583504581926 
-288.30583504581443 
-288.30583504581654 
-288.30583504582063 
-288.30583504581494 
-288.3058350458178 
-288.30583504581995 
-288.3058350458214 
-288.3058350458239 
-288.30583504581597 
-288.3058350458177 
-288.3058350458195 
-288.30583504582006 
-288.30583504582086 
-288.3058350458214 
-288.305835045822 
-288.30583504582233 
-288.3058350458219 
-288.30583504582125 
-288.3058350458204 
-288.3058350458191 
-288.30583504581756 
-288.30583504581585 
-288.30583504581415 
-288.3058350458227 
-288.3058350458302 
-288.3058350458271 
-288.30583504582677 
-288.30583504582745 
-288.30583504582813 
-288.30583504582825 
-288.30583504582813 
-288.3058350458286 
-288.3058350458289 
-288.3058350458289 
-288.3058350458288 
-288.3058350458289 
-288.3058350458287 
-288.3058350458287 
-288.3058350458289 
-288.3058350458286 
-288.30583504582836 
-288.30583504582825 
-288.30583504582836 
-288.3058350458289 
-288.3058350458287 
-288.3058350458288 
-288.3058350458288 
-288.3058350458287 
-288.30583504582864 
-288.3058350458285 
-288.3058350458286 
-288.3058350458288 
-288.3058350458285 
-288.30583504582825 
-288.3058350458282 
-288.3058350458281 
-288.3058350458277 
-288.30583504582813 
-288.3058350458279 
-288.3058350458278 
-288.3058350458278 
-288.3058350458277 
-288.30583504582734 
-288.30583504582745 
-288.3058350458277 
-288.3058350458272 
-288.3058350458272 
-288.305835045827 
-288.3058350458271 
-288.30583504582756 
-288.30583504582745 
-288.3058350458273 
-288.30583504582756 
-288.30583504582734 
-288.3058350458271 
-288.3058350458269 
-288.30583504582745 
-288.3058350458277 
-288.30583504582756 
-288.3058350458278 
-288.30583504582745 
-288.30583504582734 
-288.3058350458271 
-288.30583504582677 
-288.30583504582654 
-288.30583504582654 
-288.30583504582677 
-288.305835045827 
-288.30583504582654 
-288.3058350458267 
-288.30583504582665 
-288.30583504582694 
-288.30583504582677 
-288.3058350458269 
-288.30583504582665 
-288.3058350458266 
-288.30583504582677 
-288.30583504582677 
-288.30583504582665 
-288.3058350458264 
-288.30583504582654 
-288.3058350458264 
-288.3058350458261 
-288.30583504582654 
-288.30583504582677 
-288.30583504582665 
-288.3058350458263 
-288.3058350458266 
-288.30583504582677 
-288.305835045827 
-288.305835045827 
-288.3058350458269 
-288.3058350458269 
-288.3058350458272 
-288.3058350458272 
-288.305835045827 
-288.30583504582677 
-288.3058350458269 
-288.30583504582717 
-288.3058350458272 
-288.305835045827 
-288.305835045827 
-288.3058350458269 
-288.3058350458265 
-288.30583504582614 
-288.3058350458264 
-288.305835045826 
-288.305835045826 
-288.3058350458261 
-288.3058350458262 
-288.3058350458261 
-288.30583504582626 
-288.30583504582654 
-288.3058350458269 
-288.30583504582677 
-288.3058350458272 
-288.3058350458272 
-288.30583504582756 
-288.30583504582756 
-288.3058350458273 
-288.305835045827 
-288.3058350458269 
-288.3058350458262 
-288.30583504582575 
-288.3058350458245 
-288.3058350458244 
-288.30583504582665 
-288.3058350458289 
-288.3058350458306 
-288.3058350458322 
-288.30583504583404 
-288.30583504583575 
-288.30583504583706 
-288.30583504583814 
-288.30583504583876 
-288.3058350458385 
-288.30583504583825 
-288.3058350458371 
-288.30583504583643 
-288.3058350458353 
-288.3058350458336 
-288.30583504583234 
-288.3058350458303 
-288.3058350458379 
-288.30583504583484 
-288.3058350458339 
-288.30583504583166 
-288.3058350458285 
-288.3058350458346 
-288.3058350458311 
-288.3058350458286 
-288.3058350458335 
-288.3058350458369 
-288.30583504583996 
-288.30583504583166 
-288.3058350458345 
-288.30583504583564 
-288.30583504582916 
-288.3058350458303 
-288.30583504583166 
-288.30583504582154 
-288.30583504583154 
-288.3058350458551 
-288.30583504581574 
-288.3058350458552 
-288.30583504583166 
-288.305835045822 
-288.30583504583234 
-288.30583504583086 
-288.30583504582995 
-288.30583504583666 
-288.3058350458353 
-288.30583504583245 
-288.3058350458402 
-288.3058350458374 
-288.30583504583404 
-288.3058350458292 
-288.30583504583154 
-288.3058350458349 
-288.3058350458287 
-288.30583504583143 
-288.3058350458336 
-288.30583504583484 
-288.30583504583757 
-288.3058350458296 
-288.30583504583177 
-288.30583504583325 
-288.3058350458347 
-288.3058350458355 
-288.305835045836 
-288.30583504583694 
-288.30583504583694 
-288.3058350458369 
-288.3058350458362 
-288.3058350458352 
-288.3058350458338 
-288.3058350458322 
-288.30583504583075 
-288.30583504582904 
-288.3058350458273 
-288.3058350458352 
-288.3058350458319 
-288.3058350458305 
-288.3058350458312 
-288.305835045832 
-288.3058350458322 
-288.30583504583245 
-288.3058350458327 
-288.30583504583257 
-288.30583504583257 
-288.3058350458321 
-288.3058350458319 
-288.30583504583154 
-288.30583504583177 
-288.30583504583143 
-288.30583504583143 
-288.305835045831 
-288.3058350458313 
-288.305835045831 
-288.30583504583086 
-288.30583504583086 
-288.3058350458313 
-288.3058350458313 
-288.3058350458312 
-288.3058350458313 
-288.30583504583154 
-288.3058350458319 
-288.30583504583245 
-288.30583504583234 
-288.30583504583205 
-288.305835045832 
-288.3058350458316 
-288.30583504583166 
-288.30583504583166 
-288.3058350458313 
-288.3058350458313 
-288.3058350458315 
-288.3058350458313 
-288.30583504583126 
-288.30583504583075 
-288.3058350458305 
-288.30583504583086 
-288.30583504583086 
-288.3058350458307 
-288.30583504583086 
-288.30583504583086 
-288.3058350458311 
-288.3058350458311 
-288.30583504583166 
-288.3058350458316 
-288.30583504583166 
-288.30583504583177 
-288.3058350458321 
-288.3058350458321 
-288.3058350458322 
-288.30583504583257 
-288.3058350458328 
-288.3058350458328 
-288.30583504583257 
-288.3058350458329 
-288.3058350458327 
-288.305835045833 
-288.305835045833 
-288.30583504583336 
-288.3058350458336 
-288.30583504583376 
-288.3058350458336 
-288.3058350458337 
-288.3058350458335 
-288.3058350458336 
-288.30583504583353 
-288.3058350458338 
-288.30583504583416 
-288.3058350458344 
-288.3058350458344 
-288.3058350458345 
-288.3058350458344 
-288.30583504583416 
-288.30583504583393 
-288.3058350458336 
-288.30583504583393 
-288.30583504583404 
-288.3058350458344 
-288.30583504583427 
-288.30583504583416 
-288.30583504583444 
-288.3058350458345 
-288.30583504583456 
-288.30583504583427 
-288.3058350458345 
-288.3058350458345 
-288.3058350458345 
-288.3058350458345 
-288.3058350458346 
-288.3058350458345 
-288.3058350458344 
-288.3058350458344 
-288.3058350458342 
-288.30583504583404 
-288.30583504583404 
-288.30583504583404 
-288.3058350458344 
-288.3058350458344 
-288.30583504583444 
-288.30583504583404 
-288.30583504583393 
-288.3058350458336 
-288.3058350458336 
-288.3058350458337 
-288.3058350458338 
-288.3058350458337 
-288.3058350458338 
-288.3058350458337 
-288.3058350458338 
-288.3058350458335 
-288.3058350458335 
-288.3058350458328 
-288.30583504583313 
-288.30583504583257 
-288.3058350458321 
-288.30583504583177 
-288.3058350458321 
-288.30583504583547 
-288.3058350458279 
-288.30583504582916 
-288.3058350458304 
-288.30583504583177 
-288.30583504583336 
-288.30583504583444 
-288.3058350458353 
-288.30583504583575 
-288.3058350458361 
-288.3058350458359 
-288.3058350458352 
-288.3058350458341 
-288.30583504583336 
-288.3058350458322 
-288.30583504583063 
-288.3058350458287 
-288.30583504583655 
-288.30583504583393 
-288.3058350458322 
-288.30583504582984 
-288.3058350458271 
-288.305835045833 
-288.3058350458291 
-288.30583504582734 
-288.30583504583245 
-288.30583504583615 
-288.30583504583916 
-288.3058350458319 
-288.30583504583484 
-288.3058350458362 
-288.3058350458296 
-288.3058350458308 
-288.3058350458322 
-288.30583504582194 
-288.3058350458317 
-288.30583504585525 
-288.30583504581597 
-288.3058350458553 
-288.30583504583194 
-288.3058350458221 
-288.30583504583205 
-288.30583504583063 
-288.3058350458294 
-288.30583504583586 
-288.3058350458345 
-288.30583504583177 
-288.30583504583893 
-288.30583504583586 
-288.3058350458322 
-288.30583504582694 
-288.30583504582916 
-288.3058350458331 
-288.3058350458269 
-288.30583504582984 
-288.3058350458322 
-288.30583504583376 
-288.3058350458361 
-288.3058350458286 
-288.30583504583075 
-288.30583504583245 
-288.3058350458336 
-288.3058350458343 
-288.3058350458351 
-288.30583504583575 
-288.3058350458355 
-288.3058350458353 
-288.3058350458347 
-288.3058350458335 
-288.30583504583234 
-288.3058350458304 
-288.3058350458289 
-288.3058350458277 
-288.3058350458261 
-288.3058350458337 
-288.3058350458299 
-288.3058350458288 
-288.3058350458288 
-288.3058350458294 
-288.3058350458303 
-288.3058350458303 
-288.3058350458309 
-288.30583504583063 
-288.30583504583086 
-288.30583504583063 
-288.3058350458307 
-288.3058350458305 
-288.30583504583063 
-288.3058350458304 
-288.3058350458303 
-288.3058350458304 
-288.3058350458311 
-288.30583504583063 
-288.30583504583063 
-288.30583504583086 
-288.3058350458311 
-288.3058350458312 
-288.30583504583075 
-288.3058350458309 
-288.3058350458312 
-288.3058350458313 
-288.3058350458311 
-288.3058350458312 
-288.3058350458313 
-288.3058350458311 
-288.3058350458313 
-288.3058350458313 
-288.3058350458312 
-288.3058350458313 
-288.3058350458312 
-288.30583504583075 
-288.30583504583075 
-288.3058350458305 
-288.3058350458305 
-288.3058350458305 
-288.3058350458303 
-288.3058350458304 
-288.3058350458302 
-288.3058350458304 
-288.30583504583046 
-288.3058350458305 
-288.3058350458305 
-288.30583504583075 
-288.30583504583086 
-288.30583504583063 
-288.3058350458304 
-288.3058350458303 
-288.3058350458303 
-288.3058350458303 
-288.3058350458303 
-288.3058350458303 
-288.30583504583075 
-288.30583504583075 
-288.30583504583063 
-288.3058350458305 
-288.30583504583075 
-288.3058350458303 
-288.3058350458303 
-288.3058350458302 
-288.3058350458303 
-288.30583504583035 
-288.30583504583007 
-288.3058350458297 
-288.30583504582984 
-288.30583504582995 
-288.30583504582995 
-288.3058350458296 
-288.30583504582984 
-288.30583504582995 
-288.3058350458297 
-288.30583504582927 
-288.30583504582944 
-288.3058350458295 
-288.30583504582916 
-288.30583504582904 
-288.30583504582876 
-288.30583504582864 
-288.3058350458286 
-288.30583504582904 
-288.30583504582916 
-288.30583504582916 
-288.3058350458287 
-288.3058350458288 
-288.3058350458287 
-288.3058350458286 
-288.3058350458286 
-288.3058350458288 
-288.3058350458286 
-288.30583504582853 
-288.30583504582836 
-288.305835045828 
-288.3058350458277 
-288.3058350458277 
-288.3058350458279 
-288.3058350458278 
-288.30583504582734 
-288.305835045827 
-288.30583504582756 
-288.3058350458278 
-288.30583504582813 
-288.3058350458278 
-288.3058350458279 
-288.3058350458277 
-288.3058350458277 
-288.30583504582796 
-288.305835045828 
-288.30583504582813 
-288.30583504582836 
-288.30583504582825 
-288.30583504582825 
-288.30583504582796 
-288.30583504582756 
-288.3058350458277 
-288.3058350458272 
-288.30583504582654 
-288.3058350458278 
-288.3058350458313 
-288.30583504582313 
-288.30583504582415 
-288.3058350458252 
-288.3058350458261 
-288.3058350458274 
-288.30583504582825 
-288.30583504582904 
-288.30583504582927 
-288.3058350458294 
-288.30583504582927 
-288.3058350458288 
-288.305835045828 
-288.3058350458271 
-288.3058350458262 
-288.3058350458246 
-288.3058350458222 
-288.30583504583007 
-288.30583504582756 
-288.30583504582603 
-288.3058350458239 
-288.3058350458213 
-288.30583504582734 
-288.3058350458237 
-288.3058350458214 
-288.3058350458264 
-288.3058350458302 
-288.3058350458328 
-288.3058350458256 
-288.3058350458285 
-288.30583504582984 
-288.305835045823 
-288.30583504582387 
-288.3058350458253 
-288.30583504581494 
-288.30583504582506 
-288.3058350458484 
-288.30583504580926 
