2 -0.9237850970491518 
3 0.9207725372237935 
4 -0.9197021097770947 
5 0.9194038312753604 
6 -0.9193123536233977 
7 0.9192831353308648 
8 -0.9192734693665165 
9 0.9192701204849049 
10 -0.9192689201277663 
11 0.9192684783244083 
12 -0.9192683124666631 
13 0.919268249239754 
14 -0.919268224877662 
15 0.9192682154024083 
16 -0.9192682116800097 
17 0.9192682098344669 
18 -0.9192682095475501 
19 0.9192682094323545 
20 -0.9192682093371829 
21 0.9192682092895965 
22 -0.9192682092712346 
23 0.9192682092677408 
24 -0.919268209268524 
25 0.9192682092583513 
26 -0.919268209227147 
27 0.9192682092612906 
28 -0.9192682092589207 
29 0.9192682092001658 
30 -0.9192682101166442 
31 0.9192682114682642 
32 -0.9192682106561694 
33 0.9192682100297425 
34 -0.919268209627781 
35 0.9192682094230773 
36 -0.9192682093228485 
37 0.9192682088542307 
38 -0.9192682093226928 
39 0.9192682095332714 
40 -0.9192682094352919 
41 0.9192682093477734 
42 -0.9192682093005201 
43 0.9192682092783562 
44 -0.919268209274431 
45 0.9192682091975158 
46 -0.9192682092604834 
47 0.9192682077890793 
48 -0.919268208776535 
49 0.9192682090845942 
50 -0.9192682091952452 
51 0.9192682092356721 
52 -0.9192682092516158 
53 0.9192682092572085 
54 -0.9192682092596508 
55 0.9192682092587414 
56 -0.9192682092594375 
57 0.9192682092604954 
58 -0.9192682092226174 
59 0.9192682092264257 
60 -0.9192682092351472 
61 0.9192682092462269 
62 -0.9192682092478095 
63 0.9192682092474199 
64 -0.9192682092614629 
65 0.9192682092632195 
66 -0.9192682092626236 
67 0.9192682092619967 
68 -0.9192682092602302 
69 0.9192682092749521 
70 -0.9192682092370257 
71 0.9192682092420711 
72 -0.9192682092595134 
73 0.9192682092647303 
74 -0.9192682092657711 
75 0.9192682092598268 
76 -0.9192682092884454 
77 0.9192682092539501 
78 -0.9192682092571515 
79 0.9192682092585319 
80 -0.919268209256382 
81 0.9192682094701281 
82 -0.9192682089645023 
83 0.9192682089775243 
84 -0.9192682090943335 
85 0.9192682091797797 
86 -0.9192682092174036 
87 0.9192682091842179 
88 -0.9192682112194953 
89 0.919268210180158 
90 -0.9192682104292182 
91 0.9192682099541658 
92 -0.9192682096018268 
93 0.919268209418807 
94 -0.9192682093314811 
95 0.9192682092922423 
96 -0.9192682092746731 
97 0.9192682092669804 
98 -0.9192682092665445 
99 0.9192682092636388 
100 -0.9192682092614127 
101 0.9192682092610323 
102 -0.919268209261068 
103 0.9192682092610538 
104 -0.9192682092612455 
105 0.9192682092612453 
106 -0.9192682092617753 
107 0.919268209288188 
108 -0.9192682092559549 
109 0.9192682092380672 
110 -0.9192682092604293 
111 0.9192682093491926 
112 -0.9192682094599135 
113 0.9192682093740657 
114 -0.9192682094092064 
115 0.9192682094577437 
116 -0.9192682093487642 
117 0.9192682093002003 
118 -0.9192682092828852 
119 0.919268209301132 
120 -0.9192682093232633 
121 0.9192682138532083 
122 -0.9192682078017678 
123 0.9192682048851732 
124 -0.9192682048703138 
125 0.9192682068471721 
126 -0.9192682081100123 
127 0.9192682087440056 
128 -0.9192682085910204 
129 0.9192682083566769 
130 -0.9192682087043189 
131 0.9192682090322919 
132 -0.9192682091443615 
133 0.9192682092017357 
134 -0.9192682092377451 
135 0.9192682092525943 
136 -0.9192682092576249 
137 0.9192682092597715 
138 -0.9192682092586758 
139 0.9192682092585577 
140 -0.9192682092585067 
141 0.9192682092601194 
142 -0.9192682092633486 
143 0.9192682092806483 
144 -0.9192682091961044 
145 0.9192682120556553 
146 -0.9192682068360142 
147 0.9192682071848444 
148 -0.919268208028104 
149 0.9192682086575528 
150 -0.9192682089858208 
151 0.9192682087427462 
152 -0.9192682095683972 
153 0.919268209495997 
154 -0.9192682093948013 
155 0.9192682093251437 
156 -0.9192682092898825 
157 0.9192682092738386 
158 -0.919268209269986 
159 0.9192682092691025 
160 -0.9192682094257484 
161 0.9192682094992415 
162 -0.9192682093595869 
163 0.919268209306514 
164 -0.9192682092851316 
165 0.9192682092728063 
166 -0.9192682092664448 
167 0.9192682092804527 
168 -0.9192682092440293 
169 0.9192682092542923 
170 -0.9192682092580724 
171 0.9192682092599073 
172 -0.9192682092658171 
173 0.9192682092582782 
174 -0.9192682092238608 
175 0.9192682089446244 
176 -0.9192681994364084 
177 0.9192682032144515 
178 -0.9192682073216919 
179 0.9192682082385756 
180 -0.9192682088611018 
181 0.9192682092791356 
182 -0.9192682091162099 
183 0.9192682119743991 
184 -0.9192682147472345 
185 0.9192682246765717 
186 -0.9192682491042222 
187 0.9192683123646717 
188 -0.9192684782756347 
189 0.9192689200645309 
190 -0.9192701204262712 
191 0.9192734693175314 
192 -0.9192831352378182 
193 0.9193123536104868 
194 -0.9194038312917039 
195 0.9197021098030522 
196 -0.9207725372651756 
197 0.9237850971469667 
