-199.0475562900165 
-199.04755629001107 
-199.04755629410096 
-199.0475562982904 
-199.0475563025303 
-199.04755630679733 
-199.04755631107628 
-199.04755631535676 
-199.047556319631 
-199.0475563238927 
-199.04755632813553 
-199.04755633235504 
-199.04755633654617 
-199.04755634070497 
-199.04755634482757 
-199.04755634890952 
-199.0475563529472 
-199.04755635693655 
-199.04755636087307 
-199.0475563647527 
-199.04755636857115 
-199.04755637232435 
-199.0475563760059 
-199.04755637961023 
-199.04755638312974 
-199.0475563865544 
-199.04755638987277 
-199.04755639306978 
-199.04755639614936 
-199.04755639925588 
-199.04755640312234 
-199.047556408562 
-199.04755641451075 
-199.04755642048573 
-199.04755642644187 
-199.04755643237405 
-199.04755643828057 
-199.04755644415354 
-199.04755644997923 
-199.0475564557367 
-199.04755646139762 
-199.0475564669249 
-199.04755647227094 
-199.04755647738003 
-199.04755648218713 
-199.04755648661975 
-199.04755649060144 
-199.0475564940577 
-199.04755649692348 
-199.04755649915523 
-199.0475565007473 
-199.04755650174533 
-199.04755650225644 
-199.04755650244155 
-199.04755650247444 
-199.0475565024751 
-199.04755650247483 
-199.04755650247498 
-199.04755650247472 
-199.04755650247472 
-199.04755650247873 
-199.04755650247498 
-199.04755650247503 
-199.04755650247498 
-199.04755650247495 
-199.04755650247492 
-199.04755650247498 
-199.04755650247483 
-199.04755650247503 
-199.04755650247571 
-199.04755650247677 
-199.0475565024789 
-199.04755650248188 
-199.04755650248697 
-199.04755650249407 
-199.04755650250442 
-199.04755650251835 
-199.04755650253713 
-199.04755650256143 
-199.04755650259227 
-199.04755650263064 
-199.04755650267867 
-199.04755650273873 
-199.0475565028173 
-199.04755650292145 
-199.04755650299532 
-199.04755650301846 
-199.0475565030304 
-199.04755650303875 
-199.0475565030456 
-199.0475565030521 
-199.04755650305833 
-199.04755650306515 
-199.04755650307234 
-199.04755650307976 
-199.04755650308724 
-199.0475565030955 
-199.04755650310386 
-199.04755650311327 
-199.04755650312262 
-199.04755650313263 
-199.04755650314257 
-199.047556503153 
-199.04755650316392 
-199.0475565031748 
-199.04755650318612 
-199.04755650319683 
-199.0475565032073 
-199.04755650321772 
-199.04755650322747 
-199.0475565032363 
-199.04755650324455 
-199.04755650325095 
-199.0475565032548 
-199.0475565032566 
-199.0475565032569 
-199.04755650773282 
-199.0475565122035 
-199.0475565166665 
-199.0475565211197 
-199.0475565255602 
-199.04755652998566 
-199.0475565343936 
-199.04755653878138 
-199.0475565431455 
-199.04755654748317 
-199.04755655179153 
-199.04755655606726 
-199.04755656030807 
-199.04755656450996 
-199.04755656867 
-199.04755657278483 
-199.04755657685092 
-199.04755658086535 
-199.04755658482398 
-199.04755658872278 
-199.0475565925584 
-199.04755659632573 
-199.0475566000198 
-199.04755660363517 
-199.04755660716413 
-199.0475566105971 
-199.0475566139218 
-199.04755661712426 
-199.04755662020833 
-199.04755662331888 
-199.04755662719234 
-199.04755663264368 
-199.0475566386034 
-199.04755664458824 
-199.04755665055205 
-199.04755665649162 
-199.04755666240354 
-199.04755666828126 
-199.04755667411055 
-199.04755667987158 
-199.0475566855351 
-199.04755669106387 
-199.04755669641122 
-199.0475567015216 
-199.04755670632971 
-199.04755671076276 
-199.04755671474524 
-199.04755671820166 
-199.0475567210672 
-199.04755672329915 
-199.04755672489094 
-199.04755672588865 
-199.04755672639968 
-199.04755672658465 
-199.04755672661796 
-199.0475567266183 
-199.04755672661824 
-199.04755672661872 
-199.04755672661835 
-199.04755672661844 
-199.04755672661847 
-199.04755672661824 
-199.04755672661827 
-199.04755672661818 
-199.04755672661807 
-199.04755672661824 
-199.04755672661844 
-199.0475567266187 
-199.0475567266191 
-199.04755672661952 
-199.04755672662085 
-199.04755672662276 
-199.04755672662606 
-199.04755672663092 
-199.04755672663782 
-199.0475567266481 
-199.04755672666224 
-199.04755672668082 
-199.04755672670504 
-199.0475567267359 
-199.04755672677422 
-199.04755672682217 
-199.04755672688276 
-199.04755672696115 
-199.04755672706594 
-199.0475567271398 
-199.04755672716308 
-199.0475567271754 
-199.04755672718392 
-199.04755672719116 
-199.0475567271978 
-199.0475567272043 
-199.04755672721134 
-199.0475567272184 
-199.04755672722584 
-199.04755672723397 
-199.0475567272423 
-199.0475567272514 
-199.0475567272609 
-199.04755672727097 
-199.04755672728146 
-199.04755672729246 
-199.04755672730425 
-199.04755672731665 
-199.04755672732895 
-199.04755672734163 
-199.0475567273549 
-199.04755672736871 
-199.04755672738284 
-199.04755672739708 
-199.04755672741177 
-199.04755672742664 
-199.0475567274419 
-199.0475567274575 
-199.04755672747348 
-199.0475567274897 
-199.0475567275077 
-199.04755672754237 
-199.0475567275432 
-199.04755672754385 
-199.0475567275446 
-199.04755672754496 
-199.04755672754482 
-199.0475567275452 
-199.04755672754538 
-199.04755672754538 
-199.04755672754558 
-199.04755672754584 
-199.04755672754573 
-199.0475567275458 
-199.04755672754598 
-199.047556727546 
-199.04755672754598 
-199.04755672754618 
-199.04755672754655 
-199.04755672754635 
-199.0475567275464 
-199.04755672754612 
-199.0475567275464 
-199.04755672754615 
-199.04755672754627 
-199.04755672754655 
-199.0475567275465 
-199.04755672754663 
-199.0475567275466 
-199.04755672754644 
-199.0475567275462 
-199.04755672754635 
-199.04755672754612 
-199.04755672754587 
-199.04755672754598 
-199.04755672754598 
-199.0475567275461 
-199.0475567275459 
-199.04755672754573 
-199.04755672754553 
-199.0475567275456 
-199.04755672754567 
-199.04755672754615 
-199.04755672754604 
-199.04755672754587 
-199.04755672754604 
-199.04755672754578 
-199.04755672754607 
-199.04755672754598 
-199.04755672754598 
-199.0475567275457 
-199.04755672754547 
-199.0475567275455 
-199.04755672754547 
-199.04755672754555 
-199.04755672754564 
-199.04755672754533 
-199.04755672754558 
-199.0475567275452 
-199.04755672754567 
-199.04755672754672 
-199.04755672754536 
-199.04755672754533 
-199.04755672754516 
-199.0475567275455 
-199.0475567275453 
-199.04755672754575 
-199.0475567275458 
-199.0475567275459 
-199.0475567275457 
-199.04755672754595 
-199.04755672754587 
-199.04755672754598 
-199.04755672754624 
-199.04755672754618 
-199.04755672754607 
-199.04755672754627 
-199.04755672754635 
-199.0475567275466 
-199.04755672754663 
-199.0475567275469 
-199.04755672754678 
-199.04755672754695 
-199.0475567275469 
-199.04755672754752 
-199.0475567275476 
-199.04755672754735 
-199.04755672754752 
-199.04755672754789 
-199.04755672754797 
-199.047556727548 
-199.04755672754808 
-199.0475567275478 
-199.0475567275477 
-199.0475567275477 
-199.04755672754783 
-199.04755672754783 
-199.04755672754786 
-199.04755672754794 
-199.0475567275477 
-199.04755672754766 
-199.04755672754752 
-199.0475567275474 
-199.04755672754726 
-199.0475567275473 
-199.0475567275473 
-199.04755672754723 
-199.04755672754732 
-199.0475567275476 
-199.0475567275477 
-199.047556727548 
-199.0475567275481 
-199.0475567275479 
-199.04755672754783 
-199.0475567275479 
-199.04755672754786 
-199.047556727548 
-199.04755672754797 
-199.04755672754834 
-199.04755672754843 
-199.04755672754857 
-199.04755672754837 
-199.04755672754837 
-199.04755672754843 
-199.04755672754865 
-199.0475567275485 
-199.04755672754857 
-199.04755672754868 
-199.04755672754877 
-199.04755672754874 
-199.04755672754862 
-199.04755672754862 
-199.04755672754877 
-199.04755672754882 
-199.04755672754922 
-199.04755672754902 
-199.04755672754905 
-199.0475567275492 
-199.047556727549 
-199.0475567275491 
-199.04755672754916 
-199.04755672754922 
-199.0475567275491 
-199.04755672754888 
-199.04755672754882 
-199.0475567275485 
-199.04755672754843 
-199.0475567275485 
-199.04755672754885 
-199.04755672754845 
-199.04755672754862 
-199.0475567275486 
-199.04755672754857 
-199.04755672754868 
-199.04755672754868 
-199.0475567275489 
-199.0475567275489 
-199.04755672754914 
-199.04755672754916 
-199.04755672754914 
-199.04755672754916 
-199.0475567275492 
-199.0475567275492 
-199.04755672754902 
-199.04755672754902 
-199.04755672754916 
-199.04755672754905 
-199.04755672754908 
-199.047556727549 
-199.04755672754942 
-199.0475567275493 
-199.0475567275495 
-199.04755672755053 
-199.04755672754962 
-199.0475567275495 
