2 0.0015654787277005603 
3 -0.0009584157142336743 
4 0.00019038367916321405 
5 1.2555111722408252e-05 
6 -1.3542229217898212e-05 
7 7.901058013771054e-07 
8 7.492076647701376e-07 
9 -1.0039615663216912e-07 
10 -4.7674347688408375e-08 
11 1.0106186850391311e-08 
12 4.3813921926489706e-09 
13 -1.6263963191841688e-09 
14 1.8225886365508224e-10 
15 1.2394190573021428e-08 
16 1.7056059685456785e-09 
17 2.3161174298469745e-11 
18 -7.500615354274597e-11 
19 -4.7933493190629026e-14 
20 -1.6563579935703604e-11 
21 7.901161917490304e-11 
22 6.397492872135097e-10 
23 4.6488928656891316e-10 
24 -8.000717909587761e-10 
25 -1.2408948112607512e-09 
26 -8.516288967355653e-10 
27 -3.5722382384540973e-10 
28 -3.7195031019858745e-09 
29 -1.2261752216082013e-10 
30 -1.3193542297797336e-10 
31 -1.1464842607505442e-10 
32 -3.847858046374676e-09 
33 1.1163191981747617e-09 
34 -3.647609876544101e-10 
35 2.576174196961077e-10 
36 6.976180676565481e-10 
37 -3.1018126075463746e-09 
38 -3.6642411263030114e-08 
39 9.04117082810352e-09 
40 -8.673303618959186e-10 
41 -1.4077805987215936e-10 
42 7.361714383805131e-10 
43 3.766245111237642e-09 
44 2.1031684521515644e-09 
45 6.304890032913277e-09 
46 -9.624130035133391e-10 
47 1.987489211816196e-10 
48 1.0372211258052087e-10 
49 -6.095691835534824e-10 
50 -1.6772245197641346e-09 
51 7.922566412199852e-09 
52 -4.08062445289398e-09 
53 5.453408274051198e-09 
54 -1.2818102377161971e-09 
55 8.572211759448473e-10 
56 -1.808256151598712e-09 
57 4.026921415144017e-10 
58 7.895938928410186e-11 
59 2.960111644756854e-10 
60 -2.9777044239420736e-09 
61 1.4351051761021536e-09 
62 1.140508138086108e-10 
63 -1.0336640820419242e-09 
64 -5.236441628955012e-10 
65 -1.8398995957025812e-10 
66 -1.5710989013457996e-09 
67 2.5923125933388925e-09 
68 3.3640479107223736e-08 
69 -3.800492752622079e-08 
70 1.3245744325686938e-09 
71 -3.3416616712642723e-10 
72 1.9883251646972964e-10 
73 -3.7006598467806606e-10 
74 -1.5341024063716133e-09 
75 1.609549541588839e-09 
76 8.401367873140292e-09 
77 -3.462631567198942e-08 
78 1.2735590077789824e-09 
79 8.808313573754654e-10 
80 -1.6428449262948065e-09 
81 -1.002686427182876e-09 
82 3.283048470685075e-10 
83 4.3912467219177255e-11 
84 -4.321665242639235e-11 
85 3.473272622380957e-11 
86 2.7584192534291764e-11 
87 -3.2067841030459026e-10 
88 -4.605480437290739e-09 
89 -7.741992370817399e-10 
90 1.0476214478876965e-10 
91 6.418555124180027e-10 
92 4.882064011390788e-11 
93 3.822914641490427e-09 
94 -2.430912285646422e-09 
95 -1.471843255436611e-10 
96 3.7077831413726543e-11 
97 2.6826921136807646e-11 
98 -7.613263940281999e-11 
99 2.974402396218188e-10 
100 2.271102641558216e-09 
101 -2.210383714244219e-09 
102 -4.2144979854531147e-11 
103 9.707763018833454e-10 
104 2.294127716715146e-08 
105 -5.867601993791533e-09 
106 -1.6656995079742068e-10 
107 2.280863230530475e-09 
108 -3.9755664399661024e-10 
109 -3.46189729486751e-11 
110 2.6134385218399252e-11 
111 1.8280580497113462e-11 
112 -1.1162539528174761e-10 
113 -1.2906872537011256e-11 
114 5.231954079246375e-11 
115 5.6867854007780635e-12 
116 2.1534887200068194e-10 
117 2.2605510366097847e-11 
118 -7.491054147394814e-11 
119 3.15933201256374e-11 
120 6.559349440467511e-10 
121 -7.011536570496463e-10 
122 2.7088757009349686e-10 
123 -1.0058142701049685e-09 
124 -8.061770995442984e-10 
125 3.2472931599165597e-09 
126 -4.509013471443637e-09 
127 -1.5738689256250812e-10 
128 1.5565868148975272e-10 
129 2.564985749677343e-10 
130 -1.355133106364658e-09 
131 2.3451438542129876e-09 
132 5.7238670671052305e-08 
133 -1.9285907714926292e-08 
134 1.0984728573056998e-09 
135 8.893511593293639e-11 
136 -2.9167113511639154e-11 
137 -5.181656455827231e-11 
138 -1.496759456283308e-10 
139 2.3444338461933893e-10 
140 -3.1773384925964976e-10 
141 -8.077719837359712e-10 
142 -5.0419322891080295e-09 
143 2.502223335168721e-09 
144 -3.783986713152615e-11 
145 6.547711779403676e-10 
146 8.221282582115318e-11 
147 -9.406229671042023e-11 
148 4.899868738483306e-13 
149 -3.53347039850892e-11 
150 -8.175734587528597e-11 
151 1.5980764013198649e-10 
152 -3.604006728047846e-10 
153 1.184769342275788e-10 
154 5.326335393812297e-10 
155 -3.438026317222911e-10 
156 -2.301671427161741e-09 
157 -1.4671618823668603e-09 
158 7.555210121683046e-10 
159 2.816779034743909e-10 
160 -1.2464056790596417e-09 
161 2.5772485256539144e-10 
162 1.1138415515970404e-10 
163 5.82992086805246e-10 
164 -1.2471463012550382e-09 
165 -4.381426711228404e-09 
166 1.3209502252592518e-09 
167 -4.263293413961838e-10 
168 -1.4462904505504648e-09 
169 2.6798799522263156e-10 
170 4.37361556348786e-09 
171 -1.4165294211508491e-09 
172 -5.293178311309509e-11 
173 8.157075285240451e-10 
174 -1.847532022584947e-11 
175 -5.892561810106564e-09 
176 -2.8430618443431746e-08 
177 9.629748308657827e-10 
178 1.1394592760541022e-09 
179 1.050978244273079e-10 
180 1.4238657864829306e-09 
181 1.3696028985818303e-08 
182 -7.1415798447234e-10 
183 -1.7238563536725424e-10 
184 -3.4205862107010864e-09 
185 -1.2096551899415014e-11 
186 -9.327799329289114e-10 
187 3.439911008103903e-09 
188 8.962261664167504e-09 
189 -4.774205009126696e-08 
190 -8.717642639004403e-08 
191 7.378325461191769e-07 
192 5.19337384455954e-07 
193 -1.3416233965609078e-05 
194 1.2554809321930623e-05 
195 0.00019038711389998648 
196 -0.0009584163067695094 
197 0.0015654786734899961 
