2 -0.04815687092769078 
3 -0.04995519337157341 
4 -0.05007818903611284 
5 -0.05006417382097882 
6 -0.0500627314638526 
7 -0.050062846033141956 
8 -0.05006286276055211 
9 -0.05006286178843528 
10 -0.050062861594592695 
11 -0.05006286152909619 
12 -0.05006286159631885 
13 -0.0500628615996313 
14 -0.0500628615951342 
15 -0.0500628616058343 
16 -0.050062861646181046 
17 -0.05006286163947811 
18 -0.05006286126496393 
19 -0.05006286160150378 
20 -0.050062861619251046 
21 -0.05006286160195045 
22 -0.05006286160541822 
23 -0.05006286160106541 
24 -0.05006286160179509 
25 -0.05006286160178465 
26 -0.050062861604683935 
27 -0.05006286160489035 
28 -0.05006286160324003 
29 -0.050062861587538546 
30 -0.05006286159618032 
31 -0.05006286161171829 
32 -0.05006286164713688 
33 -0.05006286158806947 
34 -0.05006286159951317 
35 -0.050062861596974 
36 -0.05006286155157862 
37 -0.05006286156013078 
38 -0.05006286160406739 
39 -0.05006286159886532 
40 -0.05006286160218103 
41 -0.05006286160153696 
42 -0.050062861602235276 
43 -0.05006286160644159 
44 -0.050062861602166636 
45 -0.05006286160332665 
46 -0.050062861602976884 
47 -0.050062861604813574 
48 -0.05006286160193719 
49 -0.0500628616092795 
50 -0.05006286160778414 
51 -0.050062861616577206 
52 -0.05006286160260463 
53 -0.05006286153326196 
54 -0.050062861590254235 
55 -0.05006286160230565 
56 -0.05006286162576204 
57 -0.05006286162829864 
58 -0.050062861277894354 
59 -0.05006286103237883 
60 -0.05006286307451785 
61 -0.050062861685959484 
62 -0.05006286158963875 
63 -0.05006286160137529 
64 -0.05006286160207438 
65 -0.050062861601486895 
66 -0.05006286160292203 
67 -0.05006286160989404 
68 -0.05006286160552313 
69 -0.05006286160205833 
70 -0.05006286160356092 
71 -0.050062861601648086 
72 -0.050062861602191935 
73 -0.050062861600455484 
74 -0.05006286160105277 
75 -0.05006286158673813 
76 -0.050062861592559287 
77 -0.05006286160555035 
78 -0.05006286159786939 
79 -0.05006286157216659 
80 -0.050062861448968154 
81 -0.05006286160967576 
82 -0.05006286160192917 
83 -0.050062861604885635 
84 -0.05006286160226058 
85 -0.05006286160243775 
86 -0.050062861606193484 
87 -0.05006286160283049 
88 -0.050062861655799415 
89 -0.050062861518081384 
90 -0.05006286120232086 
91 -0.05006286158829497 
92 -0.050062861599270134 
93 -0.050062861614509395 
94 -0.05006286160713568 
95 -0.050062861607638974 
96 -0.05006286160531095 
97 -0.0500628615606575 
98 -0.05006286160172564 
99 -0.05006286159790712 
100 -0.050062861599666164 
101 -0.050062861646626475 
102 -0.050062861605045625 
103 -0.05006286153656304 
104 -0.05006286159797626 
105 -0.05006286160208473 
106 -0.05006286160444158 
107 -0.05006286161823536 
108 -0.05006286153886715 
109 -0.05006286160065827 
110 -0.05006286160237446 
111 -0.05006286160111229 
112 -0.0500628616033485 
113 -0.05006286160233154 
114 -0.05006286160499166 
115 -0.050062861630946164 
116 -0.05006286161058171 
117 -0.05006286141528586 
118 -0.05006286160016816 
119 -0.0500628616025378 
120 -0.05006286160232572 
121 -0.050062861603473056 
122 -0.05006286160311994 
123 -0.05006286157909627 
124 -0.05006286160214097 
125 -0.05006286160265461 
126 -0.05006286160201185 
127 -0.05006286160464735 
128 -0.05006286160296294 
129 -0.050062861596517905 
130 -0.050062861598876636 
131 -0.050062861626915325 
132 -0.050062861623410275 
133 -0.050062861601113506 
134 -0.050062861682861205 
135 -0.05006286158547183 
136 -0.05006286113366184 
137 -0.05006286150818579 
138 -0.05006286159836411 
139 -0.05006286160670723 
140 -0.05006286177038349 
141 -0.05006286156079541 
142 -0.05006286159933893 
143 -0.05006286160141997 
144 -0.05006286161035145 
145 -0.05006286162577717 
146 -0.05006286150368886 
147 -0.05006286157465863 
148 -0.05006286149990224 
149 -0.05006286185074565 
150 -0.05006286122850366 
151 -0.050062859593399685 
152 -0.05006286149104942 
153 -0.050062861605272645 
154 -0.0500628616014964 
155 -0.050062861606308184 
156 -0.05006286160361686 
157 -0.05006286159944523 
158 -0.05006286160226245 
159 -0.05006286168768276 
160 -0.05006286163590269 
161 -0.05006286091943505 
162 -0.05006286158919174 
163 -0.050062861713449196 
164 -0.05006286166207456 
165 -0.05006286074503488 
166 -0.05006286158657515 
167 -0.05006286157692884 
168 -0.05006286159134617 
169 -0.05006286185279954 
170 -0.05006286168627917 
171 -0.0500628615983129 
172 -0.05006286159965062 
173 -0.05006286160344195 
174 -0.05006286159664966 
175 -0.05006286153696534 
176 -0.05006286146640672 
177 -0.05006286161729857 
178 -0.05006286160232523 
179 -0.05006286160467402 
180 -0.05006286160912254 
181 -0.05006286159826436 
182 -0.05006286157663512 
183 -0.050062861649481184 
184 -0.050062861638356486 
185 -0.05006286161662435 
186 -0.0500628616126918 
187 -0.050062861475557816 
188 -0.050062861532744043 
189 -0.05006286174382492 
190 -0.05006286157071103 
191 -0.05006286307047922 
192 -0.050062846156333024 
193 -0.050062728406009206 
194 -0.05006417338527105 
195 -0.050078189383552026 
196 -0.049955193032789634 
197 -0.04815687035397079 
