2 -0.017778916281411535 
3 -0.4348816199966843 
4 0.5400425776768948 
5 -0.20078865145428065 
6 -0.21462763632231785 
7 0.4585090773065599 
8 -0.3317143156463785 
9 -0.031071999102132982 
10 0.34391683811059404 
11 -0.38363503064956045 
12 0.12824973626819003 
13 0.20781048299477337 
14 -0.3718073158939348 
15 0.24797694746232096 
16 0.05918109458547061 
17 -0.3061541861254265 
18 0.31463862029780737 
19 -0.08279156834212358 
20 -0.20044899877898487 
21 0.3230259419215954 
22 -0.1971978790558932 
23 -0.07306066238244885 
24 0.2774773159330813 
25 -0.2673970490111517 
26 0.05492374998526743 
27 0.19005207535784902 
28 -0.28507178021000656 
29 0.1624480611913058 
30 0.0780095683324691 
31 -0.2515658088257428 
32 0.23221587743248154 
33 -0.03854623277173246 
34 -0.1766531536599412 
35 0.25431422152629385 
36 -0.13925668622462928 
37 -0.07602209628792836 
38 0.22807276975405139 
39 -0.20681526268628236 
40 0.03137062889984756 
41 0.16147706272407242 
42 -0.23043408279089628 
43 0.12594922222163715 
44 0.06888871158185646 
45 -0.20805900495995017 
46 0.19059490457102918 
47 -0.031704612304961605 
48 -0.14633556699823788 
49 0.21397331061686617 
50 -0.12139363778771926 
51 -0.05862946015221062 
52 0.19299770048025217 
53 -0.18325958897640993 
54 0.037754671649953546 
55 0.1332799066213491 
56 -0.2055548769902339 
57 0.12435076768562113 
58 0.047478524682495415 
59 -0.18433535166274564 
60 0.18433524381781363 
61 -0.047478289943778076 
62 -0.12435094260950902 
63 0.2055548585115513 
64 -0.13327970995474572 
65 -0.0377548904930295 
66 0.18325966255500703 
67 -0.19299757005612425 
68 0.058629234652977716 
69 0.12139377753046701 
70 -0.2139732559810618 
71 0.14633536388579244 
72 0.03170480271925556 
73 -0.19059493445140774 
74 0.2080588507003606 
75 -0.06888849843479952 
76 -0.12594932689751154 
77 0.2304340003359245 
78 -0.16147686125462726 
79 -0.031370788405592 
80 0.2068152588042475 
81 -0.22807260719156897 
82 0.07602190406860118 
83 0.13925675889928152 
84 -0.25431412217018345 
85 0.17665295976869308 
86 0.038546369302075674 
87 -0.23221585730521557 
88 0.25156564543270515 
89 -0.0780093872236313 
90 -0.1624481225951051 
91 0.28507167659986565 
92 -0.19005188127246622 
93 -0.05492388490764035 
94 0.26739702879645605 
95 -0.27747715307930376 
96 0.07306048343373503 
97 0.19719794082320136 
98 -0.3230258418698258 
99 0.20044881707105355 
100 0.08279169452739164 
101 -0.3146386015318516 
102 0.30615404647286226 
103 -0.059180946862951486 
104 -0.24797699580889687 
105 0.3718072361204265 
106 -0.2078103409810029 
107 -0.12824983048129546 
108 0.38363502416424294 
109 -0.34391674964451485 
110 0.031071912431703 
111 0.3317143485574027 
112 -0.4585090441765383 
113 0.2146275875095538 
114 0.2007886844119735 
115 -0.5400425785118071 
116 0.4348816037867816 
117 0.01777892892578209 
