2 3 0.40492069473171427 
3 4 0.4060129551735032 
4 5 0.4090280417907499 
5 6 0.45957652461578397 
6 7 0.5046789642487777 
7 8 0.5137483244554399 
8 9 0.5168644391900418 
9 10 0.5410075829797529 
10 11 0.5681996155797648 
11 12 0.5797962205145326 
12 13 0.5820654992696842 
13 14 0.5931147345926646 
14 15 0.6126865584293804 
15 16 0.6256939401765836 
16 17 0.6273296520341255 
17 18 0.6314292108711191 
18 19 0.6461361076227917 
19 20 0.659452333856017 
20 21 0.6611252471551563 
21 22 0.6615006368989569 
22 23 0.6723970251204408 
23 24 0.6851916088027766 
24 25 0.6874805020473216 
25 26 0.6860517895482866 
26 27 0.6936121514239381 
27 28 0.7052922634051015 
28 29 0.7085776951597361 
29 30 0.7065031658668246 
30 31 0.7110333957211213 
31 32 0.7211974064011422 
32 33 0.7256081258699855 
33 34 0.7235687620814536 
34 35 0.7253990987931452 
35 36 0.7337931218191306 
36 37 0.7392181555034543 
37 38 0.7376145359845049 
38 39 0.7371817367701046 
39 40 0.7436626117831986 
40 41 0.7498068148052712 
41 42 0.7488921994202433 
42 43 0.7467416176788415 
43 44 0.7512434263917526 
44 45 0.757693475480282 
45 46 0.7576388385188344 
46 47 0.7543718579798221 
47 48 0.7568798295247464 
48 49 0.7631622002640438 
49 50 0.7640658692920219 
50 51 0.760267466486186 
51 52 0.7608085271216446 
52 53 0.7664397233938182 
53 54 0.7683121309289479 
54 55 0.7644922660653259 
55 56 0.7631470707342033 
56 57 0.767681313112496 
57 58 0.770432052341381 
58 59 0.7669972886950803 
59 60 0.7639262851659288 
60 61 0.7669972890348171 
61 62 0.7704320527537326 
62 63 0.7676813135717737 
63 64 0.7631470715594614 
64 65 0.7644922672768292 
65 66 0.7683121323448814 
66 67 0.766439724832318 
67 68 0.7608085289130296 
68 69 0.7602674685700458 
69 70 0.7640658716265842 
70 71 0.7631622024687695 
71 72 0.7568798318452031 
72 73 0.7543718604721374 
73 74 0.7576388412208106 
74 75 0.7576934778114476 
75 76 0.7512434284527191 
76 77 0.7467416198135097 
77 78 0.7488922016130507 
78 79 0.7498068163346919 
79 80 0.7436626128179046 
80 81 0.7371817379175897 
81 82 0.7376145371428764 
82 83 0.739218156152011 
83 84 0.7337931222570656 
84 85 0.7253990997398402 
85 86 0.7235687633963039 
86 87 0.7256081271756762 
87 88 0.7211974079171948 
88 89 0.7110333979615437 
89 90 0.7065031684969629 
90 91 0.7085776966869572 
91 92 0.7052922656009105 
92 93 0.6936121521747476 
93 94 0.68605179021989 
94 95 0.6874805038052972 
95 96 0.6851916096153239 
96 97 0.6723970251402027 
97 98 0.6615006385315803 
98 99 0.6611252487655267 
99 100 0.6594523355004939 
100 101 0.6461361079365247 
101 102 0.631429210263026 
102 103 0.6273296519651103 
103 104 0.6256939395442317 
104 105 0.6126865569037032 
105 106 0.5931147337781817 
106 107 0.5820654999064128 
107 108 0.5797962210139989 
108 109 0.5681996143718518 
109 110 0.5410075816492911 
110 111 0.5168644423707899 
111 112 0.5137483288484117 
112 113 0.5046789649217935 
113 114 0.4595765217119079 
114 115 0.4090280477671755 
115 116 0.4060129603381907 
116 117 0.4049206946397717 
117 118 0.28286740073623073 
